5.000033429066340318e+01
5.000086089372634746e+01
5.000141513744990363e+01
5.000220069090525499e+01
5.000252329508463589e+01
5.000308168729146274e+01
5.000363571246465000e+01
5.000418986479441230e+01
5.000494110584259033e+01
5.000530451933543219e+01
5.000586586395899502e+01
5.000641043186188028e+01
5.000696894725163588e+01
5.000756721099217827e+01
5.000808156331380161e+01
5.000863550504048760e+01
5.000918993552525649e+01
5.001015439828236708e+01
5.001034795443217007e+01
5.001087434291839884e+01
5.001141680876413886e+01
5.001196887493133403e+01
5.001295655965805054e+01
5.001312353610992290e+01
5.001363755067189487e+01
5.001419172286987447e+01
5.001474797328312860e+01
5.001555256843566610e+01
5.001587354739506708e+01
5.001647478342056274e+01
5.001696833769480577e+01
5.001752733786900507e+01
5.001827910343806138e+01
5.001863288879394531e+01
5.001919999917348036e+01
5.001974977254867838e+01
5.002030608654022359e+01
5.002092741727828695e+01
5.002146661678950323e+01
5.002196848392486572e+01
5.002252471446990967e+01
5.002352673610051426e+01
5.002375914255777900e+01
5.002419337034225322e+01
5.002474513451258531e+01
5.002530163923899664e+01
5.002621001799901279e+01
5.002642253637313985e+01
5.002699124018351284e+01
5.002752457062403124e+01
5.002808487812678351e+01
5.002884947061538412e+01
5.002920576333999492e+01
5.002974731127421393e+01
5.003029917478561117e+01
5.003085792462031378e+01
5.003155347506205430e+01
5.003201191425323202e+01
5.003255150318145894e+01
5.003308267196019443e+01
5.003363477786381708e+01
5.003422315915425855e+01
5.003479714790979926e+01
5.003530130386352681e+01
5.003585971593857096e+01
5.003681614796320787e+01
5.003697685400644701e+01
5.003752830823262343e+01
5.003814082145690634e+01
5.003864299058913900e+01
5.003952412605285360e+01
5.003993869622548374e+01
5.004030296405156264e+01
5.004085740645726332e+01
5.004141777753829956e+01
5.004215112527211318e+01
5.004253281752268379e+01
5.004308905601501323e+01
5.004363646904627672e+01
5.004419036706288892e+01
5.004491746028264032e+01
5.004530513683955206e+01
5.004586133162180772e+01
5.004641977151234755e+01
5.004696968793869161e+01
5.004758436679840372e+01
5.004808213313420850e+01
5.004863838752110894e+01
5.004919254779815674e+01
5.005026334921519293e+01
5.005039052168528002e+01
5.005094208319982130e+01
5.005141528050104682e+01
5.005197838147481093e+01
5.005296784639358521e+01
5.005339246988296509e+01
5.005373610655466621e+01
5.005426306724548624e+01
5.005484455823898315e+01
5.005556150674819804e+01
5.005588664213816230e+01
5.005641771952311103e+01
5.005696914990743096e+01
5.005752544005711968e+01
5.005827747980753628e+01
5.005866301059722900e+01
5.005930049816767280e+01
5.005975254774093486e+01
5.006030454238256056e+01
5.006094003518422397e+01
5.006141705115636142e+01
5.006196910540263190e+01
5.006252304315567159e+01
5.006355035702387823e+01
5.006377965211868286e+01
5.006426277955372939e+01
5.006474803686141684e+01
5.006530216932296895e+01
5.006621712048848138e+01
5.006642759641011509e+01
5.006697103977203511e+01
5.006752932071685791e+01
5.006808141469955586e+01
5.006882934172948296e+01
5.006920001904169482e+01
5.006974804004033075e+01
5.007030388911564955e+01
5.007085818847020420e+01
5.007154387235641479e+01
5.007196855545043945e+01
5.007253922224045084e+01
5.007308333714802728e+01
5.007364185253778999e+01
5.007422338724136068e+01
5.007475614945094122e+01
5.007531225283940302e+01
5.007586236397425239e+01
5.007682278951008925e+01
5.007706921100616171e+01
5.007752689123153544e+01
5.007808106342951504e+01
5.007866019407908453e+01
5.007948942581812446e+01
5.007979561090469645e+01
5.008035461505254204e+01
5.008087287346521776e+01
5.008141437371571669e+01
5.008218721946080620e+01
5.008254739443461290e+01
5.008308057785033895e+01
5.008365148703257574e+01
5.008419546286265245e+01
5.008489590883255005e+01
5.008530346949895318e+01
5.008585761785506918e+01
5.008641379276911465e+01
5.008697238763173232e+01
5.008757447799046503e+01
5.008809529940287320e+01
5.008863903681437080e+01
5.008923517068227227e+01
5.009020757277806268e+01
5.009039731025696085e+01
5.009085978269577311e+01
5.009141589800516670e+01
5.009197004636128980e+01
5.009291758934656968e+01
5.009316451152165683e+01
5.009363437891006754e+01
5.009419289827346944e+01
5.009475109179814467e+01
5.009553258419036581e+01
5.009585969050725396e+01
5.009643629789352559e+01
5.009714296658833632e+01
5.009752825498581075e+01
5.009818442265192573e+01
5.009863644043604580e+01
5.009929711421330722e+01
5.009975316921870103e+01
5.010030315717061455e+01
5.010099882284800543e+01
5.010142188469568936e+01
5.010197165409724107e+01
5.010254391431808330e+01
5.010361162821451586e+01
5.010373429059982442e+01
5.010428857008616177e+01
5.010475305318832540e+01
5.010540738900502333e+01
5.010615088144938056e+01
5.010642289717991815e+01
5.010697561105092035e+01
5.010753908952077040e+01
5.010808411836624288e+01
5.010891067584355341e+01
5.010922327836354384e+01
5.010975495576858663e+01
5.011030700206756450e+01
5.011085657278696459e+01
5.011150281826655117e+01
5.011199653546015753e+01
5.011265456279118524e+01
5.011308811108271044e+01
5.011364487409591817e+01
5.011430498361587382e+01
5.011475516160329136e+01
5.011530678669611660e+01
5.011591236988703457e+01
5.011682348648707119e+01
5.011704717079798144e+01
5.011763178507487027e+01
5.011813359260558798e+01
5.011864000558853149e+01
5.011971740325292046e+01
5.011988203525542929e+01
5.012032985687255859e+01
5.012086048523585191e+01
5.012141464153925341e+01
5.012221670945485386e+01
5.012260049581527710e+01
5.012308340469996182e+01
5.012363744576772007e+01
5.012419611612956061e+01
5.012493569850921915e+01
5.012530435323715494e+01
5.012586681445439751e+01
5.012642364899317471e+01
5.012697509129841933e+01
5.012755664587020732e+01
5.012812883456548008e+01
5.012864167690277384e+01
5.012931123574574599e+01
5.013018550078074043e+01
5.013042172988255629e+01
5.013093332449594897e+01
5.013141874472299975e+01
5.013197789986928399e+01
5.013284431298573907e+01
5.013319990237553725e+01
5.013386238813400553e+01
5.013425412972767958e+01
5.013475387096404745e+01
5.013548871676127305e+01
5.013587100108464512e+01
5.013642055193583502e+01
5.013697270552317065e+01
5.013752899567285937e+01
5.013825813134511122e+01
5.013864137331644599e+01
5.013919782638549805e+01
5.013975376288096442e+01
5.014031078418096143e+01
5.014097272555033413e+01
5.014142523209253710e+01
5.014198302030563070e+01
5.014252894322077481e+01
5.014353495836257935e+01
5.014375008742014472e+01
5.014419291019439839e+01
5.014474707444508539e+01
5.014531034231185913e+01
5.014618547757466871e+01
5.014642494519551263e+01
5.014697418212890767e+01
5.014752629995346211e+01
5.014808481534321771e+01
5.014881615241368706e+01
5.014919715722401605e+01
5.014979719320933071e+01
5.015030994812647691e+01
5.015086587270101148e+01
5.015160357554753290e+01
5.015200758377711310e+01
5.015259931484857958e+01
5.015309895674387519e+01
5.015364088217417304e+01
5.015423049132029121e+01
5.015474882125854350e+01
5.015530502796173096e+01
5.015586160421371176e+01
5.015685319900512695e+01
5.015701337655385572e+01
5.015752815405527798e+01
5.015821373860041632e+01
5.015864063898722236e+01
5.015963503122329570e+01
5.015993245442708570e+01
5.016035397450129096e+01
5.016092982689539781e+01
5.016141747236251547e+01
5.016218403577804708e+01
5.016253003676732192e+01
5.016308840513229228e+01
5.016363809506098193e+01
5.016419657468795634e+01
5.016486401160558017e+01
5.016530705293019565e+01
5.016586794455846388e+01
5.016641509930293097e+01
5.016750909090042398e+01
5.016767581701278544e+01
5.016809029976526801e+01
5.016863793532053961e+01
5.016920093695322436e+01
5.017015058994293497e+01
5.017036110957463535e+01
5.017086514631907335e+01
5.017141933441162394e+01
5.017196898063023980e+01
5.017291521231333462e+01
5.017330488363901964e+01
5.017377556959787910e+01
5.017419399023056314e+01
5.017475045919418619e+01
5.017548343340556016e+01
5.017587730884552144e+01
5.017647335529327535e+01
5.017701700528462538e+01
5.017753161191940592e+01
5.017823214928309028e+01
5.017866290410359653e+01
5.017932969729105963e+01
5.017975456317265781e+01
5.018031792243321831e+01
5.018089040120442945e+01
5.018146311839421259e+01
5.018197994232177450e+01
5.018253148396809848e+01
5.018352357546488207e+01
5.018374884923299106e+01
5.018420233329137403e+01
5.018475431203842163e+01
5.018530846834183023e+01
5.018621257146199355e+01
5.018646057844161845e+01
5.018698652982711650e+01
5.018752923806508193e+01
5.018808329900105747e+01
5.018893336455027310e+01
5.018919786612192979e+01
5.018975413242976202e+01
5.019030820528666226e+01
5.019086661736170640e+01
5.019148957331974970e+01
5.019201658566792901e+01
5.019272887309391962e+01
5.019313292900721279e+01
5.019365006685256958e+01
5.019423789183299078e+01
5.019475177526474141e+01
5.019530576467514038e+01
5.019589946667353075e+01
5.019686423142751153e+01
5.019705247084299771e+01
5.019762880404790195e+01
5.019808477958043369e+01
5.019863892793655680e+01
5.019956004619598389e+01
5.019983730713526171e+01
5.020044931173324443e+01
5.020086832443872993e+01
5.020142242511113295e+01
5.020226619243621968e+01
5.020267243782679145e+01
5.020308696031570150e+01
5.020373337268829061e+01
5.020419524510701592e+01
5.020492846965790079e+01
5.020531402826308920e+01
5.020587133963902460e+01
5.020642021099726549e+01
5.020697681109110277e+01
5.020761578877766595e+01
5.020808680057525919e+01
5.020864433844884189e+01
5.020919476350148614e+01
5.021018638213475782e+01
5.021030984719594414e+01
5.021086384852727491e+01
5.021143378416697090e+01
5.021197758913039877e+01
5.021303269863128804e+01
5.021319371064503656e+01
5.021371172666549398e+01
5.021420326232910014e+01
5.021475079059600688e+01
5.021551774740218832e+01
5.021593270301818990e+01
5.021642649173736572e+01
5.021697154839833388e+01
5.021752781073252692e+01
5.021814866463343208e+01
5.021864898999532301e+01
5.021919879913330220e+01
5.021989690462748257e+01
5.022031349738438877e+01
5.022091186443964972e+01
5.022142168680827012e+01
5.022197353839874268e+01
5.022256941397984775e+01
5.022348386446635260e+01
5.022373216946919428e+01
5.022432979345321513e+01
5.022475294272104662e+01
5.022531334956487115e+01
5.022620260318119989e+01
5.022661523421605523e+01
5.022700028816858975e+01
5.022753397623697680e+01
5.022810879548390517e+01
5.022883824904759820e+01
5.022921086947123115e+01
5.022976908286412367e+01
5.023030887444814141e+01
5.023086519241333292e+01
5.023159006039301744e+01
5.023200674851735670e+01
5.023252965211868570e+01
5.023318022886912360e+01
5.023364210923512729e+01
5.023430700302124308e+01
5.023477554718653693e+01
5.023532456954320224e+01
5.023586500883102701e+01
5.023685243527094713e+01
5.023706047534942343e+01
5.023752714395523356e+01
5.023808538913726807e+01
5.023865373134613321e+01
5.023949319918950351e+01
5.023978978792826666e+01
5.024032109181086270e+01
5.024086445172627435e+01
5.024141857624054097e+01
5.024226068258285238e+01
5.024261268774668565e+01
5.024308755397796489e+01
5.024364186127980503e+01
5.024419587055842129e+01
5.024493989547093520e+01
5.024531474113464213e+01
5.024586457014083862e+01
5.024642337163289341e+01
5.024697252114614088e+01
5.024757927258809076e+01
5.024813338915507188e+01
5.024864337444305562e+01
5.024924384752909390e+01
5.025026654005050375e+01
5.025042917331060011e+01
5.025086422363916938e+01
5.025141839583714898e+01
5.025197456280390185e+01
5.025292676687240601e+01
5.025310812393824023e+01
5.025365155140558926e+01
5.025419738292693950e+01
5.025475170214971143e+01
5.025555173953374322e+01
5.025593916575113695e+01
5.025646880467732558e+01
5.025697875817616733e+01
5.025753502051035326e+01
5.025822195609410414e+01
5.025887033541997084e+01
5.025921319325765069e+01
5.025995796124140469e+01
5.026078716516494893e+01
5.026091481844584052e+01
5.026158287525176860e+01
5.026206399599711006e+01
5.026253483295440816e+01
5.026357671419779649e+01
5.026377485990524008e+01
5.026420351664225450e+01
5.026475348869959703e+01
5.026532214085261074e+01
5.026622963349024786e+01
5.026642850637436055e+01
5.026697497765223233e+01
5.026759710311889506e+01
5.026808873414993428e+01
5.026884875297546529e+01
5.026921375989913798e+01
5.026975342035293437e+01
5.027031168937683248e+01
5.027086369196573656e+01
5.027153123219807895e+01
5.027197829484939717e+01
5.027259695529937744e+01
5.027315711975097656e+01
5.027367918093999322e+01
5.027443019946416314e+01
5.027479941844940470e+01
5.027530981302261637e+01
5.027587435245514058e+01
5.027685908873876031e+01
5.027707786957422798e+01
5.027754447460174703e+01
5.027809046506881430e+01
5.027864478031793993e+01
5.027956125338872084e+01
5.028009699583053305e+01
5.028033431371053297e+01
5.028089667558670328e+01
5.028142594893773065e+01
5.028216723601023119e+01
5.028255964914957588e+01
5.028312992652256952e+01
5.028367797136306905e+01
5.028419857819874750e+01
5.028490070501963061e+01
5.028531318505604730e+01
5.028586732149123861e+01
5.028641902208327963e+01
5.028697328964869229e+01
5.028755291302999098e+01
5.028808563152949063e+01
5.028864218393961494e+01
5.028927969932556152e+01
5.029019836584726733e+01
5.029036763111750474e+01
5.029087316195170132e+01
5.029141904115677164e+01
5.029197307030359809e+01
5.029281684557597032e+01
5.029334225654601909e+01
5.029377123117446757e+01
5.029432122707366659e+01
5.029477271238962999e+01
5.029554623365402222e+01
5.029593153794606764e+01
5.029641904036203925e+01
5.029697496493657383e+01
5.029753980636596822e+01
5.029815451304117602e+01
5.029864394664764404e+01
5.029932734568913588e+01
5.029978912274042813e+01
5.030032107432683119e+01
5.030091470479965210e+01
5.030142305692037041e+01
5.030197751522064209e+01
5.030253550211588731e+01
5.030363131761551188e+01
5.030381290515263970e+01
5.030420230229695733e+01
5.030476083358129102e+01
5.030531712770461894e+01
5.030620415608088081e+01
5.030643957853317261e+01
5.030699998140335083e+01
5.030753252506256246e+01
5.030809609492619927e+01
5.030885779062906948e+01
5.030920392672221197e+01
5.030984561443328573e+01
5.031031055847803657e+01
5.031086643536885816e+01
5.031158577998478876e+01
5.031206218401590746e+01
5.031253718932469354e+01
5.031321616967519361e+01
5.031364778280258321e+01
5.031439129511515063e+01
5.031481434106827066e+01
5.031531220277150140e+01
5.031587175528208178e+01
5.031686416467030654e+01
5.031702941656112671e+01
5.031753285725911695e+01
5.031808908383051460e+01
5.031865497827529765e+01
5.031949498653411723e+01
5.031995748678843228e+01
5.032035357157389655e+01
5.032086369196574083e+01
5.032141987880071099e+01
5.032219724257787163e+01
5.032274566888808920e+01
5.032324389219284200e+01
5.032368261416753086e+01
5.032420123418172153e+01
5.032486202716827250e+01
5.032531922260920254e+01
5.032587054967880391e+01
5.032642808755238661e+01
5.032746585607528544e+01
5.032767289082209317e+01
5.032814046939213881e+01
5.032865656216939243e+01
5.032920119365056166e+01
5.033020752271016107e+01
5.033043133417765347e+01
5.033104316393534106e+01
5.033142610788345195e+01
5.033198666572570801e+01
5.033286793231964396e+01
5.033327400286992059e+01
5.033369890848795336e+01
5.033421523173650058e+01
5.033476143280665127e+01
5.033550273577372280e+01
5.033592784404754639e+01
5.033644022146860664e+01
5.033697561422983568e+01
5.033753417730331137e+01
5.033826865752538282e+01
5.033864466746648247e+01
5.033920342922210978e+01
5.033980126778284614e+01
5.034031127293904717e+01
5.034094241460164199e+01
5.034142155249913486e+01
5.034197763999303277e+01
5.034253404140472554e+01
5.034352987209955899e+01
5.034381101528803271e+01
5.034421656926473077e+01
5.034475343227386190e+01
5.034531105756759928e+01
5.034623387257258287e+01
5.034643398523330404e+01
5.034699204365412584e+01
5.034753592014313028e+01
5.034809969663619711e+01
5.034884827931721674e+01
5.034926494757334581e+01
5.034975656270980693e+01
5.035031124750773301e+01
5.035087217489878242e+01
5.035152752002080234e+01
5.035200029214222894e+01
5.035253369013468472e+01
5.035308747688929287e+01
5.035364162921905518e+01
5.035423922538757324e+01
5.035476864973703925e+01
5.035531485478083624e+01
5.035592026313145908e+01
5.035694599946339878e+01
5.035713767210642544e+01
5.035754396915435649e+01
5.035808970530828077e+01
5.035864811340967861e+01
5.035957942406336230e+01
5.035977088610331265e+01
5.036046463251113892e+01
5.036086874802906976e+01
5.036142078638076924e+01
5.036226433912913336e+01
5.036264596780141289e+01
5.036309230724970831e+01
5.036364589929580404e+01
5.036421674887339606e+01
5.036494604349136495e+01
5.036532084941863729e+01
5.036586855252583916e+01
5.036642288366953579e+01
5.036698111295699931e+01
5.036763943831125800e+01
5.036808740695317255e+01
5.036864774624506680e+01
5.036920398076374994e+01
5.037025784254073812e+01
5.037044115861257154e+01
5.037087043523788310e+01
5.037143154541651313e+01
5.037198095719019619e+01
5.037288496891657275e+01
5.037315004269282070e+01
5.037366040547689039e+01
5.037420827150344849e+01
5.037475573619206415e+01
5.037551611264546381e+01
5.037587459484736030e+01
5.037652435700098863e+01
5.037697708606719971e+01
5.037753261327743814e+01
5.037815582752227783e+01
5.037864524920781406e+01
5.037920146783192621e+01
5.037975979248682989e+01
5.038031193812688002e+01
5.038094052473704210e+01
5.038142426411310737e+01
5.038197855552037652e+01
5.038253471056620469e+01
5.038348264694214151e+01
5.038369730313618788e+01
5.038420337835948004e+01
5.038475753863652784e+01
5.038531173865000312e+01
5.038619083166122437e+01
5.038642402092615669e+01
5.038697575330733969e+01
5.038753451108932779e+01
5.038808876673380865e+01
5.038892402251561720e+01
5.038922646045684672e+01
5.038975992997487197e+01
5.039031770229339458e+01
5.039086765050888062e+01
5.039155745903651251e+01
5.039199856122334609e+01
5.039254640340804769e+01
5.039309264024098667e+01
5.039366537332534790e+01
5.039425924619038710e+01
5.039475500583648682e+01
5.039531345764795844e+01
5.039587427377701090e+01
5.039685471455256049e+01
5.039700156450271606e+01
5.039753435850143148e+01
5.039810908635457309e+01
5.039864452679952223e+01
5.039957543214162428e+01
5.039975907405217725e+01
5.040039911270141459e+01
5.040088516473770142e+01
5.040142395496368266e+01
5.040218783617019938e+01
5.040253156026204095e+01
5.040308997631073140e+01
5.040364617506663336e+01
5.040420036315917685e+01
5.040482403039932535e+01
5.040531088113785074e+01
5.040586686531703009e+01
5.040642542441685947e+01
5.040704203049342169e+01
5.040763281981150357e+01
5.040813439289728848e+01
5.040864618221918647e+01
5.040921116272608771e+01
5.041016613245010092e+01
5.041035897731781290e+01
5.041086692412694248e+01
5.041142309506734165e+01
5.041197493871052870e+01
5.041287531057993476e+01
5.041311206022898261e+01
5.041367751359939575e+01
5.041425220568974908e+01
5.041475843588511196e+01
5.041555645068486768e+01
5.041592926581700596e+01
5.041648187239965040e+01
5.041698770920435635e+01
5.041753345330555902e+01
5.041819645961125929e+01
5.041865213314692085e+01
5.041920665502548360e+01
5.041976253191629809e+01
5.042086864312489780e+01
5.042104796568552416e+01
5.042148110866546773e+01
5.042198112010955668e+01
5.042261018753051616e+01
5.042353245814641127e+01
5.042374588648478095e+01
5.042421484788258823e+01
5.042486444711685323e+01
5.042531437079112067e+01
5.042623962958654005e+01
5.042645854552586826e+01
5.042699763377507338e+01
5.042753724257151049e+01
5.042808919747670160e+01
5.042891831795374458e+01
5.042930801709493238e+01
5.042976048390070787e+01
5.043031402826309062e+01
5.043087035020192133e+01
5.043157663345336772e+01
5.043198908170064243e+01
5.043253701925277710e+01
5.043308904965718398e+01
5.043365173339843466e+01
5.043439711729685371e+01
5.043479320605595717e+01
5.043531202077865316e+01
5.043588655392328945e+01
5.043687864939371934e+01
5.043706986904144429e+01
5.043769933382669990e+01
5.043809723854064941e+01
5.043864533901214742e+01
5.043958435455957812e+01
5.043981045881907477e+01
5.044046356280644972e+01
5.044088793992996500e+01
5.044143582979837959e+01
5.044219116767247613e+01
5.044288767576217936e+01
5.044310739835103163e+01
5.044373034636179653e+01
5.044420322974522719e+01
5.044485972325006884e+01
5.044531370004018100e+01
5.044586984316507738e+01
5.044642395973205851e+01
5.044698233207066806e+01
5.044754345019658359e+01
5.044809476931889947e+01
5.044864897330602105e+01
5.044920312960942255e+01
5.045024236440658427e+01
5.045046128431955879e+01
5.045086524486541890e+01
5.045142354567845899e+01
5.045198893547058105e+01
5.045293003320693970e+01
5.045320098002751763e+01
5.045373698472976542e+01
5.045424493551254130e+01
5.045475703875224127e+01
5.045552219152450846e+01
5.045588543415069438e+01
5.045642574628194410e+01
5.045699080228805400e+01
5.045753611723581855e+01
5.045830487807591425e+01
5.045864921013514248e+01
5.045934020678202359e+01
5.045986280838648241e+01
5.046078508694966303e+01
5.046092153787613199e+01
5.046151724656422743e+01
5.046197969913482950e+01
5.046253811120986654e+01
5.046353863477706625e+01
5.046399634281794278e+01
5.046426992416381552e+01
5.046476649045943930e+01
5.046531504789988531e+01
5.046619005203247355e+01
5.046653583447138658e+01
5.046698167721430650e+01
5.046753792762756063e+01
5.046809195677439419e+01
5.046887729962666924e+01
5.046926248470942511e+01
5.046976129213968676e+01
5.047032935619354532e+01
5.047086868286132955e+01
5.047156043847402174e+01
5.047198025385538500e+01
5.047253560622532831e+01
5.047311013936996460e+01
5.047420396804809428e+01
5.047439203262329244e+01
5.047486464579900201e+01
5.047531259059906006e+01
5.047587068478266303e+01
5.047686932484308642e+01
5.047704943815867296e+01
5.047753957112630019e+01
5.047809174855549941e+01
5.047864639759063721e+01
5.047948117256164835e+01
5.047979166110356886e+01
5.048036623398463263e+01
5.048087494770685879e+01
5.048142483631770006e+01
5.048220780293146959e+01
5.048260177373886393e+01
5.048309107621511060e+01
5.048364646832148139e+01
5.048420377572377760e+01
5.048485458691914829e+01
5.048531622489293369e+01
5.048587257862091349e+01
5.048642428716024000e+01
5.048698056538899692e+01
5.048759131431579306e+01
5.048809327681859571e+01
5.048865172068278184e+01
5.048921040296554708e+01
5.049015833536783759e+01
5.049044598738352363e+01
5.049088124434153002e+01
5.049143123229344354e+01
5.049198246399561896e+01
5.049282489220301073e+01
5.049313638607660693e+01
5.049389142592747959e+01
5.049420322179794596e+01
5.049475969870885450e+01
5.049555358091990342e+01
5.049588054021199213e+01
5.049646384318669590e+01
5.049698259035746162e+01
5.049753888050715034e+01
5.049818467299143521e+01
5.049865133762359903e+01
5.049920749266942011e+01
5.049975739320119317e+01
5.050080318450928019e+01
5.050100744167963995e+01
5.050154282251993720e+01
5.050199841260909750e+01
5.050253855387369839e+01
5.050352214177449639e+01
5.050380662282307753e+01
5.050426148176192953e+01
5.050476417144139418e+01
5.050531470775604248e+01
5.050627978245417182e+01
5.050653482675552652e+01
5.050699278513590684e+01
5.050753842592239096e+01
5.050810899337133009e+01
5.050887701511383199e+01
5.050924458901087633e+01
5.050976126988728510e+01
5.051031877199808662e+01
5.051086925268172934e+01
5.051162149906158305e+01
5.051199444135030348e+01
5.051253589391708232e+01
5.051309714317321919e+01
5.051365495125453009e+01
5.051436678965886529e+01
5.051475679079691616e+01
5.051531530221303257e+01
5.051587145725886074e+01
5.051719644069671489e+01
5.051729227701822822e+01
5.051765820185343614e+01
5.051809204419453891e+01
5.051865481932957636e+01
5.051960447231928697e+01
5.051982132991155083e+01
5.052041706244150987e+01
5.052092547814051215e+01
5.052142542997996344e+01
5.052216633558273173e+01
5.052256108125050815e+01
5.052309414943059096e+01
5.052365109125773301e+01
5.052420448859532343e+01
5.052494818766911777e+01
5.052539610862731934e+01
5.052586896419525431e+01
5.052642488479614258e+01
5.052698126236597886e+01
5.052757535378137987e+01
5.052810823520024286e+01
5.052864811420440816e+01
5.052920196056366109e+01
5.053020230134328017e+01
5.053036689360936151e+01
5.053087283770243232e+01
5.053142594893773065e+01
5.053198108275731215e+01
5.053281862735748575e+01
5.053310188055038310e+01
5.053399625619252333e+01
5.053433953126271660e+01
5.053476249774296747e+01
5.053555002212524272e+01
5.053600411415099813e+01
5.053644801378250406e+01
5.053697881698608541e+01
5.053753945032755723e+01
5.053817660411198887e+01
5.053867596785227789e+01
5.053926643927891860e+01
5.053976435661316202e+01
5.054094810088475498e+01
5.054139431317647535e+01
5.054150791565577094e+01
5.054198981523514078e+01
5.054253921111424575e+01
5.054348678191502842e+01
5.054373072783152310e+01
5.054421211083730014e+01
5.054476251204808790e+01
5.054532209237416396e+01
5.054618488947550503e+01
5.054643321434657111e+01
5.054698742230733188e+01
5.054753693739573350e+01
5.054809518257776801e+01
5.054882965882619317e+01
5.054929583867390619e+01
5.054983531634012905e+01
5.055031811396280972e+01
5.055087227821350382e+01
5.055154135624567857e+01
5.055198484261830316e+01
5.055254308780034478e+01
5.055310479799906176e+01
5.055413934389750352e+01
5.055440806945164667e+01
5.055510997772216797e+01
5.055536369482675951e+01
5.055587197144826206e+01
5.055685128370920722e+01
5.055705379645029751e+01
5.055754086176554551e+01
5.055809282461802212e+01
5.055865120093027798e+01
5.055960948864618842e+01
5.055979630152384630e+01
5.056036621729533209e+01
5.056093238592147543e+01
5.056142611503601358e+01
5.056225992043813022e+01
5.056253619988759596e+01
5.056309461593627930e+01
5.056365078687667847e+01
5.056420508225758681e+01
5.056488043069839478e+01
5.056531547307967855e+01
5.056587158441543295e+01
5.056642787059148247e+01
5.056699390411377237e+01
5.056764326890309746e+01
5.056809453964233114e+01
5.056864843368530416e+01
5.056925286451975410e+01
5.057015970547993788e+01
5.057037573655446039e+01
5.057087371746698778e+01
5.057143254280090616e+01
5.057198216915130473e+01
5.057285037835438857e+01
5.057312579552332465e+01
5.057376944224039761e+01
5.057428861856460856e+01
5.057476772467295234e+01
5.057549026409785142e+01
5.057587607304255073e+01
5.057643224795659620e+01
5.057699112892150595e+01
5.057753984133402270e+01
5.057818822860717489e+01
5.057872964938481886e+01
5.057920669714609829e+01
5.057976291179657125e+01
5.058108338117599345e+01
5.058127390543619839e+01
5.058143999576568461e+01
5.058198349873224942e+01
5.058253773450851298e+01
5.058355232874552598e+01
5.058371375799178793e+01
5.058420420487721714e+01
5.058477237621943345e+01
5.058531480630238519e+01
5.058633358081181797e+01
5.058651280403137207e+01
5.058701484600702969e+01
5.058754431804020868e+01
5.058810154596964281e+01
5.058893560568491665e+01
5.058929558595021803e+01
5.058981055816014560e+01
5.059031869570414131e+01
5.059088253577549921e+01
5.059154532353083056e+01
5.059198321898778516e+01
5.059253743092219224e+01
5.059309579928716261e+01
5.059424088795979912e+01
5.059461088975270826e+01
5.059483753840128628e+01
5.059532829920451036e+01
5.059592279195785380e+01
5.059686648448307977e+01
5.059707498153050409e+01
5.059753949244817051e+01
5.059811168114344326e+01
5.059865577220917032e+01
5.059952254295349405e+01
5.059983744223912794e+01
5.060031842390696255e+01
5.060087227423985468e+01
5.060142648220062256e+01
5.060226409435271933e+01
5.060258684158325337e+01
5.060310013691584174e+01
5.060366068681081231e+01
5.060420767466226977e+01
5.060505797863006450e+01
5.060532662868499898e+01
5.060587240457535074e+01
5.060642858743667460e+01
5.060698279539744249e+01
5.060756061077118062e+01
5.060827008088429579e+01
5.060864944458008097e+01
5.060921187003453525e+01
5.061018671989440776e+01
5.061041798194249708e+01
5.061087425947189189e+01
5.061142819722493158e+01
5.061198061704635620e+01
5.061289069255192885e+01
5.061313136816024638e+01
5.061366718610127435e+01
5.061426130930582445e+01
5.061476367712020874e+01
5.061559636195500644e+01
5.061589504877726142e+01
5.061643248001734463e+01
5.061698457797368178e+01
5.061754492918650072e+01
5.061827613115310953e+01
5.061864676078160841e+01
5.061920522848765103e+01
5.061976991097132128e+01
5.062031774123509820e+01
5.062099668184916368e+01
5.062150524854659750e+01
5.062198228041331305e+01
5.062255423466364590e+01
5.062348424196243002e+01
5.062373245954513834e+01
5.062422009706497050e+01
5.062476675510406210e+01
5.062532383203506470e+01
5.062626317342122206e+01
5.062643429835637221e+01
5.062698829174041748e+01
5.062754231293995844e+01
5.062809435526529711e+01
5.062881511449813843e+01
5.062920688390731527e+01
5.062976090908050253e+01
5.063031711975733629e+01
5.063087142705917643e+01
5.063161921501159668e+01
5.063199036916096674e+01
5.063254233996073594e+01
5.063309414784113471e+01
5.063365271091461040e+01
5.063428587118784918e+01
5.063488203684489264e+01
5.063539858659108717e+01
5.063587547938028877e+01
5.063685264587402202e+01
5.063710271914799677e+01
5.063759840329488071e+01
5.063809415896733412e+01
5.063865043719609815e+01
5.063961083491643222e+01
5.063981383244196621e+01
5.064031878312428603e+01
5.064089245001475348e+01
5.064142725467682027e+01
5.064226281245549188e+01
5.064256029923756586e+01
5.064317938884099135e+01
5.064365644454956339e+01
5.064420637687047133e+01
5.064486536184946885e+01
5.064540224870045648e+01
5.064601696332295688e+01
5.064642891486485610e+01
5.064698553482691779e+01
5.064767340024312148e+01
5.064809795618057109e+01
5.064865212043126519e+01
5.064920616547266974e+01
5.065026436646779473e+01
5.065044028759002970e+01
5.065087252855300903e+01
5.065142876307169928e+01
5.065198744932810371e+01
5.065286448796589980e+01
5.065312052965164469e+01
5.065366273323694912e+01
5.065423924525578769e+01
5.065476437807082988e+01
5.065555396874745497e+01
5.065588117043177618e+01
5.065643080870310655e+01
5.065698735713958456e+01
5.065754339297612319e+01
5.065833324988683017e+01
5.065868093172709052e+01
5.065922636191050543e+01
5.065977880557377944e+01
5.066032260656356812e+01
5.066114273468653550e+01
5.066143086353937974e+01
5.066199744542439731e+01
5.066254547834396504e+01
5.066359958251317153e+01
5.066377876202265185e+01
5.066422872145970757e+01
5.066477658748626567e+01
5.066532025734583300e+01
5.066615360577900873e+01
5.066646794478098315e+01
5.066702241500218662e+01
5.066754095951716153e+01
5.066809719403584467e+01
5.066892239650090346e+01
5.066921405394872124e+01
5.066976370414098341e+01
5.067032217979431152e+01
5.067087417046229092e+01
5.067159915765126499e+01
5.067198460499445645e+01
5.067254088322321337e+01
5.067314704259236890e+01
5.067364951372146464e+01
5.067444687684376703e+01
5.067476327816645210e+01
5.067531743844349990e+01
5.067587625583012567e+01
5.067687614361445014e+01
5.067707572778066094e+01
5.067759692668914795e+01
5.067809692223866591e+01
5.067865315675735616e+01
5.067948230902354112e+01
5.067976978619893202e+01
5.068032655715942525e+01
5.068099702994028632e+01
5.068152874310811029e+01
5.068227404753367438e+01
5.068254220485687256e+01
5.068322372833888068e+01
5.068366254568100260e+01
5.068420891364415581e+01
5.068491023381550775e+01
5.068531948725382819e+01
5.068588796456654677e+01
5.068642953634262227e+01
5.068698602517445551e+01
5.068756912549336846e+01
5.068809624910354472e+01
5.068864828745524420e+01
5.068920865853627333e+01
5.069026313622792657e+01
5.069039440552393927e+01
5.069087977409363077e+01
5.069142740170160977e+01
5.069198428789774624e+01
5.069281688531239638e+01
5.069309622049331665e+01
5.069367037216822069e+01
5.069446013768514092e+01
5.069485460122426446e+01
5.069554479122162149e+01
5.069593360821406236e+01
5.069643356800079204e+01
5.069698788722356397e+01
5.069753978649774950e+01
5.069821911652882562e+01
5.069877924521764356e+01
5.069920614163081041e+01
5.069976251125335409e+01
5.070031864245732578e+01
5.070088784694671347e+01
5.070151288509369181e+01
5.070207685232162476e+01
5.070254185199737407e+01
5.070354172388712755e+01
5.070381251176198134e+01
5.070426458120346069e+01
5.070479787190755161e+01
5.070532089074452387e+01
5.070618940591812418e+01
5.070643112659454488e+01
5.070698331991831509e+01
5.070755461057026992e+01
5.070810965299606465e+01
5.070893320242564073e+01
5.070933115084965692e+01
5.070979534784952847e+01
5.071031827529271396e+01
5.071087488333384385e+01
5.071152470111847066e+01
5.071198730866114346e+01
5.071254558960596626e+01
5.071309969425201558e+01
5.071365373134612753e+01
5.071434346437454366e+01
5.071478323539098199e+01
5.071532046397526727e+01
5.071588852008184034e+01
5.071685176690419183e+01
5.071707708835602091e+01
5.071755012671152940e+01
5.071814750035603936e+01
5.071865591208140245e+01
5.071954125960667881e+01
5.071978303591410508e+01
5.072039748430252359e+01
5.072088117202122959e+01
5.072154157559076992e+01
5.072220652500788418e+01
5.072259720961253038e+01
5.072310132980346964e+01
5.072365360260009481e+01
5.072421190341313491e+01
5.072507444222767958e+01
5.072535473505656256e+01
5.072594509522119921e+01
5.072643257379532145e+01
5.072699555555979600e+01
5.072761589686076178e+01
5.072813891172408773e+01
5.072865531841913622e+01
5.072924335002899454e+01
5.073026369810104086e+01
5.073040338754653789e+01
5.073096794684727939e+01
5.073143026431401381e+01
5.073199069897334113e+01
5.073284897009531846e+01
5.073310531377792643e+01
5.073365301688512119e+01
5.073420716524124430e+01
5.073476562897364062e+01
5.073566689888636461e+01
5.073588528633117534e+01
5.073643896977106493e+01
5.073698846499124926e+01
5.073754520416260050e+01
5.073819845120112149e+01
5.073866329193115376e+01
5.073921118577321465e+01
5.073976348241170342e+01
5.074032593965530680e+01
5.074091342687606954e+01
5.074164046446482246e+01
5.074202581644058085e+01
5.074254459142684937e+01
5.074352364142735894e+01
5.074377540747324389e+01
5.074420895973841539e+01
5.074476733207702495e+01
5.074531935056050713e+01
5.074615298112233575e+01
5.074652882417043287e+01
5.074720236460368028e+01
5.074754443566004625e+01
5.074809844891230171e+01
5.074888775348663472e+01
5.074920646746953423e+01
5.074976924260457167e+01
5.075032134850820142e+01
5.075087758302688457e+01
5.075162135362624838e+01
5.075198986530303813e+01
5.075254207054774014e+01
5.075309829711913778e+01
5.075365456740061632e+01
5.075431146224340040e+01
5.075477768977483350e+01
5.075531936883926676e+01
5.075591285228729532e+01
5.075681907733281406e+01
5.075704650481542046e+01
5.075754609505335679e+01
5.075810356537500923e+01
5.075865236123402724e+01
5.075951881011327060e+01
5.075977145830790249e+01
5.076031677325566704e+01
5.076087700128555014e+01
5.076144440968831617e+01
5.076220213969548212e+01
5.076266453663507860e+01
5.076309799353281704e+01
5.076365642547607138e+01
5.076420845985412456e+01
5.076486041943232408e+01
5.076539795001347954e+01
5.076587261358896797e+01
5.076643095811208184e+01
5.076698957681655600e+01
5.076764465967814033e+01
5.076810451348622877e+01
5.076865412791570265e+01
5.076921273072560581e+01
5.077018735011418471e+01
5.077036868731180874e+01
5.077087888717651509e+01
5.077144120136896532e+01
5.077198706865310385e+01
5.077294147411982550e+01
5.077313218514124316e+01
5.077368289232254028e+01
5.077421409289042487e+01
5.077499983708063525e+01
5.077557468414306641e+01
5.077590978542963995e+01
5.077642836968104234e+01
5.077699119249979987e+01
5.077755411068598335e+01
5.077817732890446933e+01
5.077866261005401327e+01
5.077921247482299805e+01
5.077977278629938951e+01
5.078033113479614258e+01
5.078093537092208720e+01
5.078148321708043511e+01
5.078198893467585151e+01
5.078258268435796197e+01
5.078348478078842021e+01
5.078375971317291260e+01
5.078421173493067187e+01
5.078476564884185507e+01
5.078532225290934576e+01
5.078618676662445353e+01
5.078649505376815654e+01
5.078699560960134107e+01
5.078754711945851597e+01
5.078810093800226610e+01
5.078881751298904135e+01
5.078921629985173780e+01
5.078976571559906006e+01
5.079032195806503580e+01
5.079087825616201002e+01
5.079156990051269815e+01
5.079199902613957818e+01
5.079254463513692031e+01
5.079310103654861308e+01
5.079366279045741095e+01
5.079427404006322178e+01
5.079480908314386767e+01
5.079531951347986762e+01
5.079588484366734491e+01
5.079681967894236294e+01
5.079699615240097188e+01
5.079754230181376329e+01
5.079810086488723897e+01
5.079865967432657925e+01
5.079954886833827032e+01
5.079985066254933912e+01
5.080038832823435513e+01
5.080088456471761305e+01
5.080143628517786425e+01
5.080221492449442877e+01
5.080259865125020013e+01
5.080310513973235942e+01
5.080366346041361680e+01
5.080421094497044976e+01
5.080482556422551710e+01
5.080532526572545038e+01
5.080587736765543383e+01
5.080643586715062554e+01
5.080699024995168145e+01
5.080764499107996812e+01
5.080813585519790365e+01
5.080866129000981601e+01
5.080921503305435039e+01
5.081021707455317227e+01
5.081046920617421137e+01
5.081087977886200235e+01
5.081143372853596674e+01
5.081200591723123949e+01
5.081283291180928785e+01
5.081311503648758077e+01
5.081365655660628988e+01
5.081421701113382738e+01
5.081490668058395244e+01
5.081563194592794019e+01
5.081593825022379463e+01
5.081645654837290493e+01
5.081698766152064195e+01
5.081754597425460673e+01
5.081822106838226460e+01
5.081865443785985548e+01
5.081921258767445693e+01
5.081976674397786553e+01
5.082032088041305684e+01
5.082093109289805000e+01
5.082160885731379096e+01
5.082206424474716044e+01
5.082254354953765585e+01
5.082358119487762593e+01
5.082376057306925787e+01
5.082421914736429613e+01
5.082477806409200127e+01
5.082532085577646797e+01
5.082615188757578295e+01
5.082643578052520894e+01
5.082702072064081733e+01
5.082754557927449213e+01
5.082810186942418085e+01
5.082888943354289069e+01
5.082921220858892042e+01
5.082976637681325371e+01
5.083032236496607226e+01
5.083087678352991645e+01
5.083166420062382684e+01
5.083199961980184156e+01
5.083255081176757528e+01
5.083310376008351739e+01
5.083366029262542440e+01
5.083431158463159960e+01
5.083497224251429003e+01
5.083532446225483881e+01
5.083588294188181322e+01
5.083686606089273852e+01
5.083704804579416958e+01
5.083754515250523554e+01
5.083809945980707568e+01
5.083866234223047798e+01
5.083956596851349019e+01
5.083978096246719502e+01
5.084032439788182245e+01
5.084087836742401123e+01
5.084144149223963183e+01
5.084216142892837809e+01
5.084260344107945429e+01
5.084309897025426039e+01
5.084365582068760858e+01
5.084421144326528008e+01
5.084487437009811117e+01
5.084532956282297533e+01
5.084587596654891684e+01
5.084643234014511393e+01
5.084698899189631049e+01
5.084759277900059971e+01
5.084811290502548076e+01
5.084865735769271566e+01
5.084921563863754557e+01
5.085015950202942037e+01
5.085053026278813348e+01
5.085090029239654541e+01
5.085144618352254042e+01
5.085199737151463495e+01
5.085282879273096768e+01
5.085320042371749594e+01
5.085369257529576714e+01
5.085422722498575610e+01
5.085483211278915405e+01
5.085562589963276992e+01
5.085591823657353672e+01
5.085643636385599820e+01
5.085699047644933302e+01
5.085754450162252027e+01
5.085820513566334711e+01
5.085865697860717916e+01
5.085921337604522563e+01
5.085977211395899644e+01
5.086031916936238417e+01
5.086088807185490879e+01
5.086166123549143236e+01
5.086199445327122959e+01
5.086258815129598077e+01
5.086348604361216275e+01
5.086380329529444566e+01
5.086422167619069512e+01
5.086477905511856079e+01
5.086532352368036669e+01
5.086618148883183466e+01
5.086643383900324267e+01
5.086709604660669726e+01
5.086754398345946981e+01
5.086810043255488267e+01
5.086882553497949999e+01
5.086921751101811395e+01
5.086976681947707846e+01
5.087032328844070150e+01
5.087087950706482076e+01
5.087154411077499105e+01
5.087199203173319262e+01
5.087254180113474433e+01
5.087310001850128316e+01
5.087365634838739936e+01
5.087422111431757799e+01
5.087503824631372851e+01
5.087545913060505853e+01
5.087587943474451890e+01
5.087687897284825311e+01
5.087705297470093058e+01
5.087766257921854418e+01
5.087810221910476827e+01
5.087866250276565694e+01
5.087951884667078417e+01
5.087978556156158305e+01
5.088036444584528795e+01
5.088088122606277608e+01
5.088144466082255235e+01
5.088232290744781494e+01
5.088265618085861064e+01
5.088310200373332037e+01
5.088365827401479180e+01
5.088421439329783169e+01
5.088494308789571363e+01
5.088532482782999722e+01
5.088588110208511495e+01
5.088652278582254951e+01
5.088698913653691847e+01
5.088756665786107192e+01
5.088810140689214023e+01
5.088865804672241211e+01
5.088926224708556845e+01
5.089015360275904243e+01
5.089043972492218160e+01
5.089098074833552232e+01
5.089143707354863722e+01
5.089198909997939779e+01
5.089289703369140483e+01
5.089314349492391187e+01
5.089367171923319688e+01
5.089421595335006998e+01
5.089479961395263530e+01
5.089562166531880649e+01
5.089589746395746772e+01
5.089643685817718222e+01
5.089698899984360025e+01
5.089754941463470317e+01
5.089824158747990879e+01
5.089868052403132026e+01
5.089921590089797832e+01
5.089977006912231161e+01
5.090032417774200724e+01
5.090088030497233262e+01
5.090175404151280958e+01
5.090200552145640245e+01
5.090254716475804742e+01
5.090352641741434780e+01
5.090367652177810953e+01
5.090421125094096055e+01
5.090476754903793477e+01
5.090532413721084737e+01
5.090621149142582880e+01
5.090654273033142374e+01
5.090700578292210565e+01
5.090754697720209521e+01
5.090810734828313144e+01
5.090892529884974493e+01
5.090921356280644972e+01
5.090976974566777358e+01
5.091032812198002944e+01
5.091090697447459235e+01
5.091148839394251269e+01
5.091199261744817051e+01
5.091254884799321445e+01
5.091311670939127509e+01
5.091365920305251791e+01
5.091424241463343492e+01
5.091506127119064473e+01
5.091549710035324239e+01
5.091604278882344659e+01
5.091687545776367330e+01
5.091707444588343634e+01
5.091755323807398526e+01
5.091810532808303691e+01
5.091867078940073554e+01
5.091952954928080288e+01
5.091977362235387261e+01
5.092032974958419800e+01
5.092088449796040805e+01
5.092143605152765673e+01
5.092226096789042344e+01
5.092258014281591016e+01
5.092310027678807671e+01
5.092366332213084235e+01
5.092421269814173712e+01
5.092493975162506104e+01
5.092532653808594034e+01
5.092587738037109091e+01
5.092643790642420498e+01
5.092698765993118570e+01
5.092759197552998529e+01
5.092810447613398139e+01
5.092865660985310683e+01
5.092921491066614692e+01
5.093019244273503432e+01
5.093035043080647739e+01
5.093088357051213677e+01
5.093143765528996880e+01
5.093198738495508593e+01
5.093288138310114732e+01
5.093313590288162374e+01
5.093367018302281934e+01
5.093421237866083828e+01
5.093481218020121304e+01
5.093572725852330763e+01
5.093590652942657471e+01
5.093643964529037760e+01
5.093699176311493204e+01
5.093754793405533121e+01
5.093823138872782152e+01
5.093865832487742296e+01
5.093921870390574469e+01
5.093976861238479614e+01
5.094032704830169678e+01
5.094101090431213663e+01
5.094144158760706631e+01
5.094199988047282091e+01
5.094254775444666450e+01
5.094349569479624762e+01
5.094368533690770562e+01
5.094421429236729892e+01
5.094477057456970215e+01
5.094532470305760796e+01
5.094616289933522779e+01
5.094646430810292514e+01
5.094699338277180800e+01
5.094754762649536417e+01
5.094811218976974487e+01
5.094883089462916104e+01
5.094922209978103922e+01
5.094977509578068720e+01
5.095032455523809034e+01
5.095088507731755811e+01
5.095153349637985229e+01
5.095199093421300063e+01
5.095254739125569898e+01
5.095310363372166762e+01
5.095365976889927850e+01
5.095437718232472690e+01
5.095496063232421591e+01
5.095541410048802788e+01
5.095588051080703451e+01
5.095686383644739692e+01
5.095708507299423218e+01
5.095754714409510200e+01
5.095810759067535400e+01
5.095865755081176474e+01
5.095958689053853163e+01
5.095985311269760132e+01
5.096032493909199701e+01
5.096088518301645820e+01
5.096149453322092882e+01
5.096235539515813429e+01
5.096263519128163466e+01
5.096310520172119141e+01
5.096366146008173814e+01
5.096421348651249872e+01
5.096485990285873413e+01
5.096533857981363980e+01
5.096588435570399156e+01
5.096644058227538920e+01
5.096699474255243700e+01
5.096768210728963311e+01
5.096811909278233799e+01
5.096866126457850044e+01
5.096925505002339918e+01
5.097032802899678217e+01
5.097047804196675713e+01
5.097089261213938727e+01
5.097144029537836474e+01
5.097199649413426670e+01
5.097284860610962198e+01
5.097312532265981133e+01
5.097366762955983432e+01
5.097428611914316576e+01
5.097489256461461338e+01
5.097557096481322958e+01
5.097600661516189291e+01
5.097648786306380941e+01
5.097706315517425679e+01
5.097755689223607334e+01
5.097817831436793057e+01
5.097873178720474385e+01
5.097921283245086954e+01
5.097976929346720709e+01
5.098034431934356547e+01
5.098099784453710015e+01
5.098143584728241251e+01
5.098199420770009027e+01
5.098255246082941738e+01
5.098354341983795024e+01
5.098377128442128736e+01
5.098421492973963609e+01
5.098476911385854038e+01
5.098532958428064887e+01
5.098623125155766900e+01
5.098644048770268711e+01
5.098699413140614922e+01
5.098755030234654839e+01
5.098810443480809340e+01
5.098886792262395318e+01
5.098921895027160645e+01
5.098977100054423062e+01
5.099032512108485093e+01
5.099088126023610101e+01
5.099167655309041436e+01
5.099201393524806036e+01
5.099266664981841757e+01
5.099310641288757040e+01
5.099365842739741339e+01
5.099425856272379320e+01
5.099477507670720655e+01
5.099533133904139248e+01
5.099588114420573248e+01
5.099681430657704340e+01
5.099702584346135126e+01
5.099754778941472466e+01
5.099810825983683316e+01
5.099866032997767462e+01
5.099952078262965216e+01
5.099980404774348131e+01
5.100032902558644565e+01
5.100088114341100010e+01
5.100143939654032721e+01
5.100216656128565518e+01
5.100262267986933296e+01
5.100311046441395746e+01
5.100365999539693007e+01
5.100422068834304667e+01
5.100486658414205010e+01
5.100533314943313457e+01
5.100588072141011509e+01
5.100643686850865777e+01
5.100699527661005561e+01
5.100758746465047011e+01
5.100831613143284926e+01
5.100866207679112563e+01
5.100925989548365180e+01
5.101020368734995714e+01
5.101043805678685317e+01
5.101088492472966607e+01
5.101143682003021240e+01
5.101199301083882887e+01
5.101286592880884996e+01
5.101313632726669312e+01
5.101366387208302910e+01
5.101422760883966845e+01
5.101477006276448378e+01
5.101570763190587599e+01
5.101588449080784926e+01
5.101643659671147901e+01
5.101702208518982218e+01
5.101755122741063531e+01
5.101827255884806078e+01
5.101866370042164789e+01
5.101921579440434584e+01
5.101977205276489258e+01
5.102032792568206787e+01
5.102092387676238872e+01
5.102143865823745728e+01
5.102206917603810865e+01
5.102255537112554151e+01
5.102366353273392008e+01
5.102382663885752123e+01
5.102433451016744215e+01
5.102478453318278184e+01
5.102533682584762431e+01
5.102618902921676636e+01
5.102645069360733032e+01
5.102699648539225308e+01
5.102755093574523926e+01
5.102810478210449219e+01
5.102882021268208490e+01
5.102923128207524428e+01
5.102978750467300273e+01
5.103033956289291240e+01
5.103087956905365274e+01
5.103158056735992432e+01
5.103199247121811055e+01
5.103255079984664633e+01
5.103310697873433099e+01
5.103366109530131212e+01
5.103424030939738287e+01
5.103482157389323248e+01
5.103535090287526543e+01
5.103587952057520738e+01
5.103694232702255107e+01
5.103702398538589335e+01
5.103755061626434042e+01
5.103810466925303047e+01
5.103866518735885904e+01
5.103959827025731499e+01
5.103981548945109381e+01
5.104032731850941929e+01
5.104088347752888666e+01
5.104143762985865607e+01
5.104220886230469034e+01
5.104267328977584839e+01
5.104310659567514818e+01
5.104366705020268569e+01
5.104423277775446621e+01
5.104486502011616977e+01
5.104532938400904385e+01
5.104588355223337715e+01
5.104645233551661221e+01
5.104699601332346504e+01
5.104755657513936029e+01
5.104810624917347894e+01
5.104866049289703511e+01
5.104924431244532457e+01
5.105015211105346395e+01
5.105040896336237921e+01
5.105090154012044223e+01
5.105144139925639024e+01
5.105199803908666212e+01
5.105288405021031650e+01
5.105313883622487481e+01
5.105366020997364984e+01
5.105421649217605307e+01
5.105477285385131836e+01
5.105563332239786689e+01
5.105605829954147623e+01
5.105655246178309170e+01
5.105699968338012695e+01
5.105754974683125624e+01
5.105827601353327339e+01
5.105873069365819106e+01
5.105926436185836792e+01
5.105978106657664028e+01
5.106032888094583910e+01
5.106090152263641357e+01
5.106144138971964708e+01
5.106223505735397339e+01
5.106254975001017016e+01
5.106355797052383139e+01
5.106368524630864414e+01
5.106421611706415575e+01
5.106477220058441446e+01
5.106540571848551480e+01
5.106618709166844639e+01
5.106644124190012946e+01
5.106703502337138190e+01
5.106754940748214722e+01
5.106810554663340440e+01
5.106889897187550531e+01
5.106926627556482856e+01
5.106993676821390693e+01
5.107041389147440924e+01
5.107147849400838169e+01
5.107170297304789131e+01
5.107203042109807001e+01
5.107254902124405049e+01
5.107310548623402724e+01
5.107366396586100166e+01
5.107423908313115390e+01
5.107496801217396865e+01
5.107551991542180048e+01
5.107592866818109911e+01
5.107682204643885626e+01
5.107703012625376715e+01
5.107756709257761685e+01
5.107811789909998623e+01
5.107867203553517754e+01
5.107954088846842211e+01
5.107987405459086006e+01
5.108033029238382738e+01
5.108089111248651903e+01
5.108144065539042344e+01
5.108225326935450283e+01
5.108263453245162822e+01
5.108315542538960585e+01
5.108368227481842183e+01
5.108433027267456339e+01
5.108506765365600444e+01
5.108535499970118110e+01
5.108588840564092237e+01
5.108644045591354654e+01
5.108699457645415976e+01
5.108763391574223789e+01
5.108810468514760572e+01
5.108866129318872851e+01
5.108921952247619913e+01
5.109015657107035224e+01
5.109039834737777852e+01
5.109089032411575459e+01
5.109145609537760180e+01
5.109206416606902934e+01
5.109292980829874864e+01
5.109320721626281880e+01
5.109369844595591559e+01
5.109421705404917446e+01
5.109477327267328661e+01
5.109558618863423618e+01
5.109590382575989054e+01
5.109644008080164923e+01
5.109699630339940057e+01
5.109755052725473945e+01
5.109821263154347548e+01
5.109866501490274970e+01
5.109923173189163492e+01
5.109978189071019727e+01
5.110033366282780776e+01
5.110096296469370714e+01
5.110161421298980855e+01
5.110226306517918715e+01
5.110262101093928067e+01
5.110354805787404331e+01
5.110368077357610161e+01
5.110421667098999166e+01
5.110478206872939921e+01
5.110532933076222406e+01
5.110619287888209072e+01
5.110649032592773722e+01
5.110700008869171285e+01
5.110754989782969204e+01
5.110810613234837518e+01
5.110882715781529839e+01
5.110928341150283671e+01
5.110978471835453973e+01
5.111033463478088379e+01
5.111088751554488852e+01
5.111157863140105917e+01
5.111205249627430902e+01
5.111259789466858194e+01
5.111310822168986334e+01
5.111368031104405674e+01
5.111429161628087314e+01
5.111477486292520922e+01
5.111533332268397345e+01
5.111588526169459357e+01
5.111686909993489536e+01
5.111701618432998373e+01
5.111756776571273519e+01
5.111810803810755743e+01
5.111866431633631436e+01
5.111959752241770616e+01
5.111981639067332139e+01
5.112032857338587633e+01
5.112088696161905688e+01
5.112144119342168125e+01
5.112247066497802450e+01
5.112265652815501227e+01
5.112319723765055102e+01
5.112366413275400845e+01
5.112421825726826796e+01
5.112488280932108609e+01
5.112533071041107036e+01
5.112589863936106127e+01
5.112644110520680840e+01
5.112699933449427192e+01
5.112758311430613389e+01
5.112810547351837442e+01
5.112866164843241279e+01
5.112925148804982456e+01
5.113015350898106703e+01
5.113038484652837212e+01
5.113088941176732050e+01
5.113144841988881240e+01
5.113201357920964796e+01
5.113285588423411099e+01
5.113316156466802198e+01
5.113366365830103888e+01
5.113421773115793911e+01
5.113477650086085191e+01
5.113556366761525140e+01
5.113600455919901577e+01
5.113660540978114000e+01
5.113699464003244799e+01
5.113755085865656724e+01
5.113820064465205206e+01
5.113869529962539673e+01
5.113921759923299248e+01
5.113977382183075093e+01
5.114032787084579468e+01
5.114097149769465034e+01
5.114146677652994555e+01
5.114201519886652392e+01
5.114268017212550177e+01
5.114352388381958292e+01
5.114379900693893433e+01
5.114422166347503662e+01
5.114478261470794962e+01
5.114532994031905844e+01
5.114614855845768915e+01
5.114647792577743246e+01
5.114700535138447890e+01
5.114755036830901958e+01
5.114811119238535753e+01
5.114894025325774862e+01
5.114922063350677206e+01
5.114977842569351196e+01
5.115033184687296597e+01
5.115088592370351250e+01
5.115151499112447198e+01
5.115229577620824131e+01
5.115263784726460727e+01
5.115314634243647163e+01
5.115367892583211074e+01
5.115427129268645956e+01
5.115478063424428257e+01
5.115532947778702066e+01
5.115598171552021967e+01
5.115681918859481669e+01
5.115706106026967603e+01
5.115755658547083584e+01
5.115817770163218370e+01
5.115866494576136603e+01
5.115957525571187148e+01
5.115985240141550605e+01
5.116032699743906420e+01
5.116088529825210429e+01
5.116143962542216173e+01
5.116215668519338067e+01
5.116267935037613057e+01
5.116311282316844000e+01
5.116373980045318604e+01
5.116421863238016954e+01
5.116492067575454428e+01
5.116533540089925225e+01
5.116589164336522089e+01
5.116644406318664551e+01
5.116699789762496664e+01
5.116769243478775309e+01
5.116820006370544149e+01
5.116866307258605673e+01
5.116927292346954204e+01
5.117019792397817213e+01
5.117059786319732950e+01
5.117104391256967943e+01
5.117144576708475512e+01
5.117201045354207167e+01
5.117282267411550123e+01
5.117313158512115479e+01
5.117366443077722948e+01
5.117421861489614088e+01
5.117477957804997857e+01
5.117567526102065756e+01
5.117606660525004258e+01
5.117653514146805094e+01
5.117722055117289415e+01
5.117767674922943399e+01
5.117854546705881802e+01
5.117884558041890131e+01
5.117952056725820142e+01
5.117983304262160971e+01
5.118082020680109423e+01
5.118105014165242750e+01
5.118159977595011156e+01
5.118218711217244277e+01
5.118257466554641866e+01
5.118363284269968716e+01
5.118400793075561239e+01
5.118433775901794291e+01
5.118486426671346123e+01
5.118538697163263862e+01
5.118617263237635484e+01
5.118651523590087749e+01
5.118700145085652764e+01
5.118761645952860562e+01
5.118811858097712530e+01
5.118905591567357050e+01
5.118928469816843574e+01
5.119009290536244805e+01
5.119046807289123535e+01
5.119090730746587070e+01
5.119154392480849936e+01
5.119206848144531108e+01
5.119259709517161383e+01
5.119313706954320509e+01
5.119367241462071405e+01
5.119447480837504116e+01
5.119481367270152106e+01
5.119539491732915337e+01
5.119589689175288072e+01
5.119686756928761895e+01
5.119713668028513354e+01
5.119759908517201552e+01
5.119814952214559156e+01
5.119867451190948771e+01
5.119957236051559590e+01
5.119984137614567743e+01
5.120040973424911357e+01
5.120107851028442525e+01
5.120147859652836786e+01
5.120217506488164361e+01
5.120289703607559062e+01
5.120328875780105449e+01
5.120379684368769091e+01
5.120425137281417705e+01
5.120490622520446777e+01
5.120545712709427022e+01
5.120592845678329752e+01
5.120652966101964410e+01
5.120699838002522597e+01
5.120757407347361578e+01
5.120810880263646681e+01
5.120866501728693976e+01
5.120921917756398756e+01
5.121018587350845053e+01
5.121035299698511523e+01
5.121094627380371378e+01
5.121155056158701768e+01
5.121202344894409464e+01
5.121282344261805264e+01
5.121313176949819024e+01
5.121369841893513808e+01
5.121422333319981846e+01
5.121477771202723517e+01
5.121566924254099717e+01
5.121598390340805196e+01
5.121647333304087368e+01
5.121714417934417440e+01
5.121757457653681200e+01
5.121826489766439039e+01
5.121873905261357862e+01
5.121926287412643575e+01
5.121981410185495776e+01
5.122037303447723389e+01
5.122097744941711284e+01
5.122159804503122871e+01
5.122199998696645196e+01
5.122260431051254415e+01
5.122349593639373921e+01
5.122385002374649332e+01
5.122430846293767104e+01
5.122489161094029697e+01
5.122533323367436964e+01
5.122618325948715068e+01
5.122666242122650004e+01
5.122705826759338521e+01
5.122758047580718710e+01
5.122819563945134291e+01
5.122887183030446323e+01
5.122922499974568922e+01
5.122977479696273662e+01
5.123033103545506606e+01
5.123094344536463751e+01
5.123161441087722778e+01
5.123212638696034560e+01
5.123259554704030450e+01
5.123314146995544149e+01
5.123413518269856581e+01
5.123432686726252427e+01
5.123488309780756822e+01
5.123538926839828633e+01
5.123598088026047037e+01
5.123730371793111260e+01
5.123752272923787388e+01
5.123794257640838623e+01
5.123832190831502231e+01
5.123874142567316881e+01
5.123956546783447408e+01
5.124007156689961562e+01
5.124044955174128546e+01
5.124094746510187548e+01
5.124147871335347304e+01
5.124231814940770136e+01
5.124260915120442661e+01
5.124315572579701694e+01
5.124367450873057095e+01
5.124422214825948174e+01
5.124489101171493388e+01
5.124534918069839762e+01
5.124590231974919874e+01
5.124644508759180894e+01
5.124700338840484903e+01
5.124813470443089614e+01
5.124830572605132772e+01
5.124900347391764655e+01
5.124953049818675055e+01
5.125017232894897745e+01
5.125036143859227167e+01
5.125108035802841044e+01
5.125166990756988383e+01
5.125200728972752984e+01
5.125288861592610345e+01
5.125320501327514933e+01
5.125366534392038886e+01
5.125422385136286607e+01
5.125477642615636142e+01
5.125555452108383037e+01
5.125596962372461718e+01
5.125647386312484599e+01
5.125708012183507378e+01
5.125755507151286139e+01
5.125816830396652080e+01
5.125866962671280191e+01
5.125926555395126627e+01
5.125977580547332479e+01
5.126033900181452196e+01
5.126094061930974277e+01
5.126148639122644823e+01
5.126215299367904521e+01
5.126277792453765869e+01
5.126357369422912313e+01
5.126385706265767084e+01
5.126428282260894775e+01
5.126477822065353251e+01
5.126533155043919976e+01
5.126615062952041768e+01
5.126644851366678779e+01
5.126703567902247016e+01
5.126755884885788106e+01
5.126811074415842739e+01
5.126891477902730543e+01
5.126926716963450303e+01
5.126978019475937032e+01
5.127034604549407959e+01
5.127088999748229980e+01
5.127158629894256592e+01
5.127205675840377808e+01
5.127255667845408027e+01
5.127311144669850762e+01
5.127366701364517354e+01
5.127428380250930928e+01
5.127477496862411499e+01
5.127533328930537238e+01
5.127607132196426676e+01
5.127689020633697226e+01
5.127706121603647915e+01
5.127755424181620469e+01
5.127811084985732748e+01
5.127867139975229804e+01
5.127951525449752523e+01
5.127985846201578823e+01
5.128033885558446059e+01
5.128090540965398247e+01
5.128144423166910570e+01
5.128215426206588745e+01
5.128255185286204210e+01
5.128311253388722690e+01
5.128373538255691244e+01
5.128423664569854878e+01
5.128490501642227173e+01
5.128533749580383017e+01
5.128588739236195693e+01
5.128644388119379727e+01
5.128700658082961894e+01
5.128765039841334072e+01
5.128811873992284376e+01
5.128867063919702929e+01
5.128932884534199843e+01
5.129019972085952617e+01
5.129046737750370966e+01
5.129088903268178257e+01
5.129144355058669902e+01
5.129199738105138096e+01
5.129281610647837653e+01
5.129310770034790323e+01
5.129366658131281298e+01
5.129422225157419746e+01
5.129477690855662075e+01
5.129551817178726481e+01
5.129588904380798198e+01
5.129647462765375820e+01
5.129700160423914923e+01
5.129755783081054688e+01
5.129822665452957153e+01
5.129873491128285679e+01
5.129922438065211310e+01
5.129978147347767958e+01
5.130033480723698602e+01
5.130096601645151821e+01
5.130144327878952026e+01
5.130199911991755357e+01
5.130271679957707676e+01
5.130351003011067945e+01
5.130377641916275167e+01
5.130422825415929111e+01
5.130477848450343004e+01
5.130533466736475390e+01
5.130626581907272055e+01
5.130660248994827555e+01
5.130701906681061075e+01
5.130761008659998623e+01
5.130811791419982626e+01
5.130891477664311395e+01
5.130922383864720615e+01
5.130977911551793369e+01
5.131033445596695231e+01
5.131092611948648852e+01
5.131161180337269911e+01
5.131206355492273730e+01
5.131256360610326084e+01
5.131312605937321791e+01
5.131368610461552748e+01
5.131428018411000380e+01
5.131480481624603129e+01
5.131535471677780436e+01
5.131590891281764044e+01
5.131699081659316874e+01
5.131706802447637017e+01
5.131766552527745517e+01
5.131814874807993476e+01
5.131867552995682047e+01
5.131948633988698560e+01
5.131979238589604364e+01
5.132037808100382392e+01
5.132088822921117099e+01
5.132144458691278999e+01
5.132224860986073622e+01
5.132273201545079644e+01
5.132313756545384820e+01
5.132366818984349521e+01
5.132422115008036201e+01
5.132483171621958462e+01
5.132533434232075820e+01
5.132589219411214287e+01
5.132645603418350078e+01
5.132700260082880561e+01
5.132756108840306553e+01
5.132811560630798198e+01
5.132866692543029785e+01
5.132926292419433878e+01
5.133016339143117079e+01
5.133043042023976454e+01
5.133090728123982416e+01
5.133145293394724717e+01
5.133200005292892598e+01
5.133291873931884908e+01
5.133319807449976935e+01
5.133367333412170552e+01
5.133422067562739244e+01
5.133478156725565356e+01
5.133549462556838705e+01
5.133589864969253824e+01
5.133646947542826666e+01
5.133700435161590292e+01
5.133755844831466675e+01
5.133823196490605767e+01
5.133879983027775751e+01
5.133922297954559610e+01
5.133978139559427945e+01
5.134039570093155191e+01
5.134089591900507799e+01
5.134144791364669658e+01
5.134200003941853652e+01
5.134255837996800409e+01
5.134364436070124071e+01
5.134386447270711074e+01
5.134422690471013340e+01
5.134478336970011725e+01
5.134536429246266920e+01
5.134638746976852275e+01
5.134646865129470683e+01
5.134711618423462198e+01
5.134757772684097432e+01
5.134811218976974345e+01
5.134885774056116503e+01
5.134930171569188673e+01
5.134977683623631606e+01
5.135033720731735229e+01
5.135089604059854906e+01
5.135154581864674839e+01
5.135200161139170660e+01
5.135257703463236822e+01
5.135313952763875278e+01
5.135367669661840040e+01
5.135439742803573893e+01
5.135494152704874438e+01
5.135539736350377638e+01
5.135592443545659336e+01
5.135681809584299629e+01
5.135703560113906718e+01
5.135755763848622735e+01
5.135810966094334873e+01
5.135866801738738729e+01
5.135952422618866109e+01
5.135979660352071363e+01
5.136033681233723769e+01
5.136106395721435547e+01
5.136150973637898431e+01
5.136221840778986802e+01
5.136255514224369989e+01
5.136314467191696309e+01
5.136366759538650228e+01
5.136422386169433452e+01
5.136496798594792779e+01
5.136539669434229438e+01
5.136589700778325351e+01
5.136644709904988559e+01
5.136754959821701050e+01
5.136769302686055738e+01
5.136831850608189853e+01
5.136867888371149604e+01
5.136928218205769525e+01
5.137026545206705919e+01
5.137048019568125312e+01
5.137093017896016534e+01
5.137144676446914815e+01
5.137200311024983534e+01
5.137282445828120103e+01
5.137311352491379068e+01
5.137366763353347920e+01
5.137422369718551352e+01
5.137478001515070503e+01
5.137565933465957357e+01
5.137589900096257622e+01
5.137660705645878778e+01
5.137705074548721029e+01
5.137759038209915019e+01
5.137819070021311774e+01
5.137868192990620742e+01
5.137925280332565592e+01
5.137978417078654303e+01
5.138103535572687974e+01
5.138119240999221660e+01
5.138166517814000400e+01
5.138235272566477363e+01
5.138269230922063002e+01
5.138348167737324701e+01
5.138380056619644165e+01
5.138427156209945679e+01
5.138477968772252069e+01
5.138534260193507208e+01
5.138614813884099419e+01
5.138645085891087660e+01
5.138700452645619521e+01
5.138755871454874580e+01
5.138811083237330024e+01
5.138881881634394233e+01
5.138922294775645128e+01
5.138991928100585938e+01
5.139057975610096918e+01
5.139097331762313559e+01
5.139184638261794902e+01
5.139250653584797845e+01
5.139292937914530768e+01
5.139413150946299425e+01
5.139435644149780558e+01
5.139456484715143603e+01
5.139500640630721762e+01
5.139559812148412021e+01
5.139594486157099595e+01
5.139703998963037890e+01
5.139719370206196913e+01
5.139767110347747803e+01
5.139826682408650527e+01
5.139893323183059692e+01
5.139951693614323602e+01
5.140020405451456753e+01
5.140067701737086026e+01
5.140126449664433750e+01
5.140159672498703003e+01
5.140258713165918891e+01
5.140289306640625000e+01
5.140346444050471320e+01
5.140381235281626715e+01
5.140496221780777120e+01
5.140546288092931349e+01
5.140565750996271532e+01
5.140614531834920342e+01
5.140659766197204306e+01
5.140772920449574457e+01
5.140800616343815932e+01
5.140832657416661533e+01
5.140878730614979730e+01
5.140953087011973111e+01
5.141045178969701368e+01
5.141051834424336420e+01
5.141106158097584711e+01
5.141180171569188673e+01
5.141211288372675625e+01
5.141299313306808472e+01
5.141333069801330424e+01
5.141394732395807665e+01
5.141450559298197476e+01
5.141547224521637105e+01
5.141567102670669698e+01
5.141614095767339165e+01
5.141680974562962803e+01
5.141746406555175497e+01
5.141830443938572870e+01
5.141853266557057367e+01
5.141900342702865601e+01
5.141972854137420512e+01
5.142008677323659072e+01
5.142100551128387309e+01
5.142146389881769863e+01
5.142167844374974806e+01
5.142213887770970615e+01
5.142274281581242690e+01
5.142359921137492051e+01
5.142393043041229106e+01
5.142423710425694594e+01
5.142564452886581705e+01
5.142612422307332309e+01
5.142628030776977255e+01
5.142659885485966953e+01
5.142700945138930990e+01
5.142759461800257270e+01
5.142825732231140279e+01
5.142884961366653584e+01
5.142927604516346918e+01
5.142997824350992886e+01
5.143034485181172499e+01
5.143090138435363912e+01
5.143150825103123935e+01
5.143218065500259684e+01
5.143274271885554327e+01
5.143314685026804511e+01
5.143369678656259936e+01
5.143429921468099053e+01
5.143481546243031488e+01
5.143547377586364888e+01
5.143606328566868768e+01
5.143704297145207960e+01
5.143728805383046421e+01
5.143776355187097948e+01
5.143816730578740248e+01
5.143868989149729742e+01
5.143972564538319858e+01
5.144005275170008673e+01
5.144041327238083028e+01
5.144113189776738437e+01
5.144224503437678209e+01
5.144247428178787374e+01
5.144285064538319574e+01
5.144326525131861416e+01
5.144397772153218540e+01
5.144425050417581957e+01
5.144495900472005445e+01
5.144624619881312100e+01
5.144633185466130243e+01
5.144674224058787360e+01
5.144779999653498237e+01
5.144789476792017524e+01
5.144820637702942179e+01
5.144885640541712490e+01
5.144940874179204116e+01
5.145015843709310133e+01
5.145052940845489786e+01
5.145105249881744669e+01
5.145167286793390815e+01
5.145227502584457113e+01
5.145299808184305590e+01
5.145326473315557081e+01
5.145380843480428013e+01
5.145433980623881354e+01
5.145488356749216763e+01
5.145562639633814683e+01
5.145629744529723837e+01
5.145697790781657233e+01
5.145736043453216269e+01
5.145828554232915053e+01
5.145857248306274556e+01
5.145873339970906812e+01
5.145938936471939229e+01
5.145990813175837530e+01
5.146079495747883925e+01
5.146147288878758985e+01
5.146212149063746466e+01
5.146243110100428453e+01
5.146299762725830362e+01
5.146368149916330736e+01
5.146387470960617350e+01
5.146422888835271436e+01
5.146510184208552374e+01
5.146573672294616841e+01
5.146640419165293423e+01
5.146672889391581407e+01
5.146714549859364496e+01
5.146793907880783081e+01
5.146894137064615649e+01
5.146914336681366109e+01
5.146936190525691046e+01
5.146978506247202745e+01
5.147040582895279215e+01
5.147152484655380533e+01
5.147158285379409648e+01
5.147206871509551718e+01
5.147264368534088419e+01
5.147319738864898397e+01
5.147432863314946161e+01
5.147486594915390157e+01
5.147547866503397529e+01
5.147620767752329840e+01
5.147686159213383661e+01
5.147719731330871440e+01
5.147765361070632650e+01
5.147818538347880235e+01
5.147869089841842793e+01
5.147955254316330098e+01
5.147986575365066386e+01
5.148040328025818013e+01
5.148098078966140889e+01
5.148145102659861294e+01
5.148246574004490839e+01
5.148272601763407152e+01
5.148354692459106730e+01
5.148381607135137017e+01
5.148429491917292466e+01
5.148496169646580967e+01
5.148547608057658209e+01
5.148611128727595343e+01
5.148646757602691792e+01
5.148700918356577461e+01
5.148757433493931757e+01
5.148813829819361132e+01
5.148873452742894585e+01
5.148942869106928555e+01
5.149026559193929131e+01
5.149046372175216391e+01
5.149093217452367099e+01
5.149147777557372763e+01
5.149202790657679429e+01
5.149293461640675673e+01
5.149320128758748183e+01
5.149375907580057543e+01
5.149425481160481866e+01
5.149486536184947028e+01
5.149557380676269247e+01
5.149607361157735141e+01
5.149682771762211786e+01
5.149705696503321661e+01
5.149756290912628032e+01
5.149821780920028402e+01
5.149873190323511807e+01
5.149924021561940179e+01
5.150000683466593188e+01
5.150036068757375318e+01
5.150096231301625238e+01
5.150147946278254096e+01
5.150211285750071255e+01
5.150259216229120796e+01
5.150371926625569330e+01
5.150407725175221429e+01
5.150459125439326158e+01
5.150507126649220879e+01
5.150567758878072055e+01
5.150631314118702875e+01
5.150669838984807569e+01
5.150721072355906216e+01
5.150765861272812174e+01
5.150812575419743666e+01
5.150893954038620137e+01
5.150927537282307611e+01
5.151003646055857388e+01
5.151037509838739936e+01
5.151154808998107626e+01
5.151217291752497118e+01
5.151291903654734483e+01
5.151322649717330648e+01
5.151444429556529059e+01
5.151467702388763570e+01
5.151486662228901992e+01
5.151580199797948012e+01
5.151617789268493652e+01
5.151710428396860664e+01
5.151728545824686734e+01
5.151777414083480977e+01
5.151826458772023187e+01
5.151953116655349874e+01
5.151980827252069872e+01
5.151987305084864488e+01
5.152041026353835917e+01
5.152115614811579292e+01
5.152147246201833042e+01
5.152217499812444146e+01
5.152261014382044380e+01
5.152318114837010654e+01
5.152383292516072544e+01
5.152424770991007819e+01
5.152528523604075161e+01
5.152547058661778578e+01
5.152591851949691915e+01
5.152661426862081129e+01
5.152702065706252910e+01
5.152771848837534918e+01
5.152831617991129320e+01
5.152887237071990967e+01
5.152932258844375468e+01
5.153036413192749166e+01
5.153061818281809536e+01
5.153100380500157485e+01
5.153166403373082716e+01
5.153201442956924438e+01
5.153282034397125244e+01
5.153322867552439135e+01
5.153367854754129951e+01
5.153445975383122857e+01
5.153484175602594775e+01
5.153550346295038764e+01
5.153602392673492716e+01
5.153659658432006552e+01
5.153702261845270982e+01
5.153762486378352037e+01
5.153817556699117119e+01
5.153881824811299595e+01
5.153957745631535659e+01
5.153995610475540445e+01
5.154035749832789293e+01
5.154105128049850748e+01
5.154150336980819702e+01
5.154220531384149950e+01
5.154261375268300327e+01
5.154348647197087274e+01
5.154368489185969082e+01
5.154423234462738179e+01
5.154478642940521382e+01
5.154542404015858637e+01
5.154636602401733114e+01
5.154661136070887295e+01
5.154708227713902602e+01
5.154788220723470005e+01
5.154814935922622965e+01
5.154896939992904947e+01
5.154924280246098789e+01
5.154986975193023824e+01
5.155039107004801480e+01
5.155090312560399468e+01
5.155162400404612555e+01
5.155201956431071153e+01
5.155262151956558370e+01
5.155326881806055894e+01
5.155368849833806166e+01
5.155442150831222392e+01
5.155492976903915547e+01
5.155540689627329698e+01
5.155593254168828565e+01
5.155696328878402568e+01
5.155716817378997519e+01
5.155769644180933398e+01
5.155812619527181084e+01
5.155886604785919047e+01
5.155957990884780884e+01
5.155993391275406168e+01
5.156042596896489272e+01
5.156091922918955817e+01
5.156146084467570034e+01
5.156227393150329874e+01
5.156279901663462084e+01
5.156315897305806573e+01
5.156373384793599257e+01
5.156423144737879483e+01
5.156491010983784662e+01
5.156534616152445238e+01
5.156607535680134902e+01
5.156663360993067613e+01
5.156701050996780111e+01
5.156765906016031664e+01
5.156813602447509481e+01
5.156868019501368394e+01
5.156928805112838887e+01
5.157033142646153578e+01
5.157054039239883281e+01
5.157090524435043477e+01
5.157152511278788154e+01
5.157220890522003032e+01
5.157297964493433540e+01
5.157322268883387295e+01
5.157388193607330606e+01
5.157443101008733066e+01
5.157553752660751201e+01
5.157573149204254292e+01
5.157613887389501173e+01
5.157646054824193271e+01
5.157715626955032207e+01
5.157757072448730185e+01
5.157825169563293599e+01
5.157877273956934516e+01
5.157923767169316420e+01
5.157978949944178026e+01
5.158035188913345337e+01
5.158106856743494717e+01
5.158171862363815308e+01
5.158350626230240010e+01
5.158396372795105123e+01
5.158409547805786133e+01
5.158423771460851270e+01
5.158486226399739394e+01
5.158549823760986186e+01
5.158641219933827671e+01
5.158652266661326280e+01
5.158737697203954298e+01
5.158774767319361132e+01
5.158813033898671563e+01
5.158895758787790697e+01
5.158927621046701972e+01
5.159000326395035074e+01
5.159035567839940484e+01
5.159093075195948330e+01
5.159150602420171339e+01
5.159220153093338013e+01
5.159258907238642422e+01
5.159315987825393535e+01
5.159432432651519917e+01
5.159451203743616787e+01
5.159484575192133349e+01
5.159537280400594028e+01
5.159615763425826884e+01
5.159714583953221734e+01
5.159732435544331963e+01
5.159761841694513862e+01
5.159839898347854614e+01
5.159878080685933099e+01
5.159959369103113858e+01
5.159999743302662978e+01
5.160052620569864956e+01
5.160113864342371670e+01
5.160165948867798136e+01
5.160224073727925287e+01
5.160284065802891718e+01
5.160315765539805000e+01
5.160386579434076992e+01
5.160514271259307861e+01
5.160544679164886617e+01
5.160564908981323384e+01
5.160640712579091627e+01
5.160660930871963359e+01
5.160768421093622749e+01
5.160787385702133179e+01
5.160850079854329664e+01
5.160881117184956679e+01
5.160954026778539117e+01
5.161033010482788086e+01
5.161077367464701382e+01
5.161101306279500278e+01
5.161156013409296861e+01
5.161219238042831137e+01
5.161283003886540399e+01
5.161321735779444708e+01
5.161370903650919928e+01
5.161423394680023335e+01
5.161479020118713379e+01
5.161552768945693970e+01
5.161590513388316026e+01
5.161649026075998847e+01
5.161702602307001797e+01
5.161760078271230157e+01
5.161822387377421251e+01
5.161874212821324903e+01
5.161927175124485956e+01
5.161981081167856900e+01
5.162035878101984565e+01
5.162106095155080254e+01
5.162173160711924425e+01
5.162219624121983941e+01
5.162257520755132134e+01
5.162367319266001431e+01
5.162379614909490044e+01
5.162431916793187270e+01
5.162511074542999268e+01
5.162642554839452202e+01
5.162680226961771979e+01
5.162740223010381158e+01
5.162767507632573682e+01
5.162816469271977837e+01
5.162904421885808404e+01
5.162926679849624634e+01
5.162981057961781772e+01
5.163034840027491157e+01
5.163090002139409052e+01
5.163169374863306871e+01
5.163226255178451396e+01
5.163304806550343784e+01
5.163318779865900865e+01
5.163426876068115234e+01
5.163443985780079970e+01
5.163487908840179585e+01
5.163551213741302348e+01
5.163599987030029581e+01
5.163699113527933804e+01
5.163723120292027602e+01
5.163769131501515375e+01
5.163833102385203233e+01
5.163878734111786173e+01
5.163960413535436089e+01
5.164015173117319790e+01
5.164079754749933926e+01
5.164130464394887099e+01
5.164148515860239996e+01
5.164248314301173082e+01
5.164286426703134936e+01
5.164327027400334913e+01
5.164388070106506490e+01
5.164481666088104106e+01
5.164494563738504951e+01
5.164565362135569160e+01
5.164594349463780532e+01
5.164654540618260370e+01
5.164756226936976446e+01
5.164775076309840074e+01
5.164815390507380499e+01
5.164884111881256246e+01
5.164942116737366007e+01
5.165040770769119405e+01
5.165050136248270718e+01
5.165095972617466913e+01
5.165147451162338399e+01
5.165203874111175253e+01
5.165283712943394789e+01
5.165320980151494012e+01
5.165371580918630201e+01
5.165427621205648023e+01
5.165481795867284376e+01
5.165554084777831889e+01
5.165594056447346816e+01
5.165647187232971049e+01
5.165726381937663092e+01
5.165844782193502027e+01
5.165903893709182881e+01
5.165967390139897475e+01
5.165976409912109091e+01
5.165997630755106940e+01
5.166087197065353109e+01
5.166119573513666552e+01
5.166157396634419996e+01
5.166201535065968642e+01
5.166269248723983765e+01
5.166357634067535542e+01
5.166393013795217115e+01
5.166423885424931939e+01
5.166486480236053325e+01
5.166537163257599019e+01
5.166614869435628066e+01
5.166651965379715250e+01
5.166702133417129517e+01
5.166763624350230089e+01
5.166816124121348253e+01
5.166888798475265787e+01
5.166947786410649712e+01
5.166986320018768453e+01
5.167034438848495626e+01
5.167091062466303697e+01
5.167155691385269023e+01
5.167207364241281908e+01
5.167263398965199883e+01
5.167319844166437548e+01
5.167455623149871968e+01
5.167486728827158515e+01
5.167506558497746738e+01
5.167579633792241367e+01
5.167627121210098551e+01
5.167682139476140435e+01
5.167717323700586718e+01
5.167773189942042222e+01
5.167814886172612177e+01
5.167872190475463867e+01
5.167986514170964796e+01
5.168027994235356459e+01
5.168065946102142050e+01
5.168127210140228556e+01
5.168155238231022963e+01
5.168219205935795912e+01
5.168262120087941724e+01
5.168326479593913092e+01
5.168370417356491231e+01
5.168423774242400981e+01
5.168481683333714471e+01
5.168538007338841567e+01
5.168597947756449429e+01
5.168662732839584351e+01
5.168744757572810045e+01
5.168765263557433798e+01
5.168833806912104478e+01
5.168868380784988403e+01
5.168936051130295084e+01
5.169026458263397217e+01
5.169053194920221728e+01
5.169133329391479492e+01
5.169173126220702841e+01
5.169235252936680780e+01
5.169320814609527304e+01
5.169344177246093608e+01
5.169377802610397055e+01
5.169427895545959473e+01
5.169479982058206957e+01
5.169549421469370287e+01
5.169602691729863153e+01
5.169653086264928277e+01
5.169701848427454394e+01
5.169756856362025133e+01
5.169822922547658095e+01
5.169885383447011407e+01
5.169928579330444052e+01
5.169991521835326864e+01
5.170038861036300659e+01
5.170094792842864706e+01
5.170174132982889859e+01
5.170204060872395502e+01
5.170258248647053989e+01
5.170381593704223633e+01
5.170386193195978564e+01
5.170432476202646654e+01
5.170489112536112231e+01
5.170552018880844258e+01
5.170626386006673414e+01
5.170647060076395718e+01
5.170713074207306192e+01
5.170761156082153320e+01
5.170819724400838169e+01
5.170883327325184808e+01
5.170938479105631558e+01
5.170979974269867085e+01
5.171034723122914301e+01
5.171147287686665805e+01
5.171161928574244371e+01
5.171240615447361932e+01
5.171283933718999037e+01
5.171313075224558276e+01
5.171368247667948737e+01
5.171436140537262105e+01
5.171479493379592896e+01
5.171535954872766894e+01
5.171599063475926528e+01
5.171698901653289937e+01
5.171718675295512213e+01
5.171768038670222012e+01
5.171820329825083462e+01
5.171879973808924547e+01
5.171958877245585029e+01
5.171987286806106709e+01
5.172059717178344584e+01
5.172093214988708354e+01
5.172155096530914165e+01
5.172221761147181240e+01
5.172273204723993700e+01
5.172327378988266133e+01
5.172370686928431383e+01
5.172485088507334439e+01
5.172505141496658609e+01
5.172535791397094584e+01
5.172607174714406142e+01
5.172660727898279731e+01
5.172701319853464952e+01
5.172779361009597920e+01
5.172815533081690376e+01
5.172868715922037808e+01
5.172927374442418369e+01
5.173039854764938639e+01
5.173062647183736118e+01
5.173097387552261495e+01
5.173146100441614692e+01
5.173207389116286947e+01
5.173282802502314581e+01
5.173330077330271592e+01
5.173375543355941630e+01
5.173424208561579718e+01
5.173495045502980361e+01
5.173554669618606283e+01
5.173601278066634990e+01
5.173646488587061754e+01
5.173701519966125772e+01
5.173757328192392890e+01
5.173818382819493422e+01
5.173886626164118496e+01
5.173939424753189087e+01
5.173985268274942939e+01
5.174086703459421699e+01
5.174128687779109015e+01
5.174146894216537618e+01
5.174248000780741563e+01
5.174264470736185473e+01
5.174364654620488579e+01
5.174380882183710639e+01
5.174436692396799486e+01
5.174481039841969476e+01
5.174536916812260756e+01
5.174626529614130988e+01
5.174652150074641099e+01
5.174701234499613633e+01
5.174766461054483813e+01
5.174816881418227865e+01
5.174893119335174418e+01
5.174946458339691446e+01
5.174979208310445244e+01
5.175048974355061659e+01
5.175094999869664747e+01
5.175171145200729228e+01
5.175201235612233575e+01
5.175266433954239176e+01
5.175312492052714219e+01
5.175368092854817803e+01
5.175433318217595513e+01
5.175497066179911343e+01
5.175534551143645956e+01
5.175597054163615240e+01
5.175698938369750834e+01
5.175726609230041220e+01
5.175787241458893106e+01
5.175838917891184821e+01
5.175888517697651992e+01
5.175974351565043463e+01
5.175980246067047119e+01
5.176048275232314921e+01
5.176106630166371758e+01
5.176147032181422247e+01
5.176220565239588467e+01
5.176257230043411539e+01
5.176324107249578077e+01
5.176369909842809136e+01
5.176423694292704170e+01
5.176485362052917338e+01
5.176555939515431959e+01
5.176592229604720785e+01
5.176649102369944444e+01
5.176748452981313164e+01
5.176799500385920538e+01
5.176859313249588013e+01
5.176879810094833090e+01
5.176939291556676181e+01
5.177045562664667955e+01
5.177057825724283902e+01
5.177147221565246582e+01
5.177169511715570849e+01
5.177204085191090854e+01
5.177287470897038446e+01
5.177318719625473165e+01
5.177372465133667134e+01
5.177439928054809570e+01
5.177499668995539395e+01
5.177554295460382860e+01
5.177600265343983921e+01
5.177661420901616651e+01
5.177704542080561367e+01
5.177768295208613125e+01
5.177827218770980977e+01
5.177897183100382250e+01
5.177942891120910929e+01
5.177986752986907959e+01
5.178082156578700079e+01
5.178146750926971720e+01
5.178153632481892998e+01
5.178239252964655748e+01
5.178261379798253472e+01
5.178348615169525004e+01
5.178373655080795146e+01
5.178434441089630269e+01
5.178486903111139839e+01
5.178540194431941046e+01
5.178656936486562046e+01
5.178691060940424506e+01
5.178722569147745958e+01
5.178794025580088345e+01
5.178901093800862299e+01
5.178928608894348429e+01
5.178954522212346490e+01
5.179056109984716016e+01
5.179074622392654703e+01
5.179099878470103135e+01
5.179182748397191460e+01
5.179211187362670898e+01
5.179271138509114536e+01
5.179318803151448236e+01
5.179368804295857842e+01
5.179465926488240513e+01
5.179497030973434590e+01
5.179566082557042250e+01
5.179610255161921373e+01
5.179739203055699903e+01
5.179793609380722330e+01
5.179812337557474677e+01
5.179833395878473823e+01
5.179888360102971490e+01
5.180000010331471572e+01
5.180065848429997999e+01
5.180146906375885152e+01
5.180221905708312846e+01
5.180243950287501065e+01
5.180321051279703681e+01
5.180363146066665792e+01
5.180377376476923956e+01
5.180425860484441358e+01
5.180526682138442851e+01
5.180558128754297798e+01
5.180627704064051642e+01
5.180675016244252618e+01
5.180792095661163188e+01
5.180833120346069620e+01
5.180873326857884820e+01
5.180885837475458544e+01
5.180965832074483046e+01
5.181059964895248271e+01
5.181071525017420498e+01
5.181131188869476034e+01
5.181180390914281020e+01
5.181219776868820048e+01
5.181297473510106499e+01
5.181325179338455200e+01
5.181380821069081577e+01
5.181457477013270108e+01
5.181547685861587382e+01
5.181560419003168505e+01
5.181618094046910272e+01
5.181694339116414483e+01
5.181727463801701816e+01
5.181837387084961222e+01
5.181862866083780972e+01
5.181886618932087885e+01
5.181933702627817695e+01
5.182007476488749376e+01
5.182106611728668355e+01
5.182162272135416714e+01
5.182205568949381558e+01
5.182216810782750116e+01
5.182298059860865180e+01
5.182363691727320543e+01
5.182412254015604702e+01
5.182428172429402480e+01
5.182514716784159248e+01
5.182621185779571249e+01
5.182633058230081957e+01
5.182674296299616401e+01
5.182716814676920336e+01
5.182785128355025961e+01
5.182821381092071533e+01
5.182899705568949145e+01
5.182954066197077481e+01
5.183028454780578897e+01
5.183053026994069512e+01
5.183171137968699327e+01
5.183186385631561421e+01
5.183233247995376303e+01
5.183287200530369887e+01
5.183457721074422153e+01
5.183497202396392822e+01
5.183528023958206177e+01
5.183538800875346197e+01
5.183680761655171665e+01
5.183713198105494513e+01
5.183734956979751729e+01
5.183790979782740038e+01
5.183853433529535693e+01
5.183947379191716465e+01
5.183988004128138272e+01
5.184020721117655484e+01
5.184087395668029785e+01
5.184102222919464253e+01
5.184214669068654047e+01
5.184253228505452427e+01
5.184263827403386671e+01
5.184338395595550253e+01
5.184376714229583882e+01
5.184480383793513170e+01
5.184556426207224433e+01
5.184579043785731045e+01
5.184625948270161899e+01
5.184651946226755825e+01
5.184780895709991455e+01
5.184816684325536329e+01
5.184850737253825059e+01
5.184918828805287916e+01
5.184954627752303935e+01
5.185074227650959955e+01
5.185103601217269897e+01
5.185124824047088765e+01
5.185175661643346245e+01
5.185281093120575235e+01
5.185313700040181573e+01
5.185347545146942139e+01
5.185419210592905870e+01
5.185447307825088359e+01
5.185480582714080811e+01
5.185595247348149428e+01
5.185657795667648173e+01
5.185680861870447700e+01
5.185713981787363736e+01
5.185871913035710890e+01
5.185906490087509013e+01
5.185998229980468466e+01
5.186018266677856303e+01
5.186118159691492480e+01
5.186145441929499356e+01
5.186164820988972934e+01
5.186203320026397989e+01
5.186300842364629204e+01
5.186411101818085001e+01
5.186446039279302056e+01
5.186499584118525519e+01
5.186516356468200684e+01
5.186569995482762607e+01
5.186640007098515781e+01
5.186670854886372695e+01
5.186732683976491387e+01
5.186763716936111734e+01
5.186821659008661811e+01
5.186899140675862441e+01
5.186969360113143779e+01
5.187041057348251627e+01
5.187066233555476202e+01
5.187172896862030314e+01
5.187201646566391133e+01
5.187233517169952535e+01
5.187294140656788954e+01
5.187336843411127774e+01
5.187434550523757792e+01
5.187493086258570685e+01
5.187519746621449457e+01
5.187605791091918661e+01
5.187706401745478502e+01
5.187730368375778056e+01
5.187813289960225660e+01
5.187833899656931891e+01
5.187897660732269145e+01
5.187973064184188843e+01
5.187997687657674106e+01
5.188035140037536763e+01
5.188120761315028062e+01
5.188169414202372565e+01
5.188258479833602621e+01
5.188287221193313314e+01
5.188390042384465772e+01
5.188421797355015741e+01
5.188480548858642294e+01
5.188495335578918599e+01
5.188540792067845331e+01
5.188608867327372565e+01
5.188694719473520678e+01
5.188799926837285170e+01
5.188810539642970099e+01
5.188833683331807123e+01
5.188884704907734857e+01
5.188945944706598823e+01
5.189026983579000074e+01
5.189058248202005785e+01
5.189100772937138828e+01
5.189150965213775635e+01
5.189219908714294149e+01
5.189302749633789347e+01
5.189385525782903130e+01
5.189407188892364786e+01
5.189437467654546055e+01
5.189503860076268182e+01
5.189554516871770318e+01
5.189609876076380601e+01
5.189661532640457153e+01
5.189714481035868232e+01
5.189837747414906488e+01
5.189855300982792841e+01
5.189895672400792392e+01
5.189986122051875128e+01
5.189991759459177700e+01
5.190091545979181831e+01
5.190125947793324457e+01
5.190193207263946817e+01
5.190247375965118692e+01
5.190294446945190288e+01
5.190406314929326470e+01
5.190445890426635600e+01
5.190499649445215624e+01
5.190505883693695210e+01
5.190617163578669135e+01
5.190640705823898315e+01
5.190680890878041254e+01
5.190734847784042216e+01
5.190799837112426474e+01
5.190892740885416856e+01
5.190941306352615214e+01
5.190972957213719496e+01
5.190999634663263862e+01
5.191045037110646376e+01
5.191154992183049188e+01
5.191178007523218696e+01
5.191213997999827257e+01
5.191293986638387281e+01
5.191365875800450880e+01
5.191433982451756890e+01
5.191463074286778578e+01
5.191490444342295518e+01
5.191554185152053691e+01
5.191684809923172139e+01
5.191713557243347310e+01
5.191746586163838373e+01
5.191773988405863349e+01
5.191823785702387539e+01
5.191870437860488607e+01
5.191972109079360820e+01
5.192007716099421089e+01
5.192045665184657111e+01
5.192096678018570088e+01
5.192146466970443441e+01
5.192253115574519029e+01
5.192320405642191616e+01
5.192333525816599860e+01
5.192390405734379755e+01
5.192493329842885430e+01
5.192510401407877652e+01
5.192573104302088183e+01
5.192607471942901753e+01
5.192693720658620293e+01
5.192759967645009311e+01
5.192768314282099595e+01
5.192847672700882100e+01
5.192882676919301588e+01
5.192954124609629218e+01
5.193047247330347460e+01
5.193058911164601454e+01
5.193130168120066514e+01
5.193181635141372965e+01
5.193226002454757406e+01
5.193300182819366739e+01
5.193347674210865961e+01
5.193401414155960083e+01
5.193485999504725470e+01
5.193580360809961860e+01
5.193600574731826924e+01
5.193624962965647285e+01
5.193666394948959208e+01
5.193758700291315478e+01
5.193818888664245748e+01
5.193888910214106147e+01
5.193903079430262437e+01
5.193937485615412442e+01
5.194001178741454794e+01
5.194093262751896845e+01
5.194124498764674058e+01
5.194167401393254835e+01
5.194202007452646797e+01
5.194257217645645142e+01
5.194367415110270514e+01
5.194425338904063238e+01
5.194448037544886176e+01
5.194506582419077745e+01
5.194554080565770704e+01
5.194684754610061361e+01
5.194698477586110386e+01
5.194712626934051514e+01
5.194773241281509257e+01
5.194812815984089838e+01
5.194888231754303121e+01
5.194931790033976426e+01
5.194988449017206733e+01
5.195036750634510980e+01
5.195145771503448628e+01
5.195184608697891093e+01
5.195213237206141343e+01
5.195281143585840766e+01
5.195354028940200664e+01
5.195425506830215312e+01
5.195504312912623135e+01
5.195542620023091729e+01
5.195596133073171075e+01
5.195719881057739542e+01
5.195732974608738886e+01
5.195774410168329638e+01
5.195821036100387857e+01
5.195889635880788404e+01
5.195961314439773560e+01
5.195981730222702311e+01
5.196040698687235704e+01
5.196127562125523980e+01
5.196219859123230123e+01
5.196230690876642910e+01
5.196312771240869921e+01
5.196379870573679938e+01
5.196404044628143026e+01
5.196498225529988702e+01
5.196528183619181362e+01
5.196564692656199469e+01
5.196606505711873325e+01
5.196687541802724297e+01
5.196769433418909756e+01
5.196822592020034648e+01
5.196857973734537950e+01
5.196913357575734693e+01
5.196942333777745660e+01
5.197026696205139018e+01
5.197053370873133105e+01
5.197124005158742222e+01
5.197190020879109795e+01
5.197303965489069810e+01
5.197310877641042026e+01
5.197322734594344951e+01
5.197403341929118170e+01
5.197440025409062514e+01
5.197495831648508613e+01
5.197566269636153891e+01
5.197614380518595567e+01
5.197667280435562276e+01
5.197752919197082377e+01
5.197821040550867622e+01
5.197833781639734951e+01
5.197903320789337300e+01
5.197971312602361138e+01
5.197985618909199701e+01
5.198080242474873813e+01
5.198116509119669360e+01
5.198147710561752177e+01
5.198213129043578817e+01
5.198270481030146328e+01
5.198359347979227607e+01
5.198385381698608398e+01
5.198453099727630899e+01
5.198496361176172798e+01
5.198543738524119107e+01
5.198615606228510444e+01
5.198653968969981065e+01
5.198740581274032735e+01
5.198761841853459487e+01
5.198910566965739122e+01
5.198957850535710890e+01
5.198992880582809306e+01
5.198999137481053623e+01
5.199037050803502069e+01
5.199158526261647495e+01
5.199206606547037524e+01
5.199221621354421075e+01
5.199273896217346191e+01
5.199330998261769565e+01
5.199414538542429653e+01
5.199446398019790649e+01
5.199499935706456455e+01
5.199579929113387777e+01
5.199613058567047119e+01
5.199707069794337144e+01
5.199728469848632528e+01
5.199765559037526685e+01
5.199832646846770956e+01
5.199890351295471191e+01
