5.000033294757206903e+01
5.000062484741211222e+01
5.000156007607778008e+01
5.000176195700963433e+01
5.000242656469345093e+01
5.000298903783162530e+01
5.000340579350789483e+01
5.000419154167175151e+01
5.000462895631790161e+01
5.000523057381312242e+01
5.000580408970515123e+01
5.000611595312754076e+01
5.000680284102757867e+01
5.000734879175821845e+01
5.000794732570648193e+01
5.000843898455301684e+01
5.000889732837676860e+01
5.000947893063227667e+01
5.001017419894536431e+01
5.001062424977620680e+01
5.001129101117452080e+01
5.001223054726918349e+01
5.001250979105631700e+01
5.001290536324183478e+01
5.001356173753738688e+01
5.001408047676086710e+01
5.001484899918238369e+01
5.001500318447748583e+01
5.001563246250152872e+01
5.001623210509617934e+01
5.001675401528676446e+01
5.001751406590143745e+01
5.001778696775436117e+01
5.001834275325139600e+01
5.001897180477778448e+01
5.001951350371042793e+01
5.002033220926920620e+01
5.002063690423965170e+01
5.002138222853342597e+01
5.002178448438644409e+01
5.002224223216374810e+01
5.002287605603535781e+01
5.002344431479772169e+01
5.002389520009358392e+01
5.002456924915313863e+01
5.002549449205398702e+01
5.002568296194076680e+01
5.002642997900645128e+01
5.002668678363163934e+01
5.002736114263534262e+01
5.002819872299830450e+01
5.002839239438375074e+01
5.002910301287968764e+01
5.002951487302780009e+01
5.003009234269460137e+01
5.003079490661620810e+01
5.003119486570358276e+01
5.003173126777013380e+01
5.003241928418477613e+01
5.003292981386184834e+01
5.003360866705576626e+01
5.003402355511983046e+01
5.003473819891611640e+01
5.003513222138087002e+01
5.003620872497558736e+01
5.003646138906479024e+01
5.003676714102427070e+01
5.003730663855870375e+01
5.003778351545334147e+01
5.003833354711532877e+01
5.003909624417622837e+01
5.003950672547022549e+01
5.004002956946690972e+01
5.004060550530751783e+01
5.004145224094391153e+01
5.004181091388066704e+01
5.004227110147476054e+01
5.004278352260589458e+01
5.004333775440851895e+01
5.004416091839472358e+01
5.004449595610300605e+01
5.004514249960581651e+01
5.004577715794245307e+01
5.004611247777938843e+01
5.004689819018046393e+01
5.004733977317810201e+01
5.004790418148040487e+01
5.004856241544087680e+01
5.004948534568151075e+01
5.004957683483759467e+01
5.005027555624644009e+01
5.005071698824564663e+01
5.005134025812149190e+01
5.005225921869278238e+01
5.005242326259612895e+01
5.005282000303268575e+01
5.005343740781147943e+01
5.005417243639627856e+01
5.005479571421940932e+01
5.005506673653920302e+01
5.005572461287180630e+01
5.005626222689946303e+01
5.005686223506927490e+01
5.005764836072921753e+01
5.005782432953516548e+01
5.005833918253581061e+01
5.005892077684402608e+01
5.005950596729914537e+01
5.006021632353464668e+01
5.006071204741795810e+01
5.006123065153757778e+01
5.006167223453521586e+01
5.006224601268768026e+01
5.006310243209203037e+01
5.006342894633610996e+01
5.006416184902191446e+01
5.006452660957972256e+01
5.006547561089197984e+01
5.006572368939717421e+01
5.006642434199650893e+01
5.006680990060170444e+01
5.006732198794682631e+01
5.006829721927643106e+01
5.006847821871439663e+01
5.006890929142634405e+01
5.006951433022816644e+01
5.007007846832275533e+01
5.007078861792881952e+01
5.007133877277374268e+01
5.007186383008956909e+01
5.007250545024871968e+01
5.007290196418762207e+01
5.007348628044128702e+01
5.007411140203475952e+01
5.007456983327865885e+01
5.007503577073415357e+01
5.007609485387801840e+01
5.007630700270335211e+01
5.007675762573877876e+01
5.007723033428192139e+01
5.007783565123875746e+01
5.007875242630640855e+01
5.007890981833140387e+01
5.007954896688461588e+01
5.008002781470616327e+01
5.008064895470936762e+01
5.008172789812088155e+01
5.008203216791152812e+01
5.008255508740742812e+01
5.008323650757471768e+01
5.008349451224009385e+01
5.008423192898432319e+01
5.008456540505091681e+01
5.008535505533218668e+01
5.008596539100010858e+01
5.008613672653834215e+01
5.008686387936274542e+01
5.008725383281707622e+01
5.008778654734293667e+01
5.008837983210881362e+01
5.008889862696329942e+01
5.008963816165923788e+01
5.009005329608917378e+01
5.009064843257268507e+01
5.009111737410227505e+01
5.009166675806045532e+01
5.009228638807932299e+01
5.009287384351094374e+01
5.009362140099207750e+01
5.009391721089681226e+01
5.009479827880859659e+01
5.009505146741867065e+01
5.009556522369384624e+01
5.009612340529759678e+01
5.009667358001073012e+01
5.009748147726058676e+01
5.009796266953150479e+01
5.009837315479914110e+01
5.009921272993087626e+01
5.009949805339177686e+01
5.010014755725860880e+01
5.010070444742838447e+01
5.010122925043106079e+01
5.010169269641240675e+01
5.010275632143020630e+01
5.010288566748301520e+01
5.010336242516835625e+01
5.010390433073043681e+01
5.010445212523142544e+01
5.010551248788833334e+01
5.010583864053090508e+01
5.010647107760111396e+01
5.010672949552535727e+01
5.010732256174087240e+01
5.010812257130940850e+01
5.010835890769958212e+01
5.010908342202504429e+01
5.010945203304290629e+01
5.011004150708516391e+01
5.011102701822916572e+01
5.011129781405131212e+01
5.011169983545939033e+01
5.011223105589548510e+01
5.011281725962956557e+01
5.011351188023885328e+01
5.011402078469594557e+01
5.011445435682932725e+01
5.011514153877894273e+01
5.011556675036748487e+01
5.011622469425201132e+01
5.011683630148569790e+01
5.011723908185958720e+01
5.011784530878067301e+01
5.011882514158885016e+01
5.011903603474299018e+01
5.011962469021479194e+01
5.012008972167969034e+01
5.012071031729380621e+01
5.012168118158976426e+01
5.012227676709493096e+01
5.012289335330327589e+01
5.012338503201802808e+01
5.012411388158798076e+01
5.012467208305994859e+01
5.012509506543477045e+01
5.012556171814600958e+01
5.012611596981684414e+01
5.012683058977127359e+01
5.012724268833796515e+01
5.012788491646448819e+01
5.012837851842244419e+01
5.012949105501174785e+01
5.012978259722391527e+01
5.013006566365559991e+01
5.013056160211563395e+01
5.013114922841389642e+01
5.013209078311920308e+01
5.013254152536391928e+01
5.013285059531529697e+01
5.013340090910593716e+01
5.013402168353398736e+01
5.013483027617136401e+01
5.013509484926859727e+01
5.013567844629287862e+01
5.013611770073573126e+01
5.013668064673741753e+01
5.013749288717905728e+01
5.013780066569646010e+01
5.013835488955179898e+01
5.013897385994593492e+01
5.013956967989603442e+01
5.014036590655644687e+01
5.014059853951136603e+01
5.014131183624267862e+01
5.014168866475423414e+01
5.014222996234893515e+01
5.014284863074620802e+01
5.014333833853403632e+01
5.014390322367350450e+01
5.014450071652730401e+01
5.014556107521057271e+01
5.014581208229064657e+01
5.014611740112304972e+01
5.014678405920664517e+01
5.014729019800822130e+01
5.014834053516388224e+01
5.014852605660756524e+01
5.014891300201416158e+01
5.014947368701299268e+01
5.015024623870849751e+01
5.015089749097823812e+01
5.015128209988276353e+01
5.015171335140863818e+01
5.015222967068354620e+01
5.015280053218205580e+01
5.015348173777262275e+01
5.015423195362090780e+01
5.015489408969879292e+01
5.015502338409423544e+01
5.015569004217783800e+01
5.015629620154698642e+01
5.015696057081222392e+01
5.015731285015741747e+01
5.015784378449122016e+01
5.015900228023529195e+01
5.015909399588903028e+01
5.015945245027542398e+01
5.016000439723332960e+01
5.016056269407272339e+01
5.016145010391871040e+01
5.016183940569559496e+01
5.016237322092056417e+01
5.016283550262451030e+01
5.016347927252451910e+01
5.016417070229848463e+01
5.016459989547729492e+01
5.016526247660318916e+01
5.016556477546691895e+01
5.016624767780304239e+01
5.016685593525568976e+01
5.016736665964126729e+01
5.016789185603459345e+01
5.016840641498565390e+01
5.016897897322972710e+01
5.016957866350809780e+01
5.017008241017659742e+01
5.017056024074554443e+01
5.017114158471425611e+01
5.017228308518727431e+01
5.017256039381027222e+01
5.017298303047815722e+01
5.017357458273569648e+01
5.017396437724431024e+01
5.017484126091003560e+01
5.017500342925389845e+01
5.017585144837697442e+01
5.017618403037388930e+01
5.017668702602386333e+01
5.017746918201446249e+01
5.017782660325368482e+01
5.017846198081970499e+01
5.017895580132802280e+01
5.017957460085550991e+01
5.018012446959813389e+01
5.018065737485885336e+01
5.018118067185083930e+01
5.018197174866994459e+01
5.018282020489375128e+01
5.018304086923599527e+01
5.018347700039545600e+01
5.018412617444992208e+01
5.018445342779159546e+01
5.018562850157420030e+01
5.018609700600305956e+01
5.018646505276362291e+01
5.018708885908127115e+01
5.018736373583475796e+01
5.018829925457636421e+01
5.018857821623484483e+01
5.018898504177729336e+01
5.018952250878016486e+01
5.019023879766464091e+01
5.019084038337071974e+01
5.019161998430887905e+01
5.019166789054870748e+01
5.019223231474558844e+01
5.019278660615285048e+01
5.019345110257466303e+01
5.019392816225687426e+01
5.019449908336003574e+01
5.019500515858332079e+01
5.019556797345479282e+01
5.019622190395990913e+01
5.019696130355199415e+01
5.019729712406794420e+01
5.019778845310211324e+01
5.019875116348266886e+01
5.019908841053644721e+01
5.019957164525985860e+01
5.020002381404241021e+01
5.020066308577855096e+01
5.020156111319860059e+01
5.020170339345931865e+01
5.020226951440175611e+01
5.020296934843063497e+01
5.020345065196354994e+01
5.020412811438242784e+01
5.020454907417297363e+01
5.020500720342000278e+01
5.020563805103302002e+01
5.020614071289698188e+01
5.020702989896138746e+01
5.020729454358419019e+01
5.020778609116872104e+01
5.020844016869862969e+01
5.020889630715052476e+01
5.020954648653665942e+01
5.021000717083612841e+01
5.021060703198114794e+01
5.021111924250920566e+01
5.021207538048426500e+01
5.021223396460215582e+01
5.021278588374455865e+01
5.021338171164195074e+01
5.021389652093251499e+01
5.021482961575190274e+01
5.021511283715565810e+01
5.021582943995793613e+01
5.021622740825016962e+01
5.021667742729187012e+01
5.021753150224685669e+01
5.021784603993098273e+01
5.021842526197433187e+01
5.021890005270640245e+01
5.021947095791498583e+01
5.022035009860992716e+01
5.022058524290720527e+01
5.022111916144688593e+01
5.022167322238286147e+01
5.022229587237040249e+01
5.022282931009928575e+01
5.022333736817041938e+01
5.022390664021174445e+01
5.022445406913757182e+01
5.022540855407714844e+01
5.022556867996851793e+01
5.022618336677551554e+01
5.022667913436889364e+01
5.022723108927409186e+01
5.022817073265711230e+01
5.022835617860157953e+01
5.022891253630320563e+01
5.022945401271184096e+01
5.023000597556431757e+01
5.023078494469324795e+01
5.023116739988326884e+01
5.023183097044626777e+01
5.023224236567815382e+01
5.023278702894846504e+01
5.023349057833353726e+01
5.023399759531021402e+01
5.023445370594660631e+01
5.023509968121846470e+01
5.023635379473368090e+01
5.023651928504308017e+01
5.023668746948241903e+01
5.023725988864898540e+01
5.023783486286799160e+01
5.023905992507934570e+01
5.023963886102040277e+01
5.024000832637150893e+01
5.024075421889622817e+01
5.024146001338958456e+01
5.024173568487167074e+01
5.024223052660624234e+01
5.024291232426961074e+01
5.024356179634730069e+01
5.024450336297353203e+01
5.024456045230229506e+01
5.024502213001251505e+01
5.024570966164271368e+01
5.024615966876347528e+01
5.024683676560719903e+01
5.024723466634750224e+01
5.024794710477193149e+01
5.024835125605265063e+01
5.024949071407318257e+01
5.024957262674967495e+01
5.025007478793462212e+01
5.025057274897893222e+01
5.025111805597941128e+01
5.025208875735600600e+01
5.025269513130187704e+01
5.025289707581202236e+01
5.025348689158757765e+01
5.025426783561706401e+01
5.025502616167068481e+01
5.025514892737070483e+01
5.025569490194320821e+01
5.025619245767593668e+01
5.025687210957209317e+01
5.025762016375859531e+01
5.025781805515289591e+01
5.025834512710571289e+01
5.025890332063038812e+01
5.025952045520146783e+01
5.026021432081858364e+01
5.026068226099014424e+01
5.026122589111328409e+01
5.026189447244008335e+01
5.026283820867538310e+01
5.026300073067347540e+01
5.026349447965621664e+01
5.026389653682709024e+01
5.026457427740096762e+01
5.026556118726730205e+01
5.026573611100514682e+01
5.026615058978398309e+01
5.026690438588460097e+01
5.026731570959091044e+01
5.026827968358993814e+01
5.026837795178095547e+01
5.026890470981597758e+01
5.026955680052439135e+01
5.027004625797271586e+01
5.027090261777242119e+01
5.027111759583155504e+01
5.027174658377965244e+01
5.027223164637883457e+01
5.027278774182001797e+01
5.027350851694743028e+01
5.027390071948369155e+01
5.027445602416992188e+01
5.027513364553451680e+01
5.027567940155665127e+01
5.027627125978469991e+01
5.027670025825500488e+01
5.027730683485666674e+01
5.027802700996399210e+01
5.027874436378478862e+01
5.027905190388361945e+01
5.027953366438547533e+01
5.028001043399174819e+01
5.028056468566258985e+01
5.028148320515950331e+01
5.028176696300506876e+01
5.028224125305811754e+01
5.028279186487198160e+01
5.028334614435831895e+01
5.028428969383239888e+01
5.028450404405593588e+01
5.028508323828379645e+01
5.028565903504689771e+01
5.028612067699432231e+01
5.028687979380289619e+01
5.028724151849746704e+01
5.028816845814387193e+01
5.028867694934208998e+01
5.028890195290247789e+01
5.028965484301249234e+01
5.029001446962356425e+01
5.029057099421819288e+01
5.029115246534347250e+01
5.029244751532872471e+01
5.029256455500920708e+01
5.029282482067743842e+01
5.029349749883015619e+01
5.029397467772165697e+01
5.029479143222172866e+01
5.029517016410827779e+01
5.029561698436737061e+01
5.029613283077875963e+01
5.029668017625808574e+01
5.029763114849726691e+01
5.029783071279526041e+01
5.029834539095561041e+01
5.029889955520629741e+01
5.029946055412292338e+01
5.030018080870310371e+01
5.030077012379964430e+01
5.030116807619730679e+01
5.030167658726374214e+01
5.030233891407648628e+01
5.030307235717773295e+01
5.030356168746948242e+01
5.030399541457494195e+01
5.030448045333226759e+01
5.030545402367909702e+01
5.030568047364553053e+01
5.030620334545771044e+01
5.030678661664327223e+01
5.030749489068985270e+01
5.030837844610213949e+01
5.030855193138122416e+01
5.030891309181848925e+01
5.030948634545008247e+01
5.031001156965891852e+01
5.031091353893280171e+01
5.031113390922546103e+01
5.031171375513076782e+01
5.031229689915974745e+01
5.031283019383748467e+01
5.031351114511490152e+01
5.031391360759734965e+01
5.031471962531407627e+01
5.031506350835164199e+01
5.031559873421986850e+01
5.031613772710164056e+01
5.031694476604461386e+01
5.031755098899205336e+01
5.031807562907536635e+01
5.031878004471460741e+01
5.031896725893020772e+01
5.031957162618637369e+01
5.032001350323358935e+01
5.032058186531067179e+01
5.032145505746205316e+01
5.032168409427006850e+01
5.032241112788518222e+01
5.032309854825337680e+01
5.032354227701822680e+01
5.032412955760955953e+01
5.032462582190831313e+01
5.032501109838485576e+01
5.032563999493916640e+01
5.032617283264796271e+01
5.032678811947504727e+01
5.032726221879322992e+01
5.032785052061080933e+01
5.032838809887568488e+01
5.032890044848124234e+01
5.032949202060699179e+01
5.033017936547597060e+01
5.033065247933070196e+01
5.033121292193730767e+01
5.033211277325948174e+01
5.033232532739638998e+01
5.033286596139272007e+01
5.033343147834141718e+01
5.033390440146128242e+01
5.033486893971760878e+01
5.033508578141530165e+01
5.033557288249333794e+01
5.033612262805302606e+01
5.033667507568995347e+01
5.033757090171177850e+01
5.033779580593109415e+01
5.033836255073547505e+01
5.033890207608541090e+01
5.033945618073145312e+01
5.034025038480758951e+01
5.034056666294733873e+01
5.034130416313806933e+01
5.034168346325556342e+01
5.034230408271153578e+01
5.034281265338261591e+01
5.034335818290710307e+01
5.034396884044011244e+01
5.034451034466425767e+01
5.034542277654011855e+01
5.034560423294703213e+01
5.034612302780151083e+01
5.034687780539194790e+01
5.034738099972407355e+01
5.034812905788421489e+01
5.034838729699452387e+01
5.034890809456507554e+01
5.034949581225713189e+01
5.035002269744872905e+01
5.035081528425216391e+01
5.035136007070541098e+01
5.035171047846476000e+01
5.035233340660730761e+01
5.035286208788554063e+01
5.035346048672993646e+01
5.035390174388885498e+01
5.035451232989628778e+01
5.035503708521525112e+01
5.035609349807103285e+01
5.035620361169178949e+01
5.035668707291285529e+01
5.035723698139190674e+01
5.035789523919423516e+01
5.035874551932017340e+01
5.035906400680541850e+01
5.035961840947469170e+01
5.036012793779373453e+01
5.036058217287063599e+01
5.036159081459045694e+01
5.036175775527954102e+01
5.036228417555491177e+01
5.036279534498850552e+01
5.036336007515589586e+01
5.036412456432978502e+01
5.036458483139674058e+01
5.036500959396362020e+01
5.036556998888651293e+01
5.036620950301487909e+01
5.036693871021270752e+01
5.036725317637125698e+01
5.036784692207972114e+01
5.036843238671620782e+01
5.036897196372350294e+01
5.036968441406885688e+01
5.037002394994100030e+01
5.037074155012766852e+01
5.037112398147583292e+01
5.037209889888763570e+01
5.037246817350387573e+01
5.037280295292536181e+01
5.037343646287918375e+01
5.037392592827479376e+01
5.037509684562682821e+01
5.037523010571797499e+01
5.037565500736236856e+01
5.037614068984985494e+01
5.037669661839802870e+01
5.037758836746215962e+01
5.037797159353892340e+01
5.037842576901118008e+01
5.037890277306238573e+01
5.037945258617401123e+01
5.038016762733459331e+01
5.038069235086440756e+01
5.038129429419835503e+01
5.038167982498804776e+01
5.038223388592402330e+01
5.038289636770884528e+01
5.038354431390762045e+01
5.038392952283223281e+01
5.038445682922998969e+01
5.038562744061152188e+01
5.038609863122304233e+01
5.038660894632339193e+01
5.038690929015477593e+01
5.038730807701746528e+01
5.038817327817280756e+01
5.038843217690785536e+01
5.038896704514821323e+01
5.038946281274159844e+01
5.039002738793691094e+01
5.039121910333633281e+01
5.039156088431676039e+01
5.039171705643335741e+01
5.039228773514430060e+01
5.039288978974024502e+01
5.039357543786366733e+01
5.039407587846120151e+01
5.039448352257410590e+01
5.039510647058487081e+01
5.039556890328724847e+01
5.039626660346984721e+01
5.039669198195139899e+01
5.039731892744700303e+01
5.039778975248336934e+01
5.039874989191691412e+01
5.039893324772516792e+01
5.039945861895878920e+01
5.040002691348393427e+01
5.040056464274724135e+01
5.040164361397425097e+01
5.040170199076334967e+01
5.040249795118968024e+01
5.040279585520426764e+01
5.040342691342036119e+01
5.040424974362055366e+01
5.040463716586430820e+01
5.040521653890609599e+01
5.040569581190744941e+01
5.040703919331232896e+01
5.040728631019592143e+01
5.040742268164952833e+01
5.040794348716735840e+01
5.040847691694895616e+01
5.040896632273992140e+01
5.040960182746251661e+01
5.041005228360494073e+01
5.041057511965433946e+01
5.041122680505116449e+01
5.041216262181600172e+01
5.041230768760045322e+01
5.041284544865290229e+01
5.041334743897120063e+01
5.041390155553817465e+01
5.041489286422729776e+01
5.041516161362330450e+01
5.041572672923405918e+01
5.041636815468470445e+01
5.041669119199116977e+01
5.041745342016220377e+01
5.041789551575978834e+01
5.041854122479756484e+01
5.041910982131958008e+01
5.041954126755396715e+01
5.042028032938639370e+01
5.042082205613453993e+01
5.042142834663390971e+01
5.042168857256571357e+01
5.042281240224838257e+01
5.042307585080464349e+01
5.042342661221822198e+01
5.042412831783294536e+01
5.042483033736547071e+01
5.042568883895874166e+01
5.042580517133077223e+01
5.042625318765639975e+01
5.042668457825978834e+01
5.042736175855000624e+01
5.042812817096709921e+01
5.042876362800598145e+01
5.042892882823944234e+01
5.042952999671300063e+01
5.043004256089528070e+01
5.043085294961929321e+01
5.043135942220688150e+01
5.043169457515080722e+01
5.043223845958709717e+01
5.043287154436111308e+01
5.043358044624328329e+01
5.043406054178873887e+01
5.043451946576436029e+01
5.043508614301681803e+01
5.043557360569636216e+01
5.043619650602340698e+01
5.043674081166584955e+01
5.043743809064229566e+01
5.043781310717265143e+01
5.043836101293563701e+01
5.043902758359909200e+01
5.043952542146046625e+01
5.044001105626423964e+01
5.044056697686513502e+01
5.044156908988952637e+01
5.044173196156819472e+01
5.044230021238327311e+01
5.044306495984395156e+01
5.044415901104608935e+01
5.044425068696340020e+01
5.044473359187443862e+01
5.044522800842921129e+01
5.044591613213221137e+01
5.044620962937673170e+01
5.044694971243540493e+01
5.044729657570520942e+01
5.044789877732594618e+01
5.044843962987263808e+01
5.044898581504821777e+01
5.044963386853535781e+01
5.045008426109949795e+01
5.045057344834010138e+01
5.045112528403600294e+01
5.045220057169596117e+01
5.045231025616327969e+01
5.045296276013056769e+01
5.045347537994384624e+01
5.045405849615733018e+01
5.045499799648920458e+01
5.045528982480367119e+01
5.045582923889160298e+01
5.045616048574447632e+01
5.045671643813451368e+01
5.045756681760152418e+01
5.045794831116994317e+01
5.045843377908070693e+01
5.045900984605153639e+01
5.045947512785593858e+01
5.046013352870941304e+01
5.046057079235712450e+01
5.046114796002705560e+01
5.046178520917892740e+01
5.046287320454915459e+01
5.046303720871607368e+01
5.046344991127649848e+01
5.046402464707692559e+01
5.046454383134842203e+01
5.046502767403920586e+01
5.046577191750208868e+01
5.046614013910293295e+01
5.046668313741683676e+01
5.046727494001388692e+01
5.046824084917704312e+01
5.046846429904302056e+01
5.046898453632990567e+01
5.046948742071787564e+01
5.047010724941889492e+01
5.047090786695480347e+01
5.047121077775955200e+01
5.047176615397135180e+01
5.047225144704182753e+01
5.047296395699183336e+01
5.047388700644174975e+01
5.047396999597549438e+01
5.047463694413502822e+01
5.047505567471186083e+01
5.047557023366292128e+01
5.047645581563313755e+01
5.047673694292704027e+01
5.047724913756052700e+01
5.047781600157419746e+01
5.047875584363937662e+01
5.047912247578302924e+01
5.047957856655121134e+01
5.048002748489379599e+01
5.048060552676518853e+01
5.048151594400405884e+01
5.048174307346344136e+01
5.048230725526809692e+01
5.048285123904545912e+01
5.048336159785588251e+01
5.048426584402719897e+01
5.048460539182027418e+01
5.048527206977208692e+01
5.048566584984461514e+01
5.048618446191152032e+01
5.048706839879353936e+01
5.048735942045847480e+01
5.048814909855524746e+01
5.048853101332982618e+01
5.048954293330510268e+01
5.048975743452707832e+01
5.049009451468785414e+01
5.049075527191162394e+01
5.049130918582280714e+01
5.049209457238514887e+01
5.049244827429453863e+01
5.049305928548177036e+01
5.049377828836441040e+01
5.049422170718511182e+01
5.049501348733902262e+01
5.049511109590530111e+01
5.049562993446986070e+01
5.049615908861160563e+01
5.049672557512919013e+01
5.049752147595087592e+01
5.049790105819702291e+01
5.049840059280395366e+01
5.049890712896982592e+01
5.049956098397572646e+01
5.050037160317103258e+01
5.050061781009038242e+01
5.050117346445719591e+01
5.050170689026514736e+01
5.050283567508061822e+01
5.050306286811828471e+01
5.050340671539306925e+01
5.050400826533635268e+01
5.050455446640650337e+01
5.050544443130493022e+01
5.050569217205047323e+01
5.050615657567978189e+01
5.050668581326802808e+01
5.050725079377492222e+01
5.050835121075312628e+01
5.050857210556666388e+01
5.050916663805643481e+01
5.050982331832249628e+01
5.051087466875711840e+01
5.051113087733586582e+01
5.051135464906692363e+01
5.051196252504984585e+01
5.051255849599838399e+01
5.051282203992207798e+01
5.051362729072570801e+01
5.051390860875447686e+01
5.051462312539418775e+01
5.051502320369084487e+01
5.051611054340998663e+01
5.051625630855560445e+01
5.051694891055424819e+01
5.051731050809224399e+01
5.051781020561853808e+01
5.051904215017954414e+01
5.051924504836400587e+01
5.051956850687663092e+01
5.052011245091755853e+01
5.052062114874522081e+01
5.052145832777023315e+01
5.052172053257624640e+01
5.052232900460560927e+01
5.052296021382014146e+01
5.052348112265269009e+01
5.052419359286626133e+01
5.052459352811177240e+01
5.052532515525818013e+01
5.052562075853347778e+01
5.052612475951512749e+01
5.052678312857945997e+01
5.052759466568628710e+01
5.052802669604619012e+01
5.052855183283487861e+01
5.052952113946278700e+01
5.052995986541112217e+01
5.053004585901896206e+01
5.053075998226801602e+01
5.053113916714985976e+01
5.053209340969721808e+01
5.053261827627817837e+01
5.053279804388682095e+01
5.053334941069284980e+01
5.053390780289967665e+01
5.053493694861730035e+01
5.053507657448450630e+01
5.053559067249297954e+01
5.053614490032195761e+01
5.053669915994008477e+01
5.053761820793151571e+01
5.053800521691640313e+01
5.053844763835271436e+01
5.053922630945841377e+01
5.053957234621047689e+01
5.054013587633768623e+01
5.054068276484807143e+01
5.054112826585769369e+01
5.054171843131383213e+01
5.054225705862045004e+01
5.054284471670786871e+01
5.054339661200841505e+01
5.054396170377731323e+01
5.054453808863957676e+01
5.054548870722452847e+01
5.054594910542170538e+01
5.054644074042638380e+01
5.054669406414031840e+01
5.054730731646220221e+01
5.054816627105076776e+01
5.054856148958206319e+01
5.054898865222931192e+01
5.054946555693944532e+01
5.055002179940541396e+01
5.055078847010930332e+01
5.055142802397410406e+01
5.055172805388768609e+01
5.055243631998698106e+01
5.055284259716669482e+01
5.055368839104970391e+01
5.055392205715179443e+01
5.055466775099436205e+01
5.055510537624358847e+01
5.055566804806391445e+01
5.055634860595067437e+01
5.055693120559056553e+01
5.055741852521896362e+01
5.055780743757883755e+01
5.055891312758127754e+01
5.055914685328801284e+01
5.055975286563237603e+01
5.056005692481994629e+01
5.056063603162765219e+01
5.056151652733485236e+01
5.056172966559727655e+01
5.056224436362584385e+01
5.056283177534739082e+01
5.056335972150166924e+01
5.056429839134216309e+01
5.056456312735875258e+01
5.056510258913040445e+01
5.056580456097920973e+01
5.056612733999887865e+01
5.056678755283355997e+01
5.056729409694671773e+01
5.056794441938400553e+01
5.056836533546447754e+01
5.056893162727355673e+01
5.056957049369812296e+01
5.057001478672027872e+01
5.057058782974878852e+01
5.057123356660206781e+01
5.057220449050267774e+01
5.057230422894159716e+01
5.057308554649353027e+01
5.057363816102346021e+01
5.057391922871271817e+01
5.057483967145284254e+01
5.057515439589818129e+01
5.057561574776967461e+01
5.057630211512248053e+01
5.057676451206206991e+01
5.057751433054605883e+01
5.057790008783340596e+01
5.057838516235351278e+01
5.057902492284775064e+01
5.057948921521504815e+01
5.058025819460551276e+01
5.058070182402928339e+01
5.058112864096959527e+01
5.058167865673701158e+01
5.058223730723063483e+01
5.058293111324310587e+01
5.058350397745768134e+01
5.058424350817998061e+01
5.058464099168777750e+01
5.058504537343979024e+01
5.058564754327138502e+01
5.058617256085077685e+01
5.058670585552851406e+01
5.058725841840108473e+01
5.058830374479293823e+01
5.058854068915049140e+01
5.058896039326985772e+01
5.058952300548553183e+01
5.059022322495778212e+01
5.059116218090057515e+01
5.059129747152328349e+01
5.059196412563323975e+01
5.059242787758509508e+01
5.059284923871358330e+01
5.059354533751805860e+01
5.059402855634689189e+01
5.059463906288146973e+01
5.059512223402659004e+01
5.059557848374048916e+01
5.059613073666890415e+01
5.059671173493067187e+01
5.059724923372268535e+01
5.059783893028895108e+01
5.059876170158386088e+01
5.059908467928568854e+01
5.059951804081598681e+01
5.060005341370900567e+01
5.060076597929000997e+01
5.060163675546645834e+01
5.060185165405273722e+01
5.060236830711365030e+01
5.060298086404800699e+01
5.060344948768615581e+01
5.060428305466970045e+01
5.060450949271520216e+01
5.060522799491882040e+01
5.060575302441915113e+01
5.060625125964482862e+01
5.060694293975829794e+01
5.060724903742472236e+01
5.060803631146748671e+01
5.060856136083602763e+01
5.060941282908121508e+01
5.060965084234873501e+01
5.061022790273030836e+01
5.061069663763046123e+01
5.061130285660426154e+01
5.061209247907002862e+01
5.061262779633204190e+01
5.061282946268717353e+01
5.061336304744084913e+01
5.061407156785329420e+01
5.061481532255808702e+01
5.061529622077942037e+01
5.061561298370361328e+01
5.061615055004755703e+01
5.061668806473414151e+01
5.061745458046595303e+01
5.061782782475153653e+01
5.061840731700261387e+01
5.061894204616546489e+01
5.061956104834874282e+01
5.062018393675486294e+01
5.062062976360321187e+01
5.062121709187825758e+01
5.062169889211654805e+01
5.062226965824763170e+01
5.062309429645538472e+01
5.062361544768015875e+01
5.062396572033564013e+01
5.062450876235961772e+01
5.062561494112014771e+01
5.062576692899067865e+01
5.062639229695002285e+01
5.062680458625157343e+01
5.062724191745122226e+01
5.062830830812454508e+01
5.062856957515080580e+01
5.062908970117568686e+01
5.062956051429112847e+01
5.063001685142516806e+01
5.063084799051284790e+01
5.063122549057006694e+01
5.063168553908666070e+01
5.063230428298314223e+01
5.063279590209324965e+01
5.063347929716110229e+01
5.063409813642501689e+01
5.063470440705616937e+01
5.063503955602645590e+01
5.063560413519541470e+01
5.063616540829340806e+01
5.063693440357844366e+01
5.063741848071416030e+01
5.063795614639918341e+01
5.063890048662821641e+01
5.063914049466450962e+01
5.063946442206700738e+01
5.064001856247583788e+01
5.064057680765787950e+01
5.064157265424728394e+01
5.064180448055267192e+01
5.064260808229446553e+01
5.064309138854344639e+01
5.064335805177688599e+01
5.064417237440745367e+01
5.064456225633621500e+01
5.064522670110066827e+01
5.064557249148686680e+01
5.064625593026479322e+01
5.064680778980255127e+01
5.064730767806371148e+01
5.064790349404017178e+01
5.064834956725438531e+01
5.064896411101023688e+01
5.064956810871760240e+01
5.065019094546635614e+01
5.065064952373504781e+01
5.065117021004358833e+01
5.065209525028864590e+01
5.065232101281483779e+01
5.065307234525680258e+01
5.065337234338124262e+01
5.065402246316273960e+01
5.065482727686563891e+01
5.065524728298187540e+01
5.065575745503107896e+01
5.065640126864115445e+01
5.065679905811945360e+01
5.065768263737360400e+01
5.065791443586349629e+01
5.065838245948155816e+01
5.065891803503036783e+01
5.065964087247848369e+01
5.066046378612518453e+01
5.066078294515610025e+01
5.066127833127975322e+01
5.066172846158345777e+01
5.066224083503087172e+01
5.066283822059631348e+01
5.066336143811543735e+01
5.066396754582722650e+01
5.066448644399643086e+01
5.066542229652404927e+01
5.066558766762415900e+01
5.066617800394693916e+01
5.066676138639449789e+01
5.066733595927556166e+01
5.066824665864308486e+01
5.066878430048624438e+01
5.066898691654205322e+01
5.066957156658172323e+01
5.067001529932021953e+01
5.067096743583679341e+01
5.067134485244751119e+01
5.067184043725331577e+01
5.067228331565856791e+01
5.067294261852899950e+01
5.067371583382288946e+01
5.067441949446995864e+01
5.067460791269937914e+01
5.067509066661198602e+01
5.067612744569778727e+01
5.067634855111440118e+01
5.067675891319910875e+01
5.067724421819050917e+01
5.067779854138692031e+01
5.067875862121582031e+01
5.067921732664107992e+01
5.067983179489771572e+01
5.068016096750895372e+01
5.068064444859822260e+01
5.068162749608357842e+01
5.068179088433583246e+01
5.068253833850224765e+01
5.068301733732223369e+01
5.068337535858154297e+01
5.068415042161941386e+01
5.068494164546330438e+01
5.068549403349558702e+01
5.068576494057973036e+01
5.068613906304041450e+01
5.068679129282633511e+01
5.068731297254562662e+01
5.068782963752746440e+01
5.068845439751942905e+01
5.068890831470489644e+01
5.068956898848215786e+01
5.069010021289189893e+01
5.069082910617192539e+01
5.069112756252288676e+01
5.069213823080063008e+01
5.069231114387512349e+01
5.069290063778559130e+01
5.069338531096776279e+01
5.069390625158946051e+01
5.069482054710388041e+01
5.069502897659937446e+01
5.069576028188069472e+01
5.069622472922007006e+01
5.069689135154088433e+01
5.069758166074753092e+01
5.069807578722635810e+01
5.069856106042861654e+01
5.069890588919322028e+01
5.069947934150695801e+01
5.070022659699122158e+01
5.070066003402074273e+01
5.070122683048248291e+01
5.070177255074182909e+01
5.070275729099909512e+01
5.070291913747787760e+01
5.070356402794519823e+01
5.070394742091496454e+01
5.070458733638127313e+01
5.070580763419469150e+01
5.070614565213521274e+01
5.070642023881276117e+01
5.070680377880731982e+01
5.070737034082412720e+01
5.070842287540435933e+01
5.070849967797597202e+01
5.070927073955535747e+01
5.070960564613342569e+01
5.071012652317683234e+01
5.071086574792862223e+01
5.071134112278620165e+01
5.071191973686218546e+01
5.071228644847870015e+01
5.071284470955530566e+01
5.071353453000386224e+01
5.071420114835103021e+01
5.071452418168385634e+01
5.071503436962763800e+01
5.071562625567118232e+01
5.071620010534922329e+01
5.071670331160227363e+01
5.071754502852757440e+01
5.071786611874897943e+01
5.071884481509526665e+01
5.071897817452748569e+01
5.071963041623433099e+01
5.072002406517664497e+01
5.072057600418726508e+01
5.072153436342875210e+01
5.072174849510192729e+01
5.072224744160970289e+01
5.072289243936538838e+01
5.072343017657598097e+01
5.072421363989511889e+01
5.072450302441914971e+01
5.072502812941868910e+01
5.072561553716659688e+01
5.072634327411651611e+01
5.072692407369613932e+01
5.072725903193155972e+01
5.072779868841170980e+01
5.072841051419575820e+01
5.072970106999079576e+01
5.072985914548237929e+01
5.073002345164616855e+01
5.073070641756057597e+01
5.073143813610077046e+01
5.073216345310211040e+01
5.073274140357970907e+01
5.073293914000193183e+01
5.073335288365682061e+01
5.073391089042027602e+01
5.073489442666371474e+01
5.073515356779098795e+01
5.073562984863917080e+01
5.073614424467086792e+01
5.073677130142847602e+01
5.073749856551488335e+01
5.073783772389094082e+01
5.073842142025629443e+01
5.073894823789596842e+01
5.073956284125645766e+01
5.074025258223215928e+01
5.074068581660588251e+01
5.074130249023437500e+01
5.074196277856826498e+01
5.074228384892145982e+01
5.074286718368530558e+01
5.074337105751037313e+01
5.074390863974888788e+01
5.074452521006266181e+01
5.074542984167734971e+01
5.074571293195088373e+01
5.074616066217422627e+01
5.074675860404968120e+01
5.074729185104369833e+01
5.074811270236968852e+01
5.074852947394052904e+01
5.074902644952138075e+01
5.074954013427098687e+01
5.075005011161168511e+01
5.075078977743784492e+01
5.075123957792917651e+01
5.075169387261072984e+01
5.075233971277872769e+01
5.075283546050389560e+01
5.075374175310135172e+01
5.075424568255742486e+01
5.075451068083444994e+01
5.075503954092661729e+01
5.075560405651728502e+01
5.075620417992274014e+01
5.075679413874944146e+01
5.075727342764536587e+01
5.075779769023259291e+01
5.075885632038116313e+01
5.075909571647643759e+01
5.075980601310730123e+01
5.076011583805084371e+01
5.076058947642643915e+01
5.076152470906575331e+01
5.076177713076273790e+01
5.076225212415059218e+01
5.076284972031911025e+01
5.076336841185887749e+01
5.076421420971552578e+01
5.076452457904815674e+01
5.076512668530146044e+01
5.076565955082575243e+01
5.076622859239578389e+01
5.076704153219858995e+01
5.076729744275410638e+01
5.076782853603363321e+01
5.076835977236429898e+01
5.076896620988846109e+01
5.076956865390141616e+01
5.077021617492039951e+01
5.077062639792760024e+01
5.077122018337249898e+01
5.077214110294978155e+01
5.077228264808654501e+01
5.077286247809728081e+01
5.077335552374521654e+01
5.077395563125610067e+01
5.077503674427668301e+01
5.077523475488026605e+01
5.077580936352411811e+01
5.077631389300028530e+01
5.077669922908147271e+01
5.077757213513056200e+01
5.077779905398686822e+01
5.077845934232075820e+01
5.077891590197881300e+01
5.077946802775065294e+01
5.078023701906204224e+01
5.078061384359995856e+01
5.078113888502120687e+01
5.078169280290603638e+01
5.078230307896932061e+01
5.078289481798807969e+01
5.078361218372980801e+01
5.078402170340220323e+01
5.078452764749526693e+01
5.078549672762552802e+01
5.078571669260660570e+01
5.078613204558690342e+01
5.078678635358810567e+01
5.078737210035323812e+01
5.078823379278183126e+01
5.078844850858052240e+01
5.078891120751698907e+01
5.078948206106822028e+01
5.079006146192550375e+01
5.079082788626352851e+01
5.079121758540471632e+01
5.079174546798070367e+01
5.079224687814712524e+01
5.079289441506067959e+01
5.079354685544967651e+01
5.079416097799936836e+01
5.079470800956089960e+01
5.079524429241816108e+01
5.079558236201604160e+01
5.079615065256754747e+01
5.079669470389683994e+01
5.079729633331298544e+01
5.079784229199091783e+01
5.079880897204080981e+01
5.079907551606495986e+01
5.079948008060455322e+01
5.080008157491683818e+01
5.080068375666936475e+01
5.080149828592936245e+01
5.080174411137898716e+01
5.080235862334568964e+01
5.080297527710596484e+01
5.080347136259079122e+01
5.080422106186549058e+01
5.080449441671371602e+01
5.080502357085546095e+01
5.080557928085327291e+01
5.080675835212071689e+01
5.080706631739933954e+01
5.080730775197346816e+01
5.080822913249333794e+01
5.080855193535487047e+01
5.080899817546208652e+01
5.080964622100194106e+01
5.081003121932347710e+01
5.081088326374689501e+01
5.081122728983561387e+01
5.081219168901443339e+01
5.081280448039372999e+01
5.081315486828486172e+01
5.081338593165079942e+01
5.081404992341995097e+01
5.081488946676254415e+01
5.081507411797841200e+01
5.081577272017796787e+01
5.081659351587295248e+01
5.081684569120407247e+01
5.081765202681223315e+01
5.081806656519572130e+01
5.081856968402862407e+01
5.081902204354604180e+01
5.081947502295176378e+01
5.082014965216318814e+01
5.082070797681808472e+01
5.082113716204960951e+01
5.082169137001037740e+01
5.082225298086802212e+01
5.082299181222915507e+01
5.082358499368032057e+01
5.082431829373042120e+01
5.082456185022989814e+01
5.082551199595133795e+01
5.082565383911132528e+01
5.082624133825301982e+01
5.082669316132863457e+01
5.082728695472081171e+01
5.082814943790435791e+01
5.082843038241068712e+01
5.082900561491648261e+01
5.082959850231806342e+01
5.083002858559290615e+01
5.083081371386845859e+01
5.083131390810012817e+01
5.083184102376301894e+01
5.083224510749180780e+01
5.083289095163345195e+01
5.083348237276076986e+01
5.083408648570378574e+01
5.083462808529535693e+01
5.083503932158152594e+01
5.083563415606816704e+01
5.083630514542262091e+01
5.083676410118739142e+01
5.083729751110077189e+01
5.083780112266540385e+01
5.083876583576202535e+01
5.083898209730784146e+01
5.083948509295781548e+01
5.084023644129435127e+01
5.084065506458282613e+01
5.084159884055455336e+01
5.084188246726989746e+01
5.084249456326166694e+01
5.084287757476170810e+01
5.084337408939997260e+01
5.084414283037185811e+01
5.084454453388850226e+01
5.084532153209050165e+01
5.084565511941909932e+01
5.084613417784373013e+01
5.084698818127314013e+01
5.084725132385889879e+01
5.084781334002812514e+01
5.084838050603866577e+01
5.084896121819814141e+01
5.084963847398758219e+01
5.085017148653665942e+01
5.085070690313975206e+01
5.085123183329900343e+01
5.085218811829884800e+01
5.085229433377583774e+01
5.085280263026555048e+01
5.085351299444834439e+01
5.085391093492508219e+01
5.085477956136067945e+01
5.085513821045557847e+01
5.085563379526138306e+01
5.085613795121511060e+01
5.085669206380843832e+01
5.085760684808095533e+01
5.085783767302830682e+01
5.085866234699884814e+01
5.085896916389465616e+01
5.085948101282119893e+01
5.086030661662419305e+01
5.086094451745351108e+01
5.086124691963195943e+01
5.086178576946258545e+01
5.086226318279901903e+01
5.086292487382888794e+01
5.086365008751551642e+01
5.086397523085276617e+01
5.086448592344920172e+01
5.086546109120050829e+01
5.086562311649322510e+01
5.086614780823389736e+01
5.086676685412724908e+01
5.086724806229273810e+01
5.086822486321131720e+01
5.086841059923172281e+01
5.086894180377324659e+01
5.086956252257029121e+01
5.087009382645289435e+01
5.087082712252934869e+01
5.087116857767104960e+01
5.087180223862330308e+01
5.087224767208099507e+01
5.087279973030090474e+01
5.087359142303466797e+01
5.087418245871861444e+01
5.087470781405766473e+01
5.087513255675633417e+01
5.087619502941767280e+01
5.087676643133163168e+01
5.087729354699452955e+01
5.087786824703216837e+01
5.087894762754440592e+01
5.087907687028248915e+01
5.087962458531061571e+01
5.088010569413503248e+01
5.088059127728144659e+01
5.088166018724441386e+01
5.088200784921646402e+01
5.088246172269185053e+01
5.088305576244989936e+01
5.088347868919372274e+01
5.088436199426651285e+01
5.088454730113347324e+01
5.088509524265925421e+01
5.088571401039759223e+01
5.088618690172831549e+01
5.088686188459396220e+01
5.088734699090321811e+01
5.088809514443079962e+01
5.088853691816329672e+01
5.088893020947774204e+01
5.088958500623702719e+01
5.089017633199691915e+01
5.089064263105392172e+01
5.089124264319737989e+01
5.089212061166763590e+01
5.089247448444366739e+01
5.089300525188446045e+01
5.089343117872873989e+01
5.089400210777918687e+01
5.089509705305099629e+01
5.089560887018839708e+01
5.089568866093953403e+01
5.089632836977640551e+01
5.089681997299194194e+01
5.089755089680353706e+01
5.089790731271107660e+01
5.089837602376938008e+01
5.089897460142771735e+01
5.089950979948044107e+01
5.090011559327443535e+01
5.090058031876881728e+01
5.090117812554041876e+01
5.090169481039047383e+01
5.090224675734837945e+01
5.090302806297938076e+01
5.090344122648239278e+01
5.090405501127243326e+01
5.090446947415669854e+01
5.090543202161789083e+01
5.090574509302775397e+01
5.090618099371592109e+01
5.090668822129567417e+01
5.090736666520436415e+01
5.090817986726760580e+01
5.090842551390330328e+01
5.090910477240880283e+01
5.090969422260920396e+01
5.091008418003718106e+01
5.091085281769434800e+01
5.091129472653071275e+01
5.091200706164042344e+01
5.091225241422652914e+01
5.091296077569325718e+01
5.091375278631846157e+01
5.091403771638870523e+01
5.091477341254552158e+01
5.091522821585337510e+01
5.091568216880162367e+01
5.091622140804926744e+01
5.091671285629272603e+01
5.091739451090494839e+01
5.091789819002151773e+01
5.091895670096079840e+01
5.091923357645670478e+01
5.091951646010080879e+01
5.092002568642298144e+01
5.092069160143534390e+01
5.092162934144337783e+01
5.092189618349075175e+01
5.092228165467579970e+01
5.092289333343505575e+01
5.092346901098887457e+01
5.092424600521723477e+01
5.092452964385350356e+01
5.092515645027160787e+01
5.092566470305124682e+01
5.092616077264150221e+01
5.092693350315094136e+01
5.092730437517165853e+01
5.092784783045451036e+01
5.092845030625661451e+01
5.092948578596114828e+01
5.092964291175206171e+01
5.093050404787063457e+01
5.093066264390945719e+01
5.093130013147990098e+01
5.093219766616821431e+01
5.093228125572204590e+01
5.093289559284846035e+01
5.093357266982396681e+01
5.093394769032796177e+01
5.093486416339874268e+01
5.093527476787566854e+01
5.093574970563252435e+01
5.093623187541961528e+01
5.093673138221105035e+01
5.093753559986750190e+01
5.093780792554219516e+01
5.093849650224049697e+01
5.093903603951136461e+01
5.093957084814707770e+01
5.094040082693099691e+01
5.094060805241267076e+01
5.094137670993804790e+01
5.094187458356221754e+01
5.094284445444743170e+01
5.094317212899525771e+01
5.094350356658299717e+01
5.094391625324885098e+01
5.094452662865320747e+01
5.094561849435170586e+01
5.094578522443771362e+01
5.094618518749872749e+01
5.094669302701949931e+01
5.094724703232447638e+01
5.094840112924575948e+01
5.094852834145228115e+01
5.094894736607869135e+01
5.094950958887736192e+01
5.095003054936726983e+01
5.095087620417277208e+01
5.095131157636642172e+01
5.095178267558415541e+01
5.095225724776585707e+01
5.095349750121434340e+01
5.095374143520991339e+01
5.095400416851043701e+01
5.095460541645685737e+01
5.095512033303578647e+01
5.095558694601059102e+01
5.095631560484568467e+01
5.095670702060063917e+01
5.095725773970286099e+01
5.095813483794530185e+01
5.095884136756261285e+01
5.095928419431050571e+01
5.095960957209269537e+01
5.096023225386937128e+01
5.096080938577652120e+01
5.096164847612381266e+01
5.096177799304326328e+01
5.096225892305373861e+01
5.096286984284719068e+01
5.096337803204854566e+01
5.096412990887959893e+01
5.096460848649342523e+01
5.096510918537775581e+01
5.096577354272206861e+01
5.096630680958430304e+01
5.096738745768865186e+01
5.096757067441940592e+01
5.096802772283554361e+01
5.096856517791748331e+01
5.096962542533874796e+01
5.096990046898523730e+01
5.097018006245295396e+01
5.097058368523915561e+01
5.097113786538442071e+01
5.097229442199071059e+01
5.097265955209731914e+01
5.097300979693730483e+01
5.097345273494720175e+01
5.097393344640731527e+01
5.097484167814254619e+01
5.097519423961639262e+01
5.097597950299580560e+01
5.097628237803777296e+01
5.097670085827509467e+01
5.097757956584294448e+01
5.097797549565633091e+01
5.097849617799123223e+01
5.097909605900446905e+01
5.097964395682016914e+01
5.098016272385915215e+01
5.098069382905960367e+01
5.098115201393763130e+01
5.098178980747858446e+01
5.098229372104008661e+01
5.098297090530395792e+01
5.098337090015411377e+01
5.098391450643539713e+01
5.098458522955576910e+01
5.098547327518463135e+01
5.098577336072921895e+01
5.098618311882019327e+01
5.098672678470611430e+01
5.098732684850692465e+01
5.098817489941914971e+01
5.098835587501525879e+01
5.098912128210067607e+01
5.098963945706685053e+01
5.099016238451004313e+01
5.099079777797063429e+01
5.099115131298700732e+01
5.099169360001882012e+01
5.099234740734100058e+01
5.099280637105305658e+01
5.099378443956375406e+01
5.099408956368764478e+01
5.099489321311315138e+01
5.099513556162516181e+01
5.099565280278523716e+01
5.099626932144165181e+01
5.099685218334197856e+01
5.099741223255793443e+01
5.099784737825393677e+01
5.099878123601277480e+01
5.099922444423039991e+01
5.099967457056045816e+01
5.100029531717300557e+01
5.100061613718668951e+01
5.100154535373052056e+01
5.100171335140863960e+01
5.100234504938125468e+01
5.100299473603566724e+01
5.100349735021590902e+01
5.100422659715016493e+01
5.100449565251668105e+01
5.100514518817265497e+01
5.100567033688227525e+01
5.100629500548044604e+01
5.100692089001337592e+01
5.100759113629658970e+01
5.100782355070113994e+01
5.100845141013463291e+01
5.100896368821462090e+01
5.100948867003123155e+01
5.101004722515742174e+01
5.101070327361424717e+01
5.101120807329813545e+01
5.101209677855173652e+01
5.101242633263269965e+01
5.101314286788304742e+01
5.101338060696919996e+01
5.101392394701640143e+01
5.101478850841522217e+01
5.101511795918146674e+01
5.101582808494568155e+01
5.101616748174031812e+01
5.101671357552210395e+01
5.101770721673965170e+01
5.101796549956004156e+01
5.101849260330200053e+01
5.101899031003316054e+01
5.101947406133015761e+01
5.102015948295593262e+01
5.102064434687296313e+01
5.102154461940129693e+01
5.102200088103612075e+01
5.102284037272135464e+01
5.102295092344284200e+01
5.102356106440226569e+01
5.102404037316640029e+01
5.102449473539988389e+01
5.102553921937942505e+01
5.102569899161656508e+01
5.102648605902989942e+01
5.102696938117345127e+01
5.102738866011301866e+01
5.102811715602874898e+01
5.102839797735214233e+01
5.102912757794062060e+01
5.102951304515202935e+01
5.103007148901621548e+01
5.103101493517557685e+01
5.103113776445388794e+01
5.103176714976628858e+01
5.103263187805811896e+01
5.103291952212651239e+01
5.103370029926300333e+01
5.103401719729105679e+01
5.103455218474070421e+01
5.103510054747263780e+01
5.103558155695597520e+01
5.103630076646804525e+01
5.103696291446685507e+01
5.103733567794164117e+01
5.103782127300897997e+01
5.103882738749186387e+01
5.103919835885366041e+01
5.103947908083598151e+01
5.104019182125727383e+01
5.104062732855479112e+01
5.104174421230951708e+01
5.104189612468083936e+01
5.104236917098363335e+01
5.104284572601318359e+01
5.104346689780552992e+01
5.104414391517639160e+01
5.104457509120305048e+01
5.104528558651606573e+01
5.104563806851705010e+01
5.104627085129420294e+01
5.104692043066025064e+01
5.104750389258067145e+01
5.104785585403442383e+01
5.104882692098617269e+01
5.104960201978683187e+01
5.104976862668991089e+01
5.105010816653569350e+01
5.105063513517379903e+01
5.105138736963272095e+01
5.105211516221364576e+01
5.105251474380493448e+01
5.105290069580077983e+01
5.105349596738815166e+01
5.105398552815119473e+01
5.105484809478124220e+01
5.105505289236704414e+01
5.105559028784433906e+01
5.105630216598510884e+01
5.105670182307561333e+01
5.105745642979939447e+01
5.105781470139821465e+01
5.105836257934570455e+01
5.105892290671666700e+01
5.105961603720982822e+01
5.106054117282231886e+01
5.106083776156107490e+01
5.106149730682373189e+01
5.106176672379175585e+01
5.106288197040557719e+01
5.106295371452967657e+01
5.106382861932118544e+01
5.106421598990758071e+01
5.106475139061610236e+01
5.106549781958262457e+01
5.106563736597696845e+01
5.106614946921666132e+01
5.106677636305491319e+01
5.106725604136784824e+01
5.106832642157872471e+01
5.106846609512965074e+01
5.106897874275843208e+01
5.106975765228271769e+01
5.107025740146637105e+01
5.107083300352096700e+01
5.107115811506907477e+01
5.107171196540196689e+01
5.107240079641341879e+01
5.107283535798390517e+01
5.107352175712585307e+01
5.107401999235153056e+01
5.107460777362187798e+01
5.107503311236699517e+01
5.107564471165338915e+01
5.107623021999994961e+01
5.107670521338780389e+01
5.107739314238230577e+01
5.107783053716023858e+01
5.107883001565933512e+01
5.107922795216242662e+01
5.107947178681691724e+01
5.108009663025538316e+01
5.108058408896128100e+01
5.108151517311731737e+01
5.108170080582301154e+01
5.108232984542846822e+01
5.108283212184905864e+01
5.108341311216354086e+01
5.108416103919346796e+01
5.108462777137756206e+01
5.108516233364741055e+01
5.108584011793136881e+01
5.108683808644612867e+01
5.108728827238083170e+01
5.108756760358810567e+01
5.108783864180247036e+01
5.108836508989334391e+01
5.108895846605300761e+01
5.108959649801253988e+01
5.109036719004313198e+01
5.109058673381805704e+01
5.109116515318552842e+01
5.109214220444361132e+01
5.109236903587976997e+01
5.109286384185155327e+01
5.109355455636978149e+01
5.109405078887939311e+01
5.109480570157369073e+01
5.109525228341420444e+01
5.109587481816609511e+01
5.109627966086069506e+01
5.109696275790532383e+01
5.109755447705586562e+01
5.109808154900868971e+01
5.109843980073928549e+01
5.109909605582554804e+01
5.109957934220631870e+01
5.110034849246343214e+01
5.110079400539397909e+01
5.110113997459411905e+01
5.110178543726603095e+01
5.110282925367355489e+01
5.110296489397684638e+01
5.110343117713928507e+01
5.110407724380493022e+01
5.110476037263870097e+01
5.110503789981206069e+01
5.110582321087519375e+01
5.110650031566619589e+01
5.110699362357457431e+01
5.110736032724380351e+01
5.110831386645634922e+01
5.110871042807897169e+01
5.110895201762517104e+01
5.110971482594808180e+01
5.111026042302449213e+01
5.111084612210591871e+01
5.111138157049814623e+01
5.111169765790303643e+01
5.111227508783340312e+01
5.111294966936111450e+01
5.111352055072784140e+01
5.111405442158380907e+01
5.111448742945989210e+01
5.111503506501515659e+01
5.111558708747227797e+01
5.111622682412465224e+01
5.111675165891647055e+01
5.111725426514943393e+01
5.111789164940515917e+01
5.111894392569859491e+01
5.111943911314010336e+01
5.111982865333557413e+01
5.112005994717279833e+01
5.112064534028370844e+01
5.112157642841339111e+01
5.112170178095500006e+01
5.112227170864741055e+01
5.112280974785486620e+01
5.112342395385106641e+01
5.112427196502685689e+01
5.112457245985667242e+01
5.112503297726313178e+01
5.112564094861348707e+01
5.112616967757542596e+01
5.112683909734089838e+01
5.112727203369140483e+01
5.112790634234746534e+01
5.112849792242050029e+01
5.112892832756042338e+01
5.112953444321950514e+01
5.113010135491688857e+01
5.113059485753377231e+01
5.113117419083913262e+01
5.113214908838271811e+01
5.113238518635431973e+01
5.113283031781514154e+01
5.113353632688522055e+01
5.113401838938395372e+01
5.113500929276148810e+01
5.113516118129094679e+01
5.113580092986424575e+01
5.113629499673843526e+01
5.113673673470815118e+01
5.113750384648641045e+01
5.113789932330449517e+01
5.113845292727152270e+01
5.113902208407719741e+01
5.113948257366816108e+01
5.114027189413706509e+01
5.114062988758087158e+01
5.114116949240366949e+01
5.114172206719716485e+01
5.114295550187429029e+01
5.114316323598225722e+01
5.114354650974273397e+01
5.114407487312952583e+01
5.114476530154546197e+01
5.114544230699539185e+01
5.114569409290949409e+01
5.114624649683634772e+01
5.114676107962926466e+01
5.114735692739486694e+01
5.114827390114466255e+01
5.114862761894861620e+01
5.114916305541991903e+01
5.114969628651936517e+01
5.115016715923945156e+01
5.115097111860911383e+01
5.115123580694198324e+01
5.115190658171971450e+01
5.115229417085647867e+01
5.115283981959024828e+01
5.115346915324528965e+01
5.115392573277155464e+01
5.115447991689045892e+01
5.115504033168156894e+01
5.115559020042419291e+01
5.115622191429137899e+01
5.115678778489430556e+01
5.115729637145996378e+01
5.115799858967463365e+01
5.115895827213923042e+01
5.115925844510396558e+01
5.115949424505233623e+01
5.116003134648005357e+01
5.116074178218841695e+01
5.116148966153462396e+01
5.116169787247975620e+01
5.116226565837860107e+01
5.116291862726211548e+01
5.116361895799636983e+01
5.116420434315999444e+01
5.116468327442805020e+01
5.116523302396138462e+01
5.116559584538141792e+01
5.116615814765294346e+01
5.116691022713978754e+01
5.116727083524067865e+01
5.116791038513183310e+01
5.116839569807052612e+01
5.116894577741622641e+01
5.116956237554550313e+01
5.117027655839920186e+01
5.117083508173625006e+01
5.117123929262161397e+01
5.117222685813904093e+01
5.117255389293034540e+01
5.117306003570556783e+01
5.117344976663589762e+01
5.117394549051920905e+01
5.117490767637888638e+01
5.117517615159352573e+01
5.117561208407084195e+01
5.117614718278249342e+01
5.117669939994812012e+01
5.117756040096283243e+01
5.117802662054698004e+01
5.117861413160959927e+01
5.117893100976944254e+01
5.117952435413996426e+01
5.118017455736796251e+01
5.118070360819498887e+01
5.118120454947153775e+01
5.118169502814610894e+01
5.118293277819951470e+01
5.118311172723770142e+01
5.118357634941737189e+01
5.118394112984339728e+01
5.118450541098912510e+01
5.118570120731989448e+01
5.118601633707682197e+01
5.118622211615244311e+01
5.118670146862665860e+01
5.118736358483632642e+01
5.118820766210556172e+01
5.118843032519022529e+01
5.118894706169763964e+01
5.118947164614995415e+01
5.119004082679748535e+01
5.119096140066782397e+01
5.119128641287485948e+01
5.119174913962682183e+01
5.119225508769353183e+01
5.119286121129989908e+01
5.119369514783223707e+01
5.119428441921869677e+01
5.119472854932148920e+01
5.119510596990585327e+01
5.119559034109115458e+01
5.119635932048161919e+01
5.119678138097127373e+01
5.119730101029077929e+01
5.119785010814666748e+01
5.119876377185185845e+01
5.119908208847046183e+01
5.119969448645909438e+01
5.120003832578659342e+01
5.120081326166788926e+01
5.120146368344624932e+01
5.120171966950098863e+01
5.120226554473241265e+01
5.120281566778818672e+01
5.120337363084157545e+01
5.120429648160934732e+01
5.120448056459427022e+01
5.120506767431894701e+01
5.120559647480646959e+01
5.120618814229965210e+01
5.120686698357264532e+01
5.120742559830348029e+01
5.120788539250691684e+01
5.120851089159647529e+01
5.120942192077636435e+01
5.120964349110921177e+01
5.121004834969838271e+01
5.121059433619181078e+01
5.121133586168289042e+01
5.121234413782755723e+01
5.121253786484400194e+01
5.121306284666061259e+01
5.121341662406921103e+01
5.121396476825078281e+01
5.121481691201528008e+01
5.121508987744649488e+01
5.121559873421986708e+01
5.121617718537648756e+01
5.121670009295145576e+01
5.121757088502248223e+01
5.121789387464523458e+01
5.121844786802927985e+01
5.121897495985031412e+01
5.121949636538823114e+01
5.122024238109588623e+01
5.122069094181060933e+01
5.122116520404815532e+01
5.122189460198084276e+01
5.122280206282933790e+01
5.122296496232350904e+01
5.122345687150955484e+01
5.122392918666204054e+01
5.122447917858759325e+01
5.122569567759831699e+01
5.122594573497772075e+01
5.122624799807866225e+01
5.122672344843546455e+01
5.122728936672210409e+01
5.122811615069706903e+01
5.122846438487371046e+01
5.122892032066980761e+01
5.122949597438176284e+01
5.123009554545084399e+01
5.123089545170466153e+01
5.123172870874405049e+01
5.123187522888183310e+01
5.123230015039443686e+01
5.123302473624547559e+01
5.123361292282740465e+01
5.123391879002253546e+01
5.123448117971420146e+01
5.123502856890360846e+01
5.123566393057505053e+01
5.123632653554280836e+01
5.123692641655603808e+01
5.123730384111404135e+01
5.123803316354751303e+01
5.123914573987325127e+01
5.123930803934732836e+01
5.123965750137964648e+01
5.124004861513773790e+01
5.124069497187932143e+01
5.124156602223714430e+01
5.124173910617828653e+01
5.124242422978083056e+01
5.124281174341837897e+01
5.124337794780731059e+01
5.124430332978566582e+01
5.124474188486735216e+01
5.124523873726526801e+01
5.124572388331095141e+01
5.124630745251973707e+01
5.124694326321284166e+01
5.124756381511688375e+01
5.124782493114471293e+01
5.124836770296096944e+01
5.124894898732502924e+01
5.124969693819681993e+01
5.125021572510401313e+01
5.125075515906016221e+01
5.125114725828170492e+01
5.125218439102172852e+01
5.125267814795176236e+01
5.125291137695312216e+01
5.125342797040939047e+01
5.125400096178054810e+01
5.125483429034550653e+01
5.125505088567733480e+01
5.125558813412984449e+01
5.125614262024561896e+01
5.125678617556889805e+01
5.125770097573597894e+01
5.125811576048533169e+01
5.125837223529815390e+01
5.125903590520223219e+01
5.125947400331497050e+01
5.126011754274368570e+01
5.126059035857518609e+01
5.126114612817764282e+01
5.126170273224512641e+01
5.126232973734537524e+01
5.126288804213206163e+01
5.126369029283523560e+01
5.126413811842600410e+01
5.126450062990188883e+01
5.126549632549286173e+01
5.126569639841715542e+01
5.126627797285716071e+01
5.126680396397908623e+01
5.126725677649179858e+01
5.126833375692367412e+01
5.126879658699035502e+01
5.126917233069737989e+01
5.126959141492843486e+01
5.127011329332987799e+01
5.127096953789393297e+01
5.127123576402664185e+01
5.127170907258987143e+01
5.127226318120956705e+01
5.127297947406768941e+01
5.127362669706344889e+01
5.127429604927699103e+01
5.127447932163874356e+01
5.127511276404062812e+01
5.127564039230346538e+01
5.127637353340784898e+01
5.127689465681712022e+01
5.127729589939117716e+01
5.127787128289540419e+01
5.127882448832193774e+01
5.127942323684692383e+01
5.127957284450531006e+01
5.128015213012695028e+01
5.128060416777928765e+01
5.128157074054082187e+01
5.128202076752980787e+01
5.128237684170404975e+01
5.128282469113667474e+01
5.128343715270360548e+01
5.128413546880086216e+01
5.128462668657302714e+01
5.128503545920054307e+01
5.128559374411900507e+01
5.128625829617182319e+01
5.128692253033320014e+01
5.128744173049926758e+01
5.128782537778218398e+01
5.128844770193099833e+01
5.128892692724863878e+01
5.128957893053690498e+01
5.129016222953796245e+01
5.129076515436172201e+01
5.129120821158091559e+01
5.129214192628860758e+01
5.129249313275019517e+01
5.129281000693639214e+01
5.129357878764470513e+01
5.129413690964381090e+01
5.129481851657231317e+01
5.129520796537399008e+01
5.129569319089253554e+01
5.129616574048996114e+01
5.129672867059707642e+01
5.129754552046458116e+01
5.129783906936645366e+01
5.129837646087010938e+01
5.129892421960830973e+01
5.129952853123347012e+01
5.130043927828470629e+01
5.130094710985819262e+01
5.130125091473261278e+01
5.130183457930882440e+01
5.130289498567581319e+01
5.130308075745900709e+01
5.130337000687917026e+01
5.130419497489928915e+01
5.130456177790959771e+01
5.130543857812881470e+01
5.130564257701237807e+01
5.130627184708912836e+01
5.130695950190226284e+01
5.130725330909093174e+01
5.130828451315561978e+01
5.130837613741557135e+01
5.130919348796208368e+01
5.130972800652185839e+01
5.131031774679819790e+01
5.131104878981908257e+01
5.131133787234624322e+01
5.131174820661544800e+01
5.131255947351455404e+01
5.131282747983932779e+01
5.131355436245600288e+01
5.131397306919097900e+01
5.131449382702509610e+01
5.131505021651585707e+01
5.131560421784718784e+01
5.131621280511220107e+01
5.131677294572194370e+01
5.131737294197082377e+01
5.131782709360122396e+01
5.131883440017700337e+01
5.131894782781601094e+01
5.131951526006062636e+01
5.132022813161214003e+01
5.132061996459960795e+01
5.132150695323944234e+01
5.132193540334701254e+01
5.132256099383036485e+01
5.132321570316950243e+01
5.132358869314193583e+01
5.132430257797241069e+01
5.132453183730443413e+01
5.132516915798187540e+01
5.132590457201003886e+01
5.132619626124699863e+01
5.132696313858032511e+01
5.132731571197509624e+01
5.132796076138814101e+01
5.132837578058242656e+01
5.132894113063812114e+01
5.132978003025054647e+01
5.133005073467890611e+01
5.133079176346461026e+01
5.133127020597457602e+01
5.133222913344700800e+01
5.133232833147049234e+01
5.133281265099843438e+01
5.133337558507919596e+01
5.133393563032150553e+01
5.133483151197433614e+01
5.133510448137919013e+01
5.133562015295028402e+01
5.133617743651072374e+01
5.133669776519139560e+01
5.133748177289962911e+01
5.133782332738240228e+01
5.133836658000946329e+01
5.133903248707453315e+01
5.133948531150817729e+01
5.134018947680791456e+01
5.134062690734863565e+01
5.134114999373753818e+01
5.134169978300730719e+01
5.134225600560505853e+01
5.134291389783223281e+01
5.134337803522745958e+01
5.134393848180771158e+01
5.134447693824768066e+01
5.134550393819809244e+01
5.134577132463455484e+01
5.134618303775787496e+01
5.134671424627303793e+01
5.134726215600967691e+01
5.134818771680195937e+01
5.134860807657241821e+01
5.134894753694534586e+01
5.134949893554051670e+01
5.135003782908121650e+01
5.135082089106241909e+01
5.135143298308054938e+01
5.135173079967498921e+01
5.135237656434377129e+01
5.135297228892644483e+01
5.135354651212692545e+01
5.135402640104293681e+01
5.135448282162348477e+01
5.135515980720519735e+01
5.135559851725896152e+01
5.135620838403701782e+01
5.135671430428822504e+01
5.135725960731506490e+01
5.135781607627868794e+01
5.135895939270655219e+01
5.135915545622507494e+01
5.135950756470362677e+01
5.136010544300079061e+01
5.136059062083562310e+01
5.136163357098897109e+01
5.136184240579605387e+01
5.136225529114405219e+01
5.136280924876530918e+01
5.136336543560027934e+01
5.136411111354827597e+01
5.136451366742451796e+01
5.136503663063049174e+01
5.136559054851532125e+01
5.136614907582600864e+01
5.136682020028432305e+01
5.136729466517765985e+01
5.136781142950057699e+01
5.136836563348769857e+01
5.136892390251159668e+01
5.136950086752573696e+01
5.137003221511840678e+01
5.137069429159164713e+01
5.137121544281641405e+01
5.137215890089670722e+01
5.137229806184768677e+01
5.137281096378962530e+01
5.137336502472559374e+01
5.137392122745514200e+01
5.137489440838496080e+01
5.137509855826695571e+01
5.137562146584193101e+01
5.137614651123682563e+01
5.137670480410258023e+01
5.137754660844802856e+01
5.137811524073283209e+01
5.137839858531951620e+01
5.137896079619725498e+01
5.137947752475738383e+01
5.138011738459269395e+01
5.138059010903040758e+01
5.138114618062972738e+01
5.138170027732849121e+01
5.138225670258204048e+01
5.138290490706761915e+01
5.138337759971618368e+01
5.138392539819081861e+01
5.138447929223378452e+01
5.138549818992614604e+01
5.138577960729598715e+01
5.138615459203720093e+01
5.138670451641083048e+01
5.138725653092066636e+01
5.138815459807713637e+01
5.138838164806365683e+01
5.138892523447672289e+01
5.138948355913161947e+01
5.139003325303395542e+01
5.139077692031860067e+01
5.139116485118866251e+01
5.139169979095458984e+01
5.139225615660349433e+01
5.139281464815140055e+01
5.139362714290619039e+01
5.139392497539520122e+01
5.139449091752370435e+01
5.139504502614339287e+01
5.139559372663497783e+01
5.139621379772822252e+01
5.139670196771621846e+01
5.139726252953211372e+01
5.139789241949717535e+01
5.139883364041646274e+01
5.139897189140319966e+01
5.139956237077713297e+01
5.140003728866577148e+01
5.140058936675389845e+01
5.140150773922602667e+01
5.140176291863123481e+01
5.140229730606078817e+01
5.140281427701314243e+01
5.140337057511011665e+01
5.140422653357187954e+01
5.140448754231135098e+01
5.140503495931625366e+01
5.140558919906616353e+01
5.140615431467691820e+01
5.140678722858429239e+01
5.140727163950602119e+01
5.140783001184463785e+01
5.140837298631667807e+01
5.140892921288808282e+01
5.140953284104664789e+01
5.141003893216451104e+01
5.141058884064356249e+01
5.141118539571762369e+01
5.141222451130548876e+01
5.141237755219141548e+01
5.141286813815434442e+01
5.141337004899978780e+01
5.141392432451247885e+01
5.141510314544041904e+01
5.141525964736938192e+01
5.141560964584350302e+01
5.141614923477172994e+01
5.141670335928598945e+01
5.141745722691218390e+01
5.141800142923990791e+01
5.141836550235748149e+01
5.141892831722895352e+01
5.141948030789693291e+01
5.142021334966023716e+01
5.142058858474095473e+01
5.142116618156433105e+01
5.142170075972875054e+01
5.142225509484608637e+01
5.142284266153971117e+01
5.142336970567703247e+01
5.142392613887786723e+01
5.142448290983836046e+01
5.142549889485041348e+01
5.142570296923319262e+01
5.142615070740382066e+01
5.142670073906580797e+01
5.142729475895563951e+01
5.142818282047907275e+01
5.142842358748118414e+01
5.142894258896509996e+01
5.142948222160339355e+01
5.143004796107609877e+01
5.143082400560378886e+01
5.143121143182118971e+01
5.143196711540222310e+01
5.143230915466944708e+01
5.143282974163691534e+01
5.143354070186614990e+01
5.143392973740895258e+01
5.143448390165964668e+01
5.143503781954447618e+01
5.143559223810832037e+01
5.143624640305836948e+01
5.143676271041234571e+01
5.143725436925888062e+01
5.143783810138702250e+01
5.143902720212936686e+01
5.143919378519058228e+01
5.143947733243306430e+01
5.144003357092539375e+01
5.144059175252914429e+01
5.144148771365483697e+01
5.144190651575724615e+01
5.144227364460627427e+01
5.144281302293141778e+01
5.144338970184325888e+01
5.144437325795491489e+01
5.144458059867223199e+01
5.144505207141240533e+01
5.144559203386306478e+01
5.144616068601608561e+01
5.144686910708745131e+01
5.144726529916127333e+01
5.144781478643417216e+01
5.144838473796844625e+01
5.144892934560775899e+01
5.144948339064915643e+01
5.145003767013550089e+01
5.145058965682983398e+01
5.145129608313242642e+01
5.145214597384134692e+01
5.145237573385238505e+01
5.145281931161880351e+01
5.145337086121241299e+01
5.145392752885818766e+01
5.145478743712107672e+01
5.145516042709350302e+01
5.145561436414718770e+01
5.145615203380585001e+01
5.145670617421468052e+01
5.145748097499211582e+01
5.145823158820470411e+01
5.145850538015365316e+01
5.145892887115478231e+01
5.145949358940124796e+01
5.146017535924911357e+01
5.146059346993764194e+01
5.146114772955576910e+01
5.146170603434244839e+01
5.146225986480713033e+01
5.146288516521453715e+01
5.146337729295094476e+01
5.146393356323242330e+01
5.146448792219162272e+01
5.146545223395029467e+01
5.146565586328506470e+01
5.146614937782287313e+01
5.146670726537704610e+01
5.146727844874064317e+01
5.146816407442092611e+01
5.146838496526082452e+01
5.146892449855804585e+01
5.146949553092320429e+01
5.147003490527470859e+01
5.147090339660644531e+01
5.147123551766078009e+01
5.147171442508697226e+01
5.147226516803105767e+01
5.147281602621078633e+01
5.147351066271463793e+01
5.147392391363779751e+01
5.147455971240997030e+01
5.147505048910776537e+01
5.147559559345245361e+01
5.147621860106786329e+01
5.147670335372288974e+01
5.147725964387257847e+01
5.147781170606613443e+01
5.147884051799773886e+01
5.147904264132181851e+01
5.147949083646138746e+01
5.148004079659779819e+01
5.148059076865514072e+01
5.148144698143005371e+01
5.148170942862828525e+01
5.148235911528269781e+01
5.148282934427261637e+01
5.148337179422378540e+01
5.148417139053344727e+01
5.148449227809906148e+01
5.148505475123723585e+01
5.148559250831603862e+01
5.148614698648452759e+01
5.148680292765299527e+01
5.148726135889689459e+01
5.148782008886337280e+01
5.148837381601333618e+01
5.148893046379089355e+01
5.148959670066833638e+01
5.149009238481521322e+01
5.149059027433395386e+01
5.149127551317214824e+01
5.149216762781143331e+01
5.149230128924052252e+01
5.149281529982884820e+01
5.149337356487910000e+01
5.149393195708592685e+01
5.149483196338017876e+01
5.149506115516026483e+01
5.149570687611898023e+01
5.149615062475204752e+01
5.149671902259191114e+01
5.149756076733271470e+01
5.149797981580098138e+01
5.149837523301442133e+01
5.149892962376276984e+01
5.149948591788609775e+01
5.150015502770741449e+01
5.150062955617904947e+01
5.150114655892054571e+01
5.150172247886657573e+01
5.150226283868153843e+01
5.150288747549056723e+01
5.150337108373641826e+01
5.150396077235539849e+01
5.150448835293452277e+01
5.150548359155654765e+01
5.150576055447260870e+01
5.150617790619532599e+01
5.150670650005340434e+01
5.150726418495177938e+01
5.150816470781962408e+01
5.150838736693064135e+01
5.150895829995473463e+01
5.150948346853256510e+01
5.151003984212875508e+01
5.151087705294290942e+01
5.151117009321848883e+01
5.151180432240168017e+01
5.151226044893265055e+01
5.151281223297119283e+01
5.151357692877451910e+01
5.151402898232142036e+01
5.151448746919631816e+01
5.151503491004307733e+01
5.151559116840362407e+01
5.151616476376851494e+01
5.151670570373535440e+01
5.151726030508677212e+01
5.151787064870198662e+01
5.151877901554107808e+01
5.151904572645823066e+01
5.151959998607635782e+01
5.152004336516062466e+01
5.152059352397918701e+01
5.152148286898930962e+01
5.152170565923054824e+01
5.152225801944732808e+01
5.152282052437464444e+01
5.152337017059326030e+01
5.152422669728596816e+01
5.152462666034698202e+01
5.152503888607024862e+01
5.152559326887130453e+01
5.152615404526392950e+01
5.152688214778900289e+01
5.152729706366856988e+01
5.152781611680984497e+01
5.152837236324945991e+01
5.152893332640329760e+01
5.152955165306727281e+01
5.153005201816559122e+01
5.153059521516163954e+01
5.153115365107854018e+01
5.153215967416763021e+01
5.153226615985234815e+01
5.153282639980316304e+01
5.153337837457657145e+01
5.153392616113026747e+01
5.153479088147481235e+01
5.153505751689274916e+01
5.153563458522160801e+01
5.153614922364553053e+01
5.153671174446741787e+01
5.153756125370661323e+01
5.153781336943308844e+01
5.153838038841883673e+01
5.153892616430918139e+01
5.153948230346043857e+01
5.154017586708069132e+01
5.154059249957402500e+01
5.154115006923675679e+01
5.154170289834340224e+01
5.154225940306981357e+01
5.154284510215123305e+01
5.154337396224340040e+01
5.154393014907837056e+01
5.154453865687052172e+01
5.154549670219421387e+01
5.154571349620819376e+01
5.154615062475204468e+01
5.154671880006790019e+01
5.154726332426071167e+01
5.154817759195963589e+01
5.154849453369776313e+01
5.154893465439478462e+01
5.154948625564575337e+01
5.155004244248072354e+01
5.155084442694981561e+01
5.155117159684498773e+01
5.155178617636362759e+01
5.155229227145512994e+01
5.155281728903452887e+01
5.155348440408706523e+01
5.155396296580632765e+01
5.155448620319366171e+01
5.155504002173741895e+01
5.155559409459431919e+01
5.155619151194890293e+01
5.155683559974034580e+01
5.155725855827331827e+01
5.155783092578251825e+01
5.155886205037435133e+01
5.155915069977442755e+01
5.155956059296925531e+01
5.156003752946853780e+01
5.156058753728866861e+01
5.156150666475296163e+01
5.156174030303954936e+01
5.156228785912195889e+01
5.156281249920527188e+01
5.156337524652481363e+01
5.156414806445439325e+01
5.156449171702067247e+01
5.156503985722859795e+01
5.156559589306513658e+01
5.156615224679310927e+01
5.156682310501734179e+01
5.156729600032170424e+01
5.156781680186589512e+01
5.156837294896443780e+01
5.156892721255620415e+01
5.156956045627593710e+01
5.157004175583521288e+01
5.157059788306553827e+01
5.157115646203359205e+01
5.157217502196629511e+01
5.157236254612605109e+01
5.157294979890187392e+01
5.157341451247533115e+01
5.157393333514531264e+01
5.157482893069585117e+01
5.157510406970978067e+01
5.157563736041387159e+01
5.157616023619969781e+01
5.157673524220784600e+01
5.157751859823862617e+01
5.157782513300578131e+01
5.157839193344116069e+01
5.157892885208129741e+01
5.157949549754460605e+01
5.158018938700357836e+01
5.158059963385264268e+01
5.158115183909733759e+01
5.158170560598373555e+01
5.158225975831349785e+01
5.158284691572189473e+01
5.158337723016738607e+01
5.158392843405405870e+01
5.158448258241017470e+01
5.158548255364100044e+01
5.158564321597417290e+01
5.158622657855351434e+01
5.158670985301335321e+01
5.158726191123326288e+01
5.158812069098154751e+01
5.158843699693679952e+01
5.158894318739573492e+01
5.158948476711908881e+01
5.159004094203313429e+01
5.159088678359985636e+01
5.159114917119344312e+01
5.159177012443542765e+01
5.159226178725560175e+01
5.159282003641128256e+01
5.159359701871871806e+01
5.159393045902252339e+01
5.159448457161585821e+01
5.159503837823867656e+01
5.159559487899144159e+01
5.159620208342870029e+01
5.159676272869110392e+01
5.159726368188857748e+01
5.159781986872355475e+01
5.159887810548146803e+01
5.159911834796269403e+01
5.159948657751083090e+01
5.160004293123881070e+01
5.160061327219009542e+01
5.160150066614151143e+01
5.160170530080795004e+01
5.160226780573527350e+01
5.160281759897868170e+01
5.160337591568629279e+01
5.160411350727081015e+01
5.160463605721791680e+01
5.160503607988357544e+01
5.160560503005981303e+01
5.160615086555480957e+01
5.160681557257969843e+01
5.160729464292526103e+01
5.160781518618265551e+01
5.160837366580962993e+01
5.160893194278081353e+01
5.160953260262807163e+01
5.161004238923390375e+01
5.161059197584788194e+01
5.161115035216013780e+01
5.161214409271875780e+01
5.161229649782180928e+01
5.161281929413477343e+01
5.161381737391153735e+01
5.161398259798685473e+01
5.161486926078796245e+01
5.161507629156112387e+01
5.161561509768168321e+01
5.161615055004755703e+01
5.161670673290888800e+01
5.161748181978861538e+01
5.161784409284591391e+01
5.161851914723714430e+01
5.161892745097478041e+01
5.161948578357696249e+01
5.162018765211105631e+01
5.162065618038177206e+01
5.162115664084752353e+01
5.162171309391657559e+01
5.162226472298304003e+01
5.162293088038762079e+01
5.162339116732279365e+01
5.162394316991170484e+01
5.162450646162032797e+01
5.162544844945271905e+01
5.162565735578537129e+01
5.162615103721618937e+01
5.162670838038126675e+01
5.162726041475931993e+01
5.162821470499038412e+01
5.162846060593923170e+01
5.162894198497136244e+01
5.162948545217513896e+01
5.163004157543182515e+01
5.163077909946441935e+01
5.163116238911946709e+01
5.163182081778844434e+01
5.163226914405822754e+01
5.163282329241435065e+01
5.163356536229451166e+01
5.163392889897028937e+01
5.163448295990625780e+01
5.163504638671874858e+01
5.163560241460800171e+01
5.163623114824294902e+01
5.163670567671457690e+01
5.163726645310719476e+01
5.163782065709431635e+01
5.163881423870722642e+01
5.163897072871525751e+01
5.163956007162730089e+01
5.164004136721293037e+01
5.164060174226760580e+01
5.164151415824890279e+01
5.164172474145889424e+01
5.164227462212245001e+01
5.164282675186792915e+01
5.164337656497955464e+01
5.164435343742370321e+01
5.164452042579650737e+01
5.164515975316365370e+01
5.164559500614802090e+01
5.164615981976191250e+01
5.164678287506103516e+01
5.164726816415786459e+01
5.164782034158706381e+01
5.164838060935338149e+01
5.164893306493759439e+01
5.164953437646229872e+01
5.165004097223281576e+01
5.165059508879979688e+01
5.165115782817204604e+01
5.165230348904927382e+01
5.165244340101877896e+01
5.165295955737431655e+01
5.165339100360870361e+01
5.165393032630284864e+01
5.165481976668039721e+01
5.165505747000376147e+01
5.165559908548991075e+01
5.165614871581395562e+01
5.165670703252156670e+01
5.165754316250482958e+01
5.165790362755457465e+01
5.165853865544001167e+01
5.165908296902974683e+01
5.165948994954427320e+01
5.166020524501800537e+01
5.166062815984090406e+01
5.166115693648656304e+01
5.166171143452326220e+01
5.166226756572723389e+01
5.166286213000615390e+01
5.166338049968083368e+01
5.166393215656280802e+01
5.166448630491892402e+01
5.166556534369786391e+01
5.166575852235158095e+01
5.166622992753982402e+01
5.166670891841252455e+01
5.166727161010106073e+01
5.166811530192693169e+01
5.166844481229782104e+01
5.166897196372350010e+01
5.166948583920796523e+01
5.167004218498865953e+01
5.167089233398437642e+01
5.167120058536529825e+01
5.167172336975733771e+01
5.167237140337626045e+01
5.167281926870346354e+01
5.167345269521077711e+01
5.167393382390340406e+01
5.167448590596517022e+01
5.167504211266835767e+01
5.167559591531753682e+01
5.167617803414662347e+01
5.167671085198720249e+01
5.167726702292760166e+01
5.167782336473464966e+01
5.167895520130793585e+01
5.167928580840428765e+01
5.167950044473012383e+01
5.168004176616668843e+01
5.168059803644815986e+01
5.168149176836013936e+01
5.168171286185582147e+01
5.168226677179336548e+01
5.168282101551691454e+01
5.168337498903274252e+01
5.168430418968200968e+01
5.168456400632858561e+01
5.168505789438883369e+01
5.168559567133585375e+01
5.168615701595942369e+01
5.168684012889862345e+01
5.168726673126220561e+01
5.168782307306925361e+01
5.168837922016779629e+01
5.168893135786056803e+01
5.168953831990560133e+01
5.169004372755686205e+01
5.169059800306956021e+01
5.169115407069524082e+01
5.169217162132262899e+01
5.169250799020131382e+01
5.169289784034093316e+01
5.169337694644927694e+01
5.169393095970153951e+01
5.169479777812957622e+01
5.169504560232162760e+01
5.169561218420664517e+01
5.169615396658579698e+01
5.169672594467798632e+01
5.169755588372548516e+01
5.169800552527109971e+01
5.169838319619496758e+01
5.169897873401642130e+01
5.169948697487513556e+01
5.170012851158777778e+01
5.170059966246287075e+01
5.170115366379420152e+01
5.170170972744623583e+01
5.170226595799127978e+01
5.170290774901707920e+01
5.170342654784520420e+01
5.170393489996592251e+01
5.170448451042175009e+01
5.170550532738367622e+01
5.170572012265522943e+01
5.170622857411702711e+01
5.170670984983443930e+01
5.170727017323176256e+01
5.170817428429921137e+01
5.170848446289698330e+01
5.170893040895462178e+01
5.170948880513508783e+01
5.171004503170649258e+01
5.171089502970377794e+01
5.171116377115249918e+01
5.171176172494888590e+01
5.171227221091588433e+01
5.171282846132914557e+01
5.171348266601562216e+01
5.171393455266952799e+01
5.171449340581894205e+01
5.171504269838332846e+01
5.171559904813766195e+01
5.171618690490722514e+01
5.171670934756596694e+01
5.171726554632186890e+01
5.171782392660777106e+01
5.171890527407328619e+01
5.171928227742512973e+01
5.171957806348800801e+01
5.172010302146275507e+01
5.172060089111327841e+01
5.172150508165359639e+01
5.172176744143168037e+01
5.172228250900904101e+01
5.172283418575922553e+01
5.172337793111800863e+01
5.172411765257517402e+01
5.172448827823003370e+01
5.172504444122314737e+01
5.172559652725855273e+01
5.172615707715352329e+01
5.172684152523676460e+01
5.172726526260375834e+01
5.172782621383667134e+01
5.172837985356648716e+01
5.172893397410710747e+01
5.172893397410710747e+01
5.172957382202148580e+01
5.172957382202148580e+01
5.173009422222773424e+01
5.173060042460759433e+01
5.173115684191385810e+01
5.173221312363942559e+01
5.173261221647262431e+01
5.173284409046173238e+01
5.173337759176889961e+01
5.173393372694651049e+01
5.173488812843958584e+01
5.173517983754475580e+01
5.173560252984364638e+01
5.173615664243698120e+01
5.173671665589014879e+01
5.173746919631958008e+01
5.173784079154332716e+01
5.173840003410975186e+01
5.173893360296884936e+01
5.173948772350946967e+01
5.174015822807947984e+01
5.174062732458114766e+01
5.174115237394968858e+01
5.174171062310536939e+01
5.174226893981298048e+01
5.174290399948755947e+01
5.174344100952148295e+01
5.174393114646275649e+01
5.174448974927266676e+01
5.174548130432764736e+01
5.174571933348973829e+01
5.174615633487701416e+01
5.174676038821538526e+01
5.174726666212082193e+01
5.174812620878219604e+01
5.174848963022232340e+01
5.174894783496856832e+01
5.174948951005935527e+01
5.175005112886428549e+01
5.175087698698043681e+01
5.175118111371993734e+01
5.175182737509409492e+01
5.175231010119120612e+01
5.175282262563705160e+01
5.175353606541951734e+01
5.175404549837112711e+01
5.175448718865712294e+01
5.175504555702209331e+01
5.175563222169876099e+01
5.175624334414799677e+01
5.175671423673630045e+01
5.175728014707565450e+01
5.175782463947931689e+01
5.175883305072784424e+01
5.175900675853093702e+01
5.175953262249628750e+01
5.176005176703134936e+01
5.176059730847676832e+01
5.176157437165578301e+01
5.176176406542460029e+01
5.176226580142974854e+01
5.176282237370809014e+01
5.176337859233220229e+01
5.176412031650543355e+01
5.176450488964716357e+01
5.176504520575205248e+01
5.176559938987096388e+01
5.176615556875864854e+01
5.176692635218302740e+01
5.176727060874303277e+01
5.176781978209813673e+01
5.176837828556696763e+01
5.176893673737843926e+01
5.176956644455592027e+01
5.177004264195760186e+01
5.177060134808222358e+01
5.177115528980890957e+01
5.177215755780537876e+01
5.177249006827672417e+01
5.177286161979039747e+01
5.177337821722030498e+01
5.177402578194936211e+01
5.177478462457656860e+01
5.177504697243372789e+01
5.177561156352361138e+01
5.177616942326228155e+01
5.177671153148015293e+01
5.177749136288960585e+01
5.177782198985417494e+01
5.177852809429168701e+01
5.177905728816985942e+01
5.177949057420094903e+01
5.178012227217356411e+01
5.178060324986775953e+01
5.178115506569544380e+01
5.178171593745549472e+01
5.178226510286331319e+01
5.178283028205235894e+01
5.178337790171305244e+01
5.178393414417902818e+01
5.178453625440597818e+01
5.178557366927464756e+01
5.178565627733866705e+01
5.178617277542750230e+01
5.178671528895696241e+01
5.178726735512415758e+01
5.178815497557322090e+01
5.178841124375661309e+01
5.178895898262659614e+01
5.178949223756789877e+01
5.179004216194152832e+01
5.179077756007512079e+01
5.179126085042953775e+01
5.179186942179997999e+01
5.179228398402531752e+01
5.179282720486322944e+01
5.179350846211115567e+01
5.179397731224695889e+01
5.179448992013931274e+01
5.179505502780278192e+01
5.179560735225677348e+01
5.179617327849070563e+01
5.179671279191970967e+01
5.179727101325988770e+01
5.179782307147979736e+01
5.179898132880529005e+01
5.179916323423385904e+01
5.179949624935785835e+01
5.180005018711089804e+01
5.180065219004949029e+01
5.180145008961359565e+01
5.180172941684723042e+01
5.180227620999018256e+01
5.180283029476801460e+01
5.180338122844695903e+01
5.180416470368702875e+01
5.180449200471242222e+01
5.180504577557245938e+01
5.180560201009114252e+01
5.180615603129069058e+01
5.180689988533655566e+01
5.180727073748906264e+01
5.180782285133997789e+01
5.180837879180908345e+01
5.180893291632334297e+01
5.180958526134490683e+01
5.181007666190465244e+01
5.181070102453232096e+01
5.181116274595260762e+01
5.181211856603622579e+01
5.181236232519150064e+01
5.181290777126947944e+01
5.181338740587234781e+01
5.181396025021870599e+01
5.181483924786250128e+01
5.181504769722620551e+01
5.181560597022374282e+01
5.181615795294443672e+01
5.181671639283498365e+01
5.181753481229146274e+01
5.181783698399861748e+01
5.181838078896204536e+01
5.181894394954045424e+01
5.181949754556020338e+01
5.182018273274103848e+01
5.182060138384500902e+01
5.182115768194198324e+01
5.182172338565190728e+01
5.182227473656336514e+01
5.182287925481796265e+01
5.182337847948074483e+01
5.182393245299657281e+01
5.182448863188425747e+01
5.182550330956777174e+01
5.182562849124272475e+01
5.182652641137440952e+01
5.182686774730682089e+01
5.182728446324666294e+01
5.182829322417577345e+01
5.182856687704722276e+01
5.182898468573888096e+01
5.182949918111165033e+01
5.183004913727442187e+01
5.183084064722061157e+01
5.183120950857798448e+01
5.183170914649963379e+01
5.183229704300562446e+01
5.183282401164372999e+01
5.183350135087967203e+01
5.183403442700704034e+01
5.183449483712514194e+01
5.183504682779312134e+01
5.183560099204381544e+01
5.183623220125834052e+01
5.183671565850576002e+01
5.183726757764816284e+01
5.183781942923863539e+01
5.183878218332926480e+01
5.183902012507120816e+01
5.183950140476226665e+01
5.184004670778910651e+01
5.184060500860213949e+01
5.184149662653604906e+01
5.184175948301950854e+01
5.184227159420649400e+01
5.184282163381576680e+01
5.184337766170501993e+01
5.184411303599675591e+01
5.184448799689610610e+01
5.184504901965458856e+01
5.184560799598693848e+01
5.184616390069325575e+01
5.184682534138361376e+01
5.184727387428283407e+01
5.184782569408416464e+01
5.184838659365971836e+01
5.184893364906311319e+01
5.184951730966567851e+01
5.185004416704177999e+01
5.185059816042582526e+01
5.185115652481714932e+01
5.185211331049601569e+01
5.185232401688893589e+01
5.185283139944076680e+01
5.185338424841562954e+01
5.185398121674855787e+01
5.185485210021337110e+01
5.185512710412343296e+01
5.185567112763722974e+01
5.185624607801437236e+01
5.185672861735026373e+01
5.185747761726379679e+01
5.185797284444173272e+01
5.185837943951288764e+01
5.185893329381942607e+01
5.185948748985926215e+01
5.186012904246648247e+01
5.186060218811034872e+01
5.186115605036417975e+01
5.186172142426173082e+01
5.186226891279220297e+01
5.186284880240758355e+01
5.186338123480479112e+01
5.186393751303354804e+01
5.186452889839808478e+01
5.186545523007711012e+01
5.186571870644887383e+01
5.186615824699401855e+01
5.186671699682871406e+01
5.186727363268534674e+01
5.186820199092229444e+01
5.186845672527949347e+01
5.186893297036488804e+01
5.186948926448822306e+01
5.187004975477854174e+01
5.187093526124954224e+01
5.187123896678289015e+01
5.187171202898025513e+01
5.187234141429265577e+01
5.187282682259877475e+01
5.187352075179418165e+01
5.187394710779189921e+01
5.187448918024698941e+01
5.187504953145980835e+01
5.187560358444849840e+01
5.187619754076003886e+01
5.187671178181965814e+01
5.187726798057556010e+01
5.187782866954803751e+01
5.187890363136927618e+01
5.187920506795247633e+01
5.187960693438847670e+01
5.188004705905914449e+01
5.188065981070200650e+01
5.188146574099858555e+01
5.188175103267033705e+01
5.188230328559875204e+01
5.188282642761866015e+01
5.188339643875757901e+01
5.188420124451319282e+01
5.188449510733286729e+01
5.188504698673884263e+01
5.188561094601949009e+01
5.188617551724116339e+01
5.188680973052978374e+01
5.188726775248845513e+01
5.188782609303792270e+01
5.188838030894597608e+01
5.188893651962280273e+01
5.188955578406651625e+01
5.189004482428232734e+01
5.189060318470001221e+01
5.189116155306498257e+01
5.189211113055547031e+01
5.189228448073069444e+01
5.189282585382461832e+01
5.189337777296702114e+01
5.189393846591313775e+01
5.189484049876531202e+01
5.189517188072204590e+01
5.189560510714849073e+01
5.189616367022196641e+01
5.189671549002329698e+01
5.189745766321818365e+01
5.189784462451935099e+01
5.189837778806686686e+01
5.189894088506698466e+01
5.189951510826746528e+01
5.190020468632380357e+01
5.190060283342997138e+01
5.190115698575973369e+01
5.190171734491983813e+01
5.190227156877517700e+01
5.190288259585698682e+01
5.190338175694147793e+01
5.190393610000610636e+01
5.190448997020721578e+01
5.190556107759475424e+01
5.190580909252166464e+01
5.190631109078724847e+01
5.190671717325846402e+01
5.190727386871973437e+01
5.190818172295887933e+01
5.190839877923329482e+01
5.190894038279851230e+01
5.190949211120605611e+01
5.191004833380381456e+01
5.191084831555684076e+01
5.191117361783981465e+01
5.191171683470408027e+01
5.191226914326350084e+01
5.191282966534296861e+01
5.191345450878143453e+01
5.191393565734227167e+01
5.191449195146560669e+01
5.191504847606022821e+01
5.191560686031977667e+01
5.191624405781428209e+01
5.191677289803822504e+01
5.191726865371068556e+01
5.191782708168030069e+01
5.191882926225662231e+01
5.191941291888554844e+01
5.191968541145324423e+01
5.192005651394526211e+01
5.192060657739639140e+01
5.192148094971974359e+01
5.192176727851231988e+01
5.192227502663930494e+01
5.192282509009043423e+01
5.192342278560002455e+01
5.192414976755777900e+01
5.192449790239334106e+01
5.192504547834396078e+01
5.192561097939809400e+01
5.192616712252299038e+01
5.192681834697723531e+01
5.192727064689000116e+01
5.192783253987629877e+01
5.192838773330052504e+01
5.192893732388814243e+01
5.192970401446024908e+01
5.193004751205444336e+01
5.193060386180877686e+01
5.193116689523061069e+01
5.193216633001963345e+01
5.193231831789016439e+01
5.193293557961781914e+01
5.193338544368744181e+01
5.193393489122390605e+01
5.193478072484334263e+01
5.193507504860560431e+01
5.193562028805414599e+01
5.193615960280100552e+01
5.193671620289484991e+01
5.193748745520909438e+01
5.193795978625615106e+01
5.193838075796762865e+01
5.193893490235010546e+01
5.193949311971664429e+01
5.194015590349832934e+01
5.194069493611653598e+01
5.194115593830744615e+01
5.194177023569742602e+01
5.194228182236353319e+01
5.194294352928797309e+01
5.194338466326395576e+01
5.194394102891286025e+01
5.194453510443369737e+01
5.194545749823252123e+01
5.194568849007288946e+01
5.194616805712382046e+01
5.194671376148859565e+01
5.194726991256077753e+01
5.194817622105280464e+01
5.194841479460398403e+01
5.194894276062647265e+01
5.194950648943583360e+01
5.195005089044570923e+01
5.195078000227610460e+01
5.195115499893824307e+01
5.195171827872594150e+01
5.195227046410242622e+01
5.195282605091730943e+01
5.195348470211028769e+01
5.195393818219502435e+01
5.195449239412943854e+01
5.195505099296569540e+01
5.195560518503189229e+01
5.195624483426411899e+01
5.195672596693039225e+01
5.195727173089981221e+01
5.195782796939214165e+01
5.195881963173548712e+01
5.195904195308685303e+01
5.195961148341496738e+01
5.196006042957306192e+01
5.196060869693756246e+01
5.196145532131195210e+01
5.196171982685724799e+01
5.196227782964706421e+01
5.196282747983932637e+01
5.196338659922282233e+01
5.196415042479832636e+01
5.196449855566024922e+01
5.196505038738250448e+01
5.196560716629028320e+01
5.196616310278574957e+01
5.196678887605666830e+01
5.196731081008910991e+01
5.196789423227310323e+01
5.196850262085596484e+01
5.196895404259363715e+01
5.196956484317779257e+01
5.197005250056584913e+01
5.197060689131419053e+01
5.197116704384485786e+01
5.197224209705988329e+01
5.197233215570449971e+01
5.197306488355000909e+01
5.197367310523986816e+01
5.197408374150594312e+01
5.197486483256022183e+01
5.197509402434031500e+01
5.197560680309931769e+01
5.197617112398147299e+01
5.197673060099283759e+01
5.197763998111089023e+01
5.197785619099934706e+01
5.197838341395060269e+01
5.197893995841344150e+01
5.197957684199015205e+01
5.198023727337519517e+01
5.198061026334762857e+01
5.198116039435068814e+01
5.198171669244766235e+01
5.198227054278056158e+01
5.198295212586720737e+01
5.198338089386621874e+01
5.198393716812133647e+01
5.198448922236760694e+01
5.198548319339752055e+01
5.198575422763824605e+01
5.198616239229838243e+01
5.198671653270721293e+01
5.198728642066319594e+01
5.198811831076940138e+01
5.198842682441075880e+01
5.198894764582315986e+01
5.198949322303136000e+01
5.199004527330398417e+01
5.199083102544148716e+01
5.199116863807042677e+01
5.199171632925669684e+01
5.199227038224537978e+01
5.199283297856649000e+01
5.199346641699472826e+01
5.199393909374872891e+01
5.199449321031570292e+01
5.199504740238189981e+01
5.199560794035593858e+01
5.199620222250620571e+01
5.199671601454416958e+01
5.199728175799052110e+01
5.199784490664799819e+01
5.199883472522099481e+01
5.199901252587635980e+01
