5.000045218070348341e+01
5.000086180369059008e+01
5.000141382217407227e+01
5.000196795066197808e+01
5.000265616178512573e+01
5.000308630069096694e+01
5.000363444487253872e+01
5.000419089396794448e+01
5.000474913914998609e+01
5.000534719228744507e+01
5.000585716565449701e+01
5.000641157229741651e+01
5.000696784655253424e+01
5.000795032580693800e+01
5.000825345118840204e+01
5.000866982539494643e+01
5.000920670827229486e+01
5.000974686145782755e+01
5.001074895461400160e+01
5.001094749371210924e+01
5.001141762733459473e+01
5.001196724971135410e+01
5.001252706845601637e+01
5.001349591414133755e+01
5.001381151676177694e+01
5.001422843535740981e+01
5.001488017638524042e+01
5.001530295610427856e+01
5.001606963078180712e+01
5.001642607053121026e+01
5.001697844266891479e+01
5.001752584377924649e+01
5.001807985305786275e+01
5.001869024038315104e+01
5.001919234196345343e+01
5.001999286413192891e+01
5.002037827571233208e+01
5.002136214574178297e+01
5.002160357236861898e+01
5.002207678556442261e+01
5.002255275646845689e+01
5.002312728166580058e+01
5.002396974960962694e+01
5.002420852979024346e+01
5.002474846839904643e+01
5.002530260086059855e+01
5.002585674921671455e+01
5.002671901782353814e+01
5.002700465520222650e+01
5.002752765814463487e+01
5.002808359464009413e+01
5.002864112854003764e+01
5.002931718826293661e+01
5.002974620660145888e+01
5.003031611442565918e+01
5.003085653384526665e+01
5.003141905069351481e+01
5.003201927344004218e+01
5.003261149724324497e+01
5.003313956658045214e+01
5.003371911048888876e+01
5.003459834257761685e+01
5.003482316335042412e+01
5.003534174760182651e+01
5.003586940368016656e+01
5.003641475041707309e+01
5.003732931216557489e+01
5.003754082918167256e+01
5.003809802134831841e+01
5.003863752683003696e+01
5.003919372558593892e+01
5.004012563228607036e+01
5.004057152271271036e+01
5.004091930389404297e+01
5.004148727655410767e+01
5.004197916984558248e+01
5.004276095231374200e+01
5.004340403477350918e+01
5.004369373718897407e+01
5.004419569174448412e+01
5.004474984010060723e+01
5.004533927043279107e+01
5.004585806131363057e+01
5.004641424020131524e+01
5.004696842432021953e+01
5.004793524742126465e+01
5.004817330042521206e+01
5.004863714774449335e+01
5.004919517834981235e+01
5.004982254505157613e+01
5.005062680244445517e+01
5.005086003939310757e+01
5.005144296487172539e+01
5.005197213888168051e+01
5.005252455075581963e+01
5.005349492629368768e+01
5.005384064118067755e+01
5.005420172611872687e+01
5.005480769872665547e+01
5.005536185900370327e+01
5.005596629381179952e+01
5.005647231340408609e+01
5.005696625709533976e+01
5.005752439101537021e+01
5.005808693170547485e+01
5.005869516928990492e+01
5.005919287602106493e+01
5.005974469184875630e+01
5.006040728092193604e+01
5.006132044394811231e+01
5.006153692404429023e+01
5.006200345357259351e+01
5.006252431869506836e+01
5.006308465401331631e+01
5.006404701073964247e+01
5.006429473161697530e+01
5.006474675734838087e+01
5.006532170375188429e+01
5.006588149865468296e+01
5.006662412881851054e+01
5.006700932979583740e+01
5.006756406625111566e+01
5.006808228095372471e+01
5.006863650083541728e+01
5.006939472357431953e+01
5.006975100437799853e+01
5.007030520836512011e+01
5.007085940837860250e+01
5.007141752640406196e+01
5.007201430797577046e+01
5.007252571582794332e+01
5.007308005889256464e+01
5.007370930910110474e+01
5.007473414738972650e+01
5.007500267028808594e+01
5.007534621159235400e+01
5.007586999336878364e+01
5.007642203172047601e+01
5.007744235197703375e+01
5.007760319312413344e+01
5.007814007997512817e+01
5.007863808075587286e+01
5.007919046878814839e+01
5.008000669479370259e+01
5.008046331803004136e+01
5.008085867961247573e+01
5.008141481876373291e+01
5.008196901480356900e+01
5.008265069723129415e+01
5.008307936191558696e+01
5.008364095687866069e+01
5.008419030507405267e+01
5.008474809328715338e+01
5.008539204597472860e+01
5.008585631847381592e+01
5.008641686439514018e+01
5.008697113593419203e+01
5.008792757987976074e+01
5.008813607692718506e+01
5.008863538901011481e+01
5.008919189373651903e+01
5.008975007136663038e+01
5.009078364769617764e+01
5.009086503585179884e+01
5.009148277839025099e+01
5.009198240041732930e+01
5.009253441890080438e+01
5.009329182306925787e+01
5.009383935133616461e+01
5.009419842561086256e+01
5.009475277264913018e+01
5.009530427853266588e+01
5.009600863059361586e+01
5.009647477070490851e+01
5.009697757959365561e+01
5.009753391345341811e+01
5.009809217850366991e+01
5.009877751668294366e+01
5.009919373591741021e+01
5.009974993864695136e+01
5.010030800898869785e+01
5.010126646359761793e+01
5.010150500138600904e+01
5.010197472969691290e+01
5.010252687931060933e+01
5.010312740802764608e+01
5.010397053559621128e+01
5.010422683556874546e+01
5.010475188096364008e+01
5.010530359347661289e+01
5.010586200952529623e+01
5.010666408141454298e+01
5.010700367291768487e+01
5.010752861897150723e+01
5.010808272759119575e+01
5.010863914489745952e+01
5.010951389869054395e+01
5.010977871417999552e+01
5.011030359268188761e+01
5.011085773706436441e+01
5.011141367355982368e+01
5.011205969651540215e+01
5.011252610286076958e+01
5.011320475339889668e+01
5.011363661289215088e+01
5.011466614802678521e+01
5.011489311059315810e+01
5.011530557473500380e+01
5.011585939725240024e+01
5.011641796032587592e+01
5.011734059254328599e+01
5.011766687631607198e+01
5.011809200048446655e+01
5.011864078839619907e+01
5.011919291814168531e+01
5.011995961268743116e+01
5.012031590143839566e+01
5.012092616955439439e+01
5.012141769727070795e+01
5.012197407086690504e+01
5.012266611258188931e+01
5.012309609254201348e+01
5.012364327510197626e+01
5.012420223951339437e+01
5.012476108074188375e+01
5.012533857027689521e+01
5.012586139043172295e+01
5.012641764879226969e+01
5.012697391112645562e+01
5.012793469826380743e+01
5.012815229098001879e+01
5.012864252726237169e+01
5.012919462919235514e+01
5.012975285053253316e+01
5.013062800566355293e+01
5.013088447650273594e+01
5.013145916859308926e+01
5.013197575410207207e+01
5.013252791166305400e+01
5.013339039484660020e+01
5.013385196129480903e+01
5.013419431447982788e+01
5.013474626541137980e+01
5.013530485232671197e+01
5.013601754109064501e+01
5.013647119601567681e+01
5.013696906566620015e+01
5.013754768371582315e+01
5.013810196320216050e+01
5.013871936003366869e+01
5.013919631640116137e+01
5.013981420993805216e+01
5.014059048493702875e+01
5.014133588870366509e+01
5.014169258673985752e+01
5.014197101990382066e+01
5.014253432353337558e+01
5.014308574597041002e+01
5.014411911567052016e+01
5.014429522355397495e+01
5.014486703475316176e+01
5.014530655145644999e+01
5.014585830767949659e+01
5.014663360913594659e+01
5.014700022538502822e+01
5.014755437374115132e+01
5.014808144966761461e+01
5.014863735834757819e+01
5.014939773877461704e+01
5.014975696007410733e+01
5.015030393997827929e+01
5.015086260239283433e+01
5.015141671895980835e+01
5.015203857819239630e+01
5.015254344940185405e+01
5.015308542648951118e+01
5.015365453958511210e+01
5.015460193554560675e+01
5.015487569173176752e+01
5.015531084537506246e+01
5.015586924950282111e+01
5.015641672611236856e+01
5.015741438865661905e+01
5.015761651198069160e+01
5.015814905563990322e+01
5.015863728125889764e+01
5.015919375419616699e+01
5.016008505423863539e+01
5.016038580735524732e+01
5.016108292341232300e+01
5.016142288049061904e+01
5.016207033395767212e+01
5.016272479295730591e+01
5.016327250401179327e+01
5.016363908847173292e+01
5.016419749259948446e+01
5.016475376685460219e+01
5.016536405086517192e+01
5.016586194435755175e+01
5.016641387144724717e+01
5.016697449684143351e+01
5.016793847084045410e+01
5.016822044452031548e+01
5.016869517962138048e+01
5.016919571558634772e+01
5.016975353161493700e+01
5.017071190277735582e+01
5.017095978657404487e+01
5.017141807874043735e+01
5.017197220325469686e+01
5.017252844969431891e+01
5.017329974571863715e+01
5.017393275896708360e+01
5.017420564095179003e+01
5.017474922339121690e+01
5.017531387805938436e+01
5.017601578632990567e+01
5.017641752958297729e+01
5.017697577873865811e+01
5.017760320107142036e+01
5.017808665037155436e+01
5.017870537042617940e+01
5.017920113801956461e+01
5.017975318431854248e+01
5.018037217060724942e+01
5.018141567309697137e+01
5.018165504137675015e+01
5.018197386662165371e+01
5.018262516260146811e+01
5.018312409718831191e+01
5.018395931720733927e+01
5.018428177436192783e+01
5.018478649854660034e+01
5.018530486822128012e+01
5.018585893313090196e+01
5.018666974703470629e+01
5.018712409337361890e+01
5.018753646214803155e+01
5.018808622757593696e+01
5.018864250977834018e+01
5.018942789634068902e+01
5.018980684677759996e+01
5.019030683040618612e+01
5.019086512327194072e+01
5.019142155249913628e+01
5.019204421440760200e+01
5.019253823757171773e+01
5.019308607578277304e+01
5.019364229838053149e+01
5.019462556044260992e+01
5.019481562773386685e+01
5.019530879656473843e+01
5.019586300452549921e+01
5.019642387628555014e+01
5.019729419549306471e+01
5.019764897425969252e+01
5.019808822472889887e+01
5.019863976240158365e+01
5.019927124579747613e+01
5.020002748171488349e+01
5.020031508604685655e+01
5.020090236266454298e+01
5.020143750508626113e+01
5.020199162165324225e+01
5.020269812345505045e+01
5.020309631427129204e+01
5.020364023447037027e+01
5.020422109365463115e+01
5.020475215514500889e+01
5.020543529987335063e+01
5.020595777034759521e+01
5.020641874869664179e+01
5.020697293678919237e+01
5.020753061771392822e+01
5.020812458197276129e+01
5.020873752435048232e+01
5.020919787486393915e+01
5.020975205898285054e+01
5.021067064205805508e+01
5.021089374621708856e+01
5.021153952678044874e+01
5.021197695334752353e+01
5.021252665917078417e+01
5.021332661310831469e+01
5.021372495094934862e+01
5.021419989267985073e+01
5.021475170453389580e+01
5.021530812978744507e+01
5.021602916320164667e+01
5.021643322706222534e+01
5.021697253783543857e+01
5.021752891540527486e+01
5.021809138854344923e+01
5.021874612967173590e+01
5.021919759114583570e+01
5.021976753473281718e+01
5.022052851915359639e+01
5.022091030279795376e+01
5.022153476874033373e+01
5.022202864090601793e+01
5.022253077030181601e+01
5.022308912277221538e+01
5.022407488028208178e+01
5.022430201371511060e+01
5.022475155989329210e+01
5.022530568043391241e+01
5.022586189905802456e+01
5.022675156990687384e+01
5.022700985670089580e+01
5.022755364974339898e+01
5.022808688084284512e+01
5.022864090998967157e+01
5.022939344247182447e+01
5.022975344657898233e+01
5.023030733664830194e+01
5.023087123632431172e+01
5.023141559759775987e+01
5.023197666406631612e+01
5.023253051439920824e+01
5.023309077819188673e+01
5.023364294370015415e+01
5.023465977907180502e+01
5.023487189213435045e+01
5.023531194130579536e+01
5.023586579958598008e+01
5.023643206755320278e+01
5.023736703395843506e+01
5.023761219580968174e+01
5.023813231786092359e+01
5.023865174452463833e+01
5.023919476270675943e+01
5.024009325901667466e+01
5.024056785106658651e+01
5.024093845287958970e+01
5.024141561587651239e+01
5.024197136958439813e+01
5.024263011614481655e+01
5.024308384656906412e+01
5.024364016850789483e+01
5.024419879515965448e+01
5.024475562572479248e+01
5.024540985822677897e+01
5.024587543805440504e+01
5.024641931851704868e+01
5.024697336753209242e+01
5.024793620904286939e+01
5.024809222618738858e+01
5.024864021142323622e+01
5.024919852813084731e+01
5.024975260496139384e+01
5.025066840648651123e+01
5.025087406237920362e+01
5.025141926209131782e+01
5.025197555224100654e+01
5.025253180265426778e+01
5.025340731541315620e+01
5.025397235949834140e+01
5.025420050621032431e+01
5.025480458339055190e+01
5.025532277425130445e+01
5.025601903597513598e+01
5.025642919143040643e+01
5.025702114105224894e+01
5.025752944548924717e+01
5.025809258619944586e+01
5.025871541500091411e+01
5.025927082697550219e+01
5.025974994103113858e+01
5.026037321885426934e+01
5.026138648986816548e+01
5.026154201428095547e+01
5.026200444300969394e+01
5.026253347396850302e+01
5.026312085787455430e+01
5.026396035353342739e+01
5.026420041322707988e+01
5.026475632985432895e+01
5.026530834436416484e+01
5.026586443583170905e+01
5.026669180393218994e+01
5.026697489420573106e+01
5.026753118832905898e+01
5.026808728377024238e+01
5.026864369312922065e+01
5.026932419141133579e+01
5.026977040767669536e+01
5.027032410303751675e+01
5.027086236476898051e+01
5.027141829729080058e+01
5.027203113635381015e+01
5.027253103256225586e+01
5.027308938503265523e+01
5.027380035320917528e+01
5.027464201450347758e+01
5.027486298084259175e+01
5.027531017065048502e+01
5.027587434053420878e+01
5.027643468379974223e+01
5.027743086814880513e+01
5.027764823834101549e+01
5.027808476686477945e+01
5.027864096164703511e+01
5.027919954061508179e+01
5.027995998859405802e+01
5.028031626542409072e+01
5.028088502089182299e+01
5.028142031033834058e+01
5.028197440306345811e+01
5.028266195058822774e+01
5.028308478593826436e+01
5.028365488449732368e+01
5.028419727484385504e+01
5.028475612004597650e+01
5.028537869453430176e+01
5.028586160341898648e+01
5.028641985257466729e+01
5.028697203795115200e+01
5.028798029025395522e+01
5.028814332882563320e+01
5.028864513238271172e+01
5.028919714689254761e+01
5.028975332975387857e+01
5.029074463049570909e+01
5.029100508292516025e+01
5.029145329793293939e+01
5.029197403192519999e+01
5.029253023068110195e+01
5.029338059822718066e+01
5.029384098847707207e+01
5.029426546494165962e+01
5.029475283622741699e+01
5.029530937274297031e+01
5.029597571293513170e+01
5.029642847776413106e+01
5.029697829484939575e+01
5.029753637313842773e+01
5.029813627004623555e+01
5.029875154495239542e+01
5.029920087258020800e+01
5.029975508848826138e+01
5.030033246278762959e+01
5.030144068797429213e+01
5.030155303478240825e+01
5.030201620260874762e+01
5.030253201325734125e+01
5.030308821996052870e+01
5.030405906041463027e+01
5.030426308314005723e+01
5.030480661789576402e+01
5.030531107584635464e+01
5.030587502717971660e+01
5.030662887096404745e+01
5.030699200630188272e+01
5.030753191312154371e+01
5.030823204914728564e+01
5.030864425897598124e+01
5.030932799180348525e+01
5.030975723663966193e+01
5.031034426291783745e+01
5.031088181336721021e+01
5.031142333348591933e+01
5.031206383705139018e+01
5.031255264679590766e+01
5.031309947967529439e+01
5.031364401578903056e+01
5.031460445324579922e+01
5.031483038266500074e+01
5.031534987688064575e+01
5.031588506698608398e+01
5.031643166939417711e+01
5.031737519502640055e+01
5.031761511961619249e+01
5.031808524926503168e+01
5.031864395141601420e+01
5.031920222441355151e+01
5.031998972098032397e+01
5.032040424346924112e+01
5.032102094093958300e+01
5.032142421007156230e+01
5.032197500069936069e+01
5.032268345355987549e+01
5.032309381167093676e+01
5.032364172538121494e+01
5.032421792745590494e+01
5.032476041714350146e+01
5.032536658048629619e+01
5.032587591012318740e+01
5.032641836802164903e+01
5.032698109944661269e+01
5.032754050890604702e+01
5.032829579512278428e+01
5.032864350080490112e+01
5.032920422554015971e+01
5.032975158294041762e+01
5.033067868153253954e+01
5.033094953298568441e+01
5.033142030239105225e+01
5.033197443485259726e+01
5.033253290653228618e+01
5.033330596288045200e+01
5.033367040952046523e+01
5.033429959615071425e+01
5.033476299444834723e+01
5.033531212806701660e+01
5.033609674374262255e+01
5.033644544283549038e+01
5.033697863419850904e+01
5.033770999908447408e+01
5.033815356095632154e+01
5.033876858552297051e+01
5.033919736146926738e+01
5.034000362555185859e+01
5.034041028420130459e+01
5.034141366084416802e+01
5.034166203339894707e+01
5.034209120670954718e+01
5.034255137046178419e+01
5.034308898846308722e+01
5.034395966927210253e+01
5.034433879852294780e+01
5.034480343262354296e+01
5.034531164964040073e+01
5.034586825768153062e+01
5.034666465123494561e+01
5.034713855584462294e+01
5.034753644069035516e+01
5.034809505939483643e+01
5.034864494005839219e+01
5.034931368430455478e+01
5.034975533882776944e+01
5.035031159321466987e+01
5.035086776018142984e+01
5.035142660538355841e+01
5.035205341577530191e+01
5.035254112879434985e+01
5.035309113661448066e+01
5.035365909337997437e+01
5.035462778806686401e+01
5.035488235553105341e+01
5.035534048477808966e+01
5.035593623717625889e+01
5.035642176071802822e+01
5.035741318066914829e+01
5.035771778027216783e+01
5.035809046030044556e+01
5.035864233970642090e+01
5.035919626951217509e+01
5.036001952489217359e+01
5.036033811569213725e+01
5.036089005072911817e+01
5.036143936713536817e+01
5.036199026505152432e+01
5.036270283063252862e+01
5.036309774716695387e+01
5.036366031567255419e+01
5.036421104272206861e+01
5.036475470463435045e+01
5.036547977129618658e+01
5.036587415536244805e+01
5.036645471652348505e+01
5.036698011557260912e+01
5.036793564955393521e+01
5.036818492015202509e+01
5.036864604949951030e+01
5.036919587453206049e+01
5.036975863377253404e+01
5.037065300544102797e+01
5.037090027332305908e+01
5.037142089207966933e+01
5.037197705507278300e+01
5.037253339687983100e+01
5.037340434789657451e+01
5.037365105549494615e+01
5.037420225938161167e+01
5.037475436528523431e+01
5.037531031767527168e+01
5.037604582707087530e+01
5.037642496824264526e+01
5.037698901494344028e+01
5.037753551801045404e+01
5.037809187571208014e+01
5.037878371079762729e+01
5.037920643885930616e+01
5.037975617249806959e+01
5.038032020330429361e+01
5.038130211432774530e+01
5.038157099882761969e+01
5.038203720649083550e+01
5.038253091971079556e+01
5.038308714230855401e+01
5.038400209744771274e+01
5.038422089815139771e+01
5.038475622733434278e+01
5.038531441688537882e+01
5.038586638768514092e+01
5.038662685155868814e+01
5.038701646725336758e+01
5.038753306070963589e+01
5.038808930714925083e+01
5.038864344358444214e+01
5.038953606685002740e+01
5.038980560302734091e+01
5.039035385847091675e+01
5.039087253808975220e+01
5.039142215251922607e+01
5.039202868541081415e+01
5.039253067970275879e+01
5.039308876196543707e+01
5.039364528656005859e+01
5.039487242698669434e+01
5.039494285980860155e+01
5.039535379409790039e+01
5.039586784839629985e+01
5.039642214775085449e+01
5.039741176764170660e+01
5.039765180349350260e+01
5.039821596940358717e+01
5.039864308436711582e+01
5.039919927120208598e+01
5.040000532468160088e+01
5.040042004187901625e+01
5.040104738076527724e+01
5.040145193338393881e+01
5.040198076963424967e+01
5.040274697542190552e+01
5.040320748090744019e+01
5.040367003679275371e+01
5.040419912735621466e+01
5.040475507179895942e+01
5.040531025727590020e+01
5.040588159163792881e+01
5.040642169316609511e+01
5.040697816610336446e+01
5.040793660084406724e+01
5.040819282929102485e+01
5.040864475965499736e+01
5.040919876495997443e+01
5.040975925127665391e+01
5.041066757837931078e+01
5.041095120906830118e+01
5.041148016055424819e+01
5.041197562217712402e+01
5.041253422101338799e+01
5.041329274574915331e+01
5.041364876031875752e+01
5.041422954003016343e+01
5.041475701729456915e+01
5.041531327168146959e+01
5.041611829201380601e+01
5.041644416252771776e+01
5.041699624458949103e+01
5.041754029591878350e+01
5.041809027989705072e+01
5.041867736577987813e+01
5.041920281648636148e+01
5.041975691715876451e+01
5.042031517426173082e+01
5.042145999272664625e+01
5.042153174479802402e+01
5.042197510798771987e+01
5.042253810564677252e+01
5.042320460478465094e+01
5.042402549187342231e+01
5.042421896855036323e+01
5.042475678523381788e+01
5.042543180783589918e+01
5.042586682637532647e+01
5.042687114874522081e+01
5.042701077461242676e+01
5.042753360668817919e+01
5.042810805241266792e+01
5.042864828507105557e+01
5.042931934595107890e+01
5.042975852886835497e+01
5.043031271298726637e+01
5.043086658318837578e+01
5.043142327467600694e+01
5.043212122122447028e+01
5.043260450363159464e+01
5.043309174776076986e+01
5.043365018765131680e+01
5.043469176292419576e+01
5.043497926791508945e+01
5.043533744017283027e+01
5.043586655855178691e+01
5.043642271757126139e+01
5.043733518123626425e+01
5.043754061460494853e+01
5.043808950583139961e+01
5.043864567677179878e+01
5.043919971386591783e+01
5.043996242682138842e+01
5.044031222263971870e+01
5.044101608991623209e+01
5.044142473936081217e+01
5.044198107719421387e+01
5.044268584251403809e+01
5.044313727617263510e+01
5.044365240732828681e+01
5.044429562886556084e+01
5.044477430184682021e+01
5.044542289574940952e+01
5.044587255318959507e+01
5.044642237424850606e+01
5.044697867631911947e+01
5.044798521598180230e+01
5.044815832773844733e+01
5.044870568116505893e+01
5.044920891920725836e+01
5.044976509809494303e+01
5.045062667926152500e+01
5.045088483095169352e+01
5.045145584742228095e+01
5.045198071002960205e+01
5.045253457228342597e+01
5.045339933236439833e+01
5.045364507039388258e+01
5.045426819324493550e+01
5.045475807189941264e+01
5.045540351072947516e+01
5.045596423149108745e+01
5.045648052692413188e+01
5.045698051850001065e+01
5.045753882726033623e+01
5.045809062719344951e+01
5.045870288610458232e+01
5.045927424430847452e+01
5.045975525776545112e+01
5.046031398773193644e+01
5.046138521830241075e+01
5.046158571243286417e+01
5.046214284102121894e+01
5.046260293324788648e+01
5.046309983730316162e+01
5.046410109996795512e+01
5.046426555713017592e+01
5.046475710868835307e+01
5.046533859173457159e+01
5.046586531798045172e+01
5.046662659247716221e+01
5.046698269049326768e+01
5.046753853956858649e+01
5.046809042294820102e+01
5.046864463885625440e+01
5.046941333214441983e+01
5.046995078325271322e+01
5.047031871080398702e+01
5.047087899049122939e+01
5.047142347097396708e+01
5.047202926079432217e+01
5.047254581054051670e+01
5.047309705018997050e+01
5.047365113099416334e+01
5.047479878266652520e+01
5.047502386172612177e+01
5.047533421913782803e+01
5.047586725950240805e+01
5.047646293242772231e+01
5.047740473747253276e+01
5.047755457162857340e+01
5.047810804446537958e+01
5.047866474787394253e+01
5.047922105789184855e+01
5.048002910216649042e+01
5.048033243020375238e+01
5.048087352514266968e+01
5.048142547607422159e+01
5.048198608954747613e+01
5.048275065819422736e+01
5.048315248092015395e+01
5.048364389340083136e+01
5.048420917590458856e+01
5.048477238814036383e+01
5.048539392550786431e+01
5.048588333527246874e+01
5.048643495241800849e+01
5.048697924613952637e+01
5.048794188102086622e+01
5.048819218476613457e+01
5.048864593903223863e+01
5.048920658032099595e+01
5.048975606362024848e+01
5.049069386323292719e+01
5.049090816974639750e+01
5.049149607817331997e+01
5.049198119242986138e+01
5.049253542423248575e+01
5.049329153299331807e+01
5.049365205367406162e+01
5.049420427083968832e+01
5.049476799567540297e+01
5.049532647530237739e+01
5.049605386257171347e+01
5.049642469088236396e+01
5.049698291619618828e+01
5.049753500223160074e+01
5.049809119701385640e+01
5.049870652357737555e+01
5.049920403560002313e+01
5.049976231257120673e+01
5.050031429926554694e+01
5.050151027441025064e+01
5.050162074963251513e+01
5.050200360616047845e+01
5.050253919760385912e+01
5.050310635169346796e+01
5.050402461687723843e+01
5.050428261756896831e+01
5.050479900042216030e+01
5.050533263683318808e+01
5.050586824417113974e+01
5.050662918488184516e+01
5.050700757900873583e+01
5.050755549669266031e+01
5.050815133253733080e+01
5.050866601864496630e+01
5.050935124158858969e+01
5.050980379581451274e+01
5.051031397978464810e+01
5.051087490320205831e+01
5.051142639716466221e+01
5.051202031373977519e+01
5.051261207660039076e+01
5.051314155260721606e+01
5.051364984512328959e+01
5.051490570306778238e+01
5.051511654853820943e+01
5.051534518798192153e+01
5.051587204535802300e+01
5.051653666098912510e+01
5.051733030478159492e+01
5.051759323279063096e+01
5.051809283892313829e+01
5.051865140597025317e+01
5.051920328140258931e+01
5.052001365820567003e+01
5.052040312687555712e+01
5.052089432875315111e+01
5.052142168680826728e+01
5.052198026974996026e+01
5.052270191510518060e+01
5.052314806381861700e+01
5.052364679972330919e+01
5.052420788208643643e+01
5.052475684086481778e+01
5.052532666524250970e+01
5.052588846286138136e+01
5.052642380793889032e+01
5.052698001464207778e+01
5.052753645976384433e+01
5.052815668582915976e+01
5.052864880959192817e+01
5.052921123107274326e+01
5.052980080445607314e+01
5.053062778711318970e+01
5.053087573846180902e+01
5.053142778078714770e+01
5.053198430140813002e+01
5.053254021406173990e+01
5.053332569996516099e+01
5.053393188714981221e+01
5.053425946235656596e+01
5.053478817542394097e+01
5.053531599839528354e+01
5.053602747122446459e+01
5.053642512957254951e+01
5.053697966734568325e+01
5.053753592173258369e+01
5.053809205293655538e+01
5.053869995673497328e+01
5.053921387195587300e+01
5.053976079225540019e+01
5.054031922022501533e+01
5.054139840602874756e+01
5.054164942900339952e+01
5.054208811918894639e+01
5.054253341356913154e+01
5.054309401909510058e+01
5.054400446017583448e+01
5.054427108764648580e+01
5.054476279815037998e+01
5.054533767700195312e+01
5.054586879412332934e+01
5.054668984015782485e+01
5.054699823458989272e+01
5.054756892919540689e+01
5.054809384346008017e+01
5.054865860541661249e+01
5.054935205380122198e+01
5.054987517197926650e+01
5.055032103061675741e+01
5.055087517499923422e+01
5.055142254034678473e+01
5.055201220512390137e+01
5.055254159371057909e+01
5.055309363206227857e+01
5.055365227460860922e+01
5.055469574133555000e+01
5.055505634148915561e+01
5.055533910989761637e+01
5.055729151964187906e+01
5.055753741661707323e+01
5.055812058051427016e+01
5.055865386327107558e+01
5.055922021865844584e+01
5.055999887386958136e+01
5.056033712228138910e+01
5.056089723507563605e+01
5.056145039796829366e+01
5.056199170748392646e+01
5.056263356208800985e+01
5.056309534311294840e+01
5.056364958683649746e+01
5.056420777638753350e+01
5.056476197242736959e+01
5.056536380449930590e+01
5.056593693892160957e+01
5.056643335819244101e+01
5.056698700586954942e+01
5.056794100205103604e+01
5.056814579963683798e+01
5.056864700317382955e+01
5.056920324961344448e+01
5.056976392269134379e+01
5.057067231337229174e+01
5.057096991936365526e+01
5.057144265572230069e+01
5.057199845314026021e+01
5.057253878116607382e+01
5.057333845297495856e+01
5.057365348736445299e+01
5.057423701286315776e+01
5.057477208773295274e+01
5.057531575759252007e+01
5.057603205045064243e+01
5.057642622788747389e+01
5.057699819405873853e+01
5.057753635247548374e+01
5.057809258699417398e+01
5.057878673871358188e+01
5.057920524676640639e+01
5.057988028128941949e+01
5.058031313419341757e+01
5.058127625783284742e+01
5.058145492474238125e+01
5.058201331297556891e+01
5.058253821531931749e+01
5.058309475978215630e+01
5.058395692110061503e+01
5.058421554962794175e+01
5.058475904067357476e+01
5.058531769116719801e+01
5.058587581713994297e+01
5.058674034277598253e+01
5.058702235619227139e+01
5.058754914999008179e+01
5.058813836574554301e+01
5.058864854176839287e+01
5.058936984141667637e+01
5.058976776997248237e+01
5.059032202561696323e+01
5.059087349971135694e+01
5.059142759243647447e+01
5.059203179677327711e+01
5.059258154233296523e+01
5.059309196074803339e+01
5.059365098873774258e+01
5.059493773380915371e+01
5.059510432879130093e+01
5.059542868534723681e+01
5.059589007695515761e+01
5.059643374284108575e+01
5.059734007517496934e+01
5.059755459626515517e+01
5.059847112894058085e+01
5.059865265687306390e+01
5.059920212030410624e+01
5.059995654026667466e+01
5.060032369295755927e+01
5.060087315638860161e+01
5.060142703453699653e+01
5.060198125839233541e+01
5.060266111294428271e+01
5.060320620536803915e+01
5.060365051825841221e+01
5.060420848528544013e+01
5.060476464827855381e+01
5.060536517699559766e+01
5.060587288538614814e+01
5.060642696619034098e+01
5.060698750813801894e+01
5.060798739592234341e+01
5.060821251471837456e+01
5.060864983797073080e+01
5.060920633077621744e+01
5.060987076759338521e+01
5.061062742471695231e+01
5.061093739271164083e+01
5.061145620743433682e+01
5.061198536554972094e+01
5.061253943840662828e+01
5.061329903205236036e+01
5.061369142532348775e+01
5.061431740125020440e+01
5.061484575668971075e+01
5.061532065471013198e+01
5.061612144311268935e+01
5.061644767125447686e+01
5.061698297659555834e+01
5.061753922700881958e+01
5.061809329589208062e+01
5.061867868105570523e+01
5.061920366287231587e+01
5.061976420879364014e+01
5.062032689253489082e+01
5.062152864933013774e+01
5.062202873627344957e+01
5.062223351001739502e+01
5.062256159782409526e+01
5.062309301694234165e+01
5.062400772571563579e+01
5.062433881759643839e+01
5.062480353911717401e+01
5.062531857093175347e+01
5.062587435642878120e+01
5.062669842243194296e+01
5.062698689301808486e+01
5.062754303216934204e+01
5.062809510231018351e+01
5.062865613698959066e+01
5.062941644986470635e+01
5.062993903557459419e+01
5.063033010164896552e+01
5.063089928229649672e+01
5.063143034776052076e+01
5.063203420241674024e+01
5.063260536193847372e+01
5.063310119708378920e+01
5.063374334176381097e+01
5.063466377258301065e+01
5.063486362298329624e+01
5.063535748322804864e+01
5.063600520690282281e+01
5.063643027941385810e+01
5.063730102380116449e+01
5.063759276866912984e+01
5.063812810579936041e+01
5.063865127166112501e+01
5.063920720020929878e+01
5.064008452494939405e+01
5.064033862352371074e+01
5.064095097382863031e+01
5.064162395397821825e+01
5.064203203121821417e+01
5.064269883235295566e+01
5.064309634764989454e+01
5.064365083376566901e+01
5.064420462449391636e+01
5.064475883245468424e+01
5.064538718859354560e+01
5.064587130546569682e+01
5.064642745256423950e+01
5.064699296951293661e+01
5.064795321623484625e+01
5.064817152818044121e+01
5.064865275621414042e+01
5.064921103318532403e+01
5.064976070324579638e+01
5.065066721439361430e+01
5.065100456873575752e+01
5.065143386920293267e+01
5.065198405583699781e+01
5.065253780285517138e+01
5.065335662762323921e+01
5.065365065336227701e+01
5.065420664548874186e+01
5.065491305589675619e+01
5.065532112518946661e+01
5.065601896444956509e+01
5.065647294521331645e+01
5.065698357025782173e+01
5.065753966172535883e+01
5.065809369484583868e+01
5.065875664154688707e+01
5.065927093823750482e+01
5.065976101557414069e+01
5.066031441291173110e+01
5.066140209436416342e+01
5.066166921854019023e+01
5.066216042439143052e+01
5.066254161198934014e+01
5.066312709649403700e+01
5.066396460930506151e+01
5.066428744395573602e+01
5.066476244926452921e+01
5.066531652212142944e+01
5.066587488651275351e+01
5.066674375931422247e+01
5.066700999736785604e+01
5.066760404904683668e+01
5.066809772253036215e+01
5.066865199406941400e+01
5.066930841604868618e+01
5.066976233720779277e+01
5.067031865119933798e+01
5.067089143991470479e+01
5.067143109242121568e+01
5.067216214736302504e+01
5.067261009216308310e+01
5.067309965689977247e+01
5.067364974021911905e+01
5.067461847464243618e+01
5.067497270107269003e+01
5.067538667519887241e+01
5.067587661743164062e+01
5.067642868359883579e+01
5.067740553617477417e+01
5.067761806646982592e+01
5.067809522549311652e+01
5.067873704036076532e+01
5.067920983235041632e+01
5.068007828791936475e+01
5.068034090598424513e+01
5.068087201118468954e+01
5.068143040736516269e+01
5.068207254012425977e+01
5.068270624876022623e+01
5.068321979840596470e+01
5.068365167776743618e+01
5.068420536915461128e+01
5.068476363023122389e+01
5.068535950581232896e+01
5.068586967388788622e+01
5.068642834822336596e+01
5.068699729442596436e+01
5.068798655271530151e+01
5.068819391727447510e+01
5.068865354458490913e+01
5.068920950492223199e+01
5.068976553281148512e+01
5.069075878858566142e+01
5.069094425042469965e+01
5.069147168397903158e+01
5.069199490547180176e+01
5.069254479408264302e+01
5.069339484771092685e+01
5.069368855158487719e+01
5.069420694112777426e+01
5.069476333061854234e+01
5.069532398780187066e+01
5.069601317644119121e+01
5.069642773866653584e+01
5.069699054559071527e+01
5.069754258791605395e+01
5.069809454282124506e+01
5.069870872894922798e+01
5.069921124378840460e+01
5.069976304372151787e+01
5.070031779209772793e+01
5.070141363938649448e+01
5.070171718994776455e+01
5.070204674800236688e+01
5.070254656473795762e+01
5.070310479799906744e+01
5.070403188467025757e+01
5.070443181196848315e+01
5.070478181838988974e+01
5.070531933705012051e+01
5.070587978760401171e+01
5.070668402512868056e+01
5.070702565511067661e+01
5.070754409233729376e+01
5.070809602737426758e+01
5.070865236918131558e+01
5.070933235883713053e+01
5.070976906220118252e+01
5.071032341718673564e+01
5.071087541580200053e+01
5.071142940918604580e+01
5.071202962795893399e+01
5.071253757874170986e+01
5.071313997109731275e+01
5.071365454991658339e+01
5.071465245882669848e+01
5.071485270659128730e+01
5.071552546024322794e+01
5.071587968269984259e+01
5.071643145084381388e+01
5.071729813416799004e+01
5.071754376888274862e+01
5.071809888283411993e+01
5.071865595181782993e+01
5.071920843124389933e+01
5.071998964548110678e+01
5.072034723758697794e+01
5.072107083400090488e+01
5.072144629160563056e+01
5.072207750876744825e+01
5.072280189990997457e+01
5.072312093973160074e+01
5.072366872231165758e+01
5.072421025435129849e+01
5.072481844822565478e+01
5.072541414499282553e+01
5.072587457497914443e+01
5.072643106778462396e+01
5.072698527574539185e+01
5.072795267105102823e+01
5.072821016709009712e+01
5.072875610987345141e+01
5.072927040259043707e+01
5.072976424296697218e+01
5.073067458868026591e+01
5.073089139064153130e+01
5.073142862717310919e+01
5.073199251492818007e+01
5.073261836767196797e+01
5.073353681961695116e+01
5.073376896381378032e+01
5.073420770168304728e+01
5.073476409117380825e+01
5.073544547557830953e+01
5.073610141674677720e+01
5.073648460308710639e+01
5.073701605796814107e+01
5.073754522403081069e+01
5.073810398976008429e+01
5.073868690729140951e+01
5.073924930493036811e+01
5.073976605335871426e+01
5.074031826655070176e+01
5.074132008155186924e+01
5.074178282022476338e+01
5.074209530750910346e+01
5.074255547126134047e+01
5.074309919277826708e+01
5.074396376212438042e+01
5.074423713684082315e+01
5.074479474623998243e+01
5.074531554778416620e+01
5.074587406317392890e+01
5.074680941899617181e+01
5.074702412684758457e+01
5.074754546085993212e+01
5.074810638030370313e+01
5.074865736166636054e+01
5.074931112925211352e+01
5.074976778825124057e+01
5.075031984647115024e+01
5.075087602138519571e+01
5.075143020153045370e+01
5.075205734173457017e+01
5.075254468123117846e+01
5.075310096343358168e+01
5.075365515549977857e+01
5.075473825534184869e+01
5.075482443571090840e+01
5.075555951197942051e+01
5.075597382386525425e+01
5.075643206834793375e+01
5.075740686655044698e+01
5.075760476589202597e+01
5.075812572638194098e+01
5.075865286588668823e+01
5.075921115875244283e+01
5.075996114810308057e+01
5.076032161712646484e+01
5.076087774038315104e+01
5.076142978270848261e+01
5.076211146910985406e+01
5.076275535424550611e+01
5.076311297019322666e+01
5.076368115743001397e+01
5.076421302556991577e+01
5.076476968129475864e+01
5.076539665063221918e+01
5.076589134534199843e+01
5.076643168131510464e+01
5.076698600053786947e+01
5.076798847119013658e+01
5.076826567252476963e+01
5.076865458885828986e+01
5.076921078761418471e+01
5.076977380514144755e+01
5.077062294483184957e+01
5.077095046043395854e+01
5.077145864566167432e+01
5.077199732462565152e+01
5.077254813114802090e+01
5.077333606878916328e+01
5.077374147176742269e+01
5.077421065966288438e+01
5.077477111021677558e+01
5.077537938356399394e+01
5.077609358628590996e+01
5.077643101215362265e+01
5.077698560555776197e+01
5.077755962610244467e+01
5.077810204029083252e+01
5.077877271175384521e+01
5.077921249071756904e+01
5.077978040774663526e+01
5.078041210969288954e+01
5.078144791126251079e+01
5.078171219031015937e+01
5.078203515211740893e+01
5.078254361152649210e+01
5.078309762875239386e+01
5.078408509890238776e+01
5.078426877260208272e+01
5.078480577468872070e+01
5.078532153367996216e+01
5.078587452967961724e+01
5.078663524786631456e+01
5.078698716163635396e+01
5.078754335641860962e+01
5.078809953133265509e+01
5.078865595261255805e+01
5.078933586676915724e+01
5.078976842959721694e+01
5.079032253026961996e+01
5.079087668657302856e+01
5.079143707354863579e+01
5.079202983776728075e+01
5.079258256355921475e+01
5.079309507608413554e+01
5.079365998109181390e+01
5.079465774695078295e+01
5.079480001529057631e+01
5.079554577668508131e+01
5.079600565433501913e+01
5.079653685092925741e+01
5.079729517698287822e+01
5.079754927555720201e+01
5.079811836083730014e+01
5.079865558147430704e+01
5.079921182791392198e+01
5.080000085433324131e+01
5.080033262968063212e+01
5.080093675057093350e+01
5.080144005616505609e+01
5.080261807441711142e+01
5.080283331473668085e+01
5.080333870649337769e+01
5.080375735759734823e+01
5.080422033866246778e+01
5.080476548274358350e+01
5.080535147190094136e+01
5.080587364832560127e+01
5.080643218755722046e+01
5.080698858499526693e+01
5.080794686079025269e+01
5.080815116167068624e+01
5.080865398645401143e+01
5.080920923948288248e+01
5.080976751645405898e+01
5.081066387891769409e+01
5.081092633803685743e+01
5.081143207152684482e+01
5.081198619604110434e+01
5.081254004637400357e+01
5.081335091193516718e+01
5.081366664171218872e+01
5.081422839959462578e+01
5.081481927235920892e+01
5.081539256572723673e+01
5.081607643365860127e+01
5.081643669207890923e+01
5.081698693434397285e+01
5.081754223505655688e+01
5.081809974511464389e+01
5.081866936683654501e+01
5.081921105384826376e+01
5.081976507504781182e+01
5.082032765547434394e+01
5.082145697673161777e+01
5.082167168458303053e+01
5.082210890849431451e+01
5.082254634300867480e+01
5.082312729756037584e+01
5.082400454282760904e+01
5.082422511974970547e+01
5.082476723988850864e+01
5.082532114585240635e+01
5.082587749163310065e+01
5.082664157549540107e+01
5.082700337171554850e+01
5.082754611571629511e+01
5.082809810638427450e+01
5.082866102854411139e+01
5.082942530711491713e+01
5.082976685365041192e+01
5.083032093445459765e+01
5.083087688684463501e+01
5.083143127759297641e+01
5.083207366466522359e+01
5.083254797458648966e+01
5.083310209512710287e+01
5.083365842103957988e+01
5.083473316033681044e+01
5.083477265040080084e+01
5.083533155123392788e+01
5.083587911526362291e+01
5.083643533786138136e+01
5.083732911745707383e+01
5.083762328624725058e+01
5.083810823758442865e+01
5.083872287670771328e+01
5.083928917646407797e+01
5.083996265331904141e+01
5.084032080173492574e+01
5.084088095823923936e+01
5.084144894282022875e+01
5.084198948939641127e+01
5.084271237452824721e+01
5.084309952259063436e+01
5.084365361531575189e+01
5.084421206315358432e+01
5.084476606845855429e+01
5.084534800450007452e+01
5.084587856531143046e+01
5.084643266201019429e+01
5.084699317216873027e+01
5.084800367752711026e+01
5.084819335540135654e+01
5.084865809281667026e+01
5.084922777016957696e+01
5.084977487325668477e+01
5.085062655210494853e+01
5.085097453196843276e+01
5.085145569245020880e+01
5.085199114084243632e+01
5.085254490772883429e+01
5.085332613786061273e+01
5.085421801805496500e+01
5.085477199951807847e+01
5.085532644987106465e+01
5.085607211192449029e+01
5.085647008021672377e+01
5.085699085394541186e+01
5.085754464864730551e+01
5.085809875726700113e+01
5.085876962741215834e+01
5.085920709768931403e+01
5.085976792573929117e+01
5.086032625039418775e+01
5.086128873427708896e+01
5.086143868366877285e+01
5.086209497849146288e+01
5.086270738442738804e+01
5.086310354073842177e+01
5.086395945549011088e+01
5.086422212918599683e+01
5.086477322578430460e+01
5.086532621383666708e+01
5.086591785748799310e+01
5.086662176052729478e+01
5.086719265778859267e+01
5.086754668951034830e+01
5.086809869209925239e+01
5.086865473588307651e+01
5.086938184499740601e+01
5.086976292928059706e+01
5.087032166322072158e+01
5.087087996800740797e+01
5.087144786516825690e+01
5.087212775548299248e+01
5.087254446744918823e+01
5.087321350971857470e+01
5.087365468740463115e+01
5.087465274333953857e+01
5.087488040129343858e+01
5.087557661135991083e+01
5.087593855460485059e+01
5.087647148768107286e+01
5.087734008232752814e+01
5.087760516007741529e+01
5.087810019652048510e+01
5.087865454753239902e+01
5.087921310265858921e+01
5.088007118701934672e+01
5.088039233684539653e+01
5.088088153998057095e+01
5.088143391609192179e+01
5.088199223279953287e+01
5.088282754023870069e+01
5.088311787446340162e+01
5.088375229040781988e+01
5.088421483834584791e+01
5.088477108478546285e+01
5.088535857597987189e+01
5.088587934970855997e+01
5.088643348614375128e+01
5.088699001073837280e+01
5.088799588680267050e+01
5.088822813034057901e+01
5.088868756691614692e+01
5.088921246528625630e+01
5.088976663351058960e+01
5.089067296187082690e+01
5.089088372389475268e+01
5.089143540461858350e+01
5.089199166695276944e+01
5.089254579941431444e+01
5.089330332676569668e+01
5.089367763201395434e+01
5.089420790672302530e+01
5.089476831356684272e+01
5.089539352258046279e+01
5.089609556198119833e+01
5.089648096958796231e+01
5.089699142773945795e+01
5.089754560391108384e+01
5.089810910224914409e+01
5.089879811207453741e+01
5.089921423196792460e+01
5.089978908697764126e+01
5.090032482147216797e+01
5.090128838618596063e+01
5.090150761206944452e+01
5.090202418565750264e+01
5.090254757801691454e+01
5.090313092072804579e+01
5.090395774046579902e+01
5.090421526034673150e+01
5.090476615826288764e+01
5.090533321301142422e+01
5.090588281949361260e+01
5.090673695007959765e+01
5.090699993371963217e+01
5.090754501819610311e+01
5.090809911092122064e+01
5.090866396029790053e+01
5.090936191082001017e+01
5.090977001190185547e+01
5.091032432715098111e+01
5.091088589032491285e+01
5.091144098043442057e+01
5.091203711430231493e+01
5.091254500150680684e+01
5.091311543782551752e+01
5.091366951465606405e+01
5.091462424993515157e+01
5.091484715541204054e+01
5.091546177069346157e+01
5.091588461399078369e+01
5.091644662221272455e+01
5.091734699805577691e+01
5.091758868694305562e+01
5.091810303131739346e+01
5.091865721146265855e+01
5.091921350161234727e+01
5.092001185417175435e+01
5.092047183116277154e+01
5.092088251908619867e+01
5.092143625815709385e+01
5.092211361328760688e+01
5.092274685700734693e+01
5.092310516039530199e+01
5.092365924914678033e+01
5.092421761751175069e+01
5.092478366295496528e+01
5.092534837325413832e+01
5.092588002284367832e+01
5.092643426259358819e+01
5.092700834274292276e+01
5.092806954781214301e+01
5.092818601528803413e+01
5.092874577840169081e+01
5.092924011945724772e+01
5.092989029089609687e+01
5.093069436947504869e+01
5.093088620106379238e+01
5.093143822352091377e+01
5.093199234406153408e+01
5.093254605929056567e+01
5.093332558870315552e+01
5.093365937074025140e+01
5.093421932856242051e+01
5.093478624820708944e+01
5.093534158468246176e+01
5.093617971340815131e+01
5.093654216527939127e+01
5.093715019623438423e+01
5.093754814465840752e+01
5.093813808759053785e+01
5.093873591820398872e+01
5.093921507994333808e+01
5.093977119525273878e+01
5.094032530784606649e+01
5.094134608904520434e+01
5.094157174030939927e+01
5.094228779474894253e+01
5.094257582426071451e+01
5.094310220877329698e+01
5.094400671720504903e+01
5.094423563480377481e+01
5.094477365811665948e+01
5.094533741474151611e+01
5.094587929646174018e+01
5.094664301474889356e+01
5.094700774351755967e+01
5.094754589398701938e+01
5.094810202916463027e+01
5.094865823189417853e+01
5.094938950538634970e+01
5.094980397621790758e+01
5.095032497644424296e+01
5.095087894201278544e+01
5.095143295923868720e+01
5.095200826327005927e+01
5.095254559914270942e+01
5.095311021804809570e+01
5.095366031726201328e+01
5.095467683076858378e+01
5.095486310323079238e+01
5.095534139871597290e+01
5.095590399106343682e+01
5.095655603011449131e+01
5.095735285679499071e+01
5.095759745438893873e+01
5.095812055269877305e+01
5.095867590904235556e+01
5.095921200116475092e+01
5.096000685691833354e+01
5.096036975383758261e+01
5.096088501214980937e+01
5.096143713394801011e+01
5.096199338833491055e+01
5.096272466580072802e+01
5.096310366392135904e+01
5.096365989049275669e+01
5.096421604951222406e+01
5.096477027734120924e+01
5.096536178986231391e+01
5.096593869527180942e+01
5.096643690665563042e+01
5.096699321667353644e+01
5.096797009706497050e+01
5.096815568606059088e+01
5.096865765253702563e+01
5.096922840277353828e+01
5.096977006196975424e+01
5.097073866923650343e+01
5.097097443342208578e+01
5.097143861452738633e+01
5.097213040192922051e+01
5.097255328496297011e+01
5.097330737511317267e+01
5.097375125487645420e+01
5.097427196900049751e+01
5.097477611700693956e+01
5.097532624403635992e+01
5.097613867521285869e+01
5.097646796305973993e+01
5.097734693288803243e+01
5.097754901250203119e+01
5.097810732126235678e+01
5.097873877684275357e+01
5.097921320994694838e+01
5.097976973056793071e+01
5.098033276796341084e+01
5.098147919575373521e+01
5.098169444402059014e+01
5.098234643936157084e+01
5.098280504544575820e+01
5.098311121861139839e+01
5.098402583201725946e+01
5.098434045314788676e+01
5.098479909499486240e+01
5.098532784779866489e+01
5.098588406642277704e+01
5.098665693998336934e+01
5.098699231147766397e+01
5.098755117654800273e+01
5.098810281753539897e+01
5.098866310914357314e+01
5.098942128419876241e+01
5.098976702690124796e+01
5.099040474891662456e+01
5.099088395436604770e+01
5.099143596887588359e+01
5.099206937948862617e+01
5.099255049228668213e+01
5.099310264984766405e+01
5.099366103410720541e+01
5.099461914698282783e+01
5.099478988250096734e+01
5.099532539844513224e+01
5.099589011669159078e+01
5.099643784761428833e+01
5.099736456871032431e+01
5.099759798049926474e+01
5.099812300205230997e+01
5.099866811434427660e+01
5.099928131103515483e+01
5.099995637734730991e+01
5.100033771197001187e+01
5.100088601509730069e+01
5.100143762032190864e+01
5.100199397007624214e+01
5.100270536740620742e+01
5.100316116809845113e+01
5.100366227229436333e+01
5.100428760846455845e+01
5.100478495756784980e+01
5.100537729660670294e+01
5.100588537454605387e+01
5.100644758542378554e+01
5.100699997345606818e+01
5.100801086028416620e+01
5.100821444193522325e+01
5.100866237878799581e+01
5.100921657482783189e+01
5.100994568268458096e+01
5.101067682107289869e+01
5.101093724568684706e+01
5.101147112051646104e+01
5.101199820439020982e+01
5.101255648136138632e+01
5.101332470178603984e+01
5.101373710234960157e+01
5.101421433687210083e+01
5.101481424967447964e+01
5.101532531976700113e+01
5.101616589625676568e+01
5.101653982798258369e+01
5.101699546178181777e+01
5.101754957834879889e+01
5.101810573736826626e+01
5.101871201197306505e+01
5.101921618382136359e+01
5.101977495352426928e+01
5.102036903699239190e+01
5.102129116853078017e+01
5.102153414487838745e+01
5.102199154297510830e+01
5.102259736458460537e+01
5.102310552199681837e+01
5.102407984733581259e+01
5.102428309520085747e+01
5.102477004925410142e+01
5.102532842159271098e+01
5.102589662472406928e+01
5.102663046121597290e+01
5.102699498335520190e+01
5.102754689852396552e+01
5.102810306946436469e+01
5.102866342862446913e+01
5.102933022181193223e+01
5.102976764043172153e+01
5.103032602469126289e+01
5.103088008562723843e+01
5.103146782318751207e+01
5.103206992546717657e+01
5.103259697357813707e+01
5.103314188321431288e+01
5.103367981115977159e+01
5.103466141621272101e+01
5.103501979112625264e+01
5.103546982208887783e+01
5.103590534925460531e+01
5.103644862969716200e+01
5.103736333052317065e+01
5.103756457567214966e+01
5.103813206752140985e+01
5.103866139252980361e+01
5.103921968142191901e+01
5.103999480406443467e+01
5.104032787879307875e+01
5.104088214238484511e+01
5.104143608013789191e+01
5.104200179576874064e+01
5.104268565177917338e+01
5.104311961332957281e+01
5.104365888039271226e+01
5.104421722888946533e+01
5.104477139314015943e+01
5.104534855286280504e+01
5.104588176806768018e+01
5.104643786350886359e+01
5.104704773028691278e+01
5.104795686006546163e+01
5.104813388586044454e+01
5.104877982934316094e+01
5.104921716054280267e+01
5.104977799654007242e+01
5.105076204140981133e+01
5.105096019903818672e+01
5.105145254532496324e+01
5.105199405352274766e+01
5.105256006320317397e+01
5.105335652033488003e+01
5.105374195973078599e+01
5.105421713987986010e+01
5.105477104187011861e+01
5.105532496372858731e+01
5.105609610080718852e+01
5.105649813016255933e+01
5.105699160893757949e+01
5.105755019982655796e+01
5.105810642639796271e+01
5.105870711406071649e+01
5.105922137498855307e+01
5.105977304379145210e+01
5.106032927433649604e+01
5.106133756637573384e+01
5.106161701679229736e+01
5.106199795405070319e+01
5.106269128719965522e+01
5.106310620307922221e+01
5.106401654084523756e+01
5.106422539949416972e+01
5.106481239398320326e+01
5.106532674630482660e+01
5.106588116884231709e+01
5.106687453190485826e+01
5.106709761619568155e+01
5.106754749218622891e+01
5.106810375054677564e+01
5.106866492033005045e+01
5.106941042741139825e+01
5.106977682511011807e+01
5.107033102512359335e+01
5.107088302771250454e+01
5.107143689791361396e+01
5.107203294833501417e+01
5.107255174318949287e+01
5.107310381333033433e+01
5.107370177110036025e+01
5.107473709185918409e+01
5.107479370435078891e+01
5.107532663345337198e+01
5.107588709195454868e+01
5.107643680175145562e+01
5.107744321823120259e+01
5.107756175597508985e+01
5.107810331980387275e+01
5.107875771522522257e+01
5.107922023534774780e+01
5.108007222016652094e+01
5.108036222855250230e+01
5.108089442650476997e+01
5.108144733111063829e+01
5.108200360933939521e+01
5.108266829649607388e+01
5.108311400016148696e+01
5.108366386095682543e+01
5.108421788613001269e+01
5.108477415243784492e+01
5.108544305562973165e+01
5.108588426510493008e+01
5.108643835385640131e+01
5.108699254592259820e+01
5.108800499836603848e+01
5.108826990922292310e+01
5.108866152366002211e+01
5.108922243515650763e+01
5.108981195688247823e+01
5.109068441390991211e+01
5.109092456897099765e+01
5.109144273996353292e+01
5.109199678500493036e+01
5.109255108833313130e+01
5.109332791566848897e+01
5.109366134007771620e+01
5.109421741962432861e+01
5.109477370580037103e+01
5.109532785813014044e+01
5.109619062344233242e+01
5.109651190837224277e+01
5.109699669679005751e+01
5.109755082527796333e+01
5.109810454845428751e+01
5.109870485067367696e+01
5.109921303987503194e+01
5.109977160294850762e+01
5.110036940574646280e+01
5.110148190259933187e+01
5.110159672896067207e+01
5.110210659901301256e+01
5.110256685813268263e+01
5.110328605175018168e+01
5.110414641698201166e+01
5.110423192580540785e+01
5.110477352539698614e+01
5.110532974402109829e+01
5.110589352051417222e+01
5.110671232938766195e+01
5.110702099800109721e+01
5.110758172273635580e+01
5.110810667673747076e+01
5.110866059462229316e+01
5.110935881535212388e+01
5.110977332592010214e+01
5.111032990217209004e+01
5.111088337500890333e+01
5.111145372390747355e+01
5.111211927334467475e+01
5.111260902484257684e+01
5.111310409307479574e+01
5.111366059780120708e+01
5.111465849479039747e+01
5.111489611864089966e+01
5.111532932122548090e+01
5.111588558753331313e+01
5.111655857165654737e+01
5.111734601259231425e+01
5.111759398380915087e+01
5.111810627381007066e+01
5.111866043806075766e+01
5.111921634276708204e+01
5.112000193993250718e+01
5.112032742897669380e+01
5.112088741064071939e+01
5.112143948475520006e+01
5.112199364900588705e+01
5.112279743353526129e+01
5.112310826381047235e+01
5.112366027037302985e+01
5.112421840031941400e+01
5.112477253278096612e+01
5.112538806994756158e+01
5.112588717937469340e+01
5.112644135157267300e+01
5.112700283924738898e+01
5.112801653146743774e+01
5.112813682953516548e+01
5.112867656151453843e+01
5.112923014561335577e+01
5.112978689670562460e+01
5.113067307074864942e+01
5.113090139627456665e+01
5.113145795265833726e+01
5.113199975490569926e+01
5.113255156675974433e+01
5.113334540923436577e+01
5.113367285331090528e+01
5.113421836296717515e+01
5.113477436701456469e+01
5.113533067703247070e+01
5.113602088292439873e+01
5.113647281328837124e+01
5.113706783453623217e+01
5.113755119641621860e+01
5.113810321092605449e+01
5.113868250846862651e+01
5.113922018210093512e+01
5.113977432648341193e+01
5.114044773976008429e+01
5.114133047262827603e+01
5.114175548553466655e+01
5.114201389551162436e+01
5.114255944887796801e+01
5.114310760895411079e+01
5.114395959774653022e+01
5.114428217808405464e+01
5.114486995935440206e+01
5.114535076220830234e+01
5.114589871962865431e+01
5.114665921131769721e+01
5.114706125259399272e+01
5.114755519231160719e+01
5.114811607201894361e+01
5.114873852729797221e+01
5.114934274752934584e+01
5.114977595011393419e+01
5.115032799243927286e+01
5.115088632504145494e+01
5.115144039392471598e+01
5.115235280195872036e+01
5.115255729357401293e+01
5.115310901403427124e+01
5.115366110801696919e+01
5.115481746991475376e+01
5.115492833455403598e+01
5.115533006191253662e+01
5.115588610966999994e+01
5.115656119982401862e+01
5.115733820994694980e+01
5.115755700667698846e+01
5.115820501248041552e+01
5.115866730610529345e+01
5.115921945174535068e+01
5.115995691219965380e+01
5.116033189296722128e+01
5.116088592211405484e+01
5.116144223213196085e+01
5.116199839512507452e+01
5.116267832914988389e+01
5.116328821182251119e+01
5.116367129484812182e+01
5.116422123908996866e+01
5.116477326552072924e+01
5.116535526116688715e+01
5.116588582992553569e+01
5.116643985509872294e+01
5.116699858109156196e+01
5.116801822980244907e+01
5.116840074857076104e+01
5.116880454619725782e+01
5.116922577619552470e+01
5.116981609662374098e+01
5.117063150803247851e+01
5.117088769276936944e+01
5.117151068051656182e+01
5.117199802796046271e+01
5.117255632082621020e+01
5.117332308689753262e+01
5.117366886536280646e+01
5.117427297035852973e+01
5.117477499246597006e+01
5.117533120711644301e+01
5.117600022554397299e+01
5.117667266527811876e+01
5.117699778477351202e+01
5.117755407889683994e+01
5.117810821930567755e+01
5.117868954737981113e+01
5.117922077178955220e+01
5.117977538506190172e+01
5.118037303686141826e+01
5.118148106733958258e+01
5.118174568812052172e+01
5.118200817108154155e+01
5.118255159457524428e+01
5.118315403858820645e+01
5.118399774630864130e+01
5.118440595865249776e+01
5.118478119770686163e+01
5.118532880544662333e+01
5.118588710228602423e+01
5.118688295682271416e+01
5.118714982271194458e+01
5.118755637407302572e+01
5.118811015288034838e+01
5.118866427342096870e+01
5.118932675123214437e+01
5.118977659543354974e+01
5.119033281405766900e+01
5.119088902473449565e+01
5.119144521951675131e+01
5.119203917980193808e+01
5.119255373080571303e+01
5.119310973087946337e+01
5.119366397857665874e+01
5.119466383457184122e+01
5.119494538704554287e+01
5.119533889691035000e+01
5.119594109853108677e+01
5.119647657473881708e+01
5.119731213649114210e+01
5.119767030080159742e+01
5.119810979366302206e+01
5.119866138299305902e+01
5.119921549956004014e+01
5.119999497731526361e+01
5.120039330323537285e+01
5.120089529355367119e+01
5.120144278208415045e+01
5.120199902455011909e+01
5.120263254642486572e+01
5.120313462018966533e+01
5.120367436408996298e+01
5.120422619581222534e+01
5.120479693810145250e+01
5.120542393128076952e+01
5.120601567029952861e+01
5.120644694169362054e+01
5.120700697104135912e+01
5.120755783716837328e+01
5.120815318425496088e+01
5.120866552988687914e+01
5.120922379096349175e+01
5.120977350473403789e+01
5.121069391568502027e+01
5.121089471181233677e+01
5.121145420471827236e+01
5.121201448837916104e+01
5.121256237824757562e+01
5.121331963141759047e+01
5.121367164452870924e+01
5.121421713431676181e+01
5.121477571328480849e+01
5.121533182064692369e+01
5.121611785491307245e+01
5.121678621371587070e+01
5.121707154115041050e+01
5.121755468448002802e+01
5.121811082363128520e+01
5.121871082782745077e+01
5.121926066080729356e+01
5.121977754036585395e+01
5.122033176422119283e+01
5.122140456040700229e+01
5.122155670722325738e+01
5.122199836572011122e+01
5.122255450487136841e+01
5.122311080694198893e+01
5.122396514813105028e+01
5.122424835364024176e+01
5.122479039827982916e+01
5.122533826430638726e+01
5.122604812383652018e+01
5.122667938868205084e+01
5.122707849740982056e+01
5.122767527103424356e+01
5.122810844580332201e+01
5.122866690556208624e+01
5.122939393917719286e+01
5.122978436549504266e+01
5.123034505446752007e+01
5.123089176416397095e+01
5.123144383033116611e+01
5.123204424778620591e+01
5.123255172570546279e+01
5.123310586214065410e+01
5.123371047576268467e+01
5.123462274074554301e+01
5.123485654989878668e+01
5.123534433444341119e+01
5.123588741620381626e+01
5.123647079865137499e+01
5.123738117218017862e+01
5.123761852184931342e+01
5.123811013698578165e+01
5.123866646289825155e+01
5.123922058343887187e+01
5.124004732767740933e+01
5.124033636252085699e+01
5.124088693459828647e+01
5.124144100745518671e+01
5.124199751218159804e+01
5.124272491931915141e+01
5.124340187311172201e+01
5.124373722076416016e+01
5.124422018527984335e+01
5.124480368693669874e+01
5.124543725649515835e+01
5.124589120149612143e+01
5.124644126097361152e+01
5.124699953794479512e+01
5.124799540042877055e+01
5.124826617240906046e+01
5.124866611162821783e+01
5.124922236601511827e+01
5.124978539148966661e+01
5.125062645276387485e+01
5.125092295805612963e+01
5.125146172046661519e+01
5.125200625260671217e+01
5.125255336364110548e+01
5.125334095954895020e+01
5.125366384188334479e+01
5.125426976283391411e+01
5.125477838118870721e+01
5.125534006754557481e+01
5.125597227017085089e+01
5.125648662249247423e+01
5.125700344244638984e+01
5.125755536556243896e+01
5.125810954173405776e+01
5.125871475934982158e+01
5.125927200317382670e+01
5.125978374878565802e+01
5.126033030351003106e+01
5.126129277149836128e+01
5.126150855223337999e+01
5.126201475858688639e+01
5.126255725224812920e+01
5.126322603623072638e+01
5.126410304307937338e+01
5.126434857050578131e+01
5.126477576891581123e+01
5.126534318129221646e+01
5.126591311693191244e+01
5.126669933795928813e+01
5.126699644724528326e+01
5.126755301952361776e+01
5.126811119715372911e+01
5.126876685221989760e+01
5.126935356458027826e+01
5.126980494658152310e+01
5.127033198277155890e+01
5.127088820934295654e+01
5.127144443194071499e+01
5.127206592559814169e+01
5.127255477905273295e+01
5.127310898701350084e+01
5.127367771863937662e+01
5.127467140356699815e+01
5.127488367954889981e+01
5.127540474335352627e+01
5.127590808868408345e+01
5.127660026947657457e+01
5.127733606100082397e+01
5.127755876382192213e+01
5.127812757492065288e+01
5.127866709232330322e+01
5.127922133207321309e+01
5.128003331025441724e+01
5.128040665785471930e+01
5.128088993231455817e+01
5.128154410918553907e+01
5.128200457096099996e+01
5.128269413709640645e+01
5.128311077753702563e+01
5.128368368148803569e+01
5.128422310352325297e+01
5.128477735916773383e+01
5.128538403113682875e+01
5.128590352932612006e+01
5.128644386529922627e+01
5.128704224824905111e+01
5.128796513080597208e+01
5.128821469148000034e+01
5.128872994979222710e+01
5.128922505378723429e+01
5.128978149493535454e+01
5.129066674311955865e+01
5.129091895421345981e+01
5.129145536422729634e+01
5.129200206200281542e+01
5.129256459474563457e+01
5.129329365094502435e+01
5.129370205799738613e+01
5.129422278006871494e+01
5.129477669000625895e+01
5.129533795913060601e+01
5.129599579175313551e+01
5.129680824677149786e+01
5.129701038201650221e+01
5.129755166769027852e+01
5.129811927080154277e+01
5.129868068695068217e+01
5.129922256072362075e+01
5.129977669715881206e+01
5.130033297141392978e+01
5.130143082539240851e+01
5.130152866442998061e+01
5.130202440420786303e+01
5.130255800485610962e+01
5.130312856435775615e+01
5.130401614904403829e+01
5.130422494411468648e+01
5.130477671225865777e+01
5.130533064603805826e+01
5.130588670969009257e+01
5.130665540695190430e+01
5.130699912309646749e+01
5.130755349000295240e+01
5.130811183055241997e+01
5.130866593122482300e+01
5.130929536024729742e+01
5.130977607568105014e+01
5.131033232609431138e+01
5.131088651816050117e+01
5.131144298712412422e+01
5.131207928657531880e+01
5.131260754664739210e+01
5.131315124034881592e+01
5.131366789340972900e+01
5.131468029419581001e+01
5.131487645308176582e+01
5.131547191540400377e+01
5.131588859558105753e+01
5.131657614707946635e+01
5.131739669243494717e+01
5.131767413616180562e+01
5.131811351776123331e+01
5.131866552035013740e+01
5.131922604242960517e+01
5.132008435726165629e+01
5.132035098870595391e+01
5.132089263598124518e+01
5.132146261135736864e+01
5.132200298309326314e+01
5.132272579272588331e+01
5.132315545082092001e+01
5.132376289367675781e+01
5.132422161499659552e+01
5.132477997144063409e+01
5.132541366418202955e+01
5.132589307626088271e+01
5.132645833492279053e+01
5.132700268824895318e+01
5.132799442211786811e+01
5.132818723917007731e+01
5.132866526842117594e+01
5.132922620375951084e+01
5.132977969646454142e+01
5.133062146504720147e+01
5.133102047046025262e+01
5.133145678043365479e+01
5.133200040658314833e+01
5.133256396452586046e+01
5.133341186443964688e+01
5.133368608554204116e+01
5.133422134717305596e+01
5.133478161096572734e+01
5.133533590237299649e+01
5.133607105811437066e+01
5.133644399245579848e+01
5.133703367312749322e+01
5.133755444685618130e+01
5.133811058203379218e+01
5.133870655298233032e+01
5.133922318617502611e+01
5.133977951208750312e+01
5.134037732283274380e+01
5.134129611253738545e+01
5.134150010347366333e+01
5.134200009107589580e+01
5.134255645672480028e+01
5.134311266342798774e+01
5.134417102336883687e+01
5.134440452655156406e+01
5.134488555590311876e+01
5.134533312718073716e+01
5.134588747421900479e+01
5.134662679831186693e+01
5.134699762264887823e+01
5.134760414361953451e+01
5.134811039368311469e+01
5.134867496490478800e+01
5.134934174617131220e+01
5.134978109995524420e+01
5.135033742586771410e+01
5.135088920593261719e+01
5.135144553581873339e+01
5.135205156803131388e+01
5.135262482166289999e+01
5.135311229228973673e+01
5.135366642077763544e+01
5.135472270647684923e+01
5.135495613416036065e+01
5.135537426074346001e+01
5.135589400529861592e+01
5.135647266308466641e+01
5.135749976237615044e+01
5.135775141716003134e+01
5.135817862351735386e+01
5.135866710344950548e+01
5.135922655661900649e+01
5.136014531056085985e+01
5.136037937005360732e+01
5.136107864777247300e+01
5.136144736607869277e+01
5.136200371980667256e+01
5.136265325546264648e+01
5.136315998633702407e+01
5.136367467641830586e+01
5.136422226428985738e+01
5.136477852662404331e+01
5.136538695096969320e+01
5.136589852571487569e+01
5.136644508838653422e+01
5.136700143416722852e+01
5.136795968612035068e+01
5.136834067106246948e+01
5.136868683497110766e+01
5.136922421852747789e+01
5.136978049278259562e+01
5.137066785891850884e+01
5.137094087203343662e+01
5.137144461075465074e+01
5.137199884255726801e+01
5.137255503336588447e+01
5.137330373922983995e+01
5.137367659409840570e+01
5.137422361771265855e+01
5.137477781375249464e+01
5.137533446550369121e+01
5.137600700457890923e+01
5.137648902734120782e+01
5.137715735832850328e+01
5.137755720615386679e+01
5.137811344067255703e+01
5.137873024940491007e+01
5.137928613026937086e+01
5.137977776527404927e+01
5.138033424218495782e+01
5.138138502041498867e+01
5.138164737621943345e+01
5.138199948469797818e+01
5.138257282972335815e+01
5.138314669926960931e+01
5.138408030668894355e+01
5.138448203802109049e+01
5.138480064471562514e+01
5.138533170223236368e+01
5.138589236736297750e+01
5.138673169215520176e+01
5.138706949949264668e+01
5.138761854569117560e+01
5.138812898794810025e+01
5.138867140611012729e+01
5.138930682738622124e+01
5.138978433609008789e+01
5.139033599694570142e+01
5.139089214007059780e+01
5.139144845008850382e+01
5.139202949206034532e+01
5.139258166948954454e+01
5.139311282237370904e+01
5.139366918802261353e+01
5.139468994935353408e+01
5.139492659171422417e+01
5.139538648525874009e+01
5.139589402278264174e+01
5.139644606510798042e+01
5.139741286436716905e+01
5.139768540859222412e+01
5.139813775618871006e+01
5.139866888125737177e+01
5.139922314087549893e+01
5.140002728303273472e+01
5.140040636459986700e+01
5.140089404582977295e+01
5.140145679712295390e+01
5.140199995438258185e+01
5.140268130699793403e+01
5.140313278834025112e+01
5.140367302497227797e+01
5.140422515869140341e+01
5.140479974746703817e+01
5.140539505481719829e+01
5.140589806238810411e+01
5.140644764502842889e+01
5.140700170596440444e+01
5.140800320704777704e+01
5.140829161802927416e+01
5.140867543220520020e+01
5.140923160711924567e+01
5.140977870225906088e+01
5.141062657833099081e+01
5.141091404755910332e+01
5.141146128575007168e+01
5.141202023029327250e+01
5.141256011724472330e+01
5.141340651512145854e+01
5.141367255051930840e+01
5.141422645250955981e+01
5.141477874914804858e+01
5.141533261934916510e+01
5.141597847938537313e+01
5.141645050843556675e+01
5.141699951092402188e+01
5.141755785544713575e+01
5.141811196406682427e+01
5.141892627080281386e+01
5.141933673620223999e+01
5.141977840662002563e+01
5.142035988966623705e+01
5.142133698066075453e+01
5.142144744793574063e+01
5.142220559517542711e+01
5.142264520327250210e+01
5.142311594883600634e+01
5.142419591347376695e+01
5.142430024147033407e+01
5.142479501565297539e+01
5.142533437013626241e+01
5.142592894236246792e+01
5.142664080858230591e+01
5.142699891328811646e+01
5.142755714257557997e+01
5.142811341683069770e+01
5.142866547505060737e+01
5.142939060529072748e+01
5.142978249390920098e+01
5.143033858935038438e+01
5.143089061975479126e+01
5.143144666751225458e+01
5.143206976254781182e+01
5.143256011803944716e+01
5.143312193155288981e+01
5.143367867867151944e+01
5.143466671307881910e+01
5.143487783273061353e+01
5.143533636331558512e+01
5.143591055472691664e+01
5.143647173643112325e+01
5.143735895156860494e+01
5.143771793444951612e+01
5.143811486959457113e+01
5.143867173989613661e+01
5.143922558625538954e+01
5.143999886910120978e+01
5.144040495157241821e+01
5.144089652299881266e+01
5.144145596822102817e+01
5.144200702508290846e+01
5.144265684684117446e+01
5.144311505556106567e+01
5.144378456274668565e+01
5.144423531293868734e+01
5.144477968613306729e+01
5.144545311530431064e+01
5.144595477183659682e+01
5.144645319382349413e+01
5.144700273672739854e+01
5.144796094497044692e+01
5.144821294546127177e+01
5.144867335557937338e+01
5.144922527472178331e+01
5.144978167215982978e+01
5.145069202184676982e+01
5.145102127790450908e+01
5.145144621133804463e+01
5.145200231870015273e+01
5.145256545543670512e+01
5.145334826707839682e+01
5.145371074676513956e+01
5.145422719319661553e+01
5.145478443702062066e+01
5.145533539454142158e+01
5.145597399870554511e+01
5.145647929906844809e+01
5.145718820492426460e+01
5.145756060282389655e+01
5.145811439355214389e+01
5.145867917140324721e+01
5.145923133691152174e+01
5.145977894465128344e+01
5.146033304929733276e+01
5.146132965485254829e+01
5.146150877873103013e+01
5.146205649773279589e+01
5.146256034374236776e+01
5.146311879952748569e+01
5.146405214071273804e+01
5.146446505387623915e+01
5.146484361886977865e+01
5.146533740758896158e+01
5.146589349110921319e+01
5.146666620969772055e+01
5.146700174808502481e+01
5.146755802234013544e+01
5.146811422506968370e+01
5.146867057879765639e+01
5.146936007738113261e+01
5.146978302001953409e+01
5.147034438053766792e+01
5.147089545329411919e+01
5.147144761085510112e+01
5.147202883561452325e+01
5.147260592381159228e+01
5.147311385075251167e+01
5.147371285359064785e+01
5.147467237313588129e+01
5.147482834259668749e+01
5.147535279194514146e+01
5.147590913772582866e+01
5.147644501924514771e+01
5.147758398850758965e+01
5.147794321378071913e+01
5.147820385694503642e+01
5.147873663504918085e+01
5.147922844489415439e+01
5.148002220392227457e+01
5.148040344317754347e+01
5.148089303175608222e+01
5.148144700527191020e+01
5.148200738430023193e+01
5.148269939819972052e+01
5.148311824798584269e+01
5.148388040860493930e+01
5.148427211046218588e+01
5.148483868439992506e+01
5.148541977405547954e+01
5.148598491350809780e+01
5.148654879331589029e+01
5.148700739542643134e+01
5.148800003131230341e+01
5.148828845818837152e+01
5.148866963783900275e+01
5.148930306831995551e+01
5.148978932301203315e+01
5.149080524444580220e+01
5.149092385768890523e+01
5.149145294427871988e+01
5.149200287659962783e+01
5.149255918661753384e+01
5.149336752096812120e+01
5.149367630481719971e+01
5.149434036811192783e+01
5.149478205045064527e+01
5.149534509181976460e+01
5.149602967103322015e+01
5.149645283619562974e+01
5.149701161781946723e+01
5.149756106535593858e+01
5.149811765352885118e+01
5.149880258242288988e+01
5.149922545750936109e+01
5.149987150828043525e+01
5.150034231344859137e+01
5.150145086050033427e+01
5.150200947523116923e+01
5.150257474581400885e+01
5.150311513344446723e+01
5.150400523344675463e+01
5.150458800792694092e+01
5.150478600660959927e+01
5.150534207026164069e+01
5.150590794086456015e+01
5.150668359994888590e+01
5.150700888633728169e+01
5.150756511688232564e+01
5.150811485846837456e+01
5.150867319504420294e+01
5.150932968854904459e+01
5.150980865557988153e+01
5.151034868955612467e+01
5.151089396476745463e+01
5.151145238081614508e+01
5.151206709146499918e+01
5.151256054639816284e+01
5.151311716238657823e+01
5.151367727915445727e+01
5.151467020511627481e+01
5.151503587563832554e+01
5.151534215211868428e+01
5.151589591105778965e+01
5.151645549138387281e+01
5.151741268634796000e+01
5.151761264403661045e+01
5.151818762222925585e+01
5.151867281993229852e+01
5.151922459204991611e+01
5.152007280985514370e+01
5.152033966779708862e+01
5.152090246677398966e+01
5.152145021359125820e+01
5.152200628916422431e+01
5.152269219160079672e+01
5.152313937346140449e+01
5.152372899055480815e+01
5.152422648270924554e+01
5.152478059132894117e+01
5.152543338537216044e+01
5.152589546442031576e+01
5.152645181417464926e+01
5.152704338630040581e+01
5.152801627318064703e+01
5.152818607489268032e+01
5.152867270310719761e+01
5.152923049926757670e+01
5.152978272040684971e+01
5.153074109156926141e+01
5.153099128007888652e+01
5.153145044644673334e+01
5.153200137217839227e+01
5.153255980809529291e+01
5.153337302605311265e+01
5.153367446263631280e+01
5.153424111207326064e+01
5.153478236595789497e+01
5.153534101247787191e+01
5.153608500162760464e+01
5.153644682168960856e+01
5.153707627058029317e+01
5.153755936225255141e+01
5.153811592658360752e+01
5.153873055775959955e+01
5.153923038244247579e+01
5.153978490829467773e+01
5.154035469690958848e+01
5.154132829904555990e+01
5.154166997273762973e+01
5.154200954039891514e+01
5.154257543087005899e+01
5.154311577479044360e+01
5.154407418966293619e+01
5.154448033571243570e+01
5.154479074080784784e+01
5.154533857107162476e+01
5.154589687188466485e+01
5.154666221936543735e+01
5.154700510899225918e+01
5.154756137132644511e+01
5.154811796744664321e+01
5.154867164293924731e+01
5.154935513734817221e+01
5.154978460470835699e+01
5.155034255584080682e+01
5.155089661677678237e+01
5.155145136515299242e+01
5.155209087530771939e+01
5.155256085395812704e+01
5.155311503807703843e+01
5.155370916525522773e+01
5.155463032722472860e+01
5.155489104588826166e+01
5.155538101593653266e+01
5.155590069691340460e+01
5.155644855499267720e+01
5.155735699733098443e+01
5.155765099128087314e+01
5.155821311076481805e+01
5.155867356459300055e+01
5.155922518571217950e+01
5.155995639165242750e+01
5.156034225225448608e+01
5.156090380350748603e+01
5.156146098375320719e+01
5.156202722787857340e+01
5.156267370382944648e+01
5.156312930583953857e+01
5.156391303539275839e+01
5.156429989735285346e+01
5.156479584376017300e+01
5.156539257764816142e+01
5.156589608987172113e+01
5.156646492878596177e+01
5.156700654427210395e+01
5.156799624363581103e+01
5.156828831434249594e+01
5.156867531935373705e+01
5.156922937631607340e+01
5.156978394985198833e+01
5.157062929868698120e+01
5.157092300653457784e+01
5.157145221233368204e+01
5.157201049327850484e+01
5.157256298859913812e+01
5.157333548466364448e+01
5.157382422685623169e+01
5.157424503962199225e+01
5.157478961547215590e+01
5.157533953189849996e+01
5.157596682310104086e+01
5.157645415067672445e+01
5.157703132629394815e+01
5.157756448984146402e+01
5.157811867396036831e+01
5.157873535950978550e+01
5.157923104365666944e+01
5.157978529930115030e+01
5.158034152189890875e+01
5.158140581846237183e+01
5.158159975210825365e+01
5.158201413551966397e+01
5.158256227175395026e+01
5.158313272396723193e+01
5.158412024180094591e+01
5.158458895683288858e+01
5.158496039311091153e+01
5.158533891439437724e+01
5.158589542309443488e+01
5.158663983345032022e+01
5.158701202472050795e+01
5.158756185770035074e+01
5.158813704649607246e+01
5.158867865403492914e+01
5.158939754168192593e+01
5.158978699048360284e+01
5.159033876260121332e+01
5.159089732964833530e+01
5.159145158529281616e+01
5.159205993413925029e+01
5.159256596167882236e+01
5.159311581452687534e+01
5.159368018309275072e+01
5.159465759992599487e+01
5.159485222498575752e+01
5.159540555477142476e+01
5.159589709440867011e+01
5.159645614624023580e+01
5.159753481547037524e+01
5.159774135351180746e+01
5.159812839031219767e+01
5.159867619276046469e+01
5.159923043648402086e+01
5.160001974105834677e+01
5.160035003026326450e+01
5.160089690287907871e+01
5.160144862333933702e+01
5.160200519561767862e+01
5.160279783010482646e+01
5.160311987002690870e+01
5.160367398262023642e+01
5.160435122648875250e+01
5.160481967926025249e+01
5.160540992021560669e+01
5.160589670737584100e+01
5.160645506381988667e+01
5.160701136589050009e+01
5.160801130135853754e+01
5.160828892389933031e+01
5.160880473454793105e+01
5.160923207203547491e+01
5.160980043808618944e+01
5.161067378520965576e+01
5.161094162066777358e+01
5.161144842704137403e+01
5.161207134723663614e+01
5.161256318092345907e+01
5.161335926055907919e+01
5.161367797851562500e+01
5.161441952387492194e+01
5.161494466463724962e+01
5.161534650723139350e+01
5.161606967449188232e+01
5.161647136608759467e+01
5.161708352963129443e+01
5.161756722132364672e+01
5.161811756690342889e+01
5.161873777707418043e+01
5.161923380692800123e+01
5.161978595654169766e+01
5.162034421364466397e+01
5.162132941881815640e+01
5.162159357865651543e+01
5.162207127014796271e+01
5.162256496349970547e+01
5.162311449050903178e+01
5.162396353483200073e+01
5.162433595657348917e+01
5.162488400936126709e+01
5.162533993323643955e+01
5.162589818636576666e+01
5.162677081425984937e+01
5.162707097530365274e+01
5.162756257851918207e+01
5.162811697324116977e+01
5.162867499987284248e+01
5.162931265036264961e+01
5.162978556950886855e+01
5.163034168084462294e+01
5.163089794715245517e+01
5.163145424524942939e+01
5.163209396203358637e+01
5.163257134358088507e+01
5.163313458363214892e+01
5.163369753360748149e+01
5.163462900718052850e+01
5.163490595022837226e+01
5.163534154097239082e+01
5.163595613241195537e+01
5.163645405769348429e+01
5.163732699950536187e+01
5.163757164875666206e+01
5.163811865250269761e+01
5.163867479562759399e+01
5.163922894795735630e+01
5.163997240066528605e+01
5.164035035371780680e+01
5.164089316527049078e+01
5.164145374695460333e+01
5.164201723734537808e+01
5.164281625350316318e+01
5.164312254190444662e+01
5.164373698631922593e+01
5.164423919916153238e+01
5.164480999310811171e+01
5.164540263017018873e+01
5.164589740832646925e+01
5.164645165205001831e+01
5.164701411326726088e+01
5.164795987208684380e+01
5.164823311567306519e+01
5.164868896007537558e+01
5.164923066298167242e+01
5.164978511333465860e+01
5.165062425931294854e+01
5.165090549786885532e+01
5.165145564476649298e+01
5.165200972159703241e+01
5.165256589651107788e+01
5.165335090160370157e+01
5.165367837349573676e+01
5.165423462390899800e+01
5.165479012727737285e+01
5.165534065564473565e+01
5.165595744053522509e+01
5.165645135243733677e+01
5.165700748364130845e+01
5.165790751775105605e+01
5.165859942038854058e+01
5.165870131651560371e+01
5.165922999382019043e+01
5.165978466272353842e+01
5.166037994623184204e+01
5.166129489342371528e+01
5.166149434645970473e+01
5.166202511390050489e+01
5.166257923046747891e+01
5.166313140789667813e+01
5.166400919755299981e+01
5.166436825195948046e+01
5.166482580502827915e+01
5.166534258921941358e+01
5.166591322819392218e+01
5.166676080226898193e+01
5.166707128683726324e+01
5.166756094296773227e+01
5.166813206672668457e+01
5.166868046522140645e+01
5.166946925719579298e+01
5.166978596448898031e+01
5.167034013668695991e+01
5.167091021140416274e+01
5.167146444320678711e+01
5.167210818529129313e+01
5.167257909377416070e+01
5.167313727537791124e+01
5.167367775042851719e+01
5.167472766637801840e+01
5.167491882642109857e+01
5.167534424861272413e+01
5.167589604457219110e+01
5.167646060784657891e+01
5.167734193404515253e+01
5.167756971120834208e+01
5.167817947467167983e+01
5.167867751121521280e+01
5.167922961314518915e+01
5.168000212907791280e+01
5.168034616311391005e+01
5.168090438048044888e+01
5.168145445585250997e+01
5.168200837771097866e+01
5.168273950815201090e+01
5.168312636216481337e+01
5.168367732365926059e+01
5.168435654640197896e+01
5.168479404052098403e+01
5.168548942009608282e+01
5.168590051730473789e+01
5.168653970956802368e+01
5.168701056241989278e+01
5.168796017169952250e+01
5.168812322219212518e+01
5.168867707649867071e+01
5.168923102617263510e+01
5.168979330062866495e+01
5.169065663814544820e+01
5.169097496668497627e+01
5.169147444566090854e+01
5.169201036691665507e+01
5.169257071812947402e+01
5.169334237972895352e+01
5.169367897510528564e+01
5.169423313538233344e+01
5.169478499492009149e+01
5.169534357786178447e+01
5.169604562520980551e+01
5.169660180409749017e+01
5.169701011578241889e+01
5.169760196208953573e+01
5.169812045097351216e+01
5.169883718490600444e+01
5.169923086563746040e+01
5.169979376792907999e+01
5.170034341812133505e+01
5.170132652918497485e+01
5.170153708457947062e+01
5.170201411644617906e+01
5.170256830453872965e+01
5.170316183567047119e+01
5.170406623681386549e+01
5.170459750096003404e+01
5.170482467015584405e+01
5.170533871253331171e+01
5.170589712460835585e+01
5.170675123135249152e+01
5.170703456799189013e+01
5.170756587187449327e+01
5.170812227328618604e+01
5.170867634216944708e+01
5.170937038660049723e+01
5.170987210671106737e+01
5.171034502585728632e+01
5.171089683771133139e+01
5.171145337820053101e+01
5.171208592255910474e+01
5.171257253885269023e+01
5.171312882900237895e+01
5.171371573209762573e+01
5.171462823947270948e+01
5.171482623020808234e+01
5.171534489393233969e+01
5.171591063737869121e+01
5.171645288070043023e+01
5.171740518411000664e+01
5.171771234671275153e+01
5.171814269224802985e+01
5.171867811282475458e+01
5.171924179395039545e+01
5.172002174059549873e+01
5.172034467458725260e+01
5.172089885870615689e+01
5.172145515680313110e+01
5.172201126019160000e+01
5.172266615231831821e+01
5.172311956882477091e+01
5.172368427117665846e+01
5.172426343361536993e+01
5.172478835980097500e+01
5.172543633778889927e+01
5.172590276400248399e+01
5.172646653652191162e+01
5.172701094150543355e+01
5.172800035079320224e+01
5.172826795975367276e+01
5.172894848187764438e+01
5.172941325902938559e+01
5.172978589932123583e+01
5.173069235881169448e+01
5.173091576099395894e+01
5.173145468632380073e+01
5.173202468951543409e+01
5.173256715536117412e+01
5.173342047532399590e+01
5.173382359743118286e+01
5.173423370122909404e+01
5.173480163017908495e+01
5.173534392118453695e+01
5.173608374198277460e+01
5.173653581937153945e+01
5.173701074918110976e+01
5.173756900231043687e+01
5.173812526861826910e+01
5.173878650665282919e+01
5.173923342625300137e+01
5.173978758653004917e+01
5.174034623305002611e+01
5.174136519034703241e+01
5.174152304331461494e+01
5.174202268123626425e+01
5.174273542563120287e+01
5.174312298695246426e+01
5.174399856726328295e+01
5.174428300062815111e+01
5.174488542477289599e+01
5.174534590641657417e+01
5.174591371218363633e+01
5.174668757518132622e+01
5.174707249800363940e+01
5.174756450255711826e+01
5.174812283913294664e+01
5.174867666959762857e+01
5.174932458798090806e+01
5.174980403184891031e+01
5.175036612749099874e+01
5.175089536507924493e+01
5.175145604610442973e+01
5.175210592746734761e+01
5.175257280667622695e+01
5.175312269131342902e+01
5.175383507808049188e+01
5.175466554562250820e+01
5.175492043097813877e+01
5.175534549951553487e+01
5.175590175390243530e+01
5.175646549860636725e+01
5.175769021908442369e+01
5.175783819357554449e+01
5.175832841396331929e+01
5.175872050921122280e+01
5.175924113194147935e+01
5.176000743707020746e+01
5.176040345430374146e+01
5.176091575622558594e+01
5.176145553986231818e+01
5.176202561457952100e+01
5.176268094380696283e+01
5.176312020619710097e+01
5.176368048191070415e+01
5.176423461039860996e+01
5.176484095255533902e+01
5.176539319753646851e+01
5.176590123176574565e+01
5.176645552317301480e+01
5.176700932582219394e+01
5.176796375513076498e+01
5.176830136378605829e+01
5.176874079704284526e+01
5.176923872232437418e+01
5.176979289849599297e+01
5.177069290081659858e+01
5.177093947331110968e+01
5.177155030965805338e+01
5.177201571067174513e+01
5.177256554762522711e+01
5.177335324287414409e+01
5.177373842398325365e+01
5.177424070437749037e+01
5.177479280233383463e+01
5.177534679969151910e+01
5.177605492273966803e+01
5.177645539840062128e+01
5.177701346874236776e+01
5.177756321827570929e+01
5.177862393856048584e+01
5.177878630161285400e+01
5.177923426230748305e+01
5.177980211178461900e+01
5.178034867842992384e+01
5.178132572174072124e+01
5.178153840700785082e+01
5.178201950391133579e+01
5.178258355458577711e+01
5.178313795725504320e+01
5.178396518230438517e+01
5.178423405090968146e+01
5.178486547072728285e+01
5.178534644444783197e+01
5.178590053717295660e+01
5.178673036495844428e+01
5.178704611857732232e+01
5.178756522337595669e+01
5.178811906576156332e+01
5.178867950042089063e+01
5.178929181893666822e+01
5.178978775342305596e+01
5.179034626086552606e+01
5.179090251127878730e+01
5.179145665963491041e+01
5.179204386472702026e+01
5.179256890217462939e+01
5.179311888217925741e+01
5.179367713928222372e+01
5.179462736447651849e+01
5.179494208892186435e+01
5.179535027742385722e+01
5.179589996337890767e+01
5.179645652770996378e+01
5.179734400113423476e+01
5.179786287943522183e+01
5.179818403720855713e+01
5.179868594408035420e+01
5.179923554261525709e+01
5.179996172587076586e+01
5.180034586985905776e+01
5.180090880791346564e+01
5.180145632028579428e+01
5.180201671123504781e+01
5.180273145834605231e+01
5.180316367944081435e+01
5.180368659098942885e+01
5.180423301855723395e+01
5.180527497927347724e+01
5.180549580653508457e+01
5.180589767694473124e+01
5.180645584265391079e+01
5.180702484448750766e+01
5.180799136559168261e+01
5.180820460716883247e+01
5.180873777866363383e+01
5.180928070942560737e+01
5.180979137818018643e+01
5.181073945760726929e+01
5.181096838315328057e+01
5.181146028041839458e+01
5.181201215585073072e+01
5.181256837844848917e+01
5.181336625814437724e+01
5.181374170382817823e+01
5.181423549254735406e+01
5.181478910843531338e+01
5.181534506479898994e+01
5.181603275140126641e+01
5.181645786364872919e+01
5.181702372233073106e+01
5.181756608088811333e+01
5.181871700684229864e+01
5.181902410189310615e+01
5.181929886738459601e+01
5.181980564594268657e+01
5.182035404046376215e+01
5.182131600379943848e+01
5.182156024376551073e+01
5.182201595703760688e+01
5.182256591320037842e+01
5.182312628428141466e+01
5.182401164372762281e+01
5.182423913081486688e+01
5.182481222550074307e+01
5.182534921169281006e+01
5.182591494719187608e+01
5.182664043108622565e+01
5.182701132694879931e+01
5.182756750583648397e+01
5.182812176148096484e+01
5.182868025700251025e+01
5.182936364809672369e+01
5.182987829049428541e+01
5.183034451405207221e+01
5.183090072472889887e+01
5.183146264155706007e+01
5.183221345742543207e+01
5.183268229564031060e+01
5.183312605619430258e+01
5.183368223508198724e+01
5.183484668731689737e+01
5.183515714009602959e+01
5.183549253543218072e+01
5.183590966860453619e+01
5.183660938342412550e+01
5.183734715382258429e+01
5.183758626778920586e+01
5.183814663887024210e+01
5.183867991367976202e+01
5.183923614025115967e+01
5.184001421928405762e+01
5.184034412304560391e+01
5.184090033372243056e+01
5.184145895640055102e+01
5.184201314449310161e+01
5.184262142976125176e+01
5.184312768777211744e+01
5.184367954730987549e+01
5.184423366387684950e+01
5.184533187548319688e+01
5.184549072980880879e+01
5.184594013690948344e+01
5.184645638465881490e+01
5.184704830249150831e+01
5.184795871973037862e+01
5.184814215898514078e+01
5.184867719014485488e+01
5.184923573732375957e+01
5.184978999694188673e+01
5.185066067775090204e+01
5.185094215869903422e+01
5.185145866076151577e+01
5.185201480786005845e+01
5.185257567167282389e+01
5.185355433225631572e+01
5.185373154878616475e+01
5.185423773527145386e+01
5.185479188362757696e+01
5.185535011688867968e+01
5.185602518717448106e+01
5.185646050373713223e+01
5.185701461633046705e+01
5.185756676991780267e+01
5.185812509854634555e+01
5.185878815253575880e+01
5.185923296610514655e+01
5.185978923241297167e+01
5.186034337282180928e+01
5.186140392621358330e+01
5.186158387263616021e+01
5.186207716067632134e+01
5.186256852149963237e+01
5.186312262614568169e+01
5.186395820379257060e+01
5.186429982185363485e+01
5.186480809052785190e+01
5.186534758806228496e+01
5.186590595642725532e+01
5.186672486066818522e+01
5.186703771352767944e+01
5.186764116287231730e+01
5.186812789440155314e+01
5.186869258880615519e+01
5.186929596662521647e+01
5.186979129711787095e+01
5.187034744421641363e+01
5.187090367078781128e+01
5.187146979967753424e+01
5.187209815979004190e+01
5.187261410156885688e+01
5.187313077847162646e+01
5.187368500232696533e+01
5.187462441126505297e+01
5.187483116388320781e+01
5.187537229855855259e+01
5.187590351104736186e+01
5.187645978530247959e+01
5.187733066082000732e+01
5.187758696476618780e+01
5.187832232713699199e+01
5.187874721686045376e+01
5.187924093802769931e+01
5.187998568614323602e+01
5.188034720420837687e+01
5.188090336322784424e+01
5.188145961364110548e+01
5.188201798200607584e+01
5.188274709781011040e+01
5.188320508003234721e+01
5.188368028402328491e+01
5.188424073457717611e+01
5.188536019325256632e+01
5.188558308283487719e+01
5.188607408603032667e+01
5.188647184769312304e+01
5.188701138893762987e+01
5.188808624744414999e+01
5.188833868900935187e+01
5.188867998123168945e+01
5.188924073378245083e+01
5.188979245821634834e+01
5.189069677988688056e+01
5.189091349840164469e+01
5.189146144390106485e+01
5.189201556046803887e+01
5.189256734053294196e+01
5.189329304695129252e+01
5.189368622700373379e+01
5.189424045483271186e+01
5.189479027191797655e+01
5.189535084168116441e+01
5.189614426294962612e+01
5.189655491511027208e+01
5.189701540072758945e+01
5.189757355451583720e+01
5.189813249905903803e+01
5.189894645214080526e+01
5.189927433331807549e+01
5.189980113506317139e+01
5.190034847259521200e+01
5.190129433870315268e+01
5.190147132476170810e+01
5.190201287666956631e+01
5.190256895621617872e+01
5.190312548875808574e+01
5.190396299362182475e+01
5.190424425601959513e+01
5.190496527353922573e+01
5.190535241365432739e+01
5.190590668121974005e+01
5.190663119157155592e+01
5.190703160365422519e+01
5.190757532914479810e+01
5.190812942186991563e+01
5.190868147214253980e+01
5.190936489899953443e+01
5.190983995199203349e+01
5.191035020351409912e+01
5.191090420881906908e+01
5.191146055459976338e+01
5.191207243601481025e+01
5.191256896654764574e+01
5.191321268479029527e+01
5.191367923816044794e+01
5.191486874818802022e+01
5.191510397990544590e+01
5.191539877255757318e+01
5.191590207417805658e+01
5.191645826896031934e+01
5.191735405524571689e+01
5.191760829687118672e+01
5.191827051242192681e+01
5.191867878834406724e+01
5.191924126148224161e+01
5.192007070382435785e+01
5.192035191456476895e+01
5.192089955806731894e+01
5.192145988941192769e+01
5.192202811638514248e+01
5.192266576290130331e+01
5.192313098112742153e+01
5.192368098894755235e+01
5.192423513333002916e+01
5.192533732652664469e+01
5.192564121484756612e+01
5.192597377300262451e+01
5.192646634976069464e+01
5.192705368995666504e+01
5.192798873186111308e+01
5.192819549640019972e+01
5.192868065834045410e+01
5.192923895915349419e+01
5.192979110081990513e+01
5.193078062534332417e+01
5.193100370566050117e+01
5.193145772616068712e+01
5.193202487627664965e+01
5.193257019122441420e+01
5.193330795367558750e+01
5.193368276755015245e+01
5.193425089518229498e+01
5.193479093313217021e+01
5.193534929752350138e+01
5.193614094654719082e+01
5.193653675715128770e+01
5.193701790968577114e+01
5.193757416804631788e+01
5.193813300530116095e+01
5.193883153597514024e+01
5.193923428455988756e+01
5.193980247974396036e+01
5.194035100142161099e+01
5.194138871828715054e+01
5.194156003793080600e+01
5.194201789299646776e+01
5.194258790016174032e+01
5.194312814474105977e+01
5.194396158854166856e+01
5.194426118532816616e+01
5.194489599068959507e+01
5.194548021554946615e+01
5.194590517679850450e+01
5.194662154515584263e+01
5.194703572988510132e+01
5.194758772055308071e+01
5.194814172188441148e+01
5.194869592984517226e+01
5.194939648310343472e+01
5.194979226986567511e+01
5.195035149256388252e+01
5.195090688864389961e+01
5.195146593650181899e+01
5.195205714702606059e+01
5.195257153113683302e+01
5.195315489371617446e+01
5.195368850231170654e+01
5.195464289188385010e+01
5.195480484565099033e+01
5.195536482731501593e+01
5.195590476195017260e+01
5.195646111567815240e+01
5.195732821226120279e+01
5.195759869019190802e+01
5.195821293989817491e+01
5.195875048637390137e+01
5.195923782984415595e+01
5.195996476809183662e+01
5.196035710175831923e+01
5.196090218623479018e+01
5.196146302620569912e+01
5.196201707919438917e+01
5.196265879869461202e+01
5.196316126982370776e+01
5.196368167002995619e+01
5.196424187819162910e+01
5.196529163916905958e+01
5.196547674338022915e+01
5.196591277122497843e+01
5.196647100845972744e+01
5.196702102025349745e+01
5.196821250518163282e+01
5.196828144391377435e+01
5.196869613726934034e+01
5.196924178997675625e+01
5.196980965932210239e+01
5.197067282994588311e+01
5.197091062863668043e+01
5.197146055301030287e+01
5.197201670805613105e+01
5.197257291475931851e+01
5.197336852153141962e+01
5.197367892662683886e+01
5.197423718372980517e+01
5.197479581038157193e+01
5.197534990310668945e+01
5.197603758573531962e+01
5.197647258838017592e+01
5.197702060540517266e+01
5.197757046222686483e+01
5.197817702293396280e+01
5.197886454264322964e+01
5.197931433916092203e+01
5.197987481355666972e+01
5.198042094310124384e+01
5.198129398822784708e+01
5.198167435328165453e+01
5.198201417922973633e+01
5.198257263104120796e+01
5.198312881390253892e+01
5.198398917516072260e+01
5.198427235682805048e+01
5.198480177323023810e+01
5.198535149494806973e+01
5.198590357303619669e+01
5.198662458658218100e+01
5.198713704744974962e+01
5.198757030566533643e+01
5.198814441760381300e+01
5.198870066801706713e+01
5.198934256633122430e+01
5.198995065291722284e+01
5.199035566647847162e+01
5.199091969331105645e+01
5.199146167437235277e+01
5.199224307537078715e+01
5.199262219270070062e+01
5.199312847057978360e+01
5.199368260304132860e+01
5.199474928776422900e+01
5.199501347541809082e+01
5.199547173579534132e+01
5.199606998364130561e+01
5.199648699760437154e+01
5.199736789862314623e+01
5.199766426483790127e+01
5.199819277524947836e+01
5.199868847926457960e+01
