5.000066830317179267e+01
5.000122485558191698e+01
5.000177666743596205e+01
5.000233265161514140e+01
5.000288916031519904e+01
5.000344747304916382e+01
5.000399927298227709e+01
5.000458705425262451e+01
5.000511205196380615e+01
5.000568254788716871e+01
5.000622441768646098e+01
5.000678073962529169e+01
5.000733280181884766e+01
5.000789521137873095e+01
5.000844316879908291e+01
5.000899941523869785e+01
5.000955773989359443e+01
5.001011168956756592e+01
5.001067543824513706e+01
5.001122219562530802e+01
5.001178023417790541e+01
5.001233985821406236e+01
5.001289078791936049e+01
5.001344570318858018e+01
5.001399897734324185e+01
5.001455963850021647e+01
5.001511838038762647e+01
5.001566584904988844e+01
5.001622412204742574e+01
5.001678242286046583e+01
5.001733470757802280e+01
5.001788843472798618e+01
5.001846576929092691e+01
5.001900314490000454e+01
5.001955734888712612e+01
5.002015540997187060e+01
5.002067182064056539e+01
5.002133969863255913e+01
5.002177574237187940e+01
5.002233418226241923e+01
5.002288844585418559e+01
5.002346107562382826e+01
5.002400079965591573e+01
5.002455498377482002e+01
5.002511118650436117e+01
5.002566999594370856e+01
5.002622573375701620e+01
5.002677986224492201e+01
5.002733460664749288e+01
5.002788825035095499e+01
5.002844452063242642e+01
5.002900062799453451e+01
5.002956390380859375e+01
5.003011110623677382e+01
5.003066735665003506e+01
5.003122149308522637e+01
5.003177767197291104e+01
5.003233374357223795e+01
5.003288995424906460e+01
5.003344422976176276e+01
5.003399823506673272e+01
5.003455884059270176e+01
5.003511295715967577e+01
5.003570651213328091e+01
5.003622339169184130e+01
5.003677758375803819e+01
5.003734969695408807e+01
5.003789203166961386e+01
5.003844405810038154e+01
5.003900008598963467e+01
5.003955873648325792e+01
5.004011064370472894e+01
5.004066700140635504e+01
5.004122085968653266e+01
5.004177706638972012e+01
5.004233328501383227e+01
5.004288767178853448e+01
5.004344815810521396e+01
5.004400229851405157e+01
5.004455405871073737e+01
5.004511238336563395e+01
5.004566660722096572e+01
5.004622517824172689e+01
5.004679096539815220e+01
5.004734517335892008e+01
5.004792692263921339e+01
5.004844796657562256e+01
5.004900220235188613e+01
5.004955864747365268e+01
5.005011454820633077e+01
5.005066661834716513e+01
5.005122499068578179e+01
5.005177917877833238e+01
5.005233326752980361e+01
5.005288948615392286e+01
5.005344781875610494e+01
5.005399966239929199e+01
5.005455783605575704e+01
5.005512276887893819e+01
5.005567066272099908e+01
5.005622476736704840e+01
5.005678101778030253e+01
5.005733737150828233e+01
5.005788904825846686e+01
5.005844527482986450e+01
5.005900359153747559e+01
5.005957170724868632e+01
5.006011204322179253e+01
5.006067526737849249e+01
5.006122242212295248e+01
5.006177849769592569e+01
5.006233492294947496e+01
5.006288913091023574e+01
5.006347463528314989e+01
5.006400370995203986e+01
5.006455555359522691e+01
5.006511176824569986e+01
5.006566590070724487e+01
5.006622651815414571e+01
5.006678295930226597e+01
5.006733686923980997e+01
5.006789319117864068e+01
5.006844519774119107e+01
5.006900349855423116e+01
5.006955761512120517e+01
5.007015981276830274e+01
5.007066784302393359e+01
5.007123387257258429e+01
5.007181603908539103e+01
5.007235521872838291e+01
5.007289707263310419e+01
5.007344499429066786e+01
5.007400128444035659e+01
5.007455956935882568e+01
5.007511585950851440e+01
5.007567212184270034e+01
5.007622386614481513e+01
5.007678211927414225e+01
5.007733627955119005e+01
5.007788842121760098e+01
5.007844696442285937e+01
5.007903885444004999e+01
5.007955708901087633e+01
5.008011353015899658e+01
5.008066977659861152e+01
5.008122573693593438e+01
5.008178248405456401e+01
5.008233644167582099e+01
5.008289470672607280e+01
5.008345374266306749e+01
5.008400299946467271e+01
5.008456132809320849e+01
5.008511548042297079e+01
5.008566962083180840e+01
5.008622381687164449e+01
5.008677959044774042e+01
5.008733623425165860e+01
5.008789304097493300e+01
5.008844871918360298e+01
5.008900283972422329e+01
5.008955903450647895e+01
5.009011522531509542e+01
5.009067402283350390e+01
5.009126707315444804e+01
5.009179786443710469e+01
5.009233710368474135e+01
5.009288782676060947e+01
5.009344611962636407e+01
5.009400267998377387e+01
5.009455883502960205e+01
5.009511295557022237e+01
5.009568842252095777e+01
5.009623277982075962e+01
5.009678378899891982e+01
5.009733797311783121e+01
5.009789203008016045e+01
5.009844589630763068e+01
5.009900225798288886e+01
5.009955875078836840e+01
5.010012501875559821e+01
5.010067768891652662e+01
5.010122953255971368e+01
5.010178623199463033e+01
5.010235730806986254e+01
5.010290826559067057e+01
5.010345086654027114e+01
5.010400410095850532e+01
5.010456064542134413e+01
5.010511238574981974e+01
5.010566866397857666e+01
5.010622690121332568e+01
5.010681273539861280e+01
5.010734022458394321e+01
5.010789386431375902e+01
5.010844796498616205e+01
5.010901704629262099e+01
5.010956043004989624e+01
5.011011460224787584e+01
5.011066847642262445e+01
5.011122258504232008e+01
5.011177885532379150e+01
5.011233737866083970e+01
5.011290581226349161e+01
5.011344993511836066e+01
5.011400162378946987e+01
5.011455785433451382e+01
5.011511865059534898e+01
5.011574163834254136e+01
5.011622497638066420e+01
5.011678527196248467e+01
5.011734870672226094e+01
5.011789351304371820e+01
5.011844743092854770e+01
5.011900166273117208e+01
5.011955995162328037e+01
5.012011427084605231e+01
5.012067517439524522e+01
5.012122453053792270e+01
5.012178715467452861e+01
5.012238297859827441e+01
5.012289540767669394e+01
5.012344956795374884e+01
5.012400348583857124e+01
5.012456681728362895e+01
5.012511889537175591e+01
5.012567942539850918e+01
5.012622683842976556e+01
5.012679862578709589e+01
5.012733685970306396e+01
5.012789310614267890e+01
5.012844950755437168e+01
5.012900331020355083e+01
5.012955764929453295e+01
5.013016701141993536e+01
5.013066978454590128e+01
5.013122394879658827e+01
5.013178246815999017e+01
5.013233887751896845e+01
5.013289076884587558e+01
5.013344699144363403e+01
5.013400329351425455e+01
5.013456207911173834e+01
5.013512520790099813e+01
5.013576366504033643e+01
5.013623246749241957e+01
5.013678035736084126e+01
5.013734541336695116e+01
5.013794121742248677e+01
5.013845119078953871e+01
5.013900313377380513e+01
5.013955913782119467e+01
5.014011731147765971e+01
5.014066940546035767e+01
5.014122563203175531e+01
5.014178244670232232e+01
5.014233638842900831e+01
5.014289474884669318e+01
5.014344888528187738e+01
5.014400297005970941e+01
5.014456132650375508e+01
5.014511549075444208e+01
5.014567715724309238e+01
5.014622771739959717e+01
5.014678415457407823e+01
5.014734999338785570e+01
5.014789244731267104e+01
5.014845748742421705e+01
5.014900251626968242e+01
5.014955699443817139e+01
5.015011536677678095e+01
5.015066939989726080e+01
5.015122565825780043e+01
5.015179650783538534e+01
5.015234290758768765e+01
5.015289645989735590e+01
5.015349129835764330e+01
5.015400938193003100e+01
5.015455863078435073e+01
5.015511718193690172e+01
5.015567103624344014e+01
5.015622532367706299e+01
5.015678153038025044e+01
5.015733580191930230e+01
5.015789647499720161e+01
5.015845034122467183e+01
5.015901390314102315e+01
5.015956281423568441e+01
5.016011693477630473e+01
5.016067108710606703e+01
5.016122740507125854e+01
5.016179119348525717e+01
5.016233764092127245e+01
5.016289609273274408e+01
5.016344814300536825e+01
5.016400437752405850e+01
5.016456060806910244e+01
5.016511470874150547e+01
5.016567332744598673e+01
5.016622277100881178e+01
5.016678551832834643e+01
5.016735840241114630e+01
5.016789615948994907e+01
5.016845006148020758e+01
5.016900848150253012e+01
5.016956243912378710e+01
5.017011244297027872e+01
5.017067686319351338e+01
5.017122682332992412e+01
5.017178112665812506e+01
5.017233741283416748e+01
5.017290789683659824e+01
5.017344981829325690e+01
5.017400413354237543e+01
5.017456029256184991e+01
5.017511903047561361e+01
5.017567027012507452e+01
5.017622658411661973e+01
5.017678099870681763e+01
5.017733686765034662e+01
5.017789555788040445e+01
5.017844969034194946e+01
5.017901062170664517e+01
5.017956321239471151e+01
5.018011829853058003e+01
5.018067288398742676e+01
5.018122671047846239e+01
5.018178294102350634e+01
5.018233694632848341e+01
5.018290768861770346e+01
5.018345157702763970e+01
5.018400621016819940e+01
5.018460379044214648e+01
5.018511815865834791e+01
5.018567268053690356e+01
5.018622864882151191e+01
5.018679111798603998e+01
5.018733661174773886e+01
5.018789335091909010e+01
5.018845143715540758e+01
5.018900558948516988e+01
5.018955938418706353e+01
5.019011816581090102e+01
5.019067638715107904e+01
5.019123054742813395e+01
5.019178462028503418e+01
5.019233889579773233e+01
5.019294513861338203e+01
5.019345121781031338e+01
5.019400770664215372e+01
5.019455947875976420e+01
5.019511591990788446e+01
5.019567432006200391e+01
5.019623035987218174e+01
5.019678490161895468e+01
5.019734077056249077e+01
5.019789664347966607e+01
5.019847810665766730e+01
5.019900518258412347e+01
5.019955912828445577e+01
5.020011532306671143e+01
5.020069468816121372e+01
5.020122805833816670e+01
5.020178427298863966e+01
5.020234314203262471e+01
5.020289247035979940e+01
5.020344858566920010e+01
5.020400500297546387e+01
5.020456339518229072e+01
5.020511953830718710e+01
5.020567425886790147e+01
5.020623000860214091e+01
5.020678205490112589e+01
5.020737369855245191e+01
5.020789856115977301e+01
5.020845068693161295e+01
5.020900489886602003e+01
5.020956106583277290e+01
5.021011520226796421e+01
5.021067622105280748e+01
5.021123445828755649e+01
5.021178388595581055e+01
5.021237763563792100e+01
5.021290314594904913e+01
5.021345521211624430e+01
5.021400456825892178e+01
5.021456081469853672e+01
5.021511712869008193e+01
5.021567361752192227e+01
5.021623431046803887e+01
5.021678574879964430e+01
5.021734478076299268e+01
5.021790293852487963e+01
5.021845712661743022e+01
5.021900458335876749e+01
5.021956071058909288e+01
5.022011691331863403e+01
5.022066873709361090e+01
5.022122708956400317e+01
5.022178361415863179e+01
5.022234016259510980e+01
5.022289399305979174e+01
5.022345226208368985e+01
5.022400860786437704e+01
5.022456938028335571e+01
5.022511680126190470e+01
5.022567103703816827e+01
5.022626259724299302e+01
5.022678776979446269e+01
5.022734388907750258e+01
5.022789585987727179e+01
5.022845848004023139e+01
5.022900652090708462e+01
5.022956040700276503e+01
5.023017702897389825e+01
5.023068882624308173e+01
5.023122905492782309e+01
5.023178100188572870e+01
5.023233717282612787e+01
5.023289368549982470e+01
5.023345203002293857e+01
5.023400826454162882e+01
5.023456237713495653e+01
5.023511625925699775e+01
5.023567570050557407e+01
5.023623736302057807e+01
5.023678518136342319e+01
5.023734140793482794e+01
5.023789748350779405e+01
5.023846646547317363e+01
5.023900831143061652e+01
5.023956647316614976e+01
5.024015801747639642e+01
5.024067934354146558e+01
5.024123507340748773e+01
5.024178289969761835e+01
5.024234130779902330e+01
5.024289747873942247e+01
5.024344935417175151e+01
5.024400894641875936e+01
5.024456179539362921e+01
5.024511610666910855e+01
5.024567233721415249e+01
5.024623061815897529e+01
5.024678270022074145e+01
5.024733866453171061e+01
5.024789497852325582e+01
5.024844900369644307e+01
5.024900546471278062e+01
5.024957439899444722e+01
5.025012487967808994e+01
5.025067195494969496e+01
5.025122814178466513e+01
5.025178437232970907e+01
5.025233851273854668e+01
5.025289693276087633e+01
5.025346263647079326e+01
5.025401471455892022e+01
5.025456836620966783e+01
5.025512660741806314e+01
5.025570538043975688e+01
5.025622827609380039e+01
5.025678654909133769e+01
5.025734076499939107e+01
5.025789462327956869e+01
5.025845100879669047e+01
5.025900512933731079e+01
5.025956347783406386e+01
5.026011763413747246e+01
5.026067186991373603e+01
5.026123012701670234e+01
5.026178413232167230e+01
5.026234255234400194e+01
5.026290087699889853e+01
5.026345293919245449e+01
5.026400731007257860e+01
5.026456337769825922e+01
5.026511741081873907e+01
5.026567801237106181e+01
5.026622782548268731e+01
5.026678419113159180e+01
5.026734249989191738e+01
5.026792558431625224e+01
5.026845799287160332e+01
5.026900904575983731e+01
5.026956561009089341e+01
5.027011721928914056e+01
5.027067561546961372e+01
5.027123913367589125e+01
5.027178812424342169e+01
5.027234953641891479e+01
5.027289849917094244e+01
5.027345257600148187e+01
5.027400883436202861e+01
5.027456297477086622e+01
5.027511709531147943e+01
5.027567366758982104e+01
5.027623625596364576e+01
5.027678364912669196e+01
5.027734018564224527e+01
5.027789835532506402e+01
5.027845457792282247e+01
5.027900877793629775e+01
5.027956483761469286e+01
5.028014004627863898e+01
5.028067531585693217e+01
5.028123151858647333e+01
5.028179004589716783e+01
5.028233998219172207e+01
5.028289795716603550e+01
5.028345011075337823e+01
5.028400662342707506e+01
5.028457491397857382e+01
5.028513464132944932e+01
5.028567326863606723e+01
5.028622938394546793e+01
5.028678542375564575e+01
5.028734384377797539e+01
5.028789767424265733e+01
5.028845185438792242e+01
5.028900622526804653e+01
5.028956219355265489e+01
5.029012078444163336e+01
5.029067477782567153e+01
5.029123326142629224e+01
5.029178738991419806e+01
5.029233951171239170e+01
5.029289775689442621e+01
5.029345155159632696e+01
5.029400601784388414e+01
5.029456192255020142e+01
5.029511846303940104e+01
5.029572101434072096e+01
5.029623760779698927e+01
5.029678716262181837e+01
5.029734116792678833e+01
5.029789732297261651e+01
5.029846063057581773e+01
5.029902648528416620e+01
5.029958261251449869e+01
5.030013626416523920e+01
5.030068681637445849e+01
5.030123069286346293e+01
5.030178685983022291e+01
5.030234113136927476e+01
5.030289745330810547e+01
5.030345360438028735e+01
5.030401411056518413e+01
5.030456619660059658e+01
5.030512022177378384e+01
5.030568887790044386e+01
5.030624220371246480e+01
5.030678876638412333e+01
5.030734095573425435e+01
5.030793656508127754e+01
5.030845110416412069e+01
5.030900761286417833e+01
5.030956388711929606e+01
5.031011801163355557e+01
5.031067436933517456e+01
5.031124850114186842e+01
5.031178474028904901e+01
5.031234732468922743e+01
5.031289909680684502e+01
5.031345307429631220e+01
5.031400754451751567e+01
5.031456356445948330e+01
5.031511761744817335e+01
5.031567614078521444e+01
5.031623013416925971e+01
5.031678632100422988e+01
5.031734071969985678e+01
5.031789897680282309e+01
5.031845517158508585e+01
5.031900742053985454e+01
5.031956557432810229e+01
5.032015769084294732e+01
5.032067400614420905e+01
5.032123202880223545e+01
5.032178615331649496e+01
5.032234066327412592e+01
5.032289673089981363e+01
5.032345295747121128e+01
5.032400926351547099e+01
5.032456338008244501e+01
5.032511931657791138e+01
5.032567614316940308e+01
5.032623203992843486e+01
5.032678622802098545e+01
5.032734069426854262e+01
5.032789865334828505e+01
5.032845488786697530e+01
5.032901111841201924e+01
5.032956524689992506e+01
5.033012150526046469e+01
5.033067783117294169e+01
5.033123188813527094e+01
5.033178779681523451e+01
5.033234227498372348e+01
5.033289848168691094e+01
5.033345259428024576e+01
5.033401089509327875e+01
5.033456502755483086e+01
5.033511910438537740e+01
5.033571089506149576e+01
5.033623380661011026e+01
5.033678775231043545e+01
5.033734219074248983e+01
5.033789629936218546e+01
5.033845248619715562e+01
5.033900868892669678e+01
5.033956491947174072e+01
5.034012111822764268e+01
5.034067732890446933e+01
5.034123818476994927e+01
5.034179232915242608e+01
5.034234601656596197e+01
5.034290898640950473e+01
5.034345222711563395e+01
5.034401113192240729e+01
5.034456659555435465e+01
5.034512111743291030e+01
5.034567719300587640e+01
5.034623351097106791e+01
5.034679224888483873e+01
5.034734144210815288e+01
5.034791632493337232e+01
5.034845208326975552e+01
5.034901518424351963e+01
5.034956990480422689e+01
5.035011864503224643e+01
5.035067701339721680e+01
5.035123554070790419e+01
5.035178525447845743e+01
5.035234793424606181e+01
5.035290190378825059e+01
5.035345648924509732e+01
5.035400834878285536e+01
5.035456428527832173e+01
5.035512040456136162e+01
5.035567469994226997e+01
5.035623297691345357e+01
5.035679461558660108e+01
5.035735925038655836e+01
5.035798362493515157e+01
5.035845385392507012e+01
5.035900791088739936e+01
5.035957072178522509e+01
5.036012044350306383e+01
5.036067664225895868e+01
5.036123303572336596e+01
5.036178697745005195e+01
5.036234122117360101e+01
5.036289709011713711e+01
5.036347206830978251e+01
5.036401451428731235e+01
5.036456603209177985e+01
5.036516660451889038e+01
5.036567624807357646e+01
5.036623272895813130e+01
5.036678658723830893e+01
5.036734286149342665e+01
5.036789727608363165e+01
5.036845343510309903e+01
5.036901179154713759e+01
5.036956593990326070e+01
5.037012218634287564e+01
5.037067638238271172e+01
5.037123252550760810e+01
5.037179297606150641e+01
5.037234295209248813e+01
5.037289913495381910e+01
5.037345537741978774e+01
5.037400952974955004e+01
5.037456993659337456e+01
5.037512194315592495e+01
5.037567617495854932e+01
5.037625322341919087e+01
5.037679066260655958e+01
5.037735699415206625e+01
5.037789899905522617e+01
5.037845515012740805e+01
5.037905150254567133e+01
5.037957240343094156e+01
5.038011735677719116e+01
5.038067799011866299e+01
5.038123423258463873e+01
5.038178627490997030e+01
5.038234508037567139e+01
5.038293420473734585e+01
5.038345711231231405e+01
5.038401130040486464e+01
5.038456590970357496e+01
5.038512367010116577e+01
5.038567797342935961e+01
5.038623619079589844e+01
5.038678820927938062e+01
5.038735818465550409e+01
5.038791029453277304e+01
5.038845689296722696e+01
5.038900902668635240e+01
5.038956525325775004e+01
5.039012349446614536e+01
5.039067773818969442e+01
5.039126075903574531e+01
5.039178982178370347e+01
5.039234191576640143e+01
5.039289811849594258e+01
5.039345668156941827e+01
5.039401098887125841e+01
5.039456499417622837e+01
5.039512122869491861e+01
5.039567748308181905e+01
5.039624803066253378e+01
5.039678782622019781e+01
5.039734887679417596e+01
5.039790258804956835e+01
5.039845654169718614e+01
5.039901489814122471e+01
5.039956696828206617e+01
5.040012105305989820e+01
5.040068147182464742e+01
5.040123347838719781e+01
5.040178772211074687e+01
5.040234618584315029e+01
5.040291654268900601e+01
5.040346594254175727e+01
5.040401050249735704e+01
5.040456672906875468e+01
5.040515213410059658e+01
5.040568203528722080e+01
5.040623310009638658e+01
5.040678730408350816e+01
5.040734362602233887e+01
5.040789795319239630e+01
5.040845385789871358e+01
5.040901250044505133e+01
5.040956432024638190e+01
5.041012059450149252e+01
5.041067685683568556e+01
5.041123524506886611e+01
5.041179153124491563e+01
5.041234773397445679e+01
5.041290396451950073e+01
5.041345395644506056e+01
5.041401865084966261e+01
5.041456855138142856e+01
5.041512266794840258e+01
5.041567687193552416e+01
5.041632258097330777e+01
5.041679805119832025e+01
5.041734550396601122e+01
5.041791334152221538e+01
5.041845381259918213e+01
5.041901888847350932e+01
5.041956833600998067e+01
5.042012257178624424e+01
5.042071826457977579e+01
5.042123041152954244e+01
5.042179122765858779e+01
5.042234331369400024e+01
5.042290157079696655e+01
5.042345556418101182e+01
5.042400964895884385e+01
5.042456579605738654e+01
5.042512224515279229e+01
5.042568124930063789e+01
5.042623246510823520e+01
5.042678893407185825e+01
5.042734940846761305e+01
5.042790133953094767e+01
5.042845775286356513e+01
5.042900967995326056e+01
5.042957755327224589e+01
5.043012182712554647e+01
5.043067842324574457e+01
5.043123461008072184e+01
5.043178841272990098e+01
5.043234293460845663e+01
5.043290125131606771e+01
5.043346118132273403e+01
5.043401575883229526e+01
5.043459909756978021e+01
5.043512612978617682e+01
5.043568495114644179e+01
5.043632419904073316e+01
5.043678853909174364e+01
5.043734459877013876e+01
5.043790096044540405e+01
5.043845941225687568e+01
5.043901351690292501e+01
5.043957735300064371e+01
5.044012848536173266e+01
5.044068024953206475e+01
5.044123426278432021e+01
5.044178832372029575e+01
5.044234891335169380e+01
5.044290089607238770e+01
5.044345914522806851e+01
5.044402344226837442e+01
5.044456743796666132e+01
5.044512132406234883e+01
5.044568312168121338e+01
5.044623614549637125e+01
5.044679979483286303e+01
5.044734453757603632e+01
5.044790063301721972e+01
5.044845482110977031e+01
5.044901104768117506e+01
5.044956931273142686e+01
5.045013393958409864e+01
5.045067976713180258e+01
5.045123389164606920e+01
5.045179013411203783e+01
5.045234434604644491e+01
5.045290769735971992e+01
5.045345675945281982e+01
5.045401513179142938e+01
5.045457393725713047e+01
5.045512135426203315e+01
5.045568155050277426e+01
5.045623562733332079e+01
5.045679730574290289e+01
5.045746461947759087e+01
5.045790009101231988e+01
5.045845862627029277e+01
5.045901292959849371e+01
5.045957539081573628e+01
5.046012523969014296e+01
5.046067916154861166e+01
5.046123992204665853e+01
5.046179399092991957e+01
5.046234404246012417e+01
5.046289991140365316e+01
5.046346467733383179e+01
5.046401477257411017e+01
5.046458474795023363e+01
5.046512984037399008e+01
5.046571452617645548e+01
5.046623335282007616e+01
5.046679151455561652e+01
5.046735004186630391e+01
5.046790208021799629e+01
5.046847209930420064e+01
5.046901456912358697e+01
5.046958234707514634e+01
5.047012499968210619e+01
5.047068115870158067e+01
5.047123525540033739e+01
5.047179423570632650e+01
5.047234956026077413e+01
5.047289962371190342e+01
5.047345809141794604e+01
5.047401434977849277e+01
5.047456844647725660e+01
5.047512477238972650e+01
5.047567863066991123e+01
5.047623516321182535e+01
5.047678929169972406e+01
5.047734551429748251e+01
5.047790157000223843e+01
5.047845563093821397e+01
5.047901213963826450e+01
5.047960793574650751e+01
5.048012461264928419e+01
5.048070466518402100e+01
5.048125335772832045e+01
5.048180737098058302e+01
5.048234736919403076e+01
5.048290581703186319e+01
5.048345557451248311e+01
5.048401187658309652e+01
5.048456804752349569e+01
5.048512636820475308e+01
5.048567851781844951e+01
5.048623470465341967e+01
5.048679294188817579e+01
5.048734542926152358e+01
5.048790132602055536e+01
5.048845551013946675e+01
5.048901183605194376e+01
5.048956998586654521e+01
5.049012646277745375e+01
5.049067831039428711e+01
5.049123873313268263e+01
5.049179233312607096e+01
5.049234503904978766e+01
5.049290312925974433e+01
5.049349491198857720e+01
5.049401353200276787e+01
5.049456770817438667e+01
5.049512599706649496e+01
5.049568236668904575e+01
5.049623856544494771e+01
5.049679278532664028e+01
5.049734688202540411e+01
5.049790728092193604e+01
5.049846463600794522e+01
5.049901871283849175e+01
5.049957677125930644e+01
5.050013493696848599e+01
5.050067993005117017e+01
5.050123632351557745e+01
5.050179250240326212e+01
5.050234878063201904e+01
5.050290287335713657e+01
5.050345695813496860e+01
5.050401331186294840e+01
5.050457139412561958e+01
5.050512570540110602e+01
5.050567979812622355e+01
5.050623811880747382e+01
5.050679455598195489e+01
5.050737370649973457e+01
5.050790483156840338e+01
5.050847059488296509e+01
5.050901535749435567e+01
5.050956916014353482e+01
5.051012345155080396e+01
5.051068166097005019e+01
5.051123591264089185e+01
5.051179217894871698e+01
5.051234628359476631e+01
5.051290466388066847e+01
5.051345878442128168e+01
5.051401298840840326e+01
5.051457107464472784e+01
5.051512533426284790e+01
5.051567958196004327e+01
5.051623789072036885e+01
5.051679212649663242e+01
5.051735109090805054e+01
5.051790212790171353e+01
5.051845407088597284e+01
5.051901241143544752e+01
5.051956891616185175e+01
5.052012303272883287e+01
5.052068152825037828e+01
5.052124513785044257e+01
5.052178943157196045e+01
5.052234367926915581e+01
5.052289975881576822e+01
5.052345602909723965e+01
5.052401681741078932e+01
5.052461057504017816e+01
5.052512714465458998e+01
5.052568129301071309e+01
5.052623767852783487e+01
5.052679168383280484e+01
5.052735471328099237e+01
5.052790415684382452e+01
5.052846239010492724e+01
5.052901240189870435e+01
5.052957069873809814e+01
5.053012905915578301e+01
5.053067869742711338e+01
5.053123493194580362e+01
5.053179132938385010e+01
5.053234772284825738e+01
5.053290808200836182e+01
5.053347419897715298e+01
5.053401417732239054e+01
5.053457679748535014e+01
5.053513688643773349e+01
5.053567871252695909e+01
5.053623496294021322e+01
5.053679562409718784e+01
5.053734960158666212e+01
5.053790165185928629e+01
5.053850969076156474e+01
5.053901839653651251e+01
5.053957464297612745e+01
5.054013077020645284e+01
5.054068291584651007e+01
5.054124126831690234e+01
5.054179120063781738e+01
5.054234734773636006e+01
5.054290140072505011e+01
5.054345974922180318e+01
5.054401403268177972e+01
5.054456796248754102e+01
5.054512854417165357e+01
5.054568262100220011e+01
5.054624764124552172e+01
5.054679298400878906e+01
5.054734937747319634e+01
5.054790338277816630e+01
5.054845764239629347e+01
5.054902053674062046e+01
5.054957203070322436e+01
5.055012839237848965e+01
5.055070316394169794e+01
5.055123668114344326e+01
5.055179287592569892e+01
5.055239083766937114e+01
5.055290515820185249e+01
5.055345932642618578e+01
5.055401346286137709e+01
5.055456945498784194e+01
5.055512383381525865e+01
5.055567986567815097e+01
5.055623612801233691e+01
5.055679017702738776e+01
5.055734709898630541e+01
5.055790294806162422e+01
5.055845924218495924e+01
5.055901352564493578e+01
5.055957183043162217e+01
5.056012778679529873e+01
5.056068855921427740e+01
5.056123631795247064e+01
5.056179263989130845e+01
5.056234655380249166e+01
5.056293583710988315e+01
5.056345870097478468e+01
5.056401333808899068e+01
5.056456943353017408e+01
5.056512741645177300e+01
5.056567993561426988e+01
5.056623604297637797e+01
5.056679651339848647e+01
5.056734646161397251e+01
5.056790476242701260e+01
5.056845891078312860e+01
5.056901771624882969e+01
5.056957807540893413e+01
5.057012558778126987e+01
5.057068231503168931e+01
5.057123561302820747e+01
5.057179222901662285e+01
5.057234811782836914e+01
5.057290674845377509e+01
5.057346095244089668e+01
5.057401502132415771e+01
5.057457125584284796e+01
5.057512743473053263e+01
5.057568125724792196e+01
5.057623546123504354e+01
5.057681241432825914e+01
5.057734580834706861e+01
5.057790237267811762e+01
5.057846514781316216e+01
5.057902113199234151e+01
5.057956870794296123e+01
5.058012497027714716e+01
5.058068116903304912e+01
5.058123555580775133e+01
5.058179221947987969e+01
5.058234809637069418e+01
5.058290836016337266e+01
5.058346051772435459e+01
5.058401436408360752e+01
5.058456843694050775e+01
5.058512494166691909e+01
5.058568125963211060e+01
5.058623955249786519e+01
5.058678920666376655e+01
5.058734968503316054e+01
5.058790378967920986e+01
5.058845814863840928e+01
5.058901656071345343e+01
5.058957259654998495e+01
5.059012693564097418e+01
5.059068111975987847e+01
5.059123699665069296e+01
5.059179350535075059e+01
5.059235788186391147e+01
5.059290593067805020e+01
5.059346014658610358e+01
5.059405813217163228e+01
5.059457465807597032e+01
5.059512682358423774e+01
5.059568555752436225e+01
5.059623723824818597e+01
5.059679543574650751e+01
5.059734723567962789e+01
5.059791210095087877e+01
5.059846620957056729e+01
5.059902101357777582e+01
5.059957778056462274e+01
5.060012651284535679e+01
5.060068046251932827e+01
5.060124107599258281e+01
5.060179728666941656e+01
5.060234933296839444e+01
5.060290570656458442e+01
5.060345979531606275e+01
5.060401386022567749e+01
5.060460778872172227e+01
5.060512854258219306e+01
5.060568264722824239e+01
5.060623669624328613e+01
5.060679721832275391e+01
5.060735133488972792e+01
5.060790551106135382e+01
5.060845730702082079e+01
5.060901581843693720e+01
5.060957429806391161e+01
5.061012618939081875e+01
5.061068238814672071e+01
5.061124075651169107e+01
5.061179288625717021e+01
5.061234900951385640e+01
5.061290319363276069e+01
5.061346148252486898e+01
5.061401778856913580e+01
5.061458571354548042e+01
5.061512604554494033e+01
5.061568864583968974e+01
5.061623613039652270e+01
5.061679239670435493e+01
5.061734892527262275e+01
5.061791887283325053e+01
5.061846342086791850e+01
5.061901750961939683e+01
5.061957892179488994e+01
5.062016756931940620e+01
5.062068428993224956e+01
5.062125428120295112e+01
5.062179227272669380e+01
5.062234870195388936e+01
5.062290902932485182e+01
5.062346545855204027e+01
5.062411343653996454e+01
5.062457568248112949e+01
5.062512770096461168e+01
5.062568873961766514e+01
5.062624279260635518e+01
5.062679232358932779e+01
5.062734826803207255e+01
5.062790889739990519e+01
5.062846521933873589e+01
5.062901511987050185e+01
5.062957553068796557e+01
5.063012735843658163e+01
5.063068184057871690e+01
5.063124216000239386e+01
5.063180272181828911e+01
5.063234827121098647e+01
5.063290454546610420e+01
5.063345847527185839e+01
5.063405225276947164e+01
5.063457094033559258e+01
5.063512729008992608e+01
5.063568375110626363e+01
5.063625156482060419e+01
5.063679618040720953e+01
5.063735705216725336e+01
5.063794217109680318e+01
5.063846277793248163e+01
5.063901479641596381e+01
5.063957103888193956e+01
5.064013429085413520e+01
5.064068557818730909e+01
5.064124175707499376e+01
5.064179603258768481e+01
5.064234985510508125e+01
5.064290625651677402e+01
5.064346261421839301e+01
5.064402346611022665e+01
5.064457078774770338e+01
5.064512918392816943e+01
5.064568542639414517e+01
5.064623962243398125e+01
5.064679793914159234e+01
5.064741063515345587e+01
5.064793735345204340e+01
5.064846235513687134e+01
5.064901655515034662e+01
5.064957746267318583e+01
5.065012872219085693e+01
5.065068731705347460e+01
5.065123929580052931e+01
5.065179567337035849e+01
5.065237682660420404e+01
5.065293066898981778e+01
5.065348074436187886e+01
5.065403068065643311e+01
5.065458898146947320e+01
5.065513297319412089e+01
5.065568500757217407e+01
5.065624128580093100e+01
5.065679336388905796e+01
5.065734957059224541e+01
5.065790787537892470e+01
5.065848397016524984e+01
5.065902706782023301e+01
5.065957458813985426e+01
5.066017034451166978e+01
5.066068487167358114e+01
5.066124991575876635e+01
5.066179987192153789e+01
5.066235617796579760e+01
5.066290775934854906e+01
5.066346234480540289e+01
5.066401809453964233e+01
5.066457428932189799e+01
5.066513061920802130e+01
5.066568684577941895e+01
5.066624091068903368e+01
5.066679470539092733e+01
5.066734943389892720e+01
5.066790756384531846e+01
5.066847048997878744e+01
5.066901779174804688e+01
5.066957617998123453e+01
5.067013492981593004e+01
5.067068223555882867e+01
5.067124073505401327e+01
5.067179705301920478e+01
5.067235329151153422e+01
5.067290743589401103e+01
5.067346160014470513e+01
5.067402581771214898e+01
5.067457381884256762e+01
5.067513744831084921e+01
5.067572812239328783e+01
5.067624057531357096e+01
5.067684681812922065e+01
5.067735302448272705e+01
5.067791471481323384e+01
5.067846760352452407e+01
5.067902225255966187e+01
5.067957377036412225e+01
5.068012792666753086e+01
5.068068625926971293e+01
5.068124038775761875e+01
5.068179869651794434e+01
5.068235056797663418e+01
5.068290677070617534e+01
5.068349250555038310e+01
5.068401710192362231e+01
5.068457328081130697e+01
5.068512773911158575e+01
5.068568397363026889e+01
5.068624026775360392e+01
5.068679425716400289e+01
5.068735709587733140e+01
5.068792198499043877e+01
5.068846275806426860e+01
5.068901705344517694e+01
5.068961501121520996e+01
5.069014223814010478e+01
5.069068361520767496e+01
5.069124231338501119e+01
5.069179856379826532e+01
5.069235251744588311e+01
5.069290869235992147e+01
5.069346706867217733e+01
5.069401894013086718e+01
5.069457509915034166e+01
5.069512713750203403e+01
5.069568335215250698e+01
5.069623984098434732e+01
5.069680745999018256e+01
5.069737379948298184e+01
5.069790852069854736e+01
5.069846479495366509e+01
5.069901896715164469e+01
5.069957517782847134e+01
5.070013142824173258e+01
5.070068556467692389e+01
5.070124176740646504e+01
5.070181639989217359e+01
5.070234979391098307e+01
5.070290616750717305e+01
5.070353341499964728e+01
5.070402549505233480e+01
5.070457496643066264e+01
5.070516874790191508e+01
5.070568535725275439e+01
5.070624376932779853e+01
5.070679781436920308e+01
5.070734991629918653e+01
5.070791013240814493e+01
5.070846205155054776e+01
5.070902244249979418e+01
5.070957691272099765e+01
5.071012926101684570e+01
5.071068511406580370e+01
5.071124139229456773e+01
5.071179565985997328e+01
5.071235384543737013e+01
5.071290804942449171e+01
5.071346634626388550e+01
5.071401837666829238e+01
5.071457679271698282e+01
5.071512855291366861e+01
5.071568708817164151e+01
5.071624122858047201e+01
5.071688412825266568e+01
5.071734927495320733e+01
5.071790548563003398e+01
5.071846170425415323e+01
5.071901830434799052e+01
5.071957906881968370e+01
5.072012854019801154e+01
5.072071632146835185e+01
5.072124089002609537e+01
5.072179526090621948e+01
5.072235118945439325e+01
5.072290739615758071e+01
5.072346394856770502e+01
5.072401809295018182e+01
5.072457638978958272e+01
5.072512817780177130e+01
5.072568722565969068e+01
5.072624298334121562e+01
5.072684516112009590e+01
5.072735124826431274e+01
5.072790754238764777e+01
5.072846173048019125e+01
5.072901786963144843e+01
5.072957616647084222e+01
5.073013037443161011e+01
5.073068659305572226e+01
5.073128417332966933e+01
5.073180112838745259e+01
5.073235108455022413e+01
5.073299697240193495e+01
5.073346559206644457e+01
5.073401752710342549e+01
5.073457373380661295e+01
5.073513650099436489e+01
5.073568630218505859e+01
5.073624026377995477e+01
5.073681555589040215e+01
5.073735096057256300e+01
5.073790926138560309e+01
5.073846546411514424e+01
5.073901760578155518e+01
5.073957585493723599e+01
5.074014853636423794e+01
5.074068415959676059e+01
5.074124924341837328e+01
5.074179859956105787e+01
5.074236011505126953e+01
5.074290673732757284e+01
5.074346321026484219e+01
5.074402782519658217e+01
5.074457574288050665e+01
5.074517062902450704e+01
5.074568816423415996e+01
5.074624227285384848e+01
5.074681334892908779e+01
5.074735255638758247e+01
5.074790883858998569e+01
5.074846302668253628e+01
5.074902134339014736e+01
5.074958233038584154e+01
5.075013902982075820e+01
5.075068616469700800e+01
5.075123973687490064e+01
5.075179636478424072e+01
5.075235257546106737e+01
5.075290432373682847e+01
5.075346255302429199e+01
5.075402088960012037e+01
5.075458007256190029e+01
5.075513157447178969e+01
5.075568567514419271e+01
5.075627525250116889e+01
5.075679810841878492e+01
5.075735433101654337e+01
5.075791055361430182e+01
5.075846271117528374e+01
5.075901887814203661e+01
5.075957718690236220e+01
5.076013133525848531e+01
5.076071672439574911e+01
5.076124597787857340e+01
5.076180269320806104e+01
5.076235219240188457e+01
5.076291255553563531e+01
5.076347828706105503e+01
5.076402084827422811e+01
5.076457492510477465e+01
5.076513323783874654e+01
5.076569152275721564e+01
5.076624376376469883e+01
5.076680041551590250e+01
5.076735417048136156e+01
5.076792198022206293e+01
5.076846435864766249e+01
5.076902085542678833e+01
5.076957882245381626e+01
5.077013086477915493e+01
5.077069352070490282e+01
5.077124339739481940e+01
5.077179765303929315e+01
5.077235383590062412e+01
5.077290785312652588e+01
5.077346630891164381e+01
5.077402052084605089e+01
5.077457676728566582e+01
5.077513084411621236e+01
5.077568711042404459e+01
5.077629665931065972e+01
5.077680432796478271e+01
5.077736263672510830e+01
5.077791203657785957e+01
5.077846603790919033e+01
5.077902236382166734e+01
5.077957658370335992e+01
5.078014446099599155e+01
5.078069108724594116e+01
5.078124310970306254e+01
5.078179730574289863e+01
5.078235771258672315e+01
5.078290977080663282e+01
5.078346355358759467e+01
5.078402222792307441e+01
5.078458318710327291e+01
5.078513548374176167e+01
5.078569088776906426e+01
5.078624086777369229e+01
5.078679705460866245e+01
5.078735538323720533e+01
5.078791165351867676e+01
5.078846423228581841e+01
5.078902194102604994e+01
5.078957622051238729e+01
5.079013019005457608e+01
5.079068851868311896e+01
5.079124280611674180e+01
5.079180745681127007e+01
5.079235986471176290e+01
5.079291611909866333e+01
5.079350632429122925e+01
5.079402176141739034e+01
5.079458026488622124e+01
5.079513224363326884e+01
5.079569287697474067e+01
5.079624933401743903e+01
5.079679865042368903e+01
5.079735819101333760e+01
5.079791340430577407e+01
5.079847304026285570e+01
5.079903565247853692e+01
5.079957797924677720e+01
5.080015047788619853e+01
5.080070421298344741e+01
5.080124216079711630e+01
5.080180873473485548e+01
5.080235472917556905e+01
5.080290893316269063e+01
5.080346511999766079e+01
5.080402149359385078e+01
5.080458449522654263e+01
5.080513392686843588e+01
5.080572757720947408e+01
5.080624430974324213e+01
5.080680049260457309e+01
5.080735258658727105e+01
5.080791305700937954e+01
5.080851068894068590e+01
5.080902126232783189e+01
5.080957524776458456e+01
5.081013583739598261e+01
5.081068761348724649e+01
5.081124176581700880e+01
5.081180028915404989e+01
5.081235673427581645e+01
5.081291093031565254e+01
5.081346472501754619e+01
5.081402316093444682e+01
5.081457735300064371e+01
5.081514076391855639e+01
5.081569447120030958e+01
5.081624187231064127e+01
5.081680024067561163e+01
5.081735651493072226e+01
5.081791272958119521e+01
5.081846465667089063e+01
5.081902112166086738e+01
5.081961484352747505e+01
5.082013344764709473e+01
5.082069177627563761e+01
5.082124172846476284e+01
5.082182921568552558e+01
5.082235639492670742e+01
5.082291461229324625e+01
5.082346673409143989e+01
5.082402075529098795e+01
5.082457915147145400e+01
5.082513321240742954e+01
5.082568766276041572e+01
5.082624990940094278e+01
5.082680875460307135e+01
5.082735618352889873e+01
5.082792325019836710e+01
5.082846195697784708e+01
5.082901820341746202e+01
5.082957906325658115e+01
5.083013114929199361e+01
5.083068717718124674e+01
5.083124711513519145e+01
5.083179938793182373e+01
5.083235598007838263e+01
5.083291001717249458e+01
5.083351233005523540e+01
5.083402465184529717e+01
5.083457880417505947e+01
5.083513720432917182e+01
5.083568916718164843e+01
5.083628913164138652e+01
5.083679925203323080e+01
5.083735335270564093e+01
5.083790968656539633e+01
5.083846823374430102e+01
5.083902990818023682e+01
5.083959451913833760e+01
5.084013257026672505e+01
5.084068891207377305e+01
5.084124525388082105e+01
5.084181036154429023e+01
5.084236025810241699e+01
5.084290979703267510e+01
5.084346614281336230e+01
5.084402231375376147e+01
5.084457640647887899e+01
5.084513229926427158e+01
5.084571800629297655e+01
5.084624292055765693e+01
5.084680124521255351e+01
5.084735538959503032e+01
5.084790962139765469e+01
5.084846593538919990e+01
5.084902395804723341e+01
5.084957822958628526e+01
5.085013240178425775e+01
5.085068620840708320e+01
5.085124488671620924e+01
5.085180108547210409e+01
5.085235741535822740e+01
5.085291351874669630e+01
5.085346775054931356e+01
5.085402191082636847e+01
5.085458019574483046e+01
5.085513639450073242e+01
5.085568845272064209e+01
5.085624678929647047e+01
5.085680095354715746e+01
5.085735719998677240e+01
5.085791334311167589e+01
5.085847162803013788e+01
5.085902378161748061e+01
5.085960988203684252e+01
5.086013412872950568e+01
5.086069784164428853e+01
5.086124886274338053e+01
5.086180080175400064e+01
5.086235489447911817e+01
5.086292006969451762e+01
5.086346935431162564e+01
5.086402365763981948e+01
5.086457968155543341e+01
5.086513187090555732e+01
5.086568796237309442e+01
5.086624640226364136e+01
5.086680480241775371e+01
5.086735473076502245e+01
5.086792273124058994e+01
5.086846688588460097e+01
5.086902102629343858e+01
5.086957726478576802e+01
5.087013585567474649e+01
5.087068790197372437e+01
5.087124617894490797e+01
5.087182941436767436e+01
5.087235437631606771e+01
5.087291280428568285e+01
5.087346694866815966e+01
5.087402320702870639e+01
5.087457940578460835e+01
5.087514241933822490e+01
5.087568984031677388e+01
5.087626028458277716e+01
5.087680434783299432e+01
5.087735645373662408e+01
5.087791275580723749e+01
5.087846649487813266e+01
5.087902063528697028e+01
5.087958165009816724e+01
5.088013309240341187e+01
5.088069173892338881e+01
5.088124642372131490e+01
5.088181593418121196e+01
5.088236715396245557e+01
5.088293294509252007e+01
5.088348719676335463e+01
5.088403659661610590e+01
5.088459333181381083e+01
5.088513553539912238e+01
5.088568709294001025e+01
5.088624356587727959e+01
5.088680191437403266e+01
5.088738531271616949e+01
5.088791412512461676e+01
5.088846634229024346e+01
5.088902277946472452e+01
5.088964561621347826e+01
5.089013504584629999e+01
5.089068919420242310e+01
5.089124538898467875e+01
5.089180815219879150e+01
5.089237649440765665e+01
5.089291207790374472e+01
5.089346826871236118e+01
5.089402253230412754e+01
5.089459046125411845e+01
5.089514726400375366e+01
5.089571016232172695e+01
5.089624535242716519e+01
5.089680140018462851e+01
5.089735555648803711e+01
5.089791616598765245e+01
5.089847751855850078e+01
5.089902244408925469e+01
5.089963449637095039e+01
5.090013891855875983e+01
5.090069103638331427e+01
5.090124721924463813e+01
5.090180147886276529e+01
5.090235768953959195e+01
5.090291169881820821e+01
5.090346791744232036e+01
5.090402415593464980e+01
5.090457821687062534e+01
5.090513664484024048e+01
5.090569076935449999e+01
5.090624495347341139e+01
5.090680116415023804e+01
5.090735740264256748e+01
5.090791153113047329e+01
5.090846983591715258e+01
5.090902191003163324e+01
5.090957808891932501e+01
5.091013424396514608e+01
5.091068849563598775e+01
5.091124465068181593e+01
5.091180296341578071e+01
5.091236163377762125e+01
5.091291344563166632e+01
5.091346768935521538e+01
5.091402165492375786e+01
5.091457991600036337e+01
5.091517370144526211e+01
5.091570927302042548e+01
5.091625343958536831e+01
5.091680090030034478e+01
5.091736122369766093e+01
5.091791337331135736e+01
5.091847455501556396e+01
5.091902784903844292e+01
5.091959160963694586e+01
5.092015465100606519e+01
5.092070614496866909e+01
5.092126022974650112e+01
5.092181707223256382e+01
5.092237068414688395e+01
5.092291314999262397e+01
5.092347137928008749e+01
5.092402359247207499e+01
5.092457774877548360e+01
5.092513602574666010e+01
5.092569688955942553e+01
5.092624629735946939e+01
5.092680255174636983e+01
5.092739841938018941e+01
5.092791294654210077e+01
5.092846696376800253e+01
5.092902741432190084e+01
5.092957948048909600e+01
5.093013795216878492e+01
5.093068975607554449e+01
5.093124837478001865e+01
5.093181622823079380e+01
5.093235859076182237e+01
5.093291487296422559e+01
5.093347342411676948e+01
5.093402739763259746e+01
5.093459240198135518e+01
5.093518614371617304e+01
5.093576062917709635e+01
5.093624818722407355e+01
5.093680436213811191e+01
5.093736129601796137e+01
5.093791948954264370e+01
5.093847105105717787e+01
5.093902306954066006e+01
5.093957683642705092e+01
5.094013536771138462e+01
5.094068952401479322e+01
5.094126457770665439e+01
5.094180203676224039e+01
5.094236033757527338e+01
5.094295638402302728e+01
5.094347065289814935e+01
5.094402701854706095e+01
5.094457901716232584e+01
5.094514161348342896e+01
5.094569153388341221e+01
5.094626361926396640e+01
5.094681363105773642e+01
5.094735608498255175e+01
5.094791907072067261e+01
5.094846831162770684e+01
5.094903129339218140e+01
5.094958103100459113e+01
5.095013513565063334e+01
5.095069137811660909e+01
5.095124552647272509e+01
5.095180174112319804e+01
5.095235791603724351e+01
5.095291215181350708e+01
5.095347882906595771e+01
5.095402665535608833e+01
5.095457876920700357e+01
5.095518494447072300e+01
5.095569089253743300e+01
5.095624539454777846e+01
5.095680156151453843e+01
5.095736821095148628e+01
5.095791163444518901e+01
5.095847208499908731e+01
5.095902223189671787e+01
5.095957825978597100e+01
5.096013447443644395e+01
5.096069101889928277e+01
5.096124724944432671e+01
5.096180132230122695e+01
5.096236985524495111e+01
5.096292010943094652e+01
5.096348375082015991e+01
5.096404428084691318e+01
5.096459876298904135e+01
5.096513433853785102e+01
5.096569080352783487e+01
5.096624912420908515e+01
5.096680327653884746e+01
5.096736418008804037e+01
5.096792734066645636e+01
5.096847214698791362e+01
5.096904695034027100e+01
5.096958953142166138e+01
5.097013652324676514e+01
5.097070042689641411e+01
5.097125743230184014e+01
5.097180939515431675e+01
5.097235732078551962e+01
5.097291547457377447e+01
5.097347152630488409e+01
5.097402150233586582e+01
5.097458442449569560e+01
5.097514114379882955e+01
5.097569519678751959e+01
5.097624714771906440e+01
5.097680741945902838e+01
5.097739879290262621e+01
5.097792554299036993e+01
5.097848807175954278e+01
5.097902789910634169e+01
5.097957991361617758e+01
5.098013814687728740e+01
5.098069509267806865e+01
5.098124657471974785e+01
5.098180763324101861e+01
5.098235899209976196e+01
5.098291527032851889e+01
5.098347364266713555e+01
5.098405901193618917e+01
5.098462898731231974e+01
5.098513807455698554e+01
5.098569422960281372e+01
5.098625048796336046e+01
5.098680258591969761e+01
5.098737552960713515e+01
5.098791511456171577e+01
5.098847121397654547e+01
5.098903711239496772e+01
5.098958646456400601e+01
5.099014485677083286e+01
5.099069178899129184e+01
5.099130659898121820e+01
5.099180228312810215e+01
5.099235863685608194e+01
5.099291280110676894e+01
5.099346896409988261e+01
5.099402745962142802e+01
5.099458129803339546e+01
5.099513554175694452e+01
5.099569175243377828e+01
5.099624792734781664e+01
5.099680205980936876e+01
5.099736911058425903e+01
5.099791954358418877e+01
5.099847332239151143e+01
5.099902719656626715e+01
5.099958304961522515e+01
5.100016018946965346e+01
5.100069137811660624e+01
5.100125002066294400e+01
5.100180447101593018e+01
5.100235835711161059e+01
5.100291454394658075e+01
5.100347077846527100e+01
5.100408138434092109e+01
5.100458108981450067e+01
5.100513985157012797e+01
5.100569360256194784e+01
5.100624771912892896e+01
5.100680625438690186e+01
5.100736022790272983e+01
5.100791434446970385e+01
5.100847055514653761e+01
5.100902881622314311e+01
5.100958765347798618e+01
5.101013718446095879e+01
5.101069327990214219e+01
5.101124964157740038e+01
5.101180613438288702e+01
5.101236001650492113e+01
5.101291625499725058e+01
5.101346997817357476e+01
5.101402209202448290e+01
5.101458043654759678e+01
5.101513899564743326e+01
5.101572430133819580e+01
5.101625460783640875e+01
5.101680347522099623e+01
5.101736007531484063e+01
5.101792020003001227e+01
5.101847026348114156e+01
5.101903122663497925e+01
5.101959522565206129e+01
5.102013657093048238e+01
5.102069933811823432e+01
5.102126097679138184e+01
5.102181436220804756e+01
5.102236847877502157e+01
5.102291798988978400e+01
5.102347006400426466e+01
5.102402621507644653e+01
5.102458044290542460e+01
5.102513876756032118e+01
5.102569491068522467e+01
5.102624712387720507e+01
5.102680306434631063e+01
5.102735708554585869e+01
5.102793446779251241e+01
5.102846983671188497e+01
5.102902594407399306e+01
5.102958438396454000e+01
5.103013624350229804e+01
5.103069248994191298e+01
5.103124885559081747e+01
5.103180522918701456e+01
5.103236612478892198e+01
5.103291550874710225e+01
5.103346967299778925e+01
5.103402796586354384e+01
5.103458424409230787e+01
5.103513603607813565e+01
5.103569673697153775e+01
5.103626052141189717e+01
5.103680259386698737e+01
5.103735889196396158e+01
5.103791533708572103e+01
5.103846916357676378e+01
5.103903039296468336e+01
5.103958870569864814e+01
5.104013786713282030e+01
5.104069211483001567e+01
5.104125041166941656e+01
5.104180902640025153e+01
5.104236088593800957e+01
5.104291514158249043e+01
5.104349611600240166e+01
5.104402761459350302e+01
5.104467135667800903e+01
5.104514695803324287e+01
5.104569417238235474e+01
5.104624843597412109e+01
5.104680723746617588e+01
5.104736090103785529e+01
5.104791501363118300e+01
5.104847764571507440e+01
5.104902753432591567e+01
5.104958159128825201e+01
5.105014024575551446e+01
5.105068955818811816e+01
5.105124582846959669e+01
5.105180678764978808e+01
5.105236489375432285e+01
5.105292111635208130e+01
5.105347742636998731e+01
5.105403147935867025e+01
5.105458355744679722e+01
5.105517936944961832e+01
5.105569361845652310e+01
5.105624772707621162e+01
5.105680659214655748e+01
5.105736041069030762e+01
5.105793323119481641e+01
5.105848939816156928e+01
5.105906481742859171e+01
5.105958334207534932e+01
5.106013753811518541e+01
5.106069793701171733e+01
5.106124789317448887e+01
5.106180411577224731e+01
5.106236246029536119e+01
5.106292295853297247e+01
5.106347088019052904e+01
5.106402916113535895e+01
5.106458958784739366e+01
5.106514367262522569e+01
5.106569564739863409e+01
5.106625651518503872e+01
5.106680620511372837e+01
5.106736225287119879e+01
5.106791847944259644e+01
5.106847477753957065e+01
5.106902887423833448e+01
5.106958292722701742e+01
5.107013949553171983e+01
5.107069312731425015e+01
5.107125380039214946e+01
5.107180637121200562e+01
5.107236202955245830e+01
5.107295372088750440e+01
5.107347280581792148e+01
5.107402867078781128e+01
5.107458498875300279e+01
5.107514123519261773e+01
5.107569303115209181e+01
5.107625155051549370e+01
5.107681413491567213e+01
5.107736184994379869e+01
5.107791807254155714e+01
5.107847648859024048e+01
5.107903319597244263e+01
5.107958476146062310e+01
5.108014123439788534e+01
5.108070202271143501e+01
5.108124902645747056e+01
5.108180524905522901e+01
5.108236159483591621e+01
5.108291589816411005e+01
5.108347213665644659e+01
5.108402832746505595e+01
5.108458712100982524e+01
5.108513844013214111e+01
5.108569494485855245e+01
5.108624905347824097e+01
5.108682245016098022e+01
5.108736366033554077e+01
5.108792261282602709e+01
5.108851197163264146e+01
5.108902804056803149e+01
5.108958443800608507e+01
5.109014534155527798e+01
5.109069470167160176e+01
5.109124856789906488e+01
5.109180481036504062e+01
5.109237303336461622e+01
5.109291764895121446e+01
5.109347169399261190e+01
5.109403000672658379e+01
5.109458631277084351e+01
5.109514096577962050e+01
5.109569894472758023e+01
5.109624849955240933e+01
5.109680468638737949e+01
5.109736337264379102e+01
5.109791711966196459e+01
5.109847162167231005e+01
5.109902784427006850e+01
5.109958619276682867e+01
5.110013785362243510e+01
5.110070063273111884e+01
5.110125795602798604e+01
5.110181571642557685e+01
5.110240945021311632e+01
5.110291934808095249e+01
5.110347136656443467e+01
5.110402756929397583e+01
5.110458387533823554e+01
5.110514226754506240e+01
5.110569632848103794e+01
5.110625133911768359e+01
5.110680706103642734e+01
5.110736292203267084e+01
5.110791716575622701e+01
5.110847547451655259e+01
5.110902948776880805e+01
5.110958371559778612e+01
5.111014000177383565e+01
5.111069404284159390e+01
5.111126397848128988e+01
5.111182078917821059e+01
5.111236273447672573e+01
5.111292858918508131e+01
5.111348195075989054e+01
5.111402948697408277e+01
5.111458548704783311e+01
5.111517094771067349e+01
5.111569591363271314e+01
5.111625448067982802e+01
5.111680876811345087e+01
5.111736697753270420e+01
5.111795207262039042e+01
5.111847316026687338e+01
5.111902907292048326e+01
5.111958540678024576e+01
5.112014638980229364e+01
5.112069339354832920e+01
5.112124995787938531e+01
5.112180655399958340e+01
5.112236450910567953e+01
5.112291634082794189e+01
5.112347486019134379e+01
5.112403101921081827e+01
5.112458314100901191e+01
5.112513955831527568e+01
5.112569545904795376e+01
5.112624974648157661e+01
5.112680623133977065e+01
5.112736210823059224e+01
5.112791643142700337e+01
5.112847284078598165e+01
5.112902875343958442e+01
5.112958304484685357e+01
5.113013947010040283e+01
5.113071002562841016e+01
5.113125377496083246e+01
5.113183292150497294e+01
5.113237221240997599e+01
5.113293674786885390e+01
5.113347291946411133e+01
5.113403287728627333e+01
5.113458695014318067e+01
5.113514786561329828e+01
5.113569490909576132e+01
5.113625560601552422e+01
5.113680776755015245e+01
5.113737649520238193e+01
5.113792481025060255e+01
5.113847219546635614e+01
5.113902842601140009e+01
5.113958681821823404e+01
5.114014105399449761e+01
5.114069930712381762e+01
5.114125104745229322e+01
5.114180531501769877e+01
5.114236140648524298e+01
5.114291768074035360e+01
5.114346969127655029e+01
5.114403010606766031e+01
5.114458659887313985e+01
5.114514494736989292e+01
5.114573445320129252e+01
5.114625327587127401e+01
5.114681411186854376e+01
5.114737132787704610e+01
5.114792381922404019e+01
5.114847592512766283e+01
5.114903426567713751e+01
5.114958637555439935e+01
5.115014090935389390e+01
5.115069675445556641e+01
5.115125070412953789e+01
5.115180760224659906e+01
5.115236534277597968e+01
5.115291726986567511e+01
5.115347594817479404e+01
5.115403210322062222e+01
5.115458411375681891e+01
5.115514063835144043e+01
5.115569874445597520e+01
5.115625054836273478e+01
5.115680724382400513e+01
5.115736297766367358e+01
5.115791947444279941e+01
5.115848243236541748e+01
5.115903187592824253e+01
5.115959697167078701e+01
5.116014223496119229e+01
5.116069651842117594e+01
5.116130670706431260e+01
5.116180710395177300e+01
5.116236288547516153e+01
5.116291741927464898e+01
5.116349225044250204e+01
5.116403174400329590e+01
5.116458142201106085e+01
5.116514221032460341e+01
5.116569844881693285e+01
5.116625266472498623e+01
5.116680689652761060e+01
5.116736509005228584e+01
5.116791878541310723e+01
5.116847367684046333e+01
5.116904611587524698e+01
5.116958777109781664e+01
5.117014668385187548e+01
5.117069813410441270e+01
5.117125438451766684e+01
5.117180687189102173e+01
5.117236277659733901e+01
5.117291869322458808e+01
5.117347954114278252e+01
5.117403143246968256e+01
5.117458553314209269e+01
5.117518117030461866e+01
5.117570017178853448e+01
5.117626641591390069e+01
5.117680838505427232e+01
5.117736678918202387e+01
5.117792291243871006e+01
5.117847721974055020e+01
5.117903314034143847e+01
5.117958937486012871e+01
5.118014152844747144e+01
5.118069682518640917e+01
5.118126092751820977e+01
5.118181552092234199e+01
5.118237405220667569e+01
5.118292062282561972e+01
5.118347692092259393e+01
5.118403298457463535e+01
5.118459130922953193e+01
5.118514139254887851e+01
5.118569764296213975e+01
5.118625174363454278e+01
5.118681652148564609e+01
5.118736615578333726e+01
5.118792071739832750e+01
5.118847465912501349e+01
5.118906848827997891e+01
5.118958492279053019e+01
5.119014328718185425e+01
5.119069956938425747e+01
5.119125377734501825e+01
5.119180794954299785e+01
5.119236830870310229e+01
5.119292034705480177e+01
5.119347656567891391e+01
5.119403496185938707e+01
5.119458694458008097e+01
5.119514125982920660e+01
5.119569944938023554e+01
5.119625356594721666e+01
5.119680784940719320e+01
5.119736597537994527e+01
5.119791813691457349e+01
5.119847855567932271e+01
5.119903256893157817e+01
5.119959080219268799e+01
5.120014081398645800e+01
5.120070153474807739e+01
5.120125541289647231e+01
5.120180756251017584e+01
5.120236379305521979e+01
5.120292176405588691e+01
5.120347430706024028e+01
5.120403030316035142e+01
5.120462611913681172e+01
5.120514277617136401e+01
5.120569667816162251e+01
5.120625512202580865e+01
5.120681380430857388e+01
5.120736560026804796e+01
5.120791975259781026e+01
5.120847604672113818e+01
5.120903027852376255e+01
5.120958850383758687e+01
5.121015515724818101e+01
5.121069649855295580e+01
5.121125510931015157e+01
5.121182097593943183e+01
5.121236315965652608e+01
5.121292173067728726e+01
5.121347796519597040e+01
5.121403672297795850e+01
5.121458624601363852e+01
5.121514254411061273e+01
5.121569879055023478e+01
5.121625286738078131e+01
5.121681586106618056e+01
5.121736736297607706e+01
5.121791946093241421e+01
5.121851139863331781e+01
5.121902950207392280e+01
5.121958807706833028e+01
5.122014440298080729e+01
5.122069621086120605e+01
5.122125278313954766e+01
5.122180897792180332e+01
5.122236514886220249e+01
5.122292601664860712e+01
5.122347774505615092e+01
5.122403375705083306e+01
5.122459208965301514e+01
5.122514422337214057e+01
5.122570031881332397e+01
5.122626086870829454e+01
5.122680845260619975e+01
5.122736712694167949e+01
5.122791895071665635e+01
5.122847570180893229e+01
5.122903127670288370e+01
5.122958989938100416e+01
5.123014950752258301e+01
5.123070019880930914e+01
5.123125445842742920e+01
5.123181701501210483e+01
5.123242985010146811e+01
5.123291894594828477e+01
5.123347513278325494e+01
5.123403999805450582e+01
5.123459721406300815e+01
5.123514185349146288e+01
5.123570013840993198e+01
5.123625474770863519e+01
5.123680844704310289e+01
5.123736669222513740e+01
5.123792491356531542e+01
5.123847496509552002e+01
5.123903111616770190e+01
5.123958958387375162e+01
5.124014372030894293e+01
5.124069994688034058e+01
5.124125611384709345e+01
5.124180826743443617e+01
5.124236650864283149e+01
5.124292065302530830e+01
5.124347484111785889e+01
5.124403318166732646e+01
5.124459140698115078e+01
5.124514403740565172e+01
5.124569952885310187e+01
5.124625373681386264e+01
5.124680802822113179e+01
5.124736407995224141e+01
5.124795374472935805e+01
5.124847662448883057e+01
5.124903093576430990e+01
5.124958903789520548e+01
5.125014324585596626e+01
5.125069947242737101e+01
5.125125575065612793e+01
5.125181001822154059e+01
5.125236624479293823e+01
5.125294136603672968e+01
5.125347652037938673e+01
5.125403587818145468e+01
5.125458900133768481e+01
5.125515486001968668e+01
5.125569940805435465e+01
5.125625357230504164e+01
5.125682817697524740e+01
5.125742222070694254e+01
5.125792406797408773e+01
5.125847850640614922e+01
5.125903264681497973e+01
5.125959091981251703e+01
5.126014717419942457e+01
5.126070129871368408e+01
5.126125543117522909e+01
5.126181170543034682e+01
5.126236794392267626e+01
5.126292000611623223e+01
5.126351208289464267e+01
5.126403445402781500e+01
5.126459508736927972e+01
5.126514298915863321e+01
5.126569878657658563e+01
5.126625520388285651e+01
5.126682522694270006e+01
5.126736766894658359e+01
5.126791981458664083e+01
5.126847593386968072e+01
5.126903409957886026e+01
5.126958847840626987e+01
5.127014478047689039e+01
5.127070091962814047e+01
5.127130633989970221e+01
5.127181560993194864e+01
5.127236749728520948e+01
5.127296134630839219e+01
5.127348449627558580e+01
5.127403838634491251e+01
5.127459035317102831e+01
5.127514455715814989e+01
5.127570073604583456e+01
5.127625490427017496e+01
5.127680908441543295e+01
5.127740739583968832e+01
5.127796823183695807e+01
5.127847596406936503e+01
5.127903400659560873e+01
5.127958813110987535e+01
5.128014232714971143e+01
5.128070057630539225e+01
5.128125890096028883e+01
5.128181102673212877e+01
5.128236713806788316e+01
5.128292128642399916e+01
5.128348979949951314e+01
5.128403179248174126e+01
5.128460886081060011e+01
5.128514633178711080e+01
5.128570044040679932e+01
5.128626208305358603e+01
5.128681082725525187e+01
5.128736738363901537e+01
5.128792107899983677e+01
5.128847939968109415e+01
5.128903354008992466e+01
5.128958801031112813e+01
5.129014397462209018e+01
5.129070024887720791e+01
5.129125657478968492e+01
5.129181259870529175e+01
5.129236687819162910e+01
5.129296056429544848e+01
5.129348136583963935e+01
5.129403553009033345e+01
5.129459178447723389e+01
5.129515217542648031e+01
5.129570209980010986e+01
5.129626221656799601e+01
5.129681909084320068e+01
5.129737897713979322e+01
5.129793143272399902e+01
5.129847920338313116e+01
5.129903321663538662e+01
5.129958956638972012e+01
5.130014372666676792e+01
5.130069963534673150e+01
5.130125401020050191e+01
5.130181457599004347e+01
5.130237480004628736e+01
5.130292033354441372e+01
5.130347665548324443e+01
5.130403281450271891e+01
5.130459141333897577e+01
5.130514329671859741e+01
5.130569971005122198e+01
5.130635180870692125e+01
5.130681440432866225e+01
5.130736836989720473e+01
5.130792468786239624e+01
5.130853059689204088e+01
5.130905970335006572e+01
5.130959989229837959e+01
5.131014334360758511e+01
5.131070178349812494e+01
5.131125537951787408e+01
5.131181671619415141e+01
5.131236817042032783e+01
5.131292229493458734e+01
5.131347864866256714e+01
5.131403685808182047e+01
5.131458892424901563e+01
5.131514651775360392e+01
5.131570144097010200e+01
5.131625775893529351e+01
5.131680945952733452e+01
5.131736358006795484e+01
5.131800804535547655e+01
5.131848258972168253e+01
5.131903690099716187e+01
5.131958885192871378e+01
5.132014715671539307e+01
5.132070127328236708e+01
5.132126168409983080e+01
5.132181165218353414e+01
5.132240533034006802e+01
5.132292205095291138e+01
5.132347825765609883e+01
5.132403457164764404e+01
5.132458974123001383e+01
5.132514693737029887e+01
5.132570112546284946e+01
5.132625731229781962e+01
5.132681173483531012e+01
5.132736982504526679e+01
5.132793564796448038e+01
5.132848021984100484e+01
5.132903402646382318e+01
5.132958608468373285e+01
5.133014682531356954e+01
5.133070064385731968e+01
5.133125502665837558e+01
5.133183181683222784e+01
5.133237917820612495e+01
5.133292794227600098e+01
5.133349858919779507e+01
5.133403832912445353e+01
5.133459230264028150e+01
5.133515798648198114e+01
5.133570487101872715e+01
5.133625485499700147e+01
5.133681117693583218e+01
5.133736948569615777e+01
5.133796529372533257e+01
5.133848447799682901e+01
5.133904012441634990e+01
5.133959241310755317e+01
5.134014858802159864e+01
5.134070263703664239e+01
5.134126156568527222e+01
5.134181093374888150e+01
5.134238559007644653e+01
5.134292332331339281e+01
5.134347958962122505e+01
5.134403368234634257e+01
5.134458994070688931e+01
5.134514619906743604e+01
5.134570253292719855e+01
5.134625870386759772e+01
5.134681289196014120e+01
5.134736906687418667e+01
5.134792534112930440e+01
5.134848157564798754e+01
5.134903567234675137e+01
5.134959193070729810e+01
5.135015776157379008e+01
5.135070453087488573e+01
5.135125857988993658e+01
5.135185146331787109e+01
5.135236886739730977e+01
5.135292513767878120e+01
5.135348603725433492e+01
5.135403757095336630e+01
5.135460392236709737e+01
5.135515212615330682e+01
5.135570207834243917e+01
5.135625840028126987e+01
5.135682082573573126e+01
5.135737053553263110e+01
5.135792495409647529e+01
5.135848121643066122e+01
5.135905376672744893e+01
5.135958948532740465e+01
5.136014569203059210e+01
5.136073505481083856e+01
5.136126294136047221e+01
5.136181921164195074e+01
5.136238009929657267e+01
5.136292268435160224e+01
5.136348944505055414e+01
5.136403724749882826e+01
5.136459137996038038e+01
5.136515386104584024e+01
5.136571348110835089e+01
5.136625567277272353e+01
5.136681215763091757e+01
5.136736809810002313e+01
5.136792219877243326e+01
5.136847847302754388e+01
5.136903705994288316e+01
5.136958894729614400e+01
5.137014526526133551e+01
5.137070162693659370e+01
5.137125993172328009e+01
5.137181410789489888e+01
5.137244534095128046e+01
5.137292218208312988e+01
5.137356412410736084e+01
5.137403670549392842e+01
5.137461576064427504e+01
5.137514518499374105e+01
5.137570151090621806e+01
5.137625749111175821e+01
5.137681566476821615e+01
5.137737696965535150e+01
5.137792398532231886e+01
5.137847610712051249e+01
5.137903647025426324e+01
5.137959086894989014e+01
5.138014713128407607e+01
5.138070539236068868e+01
5.138125731150309150e+01
5.138181372086206977e+01
5.138236784537632929e+01
5.138292405605316304e+01
5.138347835143407139e+01
5.138403666814168247e+01
5.138459059794743666e+01
5.138514689604441088e+01
5.138570311466853013e+01
5.138625723918278965e+01
5.138681353727976386e+01
5.138737179438273017e+01
5.138792595465977797e+01
5.138848216931025092e+01
5.138903632164001323e+01
5.138959061304728237e+01
5.139017806450525683e+01
5.139070061047871718e+01
5.139125683307647563e+01
5.139181342919667372e+01
5.139236723979313837e+01
5.139292370478312222e+01
5.139349162181218134e+01
5.139403622150420858e+01
5.139459243218104234e+01
5.139514866272608629e+01
5.139570287466049336e+01
5.139625669320424350e+01
5.139682482083638604e+01
5.139737378756205288e+01
5.139792571465174120e+01
5.139847971995671827e+01
5.139904013474782118e+01
5.139959224859873643e+01
5.140014631350835117e+01
5.140070250829060683e+01
5.140125678380330498e+01
5.140182240406672065e+01
5.140237437884012905e+01
5.140292540788650655e+01
5.140347949266433858e+01
5.140403588215509956e+01
5.140459207693735522e+01
5.140515605211258077e+01
5.140573159456253194e+01
5.140625863472620694e+01
5.140682033300399922e+01
5.140737115542093960e+01
5.140792498191197524e+01
5.140848152637481405e+01
5.140904992421467767e+01
5.140959397554397725e+01
5.141015981038411553e+01
5.141070226828257006e+01
5.141125835975011427e+01
5.141181480884552002e+01
5.141237502892811762e+01
5.141292712291081557e+01
5.141348335345585951e+01
5.141403971115747851e+01
5.141459159056345385e+01
5.141514590183894029e+01
5.141570194164911811e+01
5.141626460154851230e+01
5.141681456565856934e+01
5.141737290223439771e+01
5.141793740987777994e+01
5.141849496761957994e+01
5.141903507312138544e+01
5.141963087717692105e+01
5.142014763752619189e+01
5.142071125507354878e+01
5.142126023372014032e+01
5.142181646426518427e+01
5.142237523794174336e+01
5.142292472918828139e+01
5.142348305384317797e+01
5.142404179970423428e+01
5.142459339698155674e+01
5.142514758507410733e+01
5.142570390701293803e+01
5.142625798781713087e+01
5.142681394815444662e+01
5.142737258672714518e+01
5.142794270912806098e+01
5.142848058144251411e+01
5.142903503974278578e+01
5.142959321339925083e+01
5.143015365203221734e+01
5.143070580164591377e+01
5.143125985860824301e+01
5.143181865612665860e+01
5.143237228393554972e+01
5.143292438983917236e+01
5.143352042833964077e+01
5.143404107093810751e+01
5.143459105889002814e+01
5.143514719406763902e+01
5.143570551872253560e+01
5.143625748952229770e+01
5.143681389888127597e+01
5.143736995855967109e+01
5.143792631228765089e+01
5.143848050038020148e+01
5.143903878529866347e+01
5.143959714174270914e+01
5.144016974369684903e+01
5.144070958296457974e+01
5.144126172463099067e+01
5.144181780020395678e+01
5.144238087336222520e+01
5.144292833010355537e+01
5.144348620971043573e+01
5.144403652350107592e+01
5.144459473689396845e+01
5.144515152374903266e+01
5.144570302168528286e+01
5.144625928799311509e+01
5.144681354761123515e+01
5.144737165768940912e+01
5.144792573849360195e+01
5.144847999811172201e+01
5.144907794396082323e+01
5.144959246317545620e+01
5.145015077590942099e+01
5.145070285399754795e+01
5.145125924348830893e+01
5.145182223717371528e+01
5.145237634579340380e+01
5.145293250083923198e+01
5.145350962082545010e+01
5.145403592983881680e+01
5.145459438959757392e+01
5.145515074332555372e+01
5.145570243597030924e+01
5.145626107454300069e+01
5.145681709448496832e+01
5.145737157265345019e+01
5.145793246825535761e+01
5.145848397811253960e+01
5.145904283920923916e+01
5.145958976348241265e+01
5.146015034914016439e+01
5.146070231199264811e+01
5.146125881671905233e+01
5.146181503931681078e+01
5.146237127383550103e+01
5.146292537450790405e+01
5.146348367929458334e+01
5.146403571367263652e+01
5.146462535858154297e+01
5.146515086889267110e+01
5.146571327050526889e+01
5.146629949013392036e+01
5.146681914726892870e+01
5.146738745371500556e+01
5.146792529424031670e+01
5.146848149299621866e+01
5.146903987328211372e+01
5.146959389050801548e+01
5.147014808654785156e+01
5.147070412238439019e+01
5.147125851313273159e+01
5.147181474367777554e+01
5.147237104574839606e+01
5.147292500336964594e+01
5.147348343531290737e+01
5.147404166460037089e+01
5.147459377845128614e+01
5.147515000502268379e+01
5.147570626735686972e+01
5.147626242637634419e+01
5.147681453227996684e+01
5.147737291653950820e+01
5.147792697350184454e+01
5.147848794857660693e+01
5.147903704643249512e+01
5.147959328492482456e+01
5.148018490870793329e+01
5.148070398966471117e+01
5.148126017252604214e+01
5.148181429704030165e+01
5.148237264951070102e+01
5.148293313980102681e+01
5.148348977565765239e+01
5.148403679132461264e+01
5.148459303379058838e+01
5.148514717817306519e+01
5.148570382992426886e+01
5.148625792662302558e+01
5.148681175708770752e+01
5.148737006187438681e+01
5.148793075482050341e+01
5.148848258654276577e+01
5.148903879721959242e+01
5.148959285020828247e+01
5.149014950195948614e+01
5.149070119857788086e+01
5.149125949939092095e+01
5.149181608756383355e+01
5.149237653811772475e+01
5.149292414585749356e+01
5.149348251422246392e+01
5.149404720067978047e+01
5.149459515412648614e+01
5.149522644281387329e+01
5.149580776294072137e+01
5.149626393318176554e+01
5.149681562185287476e+01
5.149736983776092814e+01
5.149793370564778883e+01
5.149848250150680684e+01
5.149904086192449171e+01
5.149959505399068149e+01
5.150016779899597452e+01
5.150070743163426812e+01
5.150125925938288418e+01
5.150181785027186265e+01
5.150237402518590102e+01
5.150292582511902140e+01
5.150348651011784540e+01
5.150404273668925015e+01
5.150459245045979628e+01
5.150515329440434442e+01
5.150570724407831591e+01
5.150625935792923116e+01
5.150681756337483819e+01
5.150737588802973477e+01
5.150792805353800219e+01
5.150848214626311972e+01
5.150904039144516133e+01
5.150963035821914815e+01
5.151014843781788954e+01
5.151070466438929429e+01
5.151134878396987915e+01
5.151181740760803507e+01
5.151237590710321967e+01
5.151292782624562250e+01
5.151348407268524454e+01
5.151404033501943047e+01
5.151459203958511068e+01
5.151515070199966573e+01
5.151570687294006490e+01
5.151626311937967984e+01
5.151681721607844366e+01
5.151737346649169780e+01
5.151792769432067587e+01
5.151849266688029161e+01
5.151904215415319044e+01
5.151959635814031202e+01
5.152015055815378730e+01
5.152070677280426025e+01
5.152126295169194492e+01
5.152181710402170722e+01
5.152237533728281704e+01
5.152292958100636611e+01
5.152348377307256300e+01
5.152403997182845785e+01
5.152459617455800611e+01
5.152517917553583970e+01
5.152570209900537890e+01
5.152626281579335199e+01
5.152681701183318808e+01
5.152737073898315145e+01
5.152793145179748535e+01
5.152848555644353468e+01
5.152903976440429545e+01
5.152959386110305928e+01
5.153015008767445693e+01
5.153070425987243652e+01
5.153126473426819132e+01
5.153182098468144545e+01
5.153237093289693149e+01
5.153292694091796733e+01
5.153348816235860141e+01
5.153404155174891343e+01
5.153459781408309937e+01
5.153515222469965806e+01
5.153570823669433310e+01
5.153626243670781548e+01
5.153682478268941480e+01
5.153737286329269551e+01
5.153792675733566142e+01
5.153851455052693353e+01
5.153903942108154013e+01
5.153959361314773702e+01
5.154015191396077711e+01
5.154071018298466811e+01
5.154126242399215840e+01
5.154181859890619677e+01
5.154241033792495585e+01
5.154292887449264526e+01
5.154348065853118754e+01
5.154404337406158731e+01
5.154461690187454082e+01
5.154520622094472060e+01
5.154571004311243598e+01
5.154626208146412836e+01
5.154681830803553311e+01
5.154737457831700453e+01
5.154793748855590962e+01
5.154849864641825263e+01
5.154905291398366529e+01
5.154959511756896973e+01
5.155014943281809536e+01
5.155070563952128282e+01
5.155126179059346470e+01
5.155181818803151117e+01
5.155237430731455817e+01
5.155292845567067417e+01
5.155348256429036269e+01
5.155404082934061449e+01
5.155459482669830606e+01
5.155515342950820923e+01
5.155570524930953979e+01
5.155626168648402086e+01
5.155682086547215448e+01
5.155739023288091261e+01
5.155796375672022691e+01
5.155850785573323236e+01
5.155903873046239028e+01
5.155960033734639580e+01
5.156016705036163472e+01
5.156072121063868252e+01
5.156126363277435587e+01
5.156181766192118232e+01
5.156237167517344488e+01
5.156293023427327427e+01
5.156348861455917643e+01
5.156403853098551338e+01
5.156459452311197822e+01
5.156515733798345025e+01
5.156570732196171747e+01
5.156626318693160727e+01
5.156682182947794502e+01
5.156739440759022841e+01
5.156792771418889032e+01
5.156848414738973219e+01
5.156904033819834154e+01
5.156959648529688423e+01
5.157015286286672051e+01
5.157070909341176446e+01
5.157126105229060187e+01
5.157185591061909946e+01
5.157237360874811571e+01
5.157292772531509684e+01
5.157348407506943033e+01
5.157404016653696743e+01
5.157459447383880757e+01
5.157515472571055426e+01
5.157570900519689161e+01
5.157626096407572192e+01
5.157681936820348056e+01
5.157738037506739204e+01
5.157792966365813925e+01
5.157848387161890713e+01
5.157904010613759027e+01
5.157959628899892124e+01
5.158015033006667949e+01
5.158070674339930406e+01
5.158126293023427422e+01
5.158181920448939195e+01
5.158237537940343032e+01
5.158292926947275703e+01
5.158348576227823656e+01
5.158404225111007690e+01
5.158459816376367968e+01
5.158515025774637763e+01
5.158574792146682597e+01
5.158626245260238363e+01
5.158681680758794386e+01
5.158737756411234443e+01
5.158794322808583388e+01
5.158849012454350458e+01
5.158903959194819322e+01
5.158959570725758681e+01
5.159015420675277852e+01
5.159070848623911587e+01
5.159126669168472290e+01
5.159181948105494087e+01
5.159237288633982388e+01
5.159292893409728720e+01
5.159348527590433520e+01
5.159404646555582730e+01
5.159460965394973897e+01
5.159515213569004999e+01
5.159570875167846538e+01
5.159626236756642470e+01
5.159681626955668321e+01
5.159737490018208916e+01
5.159792896906535020e+01
5.159848529895146640e+01
5.159904351631800523e+01
5.159960439602534166e+01
5.160023113886515489e+01
5.160072236061095907e+01
5.160128922462463663e+01
5.160182784001032275e+01
5.160237886905670024e+01
5.160292889277140205e+01
5.160348484118779311e+01
5.160404340028762959e+01
5.160459755659103109e+01
5.160517277320226270e+01
5.160570555528004633e+01
5.160626207192738946e+01
5.160681819518406854e+01
5.160737425486247076e+01
5.160793079137802408e+01
5.160848913590113085e+01
5.160904532273610101e+01
5.160959505637486444e+01
5.161015124718348090e+01
5.161070759296417521e+01
5.161126178503036499e+01
5.161181789636611938e+01
5.161237402757009107e+01
5.161292844613392816e+01
5.161348448594411309e+01
5.161404311259587274e+01
5.161459716558456279e+01
5.161516641775767056e+01
5.161571408112843784e+01
5.161626564661661831e+01
5.161686711311340048e+01
5.161737392743428643e+01
5.161794841289520264e+01
5.161849079926808770e+01
5.161904290119807115e+01
5.161959699392318868e+01
5.162015088001886909e+01
5.162071168820063605e+01
5.162126569747924520e+01
5.162182406584421557e+01
5.162237819433212138e+01
5.162294404506683065e+01
5.162348618507385112e+01
5.162404278119404921e+01
5.162459669510523241e+01
5.162515273491541734e+01
5.162570721705754551e+01
5.162626547813415812e+01
5.162682178815205702e+01
5.162737586895624986e+01
5.162793205976485922e+01
5.162848648230234971e+01
5.162904038429260112e+01
5.162959870894749770e+01
5.163015472888946533e+01
5.163070703744888590e+01
5.163126294215520318e+01
5.163182125091552876e+01
5.163240497907002435e+01
5.163293047348658149e+01
5.163348823785781860e+01
5.163404327233632074e+01
5.163459629217783942e+01
5.163515485525131510e+01
5.163570891618728353e+01
5.163626527388890253e+01
5.163682142893473070e+01
5.163737530310948642e+01
5.163793394168217787e+01
5.163848593235015727e+01
5.163904220263163580e+01
5.163959632317224901e+01
5.164015256166457846e+01
5.164071300427119127e+01
5.164126499493917066e+01
5.164184622764587118e+01
5.164237966140111524e+01
5.164296074708303053e+01
5.164349203507105557e+01
5.164404402971267416e+01
5.164459616740544590e+01
5.164515443245569770e+01
5.164571071068446173e+01
5.164626271724701212e+01
5.164681895971298076e+01
5.164737493197123541e+01
5.164792941013971728e+01
5.164848976532618252e+01
5.164904390176137383e+01
5.164960218270619663e+01
5.165015215873718546e+01
5.165071042378743726e+01
5.165126437743504795e+01
5.165182569821675429e+01
5.165237480401992798e+01
5.165293337901433546e+01
5.165348633130391676e+01
5.165404911438623969e+01
5.165459968646367628e+01
5.165515410900115967e+01
5.165571004549662604e+01
5.165626926024754795e+01
5.165684129794438917e+01
5.165737902720768915e+01
5.165793317953745856e+01
5.165849039554596089e+01
5.165904562870661465e+01
5.165959740877151773e+01
5.166017616987228678e+01
5.166071215867996358e+01
5.166127500534057759e+01
5.166182267268498407e+01
5.166237470706303725e+01
5.166293086608251173e+01
5.166350089311599447e+01
5.166404343446095737e+01
5.166459724505742201e+01
5.166515375375747965e+01
5.166570814053217475e+01
5.166626413265863960e+01
5.166682248512903897e+01
5.166737869977951192e+01
5.166793070634206231e+01
5.166848692893982076e+01
5.166904316743215020e+01
5.166960150400797858e+01
5.167015348672866537e+01
5.167074665625889907e+01
5.167126595576603876e+01
5.167182015180587484e+01
5.167243455648421957e+01
5.167293725013733052e+01
5.167348927259445190e+01
5.167405023177465040e+01
5.167459921439488824e+01
5.167515758275985860e+01
5.167571385701497633e+01
5.167626589139302240e+01
5.167681973377863613e+01
5.167737594842910909e+01
5.167793039480844897e+01
5.167848866780598627e+01
5.167905865510304864e+01
5.167961085240046515e+01
5.168015290498733805e+01
5.168070940574010308e+01
5.168127010265985888e+01
5.168182405233383037e+01
5.168237824042638096e+01
5.168293898502985684e+01
5.168351740837097452e+01
5.168404267628987725e+01
5.168463012774785170e+01
5.168515919049580987e+01
5.168571133613586710e+01
5.168628003597259379e+01
5.168683185974757066e+01
5.168739226261774888e+01
5.168793404499690070e+01
5.168848841587702481e+01
5.168904450734456191e+01
5.168960086504618090e+01
5.169015500148137221e+01
5.169071121215820597e+01
5.169128121137619303e+01
5.169182163079579340e+01
5.169237978855768745e+01
5.169293398062388434e+01
5.169348814487457133e+01
5.169404440323511807e+01
5.169459852377573839e+01
5.169515461126963629e+01
5.169571327765782343e+01
5.169626717964808194e+01
5.169682954947153775e+01
5.169739211002985968e+01
5.169793159961700724e+01
5.169851915438970025e+01
5.169904410441716180e+01
5.169960559209187778e+01
5.170016605854034708e+01
5.170071084101994785e+01
5.170126502513885214e+01
5.170182544390360846e+01
5.170237506230672153e+01
5.170296078125635830e+01
5.170348782539367960e+01
5.170404609044393140e+01
5.170460019508997362e+01
5.170515431563059394e+01
5.170571066141128824e+01
5.170626490513483731e+01
5.170682111978531026e+01
5.170737934509913458e+01
5.170793346961339410e+01
5.170850302378336494e+01
5.170904598236084126e+01
5.170960006713867330e+01
5.171015633344650553e+01
5.171071721712748115e+01
5.171126672426859727e+01
5.171183676322301181e+01
5.171241426865260138e+01
5.171294306516647055e+01
5.171348742246627950e+01
5.171405594746271817e+01
5.171461626291274882e+01
5.171516584157943441e+01
5.171571036974589219e+01
5.171626865069071499e+01
5.171682056585947862e+01
5.171737680037816176e+01
5.171793306271235480e+01
5.171848700046539449e+01
5.171904559930165846e+01
5.171959976355234545e+01
5.172015588680903164e+01
5.172071220874786235e+01
5.172126842737198160e+01
5.172182048559189127e+01
5.172237675189971640e+01
5.172293266057967998e+01
5.172349621852239210e+01
5.172404320240021036e+01
5.172460158665975172e+01
5.172515829006830756e+01
5.172571449279784872e+01
5.172630360523859849e+01
5.172682038148244033e+01
5.172738583485285346e+01
5.172795103391011651e+01
5.172849542697270664e+01
5.172905566692352153e+01
5.172959911823272705e+01
5.173015768925348823e+01
5.173071410258611280e+01
5.173126579125722202e+01
5.173182199398676318e+01
5.173237398465474257e+01
5.173293457031250142e+01
5.173348870674769273e+01
5.173404734134673788e+01
5.173460110425948955e+01
5.173515509366988852e+01
5.173570963144302226e+01
5.173627049128214850e+01
5.173682412306467882e+01
5.173739667336145942e+01
5.173795041243235460e+01
5.173848624626795356e+01
5.173904031515121460e+01
5.173960108757019327e+01
5.174015521605809198e+01
5.174071115255355835e+01
5.174126315911610874e+01
5.174185271660486762e+01
5.174237997134526523e+01
5.174293640851974629e+01
5.174349281390507826e+01
5.174404668807983398e+01
5.174459885756174771e+01
5.174517803986866937e+01
5.174571348031361850e+01
5.174626547495524420e+01
5.174682138363520068e+01
5.174737794796625678e+01
5.174793414672215874e+01
5.174848834673563402e+01
5.174914900461832445e+01
5.174960079590479722e+01
5.175015461842219366e+01
5.175071760813395372e+01
5.175126729408899706e+01
5.175182137886682909e+01
5.175237766106923232e+01
5.175295907258987427e+01
5.175348819891611640e+01
5.175404636859893515e+01
5.175460267066955566e+01
5.175515469710032335e+01
5.175574021736780850e+01
5.175626910924911783e+01
5.175682118336359849e+01
5.175738003651301256e+01
5.175793386697769449e+01
5.175848784049352247e+01
5.175904422203699795e+01
5.175960047642389839e+01
5.176015665133794386e+01
5.176071493228276665e+01
5.176126904090245517e+01
5.176182320117950297e+01
5.176237947940826700e+01
5.176293354829152094e+01
5.176348957220713487e+01
5.176404395103454448e+01
5.176460020542144491e+01
5.176515853802363409e+01
5.176571051677068169e+01
5.176626672347386915e+01
5.176682522296905375e+01
5.176737936337789137e+01
5.176793349186579718e+01
5.176849391063054640e+01
5.176904378334680956e+01
5.176960211992263794e+01
5.177015605370203843e+01
5.177071237961451544e+01
5.177129981517791890e+01
5.177182496388753208e+01
5.177237707773844733e+01
5.177293540239334391e+01
5.177350343465805338e+01
5.177404335737228536e+01
5.177461630900700840e+01
5.177517320712407667e+01
5.177571237881978305e+01
5.177626859744389520e+01
5.177683702309926161e+01
5.177741023302078105e+01
5.177793512741724413e+01
5.177848931153615553e+01
5.177904763221740581e+01
5.177960175275802612e+01
5.178015592098235942e+01
5.178071424961090230e+01
5.178126627206802368e+01
5.178182257413864420e+01
5.178238304853439189e+01
5.178294885158538818e+01
5.178353354930877828e+01
5.178404512802759996e+01
5.178460160493850850e+01
5.178515574137369981e+01
5.178571233352025160e+01
5.178627027273178385e+01
5.178682654698689447e+01
5.178738067547480028e+01
5.178793477217356411e+01
5.178849311669667799e+01
5.178904734849929525e+01
5.178960827191670546e+01
5.179016441106796265e+01
5.179071181217829434e+01
5.179127216339111328e+01
5.179182431300480971e+01
5.179237600167592603e+01
5.179293434222539361e+01
5.179348646004994805e+01
5.179404714107513286e+01
5.179460738499959405e+01
5.179515540202458368e+01
5.179571169217427240e+01
5.179626992940902852e+01
5.179682204723358296e+01
5.179742049376169888e+01
5.179793653885523241e+01
5.179849283297856744e+01
5.179907404979069696e+01
5.179960110584895006e+01
5.180017815430959160e+01
5.180073288679123067e+01
5.180127178430556967e+01
5.180183337529500420e+01
5.180238433281580512e+01
5.180293847322464273e+01
5.180349035263061808e+01
5.180404675006866455e+01
5.180460341771443922e+01
5.180516356627146735e+01
5.180571337938308574e+01
5.180626953045527472e+01
5.180682580073674615e+01
5.180738006035486620e+01
5.180799209674199091e+01
5.180849204063415669e+01
5.180904638369877802e+01
5.180960489908854072e+01
5.181017235914865893e+01
5.181072164773941324e+01
5.181129026810328497e+01
5.181182778676350864e+01
5.181238648494084487e+01
5.181294125318527222e+01
5.181349220673243394e+01
5.181404854456583564e+01
5.181460266510645596e+01
5.181515879631042765e+01
5.181571515798568583e+01
5.181628097295761393e+01
5.181682102282842095e+01
5.181737984418869303e+01
5.181793798605600898e+01
5.181849418878555014e+01
5.181904625495274530e+01
5.181960768302281650e+01
5.182015657822291388e+01
5.182071491877238145e+01
5.182126890818278042e+01
5.182182533343632969e+01
5.182238165934880669e+01
5.182293554941813341e+01
5.182348982095718526e+01
5.182404609521230299e+01
5.182460678418477329e+01
5.182519395351410196e+01
5.182572116057077949e+01
5.182626899480819560e+01
5.182682778835296489e+01
5.182739980618158881e+01
5.182794154485066684e+01
5.182849443753560337e+01
5.182904794613520494e+01
5.182960834105809766e+01
5.183017393350601054e+01
5.183071254491805746e+01
5.183127378622690884e+01
5.183182467222214029e+01
5.183238120873769361e+01
5.183294390837351528e+01
5.183351033926010132e+01
5.183404973347981581e+01
5.183460668325424336e+01
5.183515996932983683e+01
5.183571223815282281e+01
5.183634160359700616e+01
5.183682669401169107e+01
5.183738132715225078e+01
5.183793733119964742e+01
5.183849180539449009e+01
5.183906192779541300e+01
5.183960388104120653e+01
5.184016007979710849e+01
5.184075587590535150e+01
5.184127044677734375e+01
5.184182434876759515e+01
5.184247883160909254e+01
5.184293499787648329e+01
5.184349114497502597e+01
5.184404748280842767e+01
5.184460165500640727e+01
5.184516408840815416e+01
5.184575994809468824e+01
5.184627495209375780e+01
5.184682206710179742e+01
5.184749520619710239e+01
5.184793475866317891e+01
5.184849104483922133e+01
5.184904921054840088e+01
5.184960144360859857e+01
5.185016728242238315e+01
5.185071590741475234e+01
5.185127005577087544e+01
5.185182638565699165e+01
5.185238025983174737e+01
5.185293886264165053e+01
5.185349294741948256e+01
5.185404708385467387e+01
5.185460949341456427e+01
5.185515781641006328e+01
5.185571368535359937e+01
5.185630752642949659e+01
5.185682288010914931e+01
5.185738033056259155e+01
5.185793871482213291e+01
5.185849033594131186e+01
5.185905706485112177e+01
5.185960321426391317e+01
5.186015920241673882e+01
5.186071358919143393e+01
5.186128094196319438e+01
5.186182601849237983e+01
5.186238006750742358e+01
5.186294499238331923e+01
5.186349256038666056e+01
5.186404676437378214e+01
5.186461186806361212e+01
5.186516594092051236e+01
5.186577772696812616e+01
5.186627637147903158e+01
5.186682782967885430e+01
5.186738000313440722e+01
5.186794064044952535e+01
5.186851536830265985e+01
5.186904635429382182e+01
5.186960478623708326e+01
5.187015916506449287e+01
5.187071288824081705e+01
5.187127570311228197e+01
5.187182774146398145e+01
5.187237976392110284e+01
5.187293595472971930e+01
5.187349234024683398e+01
5.187404844363530287e+01
5.187460486094156664e+01
5.187516320149104132e+01
5.187571297486623223e+01
5.187627598444620958e+01
5.187683428128560337e+01
5.187738377650578769e+01
5.187793555259704448e+01
5.187849416732787944e+01
5.187909994125366353e+01
5.187960450649261190e+01
5.188016077280044414e+01
5.188071256875991821e+01
5.188126877546310567e+01
5.188182551066081061e+01
5.188240025838216241e+01
5.188293747901916220e+01
5.188349398771921983e+01
5.188405022223790297e+01
5.188460685412088935e+01
5.188516343434651645e+01
5.188571477731068882e+01
5.188626885414123535e+01
5.188682500521341723e+01
5.188738337357838759e+01
5.188793730338414179e+01
5.188849379221598213e+01
5.188905256986618042e+01
5.188961052894592285e+01
5.189016051292419718e+01
5.189071443478266588e+01
5.189127056598663046e+01
5.189182699124018683e+01
5.189238739411036505e+01
5.189297284285227363e+01
5.189349139531453403e+01
5.189404982328414917e+01
5.189460391203562750e+01
5.189516674677530972e+01
5.189582583506901869e+01
5.189628098805745537e+01
5.189682674010594354e+01
5.189738075733184530e+01
5.189793960253397387e+01
5.189850095510482930e+01
5.189904761314392090e+01
5.189960370063781880e+01
5.190016724665959913e+01
5.190071418682734361e+01
5.190127027829488071e+01
5.190182867050170756e+01
5.190238285859425815e+01
5.190293956597646030e+01
5.190349752505620273e+01
5.190404947996139384e+01
5.190460338989893785e+01
5.190515966018040928e+01
5.190572086970011156e+01
5.190627662340799731e+01
5.190685124397278116e+01
5.190738253196080620e+01
5.190793888568877890e+01
5.190850102504094110e+01
5.190904713074366583e+01
5.190960335731506348e+01
5.191015961964924941e+01
5.191071377992629721e+01
5.191126998662948466e+01
5.191187010208765429e+01
5.191238679488500196e+01
5.191293668746948242e+01
5.191349968115488878e+01
5.191406129201253350e+01
5.191460321744283135e+01
5.191516183614730551e+01
5.191571575005848871e+01
5.191626965602238641e+01
5.191682821114857660e+01
5.191738713184992804e+01
5.191793859799702915e+01
5.191849481662114130e+01
5.191904689470926826e+01
5.191960285107294482e+01
5.192015906572341777e+01
5.192074671983719014e+01
5.192126951615015429e+01
5.192182562351226949e+01
5.192238241831461920e+01
5.192293606599172051e+01
5.192349461317062520e+01
5.192404879728952949e+01
5.192460725307464742e+01
5.192515895366668843e+01
5.192571749289830763e+01
5.192627136309941704e+01
5.192682788769403857e+01
5.192738414208094611e+01
5.192793817122777256e+01
5.192850492397943896e+01
5.192905076742172099e+01
5.192960459788640293e+01
5.193016997178395400e+01
5.193072207768758375e+01
5.193127388954162882e+01
5.193182984193165908e+01
5.193238411347071093e+01
5.193295019070307461e+01
5.193350134293238085e+01
5.193405474424362467e+01
5.193464213609695435e+01
5.193516089518865186e+01
5.193572389284769741e+01
5.193627598683039537e+01
5.193682960669199389e+01
5.193738855123520182e+01
5.193793762922287272e+01
5.193849622805912958e+01
5.193905508120854364e+01
5.193961336612701274e+01
5.194016054471333632e+01
5.194072205622990879e+01
5.194128149747848511e+01
5.194182729323704706e+01
5.194238146146138746e+01
5.194293768008549961e+01
5.194349598884582520e+01
5.194405268430709555e+01
5.194460429350534980e+01
5.194516040484110420e+01
5.194571439027786397e+01
5.194627329905827651e+01
5.194682925144831387e+01
5.194738548199335781e+01
5.194793743689854892e+01
5.194849377075831143e+01
5.194904999335606988e+01
5.194960669279098653e+01
5.195019993384678969e+01
5.195072347720464023e+01
5.195127696990967081e+01
5.195182898839314589e+01
5.195238531033198370e+01
5.195294909874598233e+01
5.195349565744400167e+01
5.195406483809153286e+01
5.195462446212768270e+01
5.195517452160517280e+01
5.195572535991668417e+01
5.195627298355102397e+01
5.195682889620463385e+01
5.195738304058711066e+01
5.195793963273366245e+01
5.195849551359812324e+01
5.195904976924260410e+01
5.195962717135747511e+01
5.196016181707382486e+01
5.196071831782658990e+01
5.196127285957336284e+01
5.196182869672774984e+01
5.196238708893458380e+01
5.196293882131576680e+01
5.196349295775095811e+01
5.196404936313629008e+01
5.196461300849914267e+01
5.196516473293304728e+01
5.196574929952621602e+01
5.196627215941747124e+01
5.196682639122009562e+01
5.196739229758580336e+01
5.196794103384017660e+01
5.196849519014358521e+01
5.196905346711476881e+01
5.196960555712382046e+01
5.197016381025314047e+01
5.197071793874104628e+01
5.197127422889073500e+01
5.197182840903600010e+01
5.197238221168517924e+01
5.197294268210728774e+01
5.197349465290705695e+01
5.197404882907867574e+01
5.197460541725158834e+01
5.197516649166743008e+01
5.197573167880376133e+01
5.197628362973531324e+01
5.197685137192408433e+01
5.197740281025568976e+01
5.197796120643615581e+01
5.197849965095520020e+01
5.197905788818994921e+01
5.197964239915211948e+01
5.198016822338104248e+01
5.198072181145349901e+01
5.198127599954604960e+01
5.198183006842931064e+01
5.198238617181777954e+01
5.198294062614441202e+01
5.198349664608637255e+01
5.198406253655751641e+01
5.198460750977198330e+01
5.198516534964243618e+01
5.198572166760762769e+01
5.198627162377039923e+01
5.198682758013407579e+01
5.198738379478454874e+01
5.198794827461242818e+01
5.198849928379058838e+01
5.198905543486277026e+01
5.198961653709411479e+01
5.199016095002492222e+01
5.199072659810384067e+01
5.199127110242843486e+01
5.199182743628819736e+01
5.199238400061925347e+01
5.199294047355651571e+01
5.199351921478907457e+01
5.199405049482981411e+01
5.199461515347162788e+01
5.199516729116439961e+01
5.199571918249129965e+01
5.199627550045649116e+01
5.199683374961217197e+01
5.199738339583078783e+01
5.199794841607411655e+01
5.199849385817845615e+01
5.199905030330022271e+01
