-1.208895835911156791e-01
-1.220786185133408974e-01
-1.230418819889529392e-01
-1.237955238216899012e-01
-1.243620232788087421e-01
-1.247672108159039173e-01
-1.250379078092340723e-01
-1.252001696578428636e-01
-1.252780778651410021e-01
-1.252930011760780005e-01
-1.252632344426989341e-01
-1.252039239517441782e-01
-1.251271958657849126e-01
-1.250424167375943085e-01
-1.249565289827805348e-01
-1.180198413446982286e-01
-1.123382827805234907e-01
-1.078323476552052185e-01
-1.043839882188453139e-01
-1.018546940196796147e-01
-1.000991711013365926e-01
-9.897520006459181729e-02
-9.767601810972492693e-02
-9.689046369735199171e-02
-9.649794676921041869e-02
-9.639598117414949208e-02
-8.976833128914418758e-02
-9.124970786610675511e-02
-8.600546063905967209e-02
-8.191137789415670056e-02
-7.883067769041507411e-02
-7.661623498797820453e-02
-7.512096948379909378e-02
-7.470907001704341077e-02
-7.415015435397220855e-02
-7.444440451393874447e-02
-7.490462595857794170e-02
-7.545779437040800453e-02
-7.604701507666766780e-02
-7.663010481546606023e-02
-7.717770854021743787e-02
-7.767118602607836486e-02
-7.810047008781051403e-02
-7.846204767159137283e-02
-7.875716158053580607e-02
-7.899028330297230838e-02
-7.916787061398333769e-02
-7.929739808646885102e-02
-7.938663310388438532e-02
-7.252404809849299916e-02
-6.690047145821487184e-02
-6.243725424460477846e-02
-5.901789203399543382e-02
-5.650586980094352008e-02
-5.475809639628037573e-02
-5.363455214937218329e-02
-5.300480021916276208e-02
-5.238871736462957784e-02
-5.211821908336822240e-02
-5.245609314189070282e-02
-4.603055650713772096e-02
-4.060937606654424492e-02
-3.646033258569003621e-02
-3.340515262941279317e-02
-3.126480420611055244e-02
-2.308954520827244394e-02
-2.352785332609474978e-02
-1.755836735616700395e-02
-1.312834399736151347e-02
-9.820249084282028917e-03
-7.563726124121927796e-03
-6.198186272410310949e-03
-5.479741861949216641e-03
-5.256495158098672960e-03
-5.394070862880129269e-03
-5.777933608301699664e-03
-6.314008264900472511e-03
-6.976526704774554943e-03
-7.660472262517981079e-03
-8.323063802229357933e-03
-8.934936555230699184e-03
-2.345056336857886947e-03
-4.106324652128456876e-03
1.443356078755675398e-03
5.887513669037058861e-03
9.322220529394131816e-03
1.187011325039866172e-02
1.366501536935493810e-02
1.484079121708847815e-02
1.552377840306995438e-02
1.582809577514709964e-02
2.314091273234830659e-02
2.899251240149891551e-02
3.350082370852680569e-02
3.682225854200016357e-02
3.913215748502474334e-02
4.060939182319978080e-02
4.142511367106549436e-02
4.173527574584601219e-02
4.167632736006732230e-02
4.865655594383766491e-02
4.684881988027500554e-02
4.504551128278078131e-02
4.334108435920103197e-02
4.179585470445723594e-02
4.074003125476632903e-02
4.719769365657966453e-02
5.251027381515949166e-02
5.673229671287449705e-02
5.996196989931057431e-02
6.232297252908258756e-02
6.394984334237907575e-02
6.497699218939256838e-02
6.553103283578010085e-02
6.572594653872676496e-02
6.566051274280049199e-02
6.541745158138079219e-02
7.250873400768487187e-02
7.816894066480295500e-02
8.253526087857387949e-02
9.318243653644575630e-02
1.015001782018958298e-01
1.077621799220220833e-01
1.114422108359869323e-01
1.137848570942778803e-01
1.150914591680027854e-01
1.164619932298458505e-01
1.162699726212625961e-01
1.157014407832801517e-01
1.220830942184236712e-01
1.270066445185922266e-01
1.306657294891144794e-01
1.332583746129645252e-01
1.349759405537391821e-01
1.359958456891401379e-01
1.364771430617026660e-01
1.436759168211585447e-01
1.492843899244533645e-01
1.534933046571442805e-01
1.635905853249888242e-01
1.713871018324253370e-01
1.771767255448306599e-01
1.812682378404528727e-01
1.839645709263373341e-01
1.868777741704730211e-01
1.958209885980033427e-01
2.026488305599858375e-01
2.076262083884043985e-01
2.110399540155050158e-01
2.131765064349091521e-01
2.214403047267039515e-01
2.276256166677530501e-01
2.303725036011017302e-01
2.319392433297067235e-01
2.395677769214989983e-01
2.452125684268491312e-01
2.492036246358753093e-01
2.518501766426044508e-01
2.602349254764508846e-01
2.597478681600411399e-01
2.655163994521181348e-01
2.629711147157764994e-01
2.603637524448751961e-01
2.596504060266278113e-01
2.638067193508510933e-01
2.669886115511403979e-01
2.693279634310197235e-01
2.777119608415046237e-01
2.842524167808604396e-01
2.891747505272219687e-01
2.927186924070523943e-01
2.884460308119345395e-01
2.844682965782738826e-01
2.760839834551873651e-01
2.689377802898538228e-01
2.630512303746852520e-01
2.583721008131072416e-01
2.547969213736276384e-01
2.521911579092783739e-01
2.486225371704504639e-01
2.460797587986593982e-01
2.461160786091753927e-01
2.447528442781310432e-01
2.439353745764343273e-01
2.366344858754303448e-01
2.309200543833744845e-01
2.250231906391326753e-01
2.206719251329847253e-01
2.176049892491260795e-01
2.155790440696530030e-01
2.143750857918171882e-01
2.138012990963076287e-01
2.136936586910567204e-01
2.139151032092578841e-01
2.143538076978270812e-01
2.149209013859458839e-01
2.155478712409188979e-01
2.094214192624361814e-01
2.044850361542203121e-01
2.006404442606697369e-01
1.909340577586149390e-01
1.832724155068956584e-01
1.762231777313969516e-01
1.710539377630018176e-01
1.674501427599257575e-01
1.651142533946980961e-01
1.637761186206714292e-01
1.631981910133075697e-01
1.631772886504394560e-01
1.567972883879540369e-01
1.518953717545974413e-01
1.550445917663620943e-01
1.580458770365473775e-01
1.607866994943583094e-01
1.564491403135508385e-01
1.597488291640112301e-01
1.626085173692708441e-01
1.650112812295085885e-01
1.669693533566682930e-01
1.685146337922642790e-01
1.696910517391374551e-01
1.637963777058866199e-01
1.599507513270714831e-01
1.567967155475589180e-01
1.543002279664844600e-01
1.524015308920529943e-01
1.510255223309224792e-01
1.500903780596878345e-01
1.495142227700367865e-01
1.422331538338152956e-01
1.364284921838327946e-01
1.319661932803219972e-01
1.286789264318317638e-01
1.263858765035357212e-01
1.249071806180088728e-01
1.240737603277257683e-01
1.237334099463331949e-01
1.237539813809647171e-01
1.240244191654111816e-01
1.174418111369526230e-01
1.122261875924326358e-01
1.082390423396220047e-01
1.060672314372241853e-01
1.046376380660316574e-01
1.038096273099851086e-01
9.626096354081870032e-02
9.033486773665289071e-02
8.586727448530662166e-02
8.266190981281917871e-02
8.051131960883650684e-02
7.921232600691374692e-02
7.857648926024540792e-02
7.117052354367947586e-02
6.544511554522469687e-02
6.164406197335381421e-02
5.897836235641240599e-02
5.725861980889401792e-02
5.629834476495743090e-02
5.592368875586140042e-02
5.597980804686830680e-02
4.886701589294584203e-02
4.329981755932399423e-02
3.940465318593555644e-02
3.660135684062493233e-02
2.710126280886715477e-02
1.969925052428767032e-02
1.417330008821782172e-02
1.026143219328101708e-02
7.689454483531088513e-03
6.191088365055996690e-03
5.521315354937827991e-03
-2.221107084700024714e-03
-8.121421164668296555e-03
-1.242637866372775513e-02
-1.539363484984912489e-02
-1.727387395230239875e-02
-2.595789901489409246e-02
-3.258338031323915196e-02
-3.742811360978715030e-02
-4.077946289253486789e-02
-4.291589235506676481e-02
-4.409487764248476438e-02
-5.217496145818723008e-02
-5.832342016372082938e-02
-7.041634461915258214e-02
-7.970905671498162981e-02
-8.656636469776235465e-02
-9.894586661930482308e-02
-1.082426530436335632e-01
-1.224474944976750024e-01
-1.330714600088624966e-01
-1.406533829321601203e-01
-1.532020267426268401e-01
-1.623493624338585573e-01
-1.760798546137651854e-01
-1.861201211915883835e-01
-1.930791841418266763e-01
-2.048788259748342000e-01
-2.133372108535311895e-01
-2.190398475495478614e-01
-2.225337650250931443e-01
-2.315674791736495042e-01
-2.379669892530056341e-01
-2.440000265390267487e-01
-2.553089898144929037e-01
-2.636934101032624156e-01
-2.695825068088080201e-01
-2.734113126759343260e-01
-2.755953493350027372e-01
-2.837829274881147334e-01
-2.896951536425520501e-01
-2.959133505257549590e-01
-3.002559568899070275e-01
-3.103423846380684026e-01
-3.178579353657104978e-01
-3.231757841700773071e-01
-3.339176906665093369e-01
-3.490174600759143875e-01
-3.603601570841912238e-01
-3.685152564636393624e-01
-3.740427811309168238e-01
-3.747121588765984779e-01
-3.742614855576640309e-01
-3.799226208819446171e-01
-3.838179507352417197e-01
-3.930306556007563401e-01
-3.998467928450228914e-01
-4.018572572877923132e-01
-4.027660740590262023e-01
-4.028793855013483860e-01
-4.024425059182614728e-01
-4.016492604870764982e-01
-4.006501103397073216e-01
-4.022991222660043942e-01
-4.006912183642699077e-01
-3.991727818640840031e-01
-4.042612088739692133e-01
-4.083187001735644195e-01
-4.050282803289939615e-01
-4.021043601589866512e-01
-3.995890598450739795e-01
-3.974909151329766299e-01
-3.957942841994126493e-01
-3.944672627605689819e-01
-3.934681446657868342e-01
-3.954690892647700906e-01
-3.972301982682053811e-01
-4.053244180849586709e-01
-4.119549334818310982e-01
-4.172078715452602893e-01
-4.212188764138034003e-01
-4.241502705860773492e-01
-4.326847411708649727e-01
-4.423020031737219249e-01
-4.497259190364550907e-01
-4.584921147038247824e-01
-4.681131912230716008e-01
-4.752542388892209146e-01
-4.866104011374341454e-01
-4.950299893614271696e-01
-5.009770985153085832e-01
-5.110767491307270927e-01
-5.183811118053052169e-01
-5.233800674483346516e-01
-5.265280240991465632e-01
-5.342404697910434486e-01
-5.397198300989782815e-01
-5.528882806272616968e-01
-5.628784062681608802e-01
-5.664201236410981721e-01
-5.683387856992261344e-01
-5.690423137369580164e-01
-5.783128077508860043e-01
-5.852622557951895343e-01
-5.845299077599135362e-01
-5.831879451424453187e-01
-5.814867072411389337e-01
-5.796221701895191147e-01
-5.777413311316018651e-01
-5.721803804360486856e-01
-5.712341488571551773e-01
-5.704374271325904910e-01
-5.756238882532199730e-01
-5.778466766440222280e-01
-5.854519013377067482e-01
-5.915656077283717451e-01
-5.963095343398362447e-01
-5.940198447603337595e-01
-5.917413248944326520e-01
-5.895920850248945744e-01
-5.935463132553381316e-01
-5.966615719495653725e-01
-5.990293466080983675e-01
-6.007533347847225924e-01
-6.077188093784527956e-01
-6.074084914412165581e-01
-6.068315193860308598e-01
-6.101136220741291138e-01
-6.126181973291158211e-01
-6.144419363314425064e-01
-6.156896363478364664e-01
-6.164663299021682086e-01
-6.226843297199283755e-01
-6.317309476169539195e-01
-6.388622348773529414e-01
-6.442699081785044912e-01
-6.481823488216378326e-01
-6.508408787360078218e-01
-6.568809769144366983e-01
-6.670882408827186749e-01
-6.748880506649828082e-01
-6.805936952761779679e-01
-6.845376544595482837e-01
-6.926181537736045835e-01
-6.984941476817269068e-01
-7.071891644069905336e-01
-7.136025689282554652e-01
-7.180824256956327423e-01
-7.311712699919625802e-01
-7.411607938744095847e-01
-7.484549053661347928e-01
-7.534806942169702815e-01
-7.566577659660842503e-01
-7.686342293978551954e-01
-7.725700737444441968e-01
-7.748582359890799909e-01
-7.758920099288810768e-01
-7.861195896403573302e-01
-7.938231172306405847e-01
-7.993757183067131677e-01
-8.031466870169615691e-01
-8.155460543000210283e-01
-8.249768846252358845e-01
-8.318502784211403434e-01
-8.365850537676774445e-01
-8.496180471356529207e-01
-8.547793487819399516e-01
-8.627434166423134654e-01
-8.683429262823754158e-01
-8.720057810965723410e-01
-8.796128189867485903e-01
-8.850775233010924614e-01
-8.887482121906332688e-01
-8.909658649470795222e-01
-9.021843141648019371e-01
-9.107001877164455639e-01
-9.168802826490821678e-01
-9.211060769228635037e-01
-9.237477813312739983e-01
-9.294577897327976901e-01
-9.391512993807028531e-01
-9.463848769936141769e-01
-9.556556020558930609e-01
-9.623746232308660886e-01
-9.669905323261207553e-01
-9.699181829180175685e-01
-9.715283146792043079e-01
-9.721431877838653257e-01
-9.720360488031858370e-01
-9.714330265475475956e-01
-9.763134784758111806e-01
-9.799917466595777782e-01
-9.865316286061336370e-01
-9.914547596780698413e-01
-9.950008337432063588e-01
-1.003299166217078042e+00
-1.013353272460704613e+00
-1.020949572942466466e+00
-1.032414646817094939e+00
-1.041089090350145074e+00
-1.050830528703865063e+00
-1.063902707093531408e+00
-1.073658701017765171e+00
-1.086733688508907836e+00
-1.096420339310237191e+00
-1.103222102393636384e+00
-1.113925724106017423e+00
-1.124962050350484688e+00
-1.136064990040911216e+00
-1.141018690803598412e+00
-1.143890874776859690e+00
-1.151806176916179369e+00
-1.157353377298987462e+00
-1.167741314892157156e+00
-1.175365926723369370e+00
-1.180617208937377871e+00
-1.190901409240996189e+00
-1.198407715211792901e+00
-1.206256495654470573e+00
-1.218654149806044806e+00
-1.234838004654809529e+00
-1.246977747390346281e+00
-1.257966895965646703e+00
-1.272654637340759454e+00
-1.283295032368929389e+00
-1.290584884271476662e+00
-1.302294534643962276e+00
-1.310608110170287999e+00
-1.323294269810336043e+00
-1.334205117127820417e+00
-1.341761655620330007e+00
-1.353759904052941998e+00
-1.362328963850779839e+00
-1.376658477217639120e+00
-1.387041714380480739e+00
-1.401280396185073940e+00
-1.411602763615830147e+00
-1.425797236415385694e+00
-1.437044231299336561e+00
-1.444759927058032245e+00
-1.456696419067278869e+00
-1.465130166965937564e+00
-1.470705668611820727e+00
-1.473324027020901150e+00
-1.481460247901642546e+00
-1.487171714357920393e+00
-1.490868566744689483e+00
-1.500188132116613282e+00
-1.507440201227278065e+00
-1.512405117606163474e+00
-1.522706347299831231e+00
-1.530233292076473628e+00
-1.535444005083183683e+00
-1.538776480714168615e+00
-1.540631620740882113e+00
-1.541363932852707785e+00
-1.548412061372605786e+00
-1.553590079290609882e+00
-1.564331936267645995e+00
-1.572486005737728787e+00
-1.578408754443882955e+00
-1.589605735695393429e+00
-1.597984424698096539e+00
-1.611094349612633314e+00
-1.621266511719397396e+00
-1.628656293186442783e+00
-1.633232711580961061e+00
-1.636392301330152454e+00
-1.638036843883616589e+00
-1.638526952693353245e+00
-1.637691114784495694e+00
-1.629176836122836036e+00
-1.621775177524489520e+00
-1.615857194366379090e+00
-1.610655847956816045e+00
-1.606786304554508327e+00
-1.603549903446677805e+00
-1.601378504629630495e+00
-1.599855366493236453e+00
-1.598868510445965674e+00
-1.598310370226349475e+00
-1.590764418055884866e+00
-1.584783108734462598e+00
-1.580213871117980728e+00
-1.569534646731526317e+00
-1.561229457836088130e+00
-1.554903787792074832e+00
-1.550327796654111578e+00
-1.539766497347230034e+00
-1.531740038875545107e+00
-1.525926665186738029e+00
-1.514466919372436271e+00
-1.505891185587039161e+00
-1.491693478382746907e+00
-1.480892112189444942e+00
-1.465468821408526301e+00
-1.453935657764784395e+00
-1.438151181992239014e+00
-1.426549437662307795e+00
-1.410926301439757058e+00
-1.398298295082254228e+00
-1.381791733454830640e+00
-1.369748078693705740e+00
-1.363073254230176001e+00
-1.351779776957919843e+00
-1.342365541164498133e+00
-1.336065349191394303e+00
-1.334073113639510089e+00
-1.331921564571904248e+00
-1.333042181248915714e+00
-1.327541601966543805e+00
-1.323834878944066373e+00
-1.319693150319925401e+00
-1.316964875194657658e+00
-1.315372481592569587e+00
-1.314661253997565726e+00
-1.307243700494847616e+00
-1.301632551286470374e+00
-1.297576100884791028e+00
-1.294816439850912326e+00
-1.285803043438182858e+00
-1.286247110644223479e+00
-1.287217700144962951e+00
-1.288504044484580557e+00
-1.289942582971460361e+00
-1.281957672332019849e+00
-1.275582823572350089e+00
-1.270680752557586057e+00
-1.267075121780403490e+00
-1.266886776841809281e+00
-1.259903316195785106e+00
-1.261864860072951400e+00
-1.266183043832265653e+00
-1.269976962396994091e+00
-1.268341741546091805e+00
-1.267111020197417615e+00
-1.268360078591796114e+00
-1.269450806821252664e+00
-1.268293199401706151e+00
-1.269464243410439508e+00
-1.268378723409653741e+00
-1.260806940838919754e+00
-1.254640981711679926e+00
-1.243118456002758387e+00
-1.233988147197975005e+00
-1.220412030769390421e+00
-1.209930487619067963e+00
-1.195652200920899411e+00
-1.184887540457094435e+00
-1.170736176948967255e+00
-1.160286676192103572e+00
-1.146678565230827784e+00
-1.136800844417101830e+00
-1.130000298652662938e+00
-1.119572544989049456e+00
-1.109247425821054733e+00
-1.095876197735294433e+00
-1.086119291511767670e+00
-1.073430767500705318e+00
-1.064334965959599089e+00
-1.054878961683543004e+00
-1.042469602884990909e+00
-1.033544510920939574e+00
-1.027515648673679838e+00
-1.018053865839799954e+00
-1.017236302066137466e+00
-1.017712432737800210e+00
-1.019067226620804512e+00
-1.020964447962554145e+00
-1.028954660737701587e+00
-1.036012886823320489e+00
-1.042042299967204100e+00
-1.047029556118511451e+00
-1.051021438855532342e+00
-1.060109977140102799e+00
-1.061302495049989858e+00
-1.061885637895599199e+00
-1.062013668058407578e+00
-1.061818381844682690e+00
-1.055408657227264069e+00
-1.050007875717667405e+00
-1.036230144742011694e+00
-1.025063500996096888e+00
-1.010504614570219672e+00
-9.992185363263152986e-01
-9.851339539247534471e-01
-9.707923693312834335e-01
-9.545235214545791935e-01
-9.384379017978797810e-01
-9.264788845586982013e-01
-9.180387713748514589e-01
-9.083234589108588608e-01
-8.962496500481047512e-01
-8.876676213756546918e-01
-8.819812294276366815e-01
-8.742112756984721234e-01
-8.637181918295204763e-01
-8.562938609677747115e-01
-8.468282383294830629e-01
-8.447869679984483238e-01
-8.396327758282376985e-01
-8.312213875296537990e-01
-8.205596862101655065e-01
-8.127379315172015284e-01
-8.073257627748606780e-01
-7.988608510302278587e-01
-7.979092493820630905e-01
-7.881750501749407167e-01
-7.810121865958197240e-01
-7.660976913239201380e-01
-7.547777005109883586e-01
-7.418200931012297605e-01
-7.272223449900169223e-01
-7.164608611805931560e-01
-7.089396327957535604e-01
-6.942232439235874741e-01
-6.834268564964741666e-01
-6.759242074696303337e-01
-6.711060541536438828e-01
-6.684080884726791849e-01
-6.575438153570488664e-01
-6.551863252878391553e-01
-6.530195452361516883e-01
-6.521432263715966071e-01
-6.522240659867966084e-01
-6.473499640662117027e-01
-6.396309495684772140e-01
-6.281642988376276993e-01
-6.076539882108452639e-01
-5.873251785468214248e-01
-5.777935750658904634e-01
-5.713738428400089164e-01
-5.575803267276204789e-01
-5.476053051627711721e-01
-5.407892928021107437e-01
-5.268326354473071849e-01
-5.167063743673558918e-01
-5.097456825660411361e-01
-4.991908549064034695e-01
-4.884247712885272374e-01
-4.841203037479686611e-01
-4.723576457687148622e-01
-4.607331918339221399e-01
-4.524730582005214163e-01
-4.407277042827293378e-01
-4.322769495963041386e-01
-4.202597524722984090e-01
-4.115420023149991557e-01
-3.991926428097085644e-01
-3.811057409440654631e-01
-3.675601233817016311e-01
-3.513534781789602324e-01
-3.371882970266568691e-01
-3.119344678867297382e-01
-2.950695984296352048e-01
-2.830579266626545021e-01
-2.683807294054600945e-01
-2.581032386617900798e-01
-2.446814281329949825e-01
-2.369826136936401539e-01
-2.322900230387601184e-01
-2.230042296253269551e-01
-2.096735311053559148e-01
-1.928861461562112467e-01
-1.732357450751307315e-01
-1.585774887109443476e-01
-1.419734526311837719e-01
-1.224503190033183753e-01
-1.080853042909883932e-01
-9.059165694070259178e-02
-7.811832334463009175e-02
-6.221103580647424636e-02
-5.108755061300107592e-02
-4.358232743761303318e-02
-3.934446683260617306e-02
-2.980252985606335336e-02
-2.343151228490869542e-02
-1.247326461807474196e-02
-4.920377562058320109e-03
-1.415590968898428059e-04
9.503894589546257876e-03
2.314766577014237825e-02
3.314434898236284788e-02
4.698970951321790324e-02
6.396690644168967488e-02
8.341574589367151127e-02
9.795106096292638398e-02
1.151123731789192028e-01
1.276014563775158539e-01
1.429501520612601606e-01
1.606258439884378220e-01
1.801138152234935674e-01
2.009376606196056070e-01
2.241740315752447366e-01
2.413472932046158981e-01
2.617376483799791487e-01
2.831535577749193511e-01
3.052073514715434310e-01
3.253561722828868241e-01
3.393023994584094538e-01
3.506031781500291711e-01
3.640399202590443029e-01
3.729634772441534629e-01
3.845835592515514101e-01
3.922367564594657630e-01
3.993722766004856872e-01
4.099163922457906839e-01
4.170906445956645836e-01
4.215331146488729974e-01
4.238335340959882291e-01
4.335919948192077378e-01
4.405812628190164393e-01
4.360815848607535461e-01
4.313770928322919751e-01
4.267801898594418830e-01
4.162207281351497645e-01
4.072188943334584810e-01
3.997845782075322152e-01
3.912044821406619466e-01
3.781828908070163919e-01
3.679877630972967495e-01
3.602886915357521591e-01
3.483101547979510215e-01
3.305502400339119795e-01
3.169879748863277946e-01
3.070406017126370291e-01
2.936306067569183220e-01
2.838415724116647443e-01
2.770887934046588619e-01
2.728062134995012933e-01
2.639041167515425723e-01
2.576561512944581800e-01
2.469643174993370049e-01
2.325060786769430621e-01
2.149287941293778204e-01
2.016431492880119691e-01
1.852497525037943849e-01
1.651437883910462645e-01
1.503188205288943369e-01
1.399355840648703886e-01
1.263330307767636107e-01
1.099967119168565599e-01
9.826669829205902928e-02
8.348592791191356000e-02
6.613879811642631168e-02
4.637570864854767549e-02
3.211340665810880068e-02
2.252968467177796086e-02
1.646459445230163965e-02
6.340223689104584892e-03
-7.511699709487285048e-03
-2.451082297319251424e-02
-4.405513229121216234e-02
-5.890565713815476556e-02
-8.378509610111950501e-02
-1.096965696480181052e-01
-1.280260900513074951e-01
-1.477092621354485491e-01
-1.684205590526046681e-01
-1.829322817361822562e-01
-1.993187617741922768e-01
-2.104280785786591945e-01
-2.188448400117353199e-01
-2.306379291970555023e-01
-2.453216879374591208e-01
-2.623671979766855067e-01
-2.812456306589032895e-01
-2.947973681543212265e-01
-3.105908810487862937e-01
-3.281560087485035915e-01
-3.405704745996029903e-01
-3.576296688388096445e-01
-3.698169848181149799e-01
-3.869744967452892759e-01
-4.085093940324604489e-01
-4.245173346424950811e-01
-4.451885985221728514e-01
-4.603316247126225669e-01
-4.867982792909661960e-01
-5.128009640734563224e-01
-5.354084896594808463e-01
-5.638498351978871170e-01
-5.903842977910100931e-01
-6.091372959856906633e-01
-6.215818110739578239e-01
-6.347098182313782866e-01
-6.470951096624005805e-01
-6.549645682246604261e-01
-6.647903340148801909e-01
-6.806395931246111974e-01
-6.917937185513362008e-01
-7.088972788468205222e-01
-7.263766970102351062e-01
-7.434766932441916332e-01
-7.607180215505795484e-01
-7.826425723153249692e-01
-7.986197012683945440e-01
-8.146445571893462523e-01
-8.309535901015653314e-01
-8.424722839751037640e-01
-8.553048218710095352e-01
-8.741053591306093828e-01
-8.978611706607034781e-01
-9.211735027349179372e-01
-9.425771225040062706e-01
-9.677969201366521945e-01
-9.899066150417078491e-01
-1.005267804332135029e+00
-1.021217488578657129e+00
-1.041513898153011652e+00
-1.059169186023320997e+00
-1.077212470425225055e+00
-1.098959771396228247e+00
-1.120564337859502269e+00
-1.142206325056552396e+00
-1.166748357422899618e+00
-1.193358142580754233e+00
-1.218918430699138078e+00
-1.243699600141001449e+00
-1.267929365809955078e+00
-1.285163114245971849e+00
-1.305081291808489752e+00
-1.325362807385608521e+00
-1.346090023116758960e+00
-1.368691784307467962e+00
-1.391262752413937598e+00
-1.407111261368798161e+00
-1.424242066001077056e+00
-1.441717502015070318e+00
-1.460716107553319709e+00
-1.488039132978720591e+00
-1.515321943114817049e+00
-1.542374933082259147e+00
-1.569062512553456523e+00
-1.588295889907753056e+00
-1.608841889656404067e+00
-1.623173892180463485e+00
-1.632257457666803635e+00
-1.637095727055680960e+00
-1.638654393230258854e+00
-1.645335214094076903e+00
-1.655904664648228497e+00
-1.662824431399975156e+00
-1.680789086446902392e+00
-1.700900717948683694e+00
-1.714438622168237281e+00
-1.730496898981444875e+00
-1.741708123084805049e+00
-1.755857984109807868e+00
-1.765702313364150955e+00
-1.780184738257490462e+00
-1.797248714593722818e+00
-1.816335378051165517e+00
-1.838722883736130020e+00
-1.860103174043110874e+00
-1.877638314020971144e+00
-1.896578820613037397e+00
-1.916536095660859029e+00
-1.937150593056128134e+00
-1.951805139093888641e+00
-1.961581534432639273e+00
-1.961200199529518517e+00
-1.961560274554393857e+00
-1.969299613114530612e+00
-1.974399695409615241e+00
-1.986629512347834137e+00
-2.002098062432480674e+00
-2.016678485203402538e+00
-2.033895188442311763e+00
-2.056378307521156579e+00
-2.079700436124663376e+00
-2.100622414701559748e+00
-2.122125704187644679e+00
-2.141532039396882858e+00
-2.161453845012120567e+00
-2.181498489170420108e+00
-2.201354985241647633e+00
-2.220799501298299283e+00
-2.234115565565835126e+00
-2.248080715889923198e+00
-2.251769725100555064e+00
-2.252753065896337059e+00
-2.257200611668770840e+00
-2.259360164312700370e+00
-2.259837544326678493e+00
-2.263513104318257696e+00
-2.275377171231507845e+00
-2.288891499840775445e+00
-2.304404921602062117e+00
-2.320870326393664307e+00
-2.343335490867266557e+00
-2.360516197171430797e+00
-2.378224853473883904e+00
-2.401426964587404456e+00
-2.408480279186700823e+00
-2.412284838789116481e+00
-2.413009771628791711e+00
-2.401862411878178616e+00
-2.391567798500202180e+00
-2.382407004098327619e+00
-2.369548778695293123e+00
-2.358810790784295897e+00
-2.344995931315449589e+00
-2.328639321410545637e+00
-2.315593975198352972e+00
-2.295191915139904726e+00
-2.279329759591584015e+00
-2.267524783427436574e+00
-2.248752998592513208e+00
-2.234791077040164886e+00
-2.219014931607925956e+00
-2.203196704474736478e+00
-2.185925999112804607e+00
-2.167306521904958316e+00
-2.143348552853052702e+00
-2.125583822521388555e+00
-2.102822200326586621e+00
-2.086359859086800661e+00
-2.068583499994355535e+00
-2.046072780078421083e+00
-2.023176459463243315e+00
-2.006658973895382836e+00
-1.985590800340527373e+00
-1.963847246007716763e+00
-1.941413659746271447e+00
-1.915749581436850812e+00
-1.897276140153758561e+00
-1.877653145604793572e+00
-1.864067658322412502e+00
-1.848212428607479252e+00
-1.837508769351041682e+00
-1.823689725885082602e+00
-1.805295477889140798e+00
-1.785000754592083627e+00
-1.763096331433806840e+00
-1.747284588098262814e+00
-1.727930788539598694e+00
-1.714410739672036721e+00
-1.698235920049516290e+00
-1.687132698689677746e+00
-1.680117026445137496e+00
-1.669657912474501904e+00
-1.662734075117943577e+00
-1.658020797354482934e+00
-1.648230359835025860e+00
-1.641594772771976407e+00
-1.630030435392507027e+00
-1.614335130986637390e+00
-1.602762883294439167e+00
-1.587184932999431641e+00
-1.575822470006490450e+00
-1.560580792036207587e+00
-1.542329218371092159e+00
-1.529062415354588866e+00
-1.512596713612639698e+00
-1.493543577373842357e+00
-1.479042439078622317e+00
-1.461538538557614508e+00
-1.448906822879194367e+00
-1.440354702258096919e+00
-1.427780301925066109e+00
-1.419131623272809728e+00
-1.421007367166866597e+00
-1.416731941885423618e+00
-1.414459239534341828e+00
-1.413702507570293143e+00
-1.415193807417504557e+00
-1.417194186286220292e+00
-1.412227603449719426e+00
-1.409844931045295180e+00
-1.401379512342777911e+00
-1.395026790212513745e+00
-1.390437839871895065e+00
-1.387290423434082598e+00
-1.378430732692790484e+00
-1.371758456640905788e+00
-1.366938477771667104e+00
-1.358320425431107648e+00
-1.350508085042904094e+00
-1.344809251643991344e+00
-1.334165512906868356e+00
-1.326193659526566204e+00
-1.320493624093653562e+00
-1.316671570745631126e+00
-1.307696227171530445e+00
-1.301124255553416820e+00
-1.296565065983989129e+00
-1.287042522533150324e+00
-1.280043818978681358e+00
-1.275160336777635184e+00
-1.271999731604602779e+00
-1.270201019803824272e+00
-1.262930031968527489e+00
-1.257633804736450811e+00
-1.253982901392814986e+00
-1.251664251426150232e+00
-1.243959694131929972e+00
-1.238250692802729924e+00
-1.227861140119172578e+00
-1.213758220860942538e+00
-1.200652189736804765e+00
-1.190795047688866015e+00
-1.177498144051901230e+00
-1.167689365227237319e+00
-1.154673201553568340e+00
-1.148592205270548838e+00
-1.144791913282089846e+00
-1.142804602009602100e+00
-1.139341840154181273e+00
-1.131094540570499296e+00
-1.118879411995231887e+00
-1.115970343445317869e+00
-1.111469874614064324e+00
-1.102324535031040220e+00
-1.095633877445832294e+00
-1.081480597102320473e+00
-1.064498526599592543e+00
-1.051667628232956675e+00
-1.042413559384737454e+00
-1.036138485245971186e+00
-1.032265214919340313e+00
-1.030264367086406008e+00
-1.023664069208811034e+00
-1.019207229676895698e+00
-1.006859894440660153e+00
-9.917623393152237288e-01
-9.708261119935838179e-01
-9.548438284718341329e-01
-9.334629277470092301e-01
-9.119233885046238441e-01
-8.863800554022024381e-01
-8.628935913261094326e-01
-8.404278814722835333e-01
-8.145335263275065296e-01
-7.908074553014129426e-01
-7.638702226176724563e-01
-7.344040552849118164e-01
-7.030632166119696880e-01
-6.758651883777182512e-01
-6.513000263227343156e-01
-6.301406701149560030e-01
-6.103578205977023829e-01
-5.913708799915814440e-01
-5.747808178853239802e-01
-5.618117142420855359e-01
-5.500147059659694637e-01
-5.332704341679528337e-01
-5.064183681673606330e-01
-4.866882720818506147e-01
-4.636802990139738956e-01
-4.411383498070178266e-01
-4.251347363308792815e-01
-4.081968505333866126e-01
-3.876293215695183481e-01
-3.667317320725738128e-01
-3.608672732509983216e-01
-3.494733973470889321e-01
-3.422491291991096585e-01
-3.294764542732149248e-01
-3.143105291906098664e-01
-3.036658706024566445e-01
-2.900964894485704715e-01
-2.806427454255588927e-01
-2.678651994523670865e-01
-2.504601796444041462e-01
-2.378662297759575051e-01
-2.225241141661127298e-01
-2.116186092386902473e-01
-2.043732347892941448e-01
-1.932621334320963058e-01
-1.856375453735801262e-01
-1.808498130238476165e-01
-1.782952763834158016e-01
-1.693998476764380090e-01
-1.564446533601873135e-01
-1.469714770860708342e-01
-1.335911943147609637e-01
-1.161853721099992409e-01
-1.033355632904096044e-01
-8.753614380179541854e-02
-7.659298591212593266e-02
-6.223788416684516989e-02
-4.501732586396522962e-02
-2.547167532148320035e-02
-4.114370280082102482e-03
1.858405295238219068e-02
4.220705198939089797e-02
6.639836459902959120e-02
9.086385590145518165e-02
1.153695986468481482e-01
1.397370741128471927e-01
1.638364619953804890e-01
1.875789392355369234e-01
2.042493450610256556e-01
2.218027368600787863e-01
2.351333083619970843e-01
2.436613701397565279e-01
2.550059140419123072e-01
2.640096302557364272e-01
2.761774333154582983e-01
2.863402928832412542e-01
3.018579285352944730e-01
3.199245444142391204e-01
3.466809395570453756e-01
3.667125479518891229e-01
3.849170943966531144e-01
4.103134366574134884e-01
4.284371239810169651e-01
4.468976262378443476e-01
4.625032267637001482e-01
4.790453528644218473e-01
4.935439660475144930e-01
5.093117141133312042e-01
5.260421612103063360e-01
5.469316659790159907e-01
5.677291573075118336e-01
5.881667028739980818e-01
6.118707050841287742e-01
6.289925894471050105e-01
6.446787230036402638e-01
6.553662252797388676e-01
6.661482001034194633e-01
6.773312157865991612e-01
6.900799854036733239e-01
6.987582700825836213e-01
7.139150554367387214e-01
7.247026970521746048e-01
7.417334156420920532e-01
7.492686727949694481e-01
7.485646617473840081e-01
7.463984260479130661e-01
7.386066193836292593e-01
7.364203026451427991e-01
7.288676716750986939e-01
7.222098196233605050e-01
7.113111504992996048e-01
6.978198123915629880e-01
6.870087756701457327e-01
6.689803020962348246e-01
6.548880147389900541e-01
6.401806676209942371e-01
6.238134239215804566e-01
6.060254124997889180e-01
5.888969104473396055e-01
5.707021647707994916e-01
5.479968989916510491e-01
5.311122785944359936e-01
5.191522763954328212e-01
5.112368484945690739e-01
5.006224803840433335e-01
4.843620475238454848e-01
4.695823028736592075e-01
4.561931476588358958e-01
4.439165605576176343e-01
4.355719815247653948e-01
4.242613829782500012e-01
4.103155898429597936e-01
3.914626436478674254e-01
3.775877302771264432e-01
3.615856494339899641e-01
3.501193010067720213e-01
3.337833733314949924e-01
3.242969873004362125e-01
3.160818637584132951e-01
3.066056780326378295e-01
2.982783731357707691e-01
2.883519016873512530e-01
2.730208569782064387e-01
2.618230274562609594e-01
2.523897192987569760e-01
2.395854323171602296e-01
2.305495718751635614e-01
2.179857903243727080e-01
2.090658209532934020e-01
2.031455103095198833e-01
1.996213204136674246e-01
1.979492370798141554e-01
1.910070300468618143e-01
1.862405563290261412e-01
1.832452296697033578e-01
1.816448532857011244e-01
1.743975343776953402e-01
1.691244242865945768e-01
1.643923745979329887e-01
1.545736039765559511e-01
1.472663593416392303e-01
1.420776780917289983e-01
1.319630135869878096e-01
1.244530884956098760e-01
1.191471351781892007e-01
1.089693093479768837e-01
9.474400458812692882e-02
8.340945671826038854e-02
7.575976627269187524e-02
7.056472044939865462e-02
6.736000572861899904e-02
6.527593701478329180e-02
6.489173969343675630e-02
6.534517191928257418e-02
5.963042638221827119e-02
6.221128101360995366e-02
5.773750200644767183e-02
5.451593282435385213e-02
5.232532093547370700e-02
4.431655281730639828e-02
3.818517382283070916e-02
2.704507249564191973e-02
1.185666184384492894e-02
-6.501325991993711639e-03
-2.062408992749498182e-02
-3.105974240758402338e-02
-3.838350683140401287e-02
-4.977041025528050611e-02
-5.792015711229225872e-02
-6.999090454398970707e-02
-7.869538914910068073e-02
-8.460129838368835031e-02
-9.546111731024420344e-02
-1.026406438140217148e-01
-1.073529806845123780e-01
-1.174590405593489706e-01
-1.247812588895300667e-01
-1.364021399705688253e-01
-1.449100500441342643e-01
-1.574250184166559041e-01
-1.665681810980272903e-01
-1.728782019321521979e-01
-1.834787262749226766e-01
-1.975984735656610702e-01
-2.093558462372075990e-01
-2.178147641843866111e-01
-2.300841689934864931e-01
-2.389089929472723028e-01
-2.514036119500888677e-01
-2.603595646159593269e-01
-2.746891682879504248e-01
-2.852238335482499831e-01
-2.925349451108427701e-01
-2.971983864680838305e-01
-3.062648330171457989e-01
-3.125253316894318623e-01
-3.229501206351397258e-01
-3.367500991749514672e-01
-3.468440175819182958e-01
-3.561928052910499076e-01
-3.626834317116518491e-01
-3.731441639457235837e-01
-3.868424537867531932e-01
-3.968475986938873046e-01
-4.099362021306680592e-01
-4.193383513304791421e-01
-4.284761927116660374e-01
-4.408213486279433102e-01
-4.496909864209126528e-01
-4.616804343219327311e-01
-4.732458449665783995e-01
-4.906048532763276349e-01
-5.036392732824130913e-01
-5.188471111966193039e-01
-5.332605834807839784e-01
-5.552773358693101624e-01
-5.716011220900788503e-01
-5.925325304915919356e-01
-6.078230818003318436e-01
-6.238932144317065331e-01
-6.350249183369959249e-01
-6.421698210840433019e-01
-6.502492629698545246e-01
-6.552524098603870195e-01
-6.673565548811899450e-01
-6.759413407484485825e-01
-6.816010222036464894e-01
-6.901847189532890336e-01
-7.003318231415828210e-01
-7.126596862725131931e-01
-7.260220025504445784e-01
-7.408157526500755985e-01
-7.515482123313786955e-01
-7.636064842862692048e-01
-7.721376799181214334e-01
-7.826185230956502759e-01
-7.898125821157794269e-01
-7.992385253256254485e-01
-8.008082881499666295e-01
-8.057857280676096190e-01
-7.991121506073409764e-01
-7.926601107156386883e-01
-7.916109916400744240e-01
-8.001770751408828763e-01
-8.020535333897278463e-01
-8.082733075141611545e-01
-8.231873825319416804e-01
-8.404544532669554480e-01
-8.541006389992633618e-01
-8.691667792359196731e-01
-8.906510776099418880e-01
-9.113524914421942125e-01
-9.323173445364111300e-01
-9.518766881967098969e-01
-9.757083547056140116e-01
-9.989284954343308209e-01
-1.025448915601598676e+00
-1.048278592958018507e+00
-1.070387569317856391e+00
-1.085973422203531324e+00
-1.102421216479854582e+00
-1.119843434179313757e+00
-1.134907391468863436e+00
-1.151296882552447887e+00
-1.168991830359304096e+00
-1.187938099354768573e+00
-1.208055172453467607e+00
-1.229242827869055921e+00
-1.251387314253080696e+00
-1.281322298902129120e+00
-1.303830082149134206e+00
-1.335886925089382338e+00
-1.366686655332459255e+00
-1.390349307245511756e+00
-1.413631313502513365e+00
-1.443939566878823966e+00
-1.465661655748209169e+00
-1.487524212147363745e+00
-1.509181738478516666e+00
-1.531798892087977482e+00
-1.554668353040444595e+00
-1.577781785814315940e+00
-1.601334587447658997e+00
-1.625339483323101408e+00
-1.634409375916673568e+00
-1.639446521605750551e+00
-1.640519763060103609e+00
-1.646522219009108001e+00
-1.649563650160170925e+00
-1.650398664087315392e+00
-1.649662108108170155e+00
-1.647874176230197163e+00
-1.652726702775437095e+00
-1.648092867050528154e+00
-1.643115721690665554e+00
-1.645707732230429210e+00
-1.647485665450740155e+00
-1.648619299025872564e+00
-1.656173381249935073e+00
-1.662681352570966498e+00
-1.667003311286037182e+00
-1.677711096521802947e+00
-1.686081588606818560e+00
-1.699335724614618126e+00
-1.702580606801473273e+00
-1.704413564530086189e+00
-1.705159723923401982e+00
-1.705105066736098740e+00
-1.697460589088817029e+00
-1.683658487946262161e+00
-1.664345938727232355e+00
-1.641776033961968251e+00
-1.616927588864664811e+00
-1.590461001206925573e+00
-1.570429119346544500e+00
-1.548695636215503546e+00
-1.525721358142911876e+00
-1.501424757987551484e+00
-1.483385925994748167e+00
-1.463704881654221523e+00
-1.442726049813729317e+00
-1.421830406916565703e+00
-1.399168806852371771e+00
-1.376081706085287681e+00
-1.359628386243634912e+00
-1.341843128344730074e+00
-1.322966630089818185e+00
-1.301406685302594735e+00
-1.286008583620197321e+00
-1.269057613535312212e+00
-1.250850511933569553e+00
-1.231691885749965909e+00
-1.218335670152858707e+00
-1.200764524743906270e+00
-1.188457563718070320e+00
-1.180471781422667732e+00
-1.169528033142099854e+00
-1.162413333687748906e+00
-1.158329769991968572e+00
-1.150251390923786365e+00
-1.145060856380615499e+00
-1.142138419920941006e+00
-1.131809474846774410e+00
-1.124375291499486451e+00
-1.113155802709176356e+00
-1.105052156437225541e+00
-1.099537367271564481e+00
-1.096110357965151216e+00
-1.088225415414887820e+00
-1.082715921529969538e+00
-1.079135804657706643e+00
-1.067829492348973952e+00
-1.055986630828234851e+00
-1.041106827103795762e+00
-1.029884763498532863e+00
-1.012287369072688126e+00
-9.989956511052550114e-01
-9.894336235790648360e-01
-9.772102743468108477e-01
-9.686195977919709321e-01
-9.629986048067533666e-01
-9.557436597556967506e-01
-9.453273173265189788e-01
-9.379750492242748816e-01
-9.331412364728096653e-01
-9.303132782702637771e-01
-9.290291800061144523e-01
-9.233577296894290853e-01
-9.153368596383077982e-01
-8.997838912593392191e-01
-8.878078354811652639e-01
-8.691576233302775734e-01
-8.549219510688251811e-01
-8.393299729608419968e-01
-8.280179974600058168e-01
-8.155143939053515201e-01
-7.968175251633956568e-01
-7.829265519821296815e-01
-7.632408891830055886e-01
-7.435820311528956728e-01
-7.191517582763913286e-01
-6.955075859431764096e-01
-6.691635685718438920e-01
-6.444467449823604310e-01
-6.209238603464380946e-01
-6.000813308781994815e-01
-5.759570032877049384e-01
-5.493167571580244157e-01
-5.208769679489875237e-01
-4.945330957185789522e-01
-4.727275517092717205e-01
-4.518194154584103117e-01
-4.375527751445908997e-01
-4.224075403905507287e-01
-4.152481407162544880e-01
-4.117242478224116820e-01
-4.045659084624579904e-01
-3.967274835011529444e-01
-3.851959897929608800e-01
-3.703098976103202933e-01
-3.524668016035790163e-01
-3.320953375091535431e-01
-3.073167296754111266e-01
-2.815849154413050393e-01
-2.606334228910083262e-01
-2.386922016433594695e-01
-2.216122864971115103e-01
-2.030617060141386432e-01
-1.818403539126642876e-01
-1.588198274369729823e-01
-1.427945489671547108e-01
-1.174275714884405186e-01
-9.940791214387578734e-02
-8.724435500112392994e-02
-7.283280085369958634e-02
-6.321877741208226098e-02
-5.739175901315851647e-02
-5.447968567511374260e-02
-4.692488239878245260e-02
-4.215138702531273651e-02
-3.956585241938004316e-02
-3.178605721002458750e-02
-2.626623590356080840e-02
-1.611396976525703018e-02
-1.840366521804082112e-03
8.746924385787613332e-03
2.302502202789113994e-02
4.055201227833316047e-02
6.058943651722437096e-02
8.251031421707577529e-02
9.891432746445794066e-02
1.182361051594655876e-01
1.393049747587509213e-01
1.558259340961813955e-01
1.744979759659033292e-01
1.948582920663617379e-01
2.109765825786866777e-01
2.292000894236068120e-01
2.490778986363901826e-01
2.631705363852221424e-01
2.794310009423346397e-01
2.905218704187015888e-01
2.974348069387859894e-01
3.057889977817740412e-01
3.085832283473501914e-01
3.092154566515752379e-01
3.083637011227593483e-01
3.086293991855852958e-01
3.058524262558321993e-01
3.093375820714154845e-01
3.136785126957433167e-01
3.231722116482429463e-01
3.304009033203614276e-01
3.421019931609359244e-01
3.573349667309124733e-01
3.689173882137695148e-01
3.798775630151427496e-01
4.004247116572907661e-01
4.188444506490986985e-01
4.388983925397662578e-01
4.599560510425211302e-01
4.846387117771191466e-01
5.089993256008076283e-01
5.326577632232454285e-01
5.496521157055052065e-01
5.647707514928739236e-01
5.749586747663406605e-01
5.905598498818407371e-01
6.052731824187939091e-01
6.251135352347062524e-01
6.437755618675605751e-01
6.616166169422602605e-01
6.845504591117828053e-01
7.015142056862430087e-01
7.187774495273895337e-01
7.355199721858043382e-01
7.524272914296261661e-01
7.692241390482659202e-01
7.908352338390705061e-01
8.111036996977557534e-01
8.251405728358336411e-01
8.389303835689695399e-01
8.524475209493296290e-01
8.612347790194644359e-01
8.663902652908507251e-01
8.688202192723576411e-01
8.649001641857813061e-01
8.603661340127728430e-01
8.556316713803158169e-01
8.459034754394362254e-01
8.329128042287923250e-01
8.219941709675581132e-01
8.081541696666421082e-01
7.971792789154873438e-01
7.839590988738199817e-01
7.737564494200684928e-01
7.614761595011818596e-01
7.523870375441246150e-01
7.409686617900465011e-01
7.280521164990140237e-01
7.186252962953137979e-01
7.025448556663123068e-01
6.853733144506329866e-01
6.683540180434599520e-01
6.505746013836122277e-01
6.335222906062407677e-01
6.213179288344549134e-01
6.037620335292711582e-01
5.911621730701495103e-01
5.770549227541673654e-01
5.671756903897167135e-01
5.515484456964743210e-01
5.403854372680105822e-01
5.329079735327304501e-01
5.225979308867649831e-01
5.122999587105312447e-01
5.053514204649511843e-01
4.920760858166230989e-01
4.797808485292156533e-01
4.679576247628043362e-01
4.596832929246874588e-01
4.454378382288846083e-01
4.351748695125021715e-01
4.221809980273718566e-01
4.068191199419877169e-01
3.955799577959850932e-01
3.853167259396201860e-01
3.722753026860050607e-01
3.568348816631576881e-01
3.456129520388699916e-01
3.379305389581368502e-01
3.246896680979802774e-01
3.153111041180141072e-01
3.090955645648856276e-01
2.990956106897355582e-01
2.921718418672707429e-01
2.814031444913343005e-01
2.655957764642959962e-01
2.475407951502048842e-01
2.341186250577103056e-01
2.181821352569339734e-01
2.066265871964716450e-01
1.987365281573640896e-01
1.951026824624710887e-01
1.857193255902491735e-01
1.793175862484936989e-01
1.753339480155788888e-01
1.666618996343853798e-01
1.606120060891822465e-01
1.577652256108224016e-01
1.564181175508112531e-01
1.494692079499453374e-01
1.445117978399301784e-01
1.344158901076988322e-01
1.200277419456960981e-01
1.028788158363640459e-01
8.264058922657135930e-02
6.663110781004566441e-02
4.802551336800675585e-02
2.740066295056475809e-02
1.226788551399904392e-02
1.755017197337505053e-03
-1.188876374873415465e-02
-2.131813687875805385e-02
-3.425262454695920944e-02
-4.979602123947479697e-02
-6.804746093705582588e-02
-8.820903450733319495e-02
-1.090523505690126349e-01
-1.248856025866480479e-01
-1.359051556746992961e-01
-1.497581948107220562e-01
-1.671335429005464945e-01
-1.864598990183583549e-01
-2.086899991618285100e-01
-2.319673460993703085e-01
-2.558313222834043277e-01
-2.818382743059595352e-01
-3.076792659191864843e-01
-3.307468504055826042e-01
-3.491280727069858703e-01
-3.680583163292132642e-01
-3.873716312093113956e-01
-4.096612555819523216e-01
-4.317382306052297558e-01
-4.472105227134961503e-01
-4.665863808404535629e-01
-4.800772870958067706e-01
-4.981773017847717089e-01
-5.169036828035249442e-01
-5.395312404429726261e-01
-5.617810216585301664e-01
-5.872393805916229503e-01
-6.056735045048903254e-01
-6.279940375317767387e-01
-6.438369265849905876e-01
-6.598578494469147238e-01
-6.704986090345209648e-01
-6.822584633840285129e-01
-6.896678933341929829e-01
-6.981178818420190613e-01
-7.032593044080616140e-01
-7.155882312854009442e-01
-7.340408292302763593e-01
-7.527938136057409357e-01
-7.712652079511707059e-01
-7.896165822091886222e-01
-8.125178307516444098e-01
-8.292825048222938200e-01
-8.460774122181108359e-01
-8.676345193638936859e-01
-8.886721180405697806e-01
-9.137289697077198847e-01
-9.377648228184728429e-01
-9.651104635388225716e-01
-9.949032326327630349e-01
-1.020319711867269774e+00
-1.038083625189145209e+00
-1.055719071258736097e+00
-1.067430096087855107e+00
-1.083843309531483889e+00
-1.094825669990462824e+00
-1.107680474840027740e+00
-1.122368594571784950e+00
-1.135397036998053499e+00
-1.150373030592281909e+00
-1.169877949753816093e+00
-1.183861304298621020e+00
-1.199747572713581567e+00
-1.210844216486701042e+00
-1.218018703439522454e+00
-1.230966122429717480e+00
-1.239849459830806300e+00
-1.252013790338859511e+00
-1.260438240346251959e+00
-1.267881390331947911e+00
-1.272488966505327834e+00
-1.274910025172218520e+00
-1.275699624996742720e+00
-1.281829231811484116e+00
-1.292525546499784239e+00
-1.307063345391931364e+00
-1.318108448971943680e+00
-1.334427201761493098e+00
-1.353272853622073946e+00
-1.367397893187725755e+00
-1.385481891304757296e+00
-1.398638165257591437e+00
-1.414385320780354283e+00
-1.432298517092196466e+00
-1.444439995780059771e+00
-1.460275850094628902e+00
-1.478272326973984585e+00
-1.491265608005461818e+00
-1.500093303314229187e+00
-1.512330356132131959e+00
-1.520709583357146233e+00
-1.532749001508316056e+00
-1.548054358580424061e+00
-1.558870620394653406e+00
-1.572974604795028375e+00
-1.589819647217009635e+00
-1.602074607388801031e+00
-1.610478019414345319e+00
-1.615750637915301935e+00
-1.611752179149908537e+00
-1.613939807174876506e+00
-1.607874650198993782e+00
-1.602009925971942694e+00
-1.589764903589969691e+00
-1.579363827907207085e+00
-1.570799459452240310e+00
-1.563968173163335029e+00
-1.558705144960709887e+00
-1.561645589680987545e+00
-1.557661327034264964e+00
-1.561546259112879032e+00
-1.565058120060171643e+00
-1.568124790806194380e+00
-1.577551918173267564e+00
-1.585262708092301409e+00
-1.591371311138554123e+00
-1.596042258589951857e+00
-1.606290365658386676e+00
-1.614237164818946191e+00
-1.626975506059755938e+00
-1.636293985795117978e+00
-1.649737464864962311e+00
-1.666426452126597457e+00
-1.679691797739021775e+00
-1.689435352085612463e+00
-1.696207026778032922e+00
-1.707220950715909069e+00
-1.721750731756319430e+00
-1.732443796885275278e+00
-1.739904746043979822e+00
-1.751343146681123342e+00
-1.766048743099782659e+00
-1.776784923001891947e+00
-1.784208089076171788e+00
-1.788945405490002027e+00
-1.798072490523864086e+00
-1.804384707609980598e+00
-1.801946749513472890e+00
-1.798897979315195794e+00
-1.789076390422919660e+00
-1.780402633525407508e+00
-1.772988674054224001e+00
-1.766846648277969001e+00
-1.755322987847620642e+00
-1.746084588907840907e+00
-1.732286915555282247e+00
-1.721512771578637135e+00
-1.714394908622834279e+00
-1.709348311455137548e+00
-1.706039785764478678e+00
-1.704136432891402597e+00
-1.711153491953334882e+00
-1.724575552559183711e+00
-1.742974759957078179e+00
-1.766374227608024761e+00
-1.792281995490205171e+00
-1.819626594156923849e+00
-1.840708479845988732e+00
-1.863070906788262038e+00
-1.888346504136307002e+00
-1.913763993212994619e+00
-1.938905175312541918e+00
-1.957005765461352631e+00
-1.969303325298091156e+00
-1.986134419678867946e+00
-2.007019595818483104e+00
-2.028371093253584334e+00
-2.053091023200730891e+00
-2.071113547726004533e+00
-2.099288842962280910e+00
-2.119972427088055777e+00
-2.136514660238499896e+00
-2.147301959685108841e+00
-2.153606801058594922e+00
-2.156518621758489296e+00
-2.155007131477827631e+00
-2.152073008418028621e+00
-2.142382958900016732e+00
-2.133254365554765108e+00
-2.125006657615051697e+00
-2.127695211214907012e+00
-2.129782919046550926e+00
-2.131333476590877574e+00
-2.132422012184603588e+00
-2.133127401714645988e+00
-2.129660132073407652e+00
-2.126694711198884313e+00
-2.124233347825147611e+00
-2.122249996159765395e+00
-2.110902457609276528e+00
-2.095666270117078955e+00
-2.083539438804127286e+00
-2.074211694445567744e+00
-2.061043819855992609e+00
-2.044651212083970826e+00
-2.022416247574720938e+00
-1.998785023671375116e+00
-1.967402609576730077e+00
-1.940422439927659060e+00
-1.916087384465457788e+00
-1.895852338469609544e+00
-1.881746614973530241e+00
-1.865649449418299577e+00
-1.845707682315158804e+00
-1.824713662580543350e+00
-1.802779477230523897e+00
-1.780018696648558274e+00
-1.756545599431070137e+00
-1.739710384932760645e+00
-1.728409866694063046e+00
-1.713251162213670353e+00
-1.702237026588909075e+00
-1.688413129994689399e+00
-1.671426141272153165e+00
-1.659713413674836158e+00
-1.644712415021469143e+00
-1.627650681176491476e+00
-1.615664289175313684e+00
-1.594208265157962101e+00
-1.571731795600826542e+00
-1.548227297655514034e+00
-1.524016588475667344e+00
-1.499385397457081215e+00
-1.474578748054027999e+00
-1.449798726010252503e+00
-1.417367530244300289e+00
-1.386382430759414364e+00
-1.355493179910818302e+00
-1.332924103363463564e+00
-1.306958419620117606e+00
-1.288255653861008376e+00
-1.275808588485160655e+00
-1.266316640834666440e+00
-1.254081991056428924e+00
-1.239378199423968763e+00
-1.220007288629839426e+00
-1.199220257303136972e+00
-1.184537688631465580e+00
-1.167922769533213279e+00
-1.149803226853167049e+00
-1.127388371720603244e+00
-1.104640390037921360e+00
-1.081929215137316769e+00
-1.059531804568653257e+00
-1.033919431524269683e+00
-1.009425548191477340e+00
-9.821690955113614452e-01
-9.525444801026602404e-01
-9.267012770544347244e-01
-9.024788469248925527e-01
-8.753113273129345950e-01
-8.456520717297438816e-01
-8.192836996581630560e-01
-7.953685878676470811e-01
-7.733363437910806271e-01
-7.528573992298027706e-01
-7.333242448711890793e-01
-7.150102504455155827e-01
-6.921137354174203837e-01
-6.654425683374477485e-01
-6.403594762715631994e-01
-6.181725094622811945e-01
-5.967722767542584794e-01
-5.715745773977093380e-01
-5.434151210830076018e-01
-5.131106102296107974e-01
-4.814122823802806650e-01
-4.522029952258561636e-01
-4.248195085858295084e-01
-4.026599503265027025e-01
-3.810495615928388702e-01
-3.595807579738985460e-01
-3.379553368603318564e-01
-3.230409259488713491e-01
-3.136193624199439256e-01
-3.013904807964562504e-01
-2.843611621082640095e-01
-2.707003940994427982e-01
-2.528502103571799164e-01
-2.388858601879815247e-01
-2.228327809260379766e-01
-2.104063786279664061e-01
-1.941965156647436075e-01
-1.763417768515220807e-01
-1.559989467904934202e-01
-1.424795839907302408e-01
-1.258191468046414574e-01
-1.075248203667229507e-01
-8.783758462978097370e-02
-6.699081738662338026e-02
-4.551194083857557082e-02
-2.298275207441768941e-02
3.310539904826104163e-04
2.434556843874724485e-02
4.894610511940378217e-02
7.385811489939397845e-02
9.954140914034859122e-02
1.323720718806051799e-01
1.637554478964173832e-01
1.865044259637633761e-01
2.175185735381053309e-01
2.399407931216097634e-01
2.621028667422002911e-01
2.860314216324901793e-01
3.026430172076794989e-01
3.154863691900990919e-01
3.232198507604202575e-01
3.268988460104731431e-01
3.275046806826122925e-01
3.283359471433902055e-01
3.272556385018396963e-01
3.296588962422306590e-01
3.401062345958665301e-01
3.547651858033971095e-01
3.726748358608087397e-01
3.900727786432327537e-01
4.122978258183545019e-01
4.420425474367741803e-01
4.706168068233251844e-01
4.977600871439984420e-01
5.268895642207234165e-01
5.599519155803591719e-01
5.839315638965016930e-01
6.156603118203916036e-01
6.385710573039317106e-01
6.649204562926429585e-01
6.833149022503457459e-01
6.954152790837160314e-01
7.068724284556662241e-01
7.138831782416517058e-01
7.217978719727827785e-01
7.308383228090284955e-01
7.365620956853800028e-01
7.489421230725158418e-01
7.578304241555087195e-01
7.686510691064968315e-01
7.813390854156195831e-01
7.957995914847022512e-01
8.064268997252452831e-01
8.188884916820108328e-01
8.219340719122697481e-01
8.228030935357885101e-01
8.166204454140226776e-01
8.105054865740438652e-01
8.047715194831333019e-01
7.994606934390594555e-01
7.898250113612551582e-01
7.820490857527921946e-01
7.808686088708340911e-01
7.801376105722527265e-01
7.797453555949327431e-01
7.747773734700679205e-01
7.708699407011373461e-01
7.678964857403822730e-01
7.610356114693465068e-01
7.606263214544772833e-01
7.606621169365003210e-01
7.610011894020192180e-01
7.566983828004727464e-01
7.533681669255953839e-01
7.508910243382261873e-01
7.491402098270451004e-01
7.430258281749894111e-01
7.336841651230737726e-01
7.264005908465049899e-01
7.113767129565503611e-01
6.996719273018594532e-01
6.813774510811213547e-01
6.620334316282395770e-01
6.431975310328494899e-01
6.292253951327729800e-01
6.138567512988175601e-01
6.027846229880197138e-01
5.859228136442855561e-01
5.680120030818389676e-01
5.513719400234977641e-01
5.337755828925230261e-01
5.152675883422845882e-01
4.986244992368347173e-01
4.810118017944242652e-01
4.654791594426763712e-01
4.488093587955512831e-01
4.371401858982593147e-01
4.234398904697702637e-01
4.140434225245548383e-01
4.019428713488204519e-01
3.848409870647997444e-01
3.725272598644491229e-01
3.578638279744175144e-01
3.452278854781745121e-01
3.303206055671958907e-01
3.198320218085686228e-01
3.065513565304593957e-01
2.972851389395125832e-01
2.848316161031232419e-01
2.761318371756680268e-01
2.639660379046164795e-01
2.554117643260118697e-01
2.481669575869098754e-01
2.436691501136722948e-01
2.347358406015593868e-01
2.286080098368699076e-01
2.181593216824144754e-01
2.040563090219298381e-01
1.935964883834566663e-01
1.795514219759308805e-01
1.625213377356018452e-01
1.498434118669056403e-01
1.340984337869282061e-01
1.158150209261652464e-01
9.549517070433477528e-02
7.360096691437756355e-02
5.746115557049269462e-02
3.928275952542770177e-02
1.943129302017965188e-02
5.200955731885725797e-03
-1.129736397305181050e-02
-2.970235898002648867e-02
-4.930956786420881421e-02
-7.040062694082482864e-02
-9.178312334766003389e-02
-1.136463013768467256e-01
-1.299890892644672835e-01
-1.545788194686386063e-01
-1.791405037594697713e-01
-2.048548827669449679e-01
-2.302446372348270209e-01
-2.551281931084017351e-01
-2.746734759736537690e-01
-2.947221974602516337e-01
-3.106556551652639442e-01
-3.278796520758062716e-01
-3.461587069286455876e-01
-3.743113869712315633e-01
-4.014680211431145285e-01
-4.273934517315975956e-01
-4.457141850227199775e-01
-4.671583188520795904e-01
-4.881768248147106970e-01
-4.998662809231602111e-01
-5.191138791525098384e-01
-5.419849640103631128e-01
-5.680036657134568401e-01
-5.967017471606413936e-01
-6.234817994087860082e-01
-6.524602032479412950e-01
-6.788154054273904947e-01
-7.071280857492925342e-01
-7.323905071047074333e-01
-7.545241405211078334e-01
-7.745707366199008348e-01
-7.928153420783574656e-01
-8.097207544410517377e-01
-8.304803072067620251e-01
-8.499577752060060165e-01
-8.678656050428702473e-01
-8.852431698493417045e-01
-9.067558581161665465e-01
-9.275189898663843691e-01
-9.422208775599792974e-01
-9.616060514240611923e-01
-9.751697265326418895e-01
-9.897928017576895776e-01
-1.003409165585344320e+00
-1.018316749454284409e+00
-1.038117372814263861e+00
-1.058373694939340082e+00
-1.072916366185900694e+00
-1.076469478384152856e+00
-1.080175061505119549e+00
-1.078508009209437901e+00
-1.075588865963407859e+00
-1.071959283100969662e+00
-1.068030098412526607e+00
-1.060670005704951180e+00
-1.047927795895138958e+00
-1.037231905551100120e+00
-1.022491818434565047e+00
-1.004853679901726693e+00
-9.911357913451219748e-01
-9.711963063898169102e-01
-9.559107038635408227e-01
-9.405689145222928538e-01
-9.292371135088685064e-01
-9.157668175390437648e-01
-9.061716929573599977e-01
-8.899863934783366348e-01
-8.727951197550808393e-01
-8.655823735159641208e-01
-8.567006643173574743e-01
-8.461701414954186928e-01
-8.335451647834263289e-01
-8.145057468109205834e-01
-7.902112940798207141e-01
-7.669254551190249902e-01
-7.450569031481231175e-01
-7.195761812791470202e-01
-7.011140387461695100e-01
-6.830604524213870210e-01
-6.608105179730490164e-01
-6.448641775184033031e-01
-6.244754382701630524e-01
-6.004899658420159714e-01
-5.774735061628012422e-01
-5.514708692947074553e-01
-5.267150231010755412e-01
-4.995347568258348137e-01
-4.738048314685410212e-01
-4.491510325934966463e-01
-4.252543384418090433e-01
-3.991047018668216761e-01
-3.805179338306181602e-01
-3.550188291825857601e-01
-3.344477955356781607e-01
-3.116894231130959980e-01
-2.893781981910124035e-01
-2.739936710245722828e-01
-2.641980028362829191e-01
-2.503289640586023879e-01
-2.414125333476395685e-01
-2.296812990110677077e-01
-2.153969113087581544e-01
-1.920886683474469780e-01
-1.668066051727694621e-01
-1.414587697235347719e-01
-1.153631292079599913e-01
-9.725667492760159405e-02
-7.752756095081081433e-02
-6.391437898575169640e-02
-4.847695481188951661e-02
-3.160598798224500960e-02
-1.303012409335924104e-02
1.392502654904159698e-02
4.114120790727349153e-02
6.829487363341812944e-02
9.513401674208554759e-02
1.214778976982100467e-01
1.461859956221642776e-01
1.701120819363508563e-01
1.865649853043211959e-01
1.970425793568288952e-01
2.095647113177032672e-01
2.254690981556686236e-01
2.429116183251660566e-01
2.615996610218422891e-01
2.812358490708062320e-01
3.035659281645599616e-01
3.261798034048253303e-01
3.488004526609640443e-01
3.712088332907037547e-01
3.869976476297762868e-01
3.974026769412897231e-01
4.035493120197402028e-01
4.064285902604705125e-01
4.068905868671393034e-01
4.056472989608175261e-01
4.032808006065737860e-01
4.002544274940424973e-01
3.969257087800419637e-01
3.935601838491902260e-01
3.929298534160841072e-01
3.983907287360006766e-01
4.088988933866704034e-01
4.261758182682520157e-01
4.428119447176748213e-01
4.620380140528934643e-01
4.768356778069451352e-01
4.938434941319234106e-01
5.157676253029597202e-01
5.381777191981371722e-01
5.605319824151790975e-01
5.804812426843354300e-01
6.004543981259670149e-01
6.201596681214440743e-01
6.434160748227856219e-01
6.654546405386191354e-01
6.810286515694095044e-01
6.956236440278340538e-01
7.053867314141841760e-01
7.163129828079594086e-01
7.276804289437290851e-01
7.401292738531807247e-01
7.485319740558217250e-01
7.582625213045404156e-01
7.695060720989655989e-01
7.723927033756256000e-01
7.827877573010317835e-01
7.947642965424083217e-01
8.080786774836492548e-01
8.272370353768185858e-01
8.415734331274556945e-01
8.517766522793595030e-01
8.585525715909985145e-01
8.721246041625718703e-01
8.818128056658171010e-01
8.977951070761422958e-01
9.094328840483629772e-01
9.133196654830614269e-01
9.150415611507282110e-01
9.151490838938878269e-01
9.141168252060263288e-01
9.069413507057088042e-01
9.003642261998907603e-01
8.902738597387636066e-01
8.817337374729243837e-01
8.694880587330005017e-01
8.597175041382442151e-01
8.521792980093839676e-01
8.465859317266140049e-01
8.426354914447468092e-01
8.400325844577996026e-01
8.385019782007100408e-01
8.377967423200128882e-01
8.377023331626517466e-01
8.380377493724622262e-01
8.386546356714892347e-01
8.394350149867967348e-01
8.357462106277961933e-01
8.278320590260124234e-01
8.169267708624631252e-01
8.033498336088086278e-01
7.927958013392844006e-01
7.849011854186297432e-01
7.696462878177771083e-01
7.580386469918882764e-01
7.445819337247755465e-01
7.300279468376038583e-01
7.142149227010821111e-01
6.981128722632112815e-01
6.811376277815969216e-01
6.591329880662682994e-01
6.386700157540794454e-01
6.144646531711264181e-01
5.911997756041313945e-01
5.686067434127868303e-01
5.487033215791286000e-01
5.290028855698791777e-01
5.060121728715190059e-01
4.805283663176429521e-01
4.622038831833197303e-01
4.437717203163533686e-01
4.250317253702322606e-01
4.032093971254075981e-01
3.877372302455595054e-01
3.712705099923083729e-01
3.514571831217880860e-01
3.312492456688460596e-01
3.106084802319444282e-01
2.895198764919211243e-01
2.662090824195273431e-01
2.495730146684536077e-01
2.319197414011577862e-01
2.132740459982576109e-01
1.936955460518376970e-01
1.744441457406873397e-01
1.596901009142372985e-01
1.431887105868894228e-01
1.251176808075598057e-01
1.056805773660454140e-01
8.509190280855061239e-02
6.356549030556046809e-02
4.130573766026368610e-02
1.850133896691841251e-02
2.254218998447132805e-03
-8.554579561401265408e-03
-1.489746526075741428e-02
-1.796509969385429173e-02
-2.544204178420206297e-02
-2.968781533094122516e-02
-3.159925107415273438e-02
-3.180749522462478218e-02
-3.083177636347733674e-02
-3.586931166841345053e-02
-3.921033941491702812e-02
-4.796114906672288569e-02
-5.442565658162634712e-02
-6.570822344415150340e-02
-7.417410911686750374e-02
-8.023942470661027393e-02
-8.431770906445290592e-02
-9.352078044803846524e-02
-1.009279226833552645e-01
-1.129836655180167515e-01
-1.220528356142087656e-01
-1.344240731047037229e-01
-1.434567536497382001e-01
-1.497129608540703760e-01
-1.614672765600926319e-01
-1.701036281867978062e-01
-1.760998335927346226e-01
-1.866373052424710188e-01
-1.942301177207097496e-01
-2.060444330836637139e-01
-2.212734815332564331e-01
-2.325568136665776553e-01
-2.487376665287104327e-01
-2.673540478918443597e-01
-2.812091853070524117e-01
-2.975231137256022507e-01
-3.178342074291826691e-01
-3.393322366865674233e-01
-3.615023886754664684e-01
-3.864685556448594905e-01
-4.048785149288034457e-01
-4.239562713791540371e-01
-4.372870742287013890e-01
-4.459360993415790730e-01
-4.508856879091689418e-01
-4.530079703580116579e-01
-4.530539680243015344e-01
-4.546273361520081213e-01
-4.547246427113034173e-01
-4.537729511355490519e-01
-4.521316718681882563e-01
-4.470996458797549256e-01
-4.424862784823613282e-01
-4.321977745304048657e-01
-4.236116203139328462e-01
-4.139071302733261515e-01
-4.090000395162598501e-01
-3.990880831501697479e-01
-3.887657769467269819e-01
-3.809459699852659753e-01
-3.752670907333603978e-01
-3.650354097175849688e-01
-3.573795670752895060e-01
-3.519223062849474726e-01
-3.418709715063632526e-01
-3.344160228191601636e-01
-3.226749408511060402e-01
-3.117831229941894211e-01
-2.973842732542222311e-01
-2.782224199284353272e-01
-2.573189147129963938e-01
-2.416700170159935546e-01
-2.224007214944996313e-01
-2.018837266801600805e-01
-1.803774432294353858e-01
-1.581015145144077927e-01
-1.418537200627649764e-01
-1.240239023936406948e-01
-1.107319898925700485e-01
-1.020152794062370027e-01
-9.033287974981973889e-02
-8.261224770359576475e-02
-7.803435531438984718e-02
-6.931710958132342171e-02
-5.701835569886659627e-02
-4.828624713227602783e-02
-4.249837686771607004e-02
-3.247160520626413138e-02
-1.885504851044106367e-02
-8.908236222710641528e-03
-2.047365705356352095e-03
2.298584553266147523e-03
4.661001916990592520e-03
5.515391802635161156e-03
5.273133589406509003e-03
1.091869709758475082e-02
1.488159736227334662e-02
2.410314161451365678e-02
3.764723405384051702e-02
4.831647482648948611e-02
5.625226377987102566e-02
6.856303250624407042e-02
7.771932455244834337e-02
9.091559066799637101e-02
1.073790030139492035e-01
1.196594581263210610e-01
1.350732552434217304e-01
1.529598467584698529e-01
1.660821754736201417e-01
1.818143188281280409e-01
1.930515857113013212e-01
2.005914400423935984e-01
2.051772797801980630e-01
2.139828516769026745e-01
2.198690997642898104e-01
2.234259756607082092e-01
2.316304108263522732e-01
2.372927539620433013e-01
2.408983054894722198e-01
2.428886575131565806e-01
2.500396716208341807e-01
2.631696673221644023e-01
2.731920735855635218e-01
2.868730065557438813e-01
3.034183196289552686e-01
3.178783117228702881e-01
3.285461922700274595e-01
3.422844988208206818e-01
3.481904873346890472e-01
3.580409503600079368e-01
3.648626566450785536e-01
3.780414623055925460e-01
4.003888375675461742e-01
4.207873839615774436e-01
4.384901163422341153e-01
4.512102180068395807e-01
4.688627713446289480e-01
4.875743041198883354e-01
5.010207329780467234e-01
5.134136399417064123e-01
5.276530449978331649e-01
5.468206148738388173e-01
5.665191023345375054e-01
5.807110529332994986e-01
5.997178367871643934e-01
6.133629500372320686e-01
6.225525009759631523e-01
6.281540898543565010e-01
6.404398966845505914e-01
6.543169312271572835e-01
6.735322057718435840e-01
6.876259118185689134e-01
7.069353142307143179e-01
7.210146369615177964e-01
7.357194008130293339e-01
7.504354502496833890e-01
7.607131045524941904e-01
7.720606525200681691e-01
7.748641473631125987e-01
7.804350921453545586e-01
7.835775562961225793e-01
7.799950446006481686e-01
7.710348893463911946e-01
7.628180964230840688e-01
7.508512900587361871e-01
7.358160955817109050e-01
7.235452933555002186e-01
7.041579864376332765e-01
6.792158570023827391e-01
6.555827594032076489e-01
6.377411773592819300e-01
6.232666832628899201e-01
6.129511514346152046e-01
5.965835466355144945e-01
5.732358056268197499e-01
5.459760680302203628e-01
5.159222927577633566e-01
4.902119878270165820e-01
4.656830518428307641e-01
4.361930449300277512e-01
4.151108819123752181e-01
3.946559778238785121e-01
3.744767110116304920e-01
3.519973213427347591e-01
3.299971605934888252e-01
3.145818017406507572e-01
2.981730436398104533e-01
2.807130363643450810e-01
2.622021234078684149e-01
2.492507821553195946e-01
2.342939155408745311e-01
2.160160940530129192e-01
2.032276900587366431e-01
1.882623355572161650e-01
1.713563434011662334e-01
1.595021772421505446e-01
1.450517305484644304e-01
1.283300802368723126e-01
1.096776066889459944e-01
8.943297025103524867e-02
6.745495341838325665e-02
5.205080120367222563e-02
3.467990997257630603e-02
2.254061085531811059e-02
1.470694367454106199e-02
1.029886768691334886e-02
1.584259422742873014e-03
-3.944106302280259158e-03
-6.956353932858760913e-03
-1.489679588836057000e-02
-2.013037839732034762e-02
-3.006180336292296751e-02
-4.387404661787752680e-02
-5.402715713969752365e-02
-6.788040222579239114e-02
-7.798977320511246702e-02
-9.232155919509188458e-02
-1.096693345726471591e-01
-1.293771463235986463e-01
-1.518633563542839404e-01
-1.744448039303725384e-01
-1.990615495576428806e-01
-2.158208938967185464e-01
-2.354969723613979937e-01
-2.561317951210584365e-01
-2.792836850185187458e-01
-3.026989233248551514e-01
-3.260729045275780891e-01
-3.515323614772147831e-01
-3.763793137818933765e-01
-4.031270887953941617e-01
-4.287457593818939650e-01
-4.561530905168880157e-01
-4.819841724501565672e-01
-5.095604132517757012e-01
-5.351896371341384739e-01
-5.589095043034726373e-01
-5.846155850007631605e-01
-6.064935830589457399e-01
-6.311721203882972864e-01
-6.541010775861019200e-01
-6.796353560490872026e-01
-7.074111170059591558e-01
-7.324064353259244209e-01
-7.594718853651872825e-01
-7.833785451554869939e-01
-7.999947593453337058e-01
-8.204482833496492544e-01
-8.442105238670223333e-01
-8.662048442290340988e-01
-8.815552129990374963e-01
-8.958150296909460630e-01
-9.048203571915341970e-01
-9.195031160101843071e-01
-9.292458766894271527e-01
-9.447711931932337714e-01
-9.554450655304541629e-01
-9.679055019145802463e-01
-9.801863192816420156e-01
-9.941915066614771535e-01
-1.013503616549607855e+00
-1.037022566285490832e+00
-1.060331183420770929e+00
-1.086748712151158758e+00
-1.112297925721895009e+00
-1.130923488988203607e+00
-1.152851694327216681e+00
-1.168308803177863897e+00
-1.184829909708880802e+00
-1.202457317357316091e+00
-1.221185597626313069e+00
-1.240972338189223256e+00
-1.263872084785096828e+00
-1.280316228625606234e+00
-1.298119086998046789e+00
-1.325721932441630724e+00
-1.345922522062042992e+00
-1.366747809213360476e+00
-1.388175503995935811e+00
-1.410163853955256119e+00
-1.426715740675907007e+00
-1.451397342028183379e+00
-1.475980797081381635e+00
-1.500445350269653089e+00
-1.531973561376812176e+00
-1.554722748596869319e+00
-1.577460695880288588e+00
-1.593301875096338582e+00
-1.610417752381277934e+00
-1.635632254143458697e+00
-1.660620529025299552e+00
-1.685293027841024527e+00
-1.709589369978273377e+00
-1.740251995872596380e+00
-1.769138535524697575e+00
-1.797874022006346717e+00
-1.825100347929323963e+00
-1.844306390995532841e+00
-1.863491671460700827e+00
-1.871710951636033293e+00
-1.882268616535807126e+00
-1.888436774548406305e+00
-1.889011865648212884e+00
-1.887448220329096760e+00
-1.884489455066605146e+00
-1.880720642693822553e+00
-1.870022544971213785e+00
-1.860463395063489234e+00
-1.850299206191634127e+00
-1.835341530624112094e+00
-1.823261547951802175e+00
-1.815452437763568350e+00
-1.802889395121353155e+00
-1.793151333171787210e+00
-1.785921062402012982e+00
-1.780839400521238014e+00
-1.776113975266135458e+00
-1.766331920287072865e+00
-1.759152374350557935e+00
-1.746171308127960398e+00
-1.736541897943679524e+00
-1.716305042251738744e+00
-1.700830541837972110e+00
-1.682738588378639211e+00
-1.662569212583069334e+00
-1.640332659498248136e+00
-1.624337154447127229e+00
-1.606279860686280925e+00
-1.579765670700083113e+00
-1.559987471712108276e+00
-1.539372379964953685e+00
-1.518118592371370479e+00
-1.503039741469536672e+00
-1.493004353573285758e+00
-1.486976044395716734e+00
-1.483458947003257089e+00
-1.476287355224708442e+00
-1.471977169516607287e+00
-1.462552471017759315e+00
-1.449383738671419453e+00
-1.439803248572886663e+00
-1.419914667820861620e+00
-1.398311900905543137e+00
-1.374281037716904796e+00
-1.349583261696186476e+00
-1.331251480542600785e+00
-1.305272146170923353e+00
-1.286262624654546549e+00
-1.271094444476433161e+00
-1.256543832170458952e+00
-1.246946725853808058e+00
-1.241260404658451666e+00
-1.238567878480391515e+00
-1.235899544413804785e+00
-1.235182881380817221e+00
-1.229523263849178205e+00
-1.217309793718230226e+00
-1.208252950999135766e+00
-1.195558591277988469e+00
-1.179986591484877501e+00
-1.168490451905371375e+00
-1.160427141545580465e+00
-1.146237328358546304e+00
-1.129722923915982946e+00
-1.108533734656057312e+00
-1.086609079486815066e+00
-1.070392764466798319e+00
-1.049784731911845626e+00
-1.034747389366100556e+00
-1.024389643483923695e+00
-1.017840504851657446e+00
-1.014291662630481206e+00
-1.013021781243633068e+00
-1.013408045209267083e+00
-1.014928882815923084e+00
-1.002055220593419893e+00
-9.866868256289899053e-01
-9.713512688145427010e-01
-9.504124179379954684e-01
-9.289830835793496666e-01
-9.129702773841891217e-01
-8.920674359057298997e-01
-8.766815541131851575e-01
-8.659426298852189730e-01
-8.589994591758419729e-01
-8.550614078176472788e-01
-8.438892976145507818e-01
-8.361345713575780714e-01
-8.216098997939184079e-01
-8.063365809796496642e-01
-7.854521410641104318e-01
-7.649785792576414556e-01
-7.499581506745612858e-01
-7.344643907640328040e-01
-7.190268052215059713e-01
-7.030923514444694655e-01
-6.971022643926506612e-01
-6.940663868427863203e-01
-6.836762047180179325e-01
-6.766372113333223304e-01
-6.722863585693512611e-01
-6.700260927310933701e-01
-6.598616838261928130e-01
-6.525774440542703170e-01
-6.436336935937145842e-01
-6.320278903751229693e-01
-6.142543652336783788e-01
-6.008534561738365642e-01
-5.911821251742556127e-01
-5.790377543283895534e-01
-5.646955346366184791e-01
-5.449016325915978509e-01
-5.242037706689639531e-01
-4.994825158029372325e-01
-4.778586667199549165e-01
-4.623056360537984855e-01
-4.457100090043741858e-01
-4.313811602527382050e-01
-4.157333599037240646e-01
-4.110289184894211356e-01
-4.091303783096085223e-01
-4.092639186947404362e-01
-4.047518284000706235e-01
-4.022315155712936630e-01
-4.012336992508058753e-01
-4.039532124933449264e-01
-4.070106271830387090e-01
-4.039547934707150567e-01
-3.992248088924126304e-01
-3.895463353310275600e-01
-3.820663662162020469e-01
-3.677532108336869499e-01
-3.504313062693384939e-01
-3.371224300299526799e-01
-3.273122561031311939e-01
-3.140396485751824063e-01
-3.043239429936299700e-01
-2.976068232265398628e-01
-2.849310315501176749e-01
-2.693153431000465670e-01
-2.578030293207949075e-01
-2.432228560933789030e-01
-2.326333351370746261e-01
-2.238875364943240243e-01
-2.116801589272154782e-01
-2.030773014348430383e-01
-1.908959558746892160e-01
-1.822315872324917763e-01
-1.699165431249325398e-01
-1.610964025578265346e-01
-1.485863753856448977e-01
-1.386666415907478189e-01
-1.328016514829291062e-01
-1.226490339590695644e-01
-1.147273953304448479e-01
-1.028912824214820443e-01
-9.503345280556851904e-02
-8.975981015115075401e-02
-7.989145585184442844e-02
-7.236238517637638701e-02
-6.068158150974301002e-02
-5.223869099187261611e-02
-3.983942960101383157e-02
-3.082928980922439166e-02
-2.464360589517911038e-02
-1.411366443434003415e-02
-6.591645456861749963e-03
-1.556271406102816002e-03
8.112621662786922982e-03
2.164892548799413063e-02
3.830979553974334095e-02
5.079027564275295781e-02
6.675394458291372679e-02
7.860992301266711557e-02
8.693913356356897104e-02
9.905269585266163190e-02
1.076152189151566851e-01
1.132362706766121274e-01
1.172941152368807138e-01
1.262134234091769613e-01
1.324529346179488254e-01
1.374141088503473274e-01
1.473853462870196029e-01
1.615572428730920329e-01
1.733752341762433424e-01
1.820050241172106453e-01
1.878983988572626718e-01
1.915354043685897345e-01
1.947814475222708896e-01
1.964434848018854485e-01
1.896687913291585925e-01
1.832671188410264218e-01
1.774794053605930344e-01
1.737244017037991028e-01
1.704924137147989516e-01
1.752643116029783954e-01
1.792402428639465750e-01
1.898898075615054193e-01
2.058478850457057252e-01
2.258169861092671482e-01
2.431754720188568086e-01
2.618383131564132604e-01
2.829070675245737299e-01
3.055925169448387990e-01
3.292408898694920705e-01
3.508509846270451149e-01
3.661541880483036859e-01
3.738970175875702129e-01
3.781912513383856034e-01
3.799585642636360561e-01
3.799261995540657022e-01
3.849130123609525445e-01
3.879393370157653287e-01
3.920192548117824582e-01
3.945435294471566490e-01
3.958440466415416026e-01
3.962156896960997710e-01
3.895946378394388177e-01
3.836072494952762479e-01
3.758437694438838683e-01
3.694173404369192060e-01
3.642575127588403294e-01
3.602481277232285617e-01
3.572480246835643136e-01
3.463694929185443527e-01
3.401286714763196439e-01
3.332587843564291941e-01
3.218014511983577908e-01
3.065835630846380777e-01
2.948406698545478211e-01
2.796082889663906723e-01
2.663082478671092712e-01
2.501208759401547521e-01
2.300380243592756724e-01
2.151500401615737967e-01
2.046029893073109118e-01
1.975890250133784942e-01
1.933749647872078370e-01
1.848140520426264644e-01
1.778655336010965815e-01
1.669630442630793965e-01
1.656672497276481248e-01
1.668347126055729213e-01
1.687732142799602819e-01
1.711540796122594799e-01
1.737218420331683166e-01
1.762862030152221315e-01
1.721606915887319289e-01
1.689845120725421701e-01
1.600405508393880627e-01
1.529819100419935740e-01
1.409668709908964424e-01
1.249259799494999434e-01
1.116837097575240634e-01
9.519983835652889859e-02
7.669640952113310206e-02
5.593390497998385058e-02
3.326768510246003174e-02
1.644869323654774007e-02
4.553754064983595029e-03
-9.968293777840475656e-03
-2.669374181834971438e-02
-3.858756283218900407e-02
-5.312318685751171721e-02
-6.326747154535827811e-02
-6.983444454645804100e-02
-7.357329789817224075e-02
-7.514988518909992976e-02
-8.172598948035370015e-02
-8.599241112872424431e-02
-9.563472099211778321e-02
-1.026349055589195203e-01
-1.140635508203184934e-01
-1.224737357223748546e-01
-1.349905975744478681e-01
-1.508362633388724561e-01
-1.626363425428511977e-01
-1.709956316549274824e-01
-1.843483097586073871e-01
-2.007315443874688743e-01
-2.128500386008393974e-01
-2.279475396847727708e-01
-2.388279983034344855e-01
-2.527503014927350300e-01
-2.626069591079853716e-01
-2.774469113360957806e-01
-2.946706123851505765e-01
-3.072401760875185239e-01
-3.159015052096190157e-01
-3.213832958839042409e-01
-3.329773922340635295e-01
-3.475788892902460514e-01
-3.669714271802089200e-01
-3.814988503375891238e-01
-3.944758617037773529e-01
-4.035871121569203357e-01
-4.187340535507602102e-01
-4.326975177953877871e-01
-4.458244035261869076e-01
-4.650446403912307236e-01
-4.829387628913131003e-01
-4.961398454212109232e-01
-5.051846361860836687e-01
-5.175006812154581137e-01
-5.324705118650439051e-01
-5.494282985315797063e-01
-5.741258342940760429e-01
-5.877981584395843839e-01
-6.026596901438124876e-01
-6.183748316577581949e-01
-6.232812293066806175e-01
-6.254347116628856673e-01
-6.256103101127126198e-01
-6.187681507436725292e-01
-6.120507907837825501e-01
-6.057593440947054431e-01
-5.903614746892380527e-01
-5.774727492966712505e-01
-5.670021497022084134e-01
-5.550684540912016462e-01
-5.399373776121656476e-01
-5.282275158621398958e-01
-5.195089386221931615e-01
-5.099275605572679559e-01
-5.031311570805878652e-01
-4.986021746582700587e-01
-4.866103599179190109e-01
-4.777694035143176254e-01
-4.624545826903074808e-01
-4.510333258610477181e-01
-4.367951772181160042e-01
-4.201643990002252860e-01
-4.077464810958297825e-01
-3.900725398040290059e-01
-3.644335174436850178e-01
-3.448628751289677385e-01
-3.219541182875547136e-01
-3.051912041455462354e-01
-2.870739639804098520e-01
-2.742881867963962161e-01
-2.593227558957913459e-01
-2.407692682860900213e-01
-2.276241514502965746e-01
-2.123040008724907945e-01
-2.017021958752351907e-01
-1.882933394308892172e-01
-1.712646747053534479e-01
-1.525609128918383739e-01
-1.324795741787323511e-01
-1.179628259489471365e-01
-1.013940738966390143e-01
-8.306943675675748651e-02
-6.999836992786123702e-02
-5.419066897533930671e-02
-4.328621054450243477e-02
-2.968593833948141025e-02
-1.377771672292316119e-02
-2.563986188187206139e-03
1.142352592445128323e-02
2.775437214552334275e-02
3.940556832384611852e-02
5.378896126859511462e-02
7.045346184171918935e-02
8.293185232221977898e-02
9.149800311884592752e-02
1.035167136471280003e-01
1.118001975292104433e-01
1.237047505393518154e-01
1.319725865979690660e-01
1.449055408770787423e-01
1.609111389866721975e-01
1.726334595838989738e-01
1.954753120222736396e-01
2.113561517985595994e-01
2.374422101622726267e-01
2.636447333796090309e-01
2.829739181110471069e-01
3.030303911057408150e-01
3.235390832088045343e-01
3.442649037456959604e-01
3.611193544253621379e-01
3.788992412215737016e-01
3.911519583047977644e-01
4.077811323475548644e-01
4.255208228591160768e-01
4.440423957627834817e-01
4.660534140899812439e-01
4.819640909199427448e-01
4.927869863413210094e-01
4.994959327968342411e-01
5.029844887477314952e-01
5.040435237166811522e-01
4.973999842658569648e-01
4.906115349036230810e-01
4.809167293946292610e-01
4.724075945109309504e-01
4.682187227994212275e-01
4.616454897817303671e-01
4.563189016612081428e-01
4.521352245260779057e-01
4.489626985674237680e-01
4.466574285841617975e-01
4.389899468484461664e-01
4.301788036615574740e-01
4.234358761273266936e-01
4.184724532405572628e-01
4.088901125205492981e-01
4.016175240523103263e-01
3.901553028705229131e-01
3.789556662153064082e-01
3.644607856261372625e-01
3.535375065122623450e-01
3.393832581640006119e-01
3.288790261585909924e-01
3.130374661528694258e-01
3.013757165425892115e-01
2.932182892858932188e-01
2.879145448341549063e-01
2.784923049422833863e-01
2.719464686819152988e-01
2.596135778796080373e-01
2.506941176403214566e-01
2.445974070851542059e-01
2.407704753786605867e-01
2.387150058704852196e-01
2.379954650419260354e-01
2.318591214091632047e-01
2.275376473010024547e-01
2.182838193942568950e-01
2.048998397331631693e-01
1.946548364192748348e-01
1.871548957335489316e-01
1.754192434854298099e-01
1.590929369248974545e-01
1.468764016793224769e-01
1.315961562489453840e-01
1.203917682633175446e-01
1.060449436739769880e-01
8.910220861202033937e-02
7.666195012513998819e-02
6.801274829277903500e-02
5.586234827090130750e-02
4.735710641390711295e-02
4.211956683960949022e-02
3.890935667482886551e-02
4.447785630440637128e-02
5.018569839982767178e-02
5.568935803651164917e-02
6.075606103221664611e-02
6.480627321604681690e-02
6.870911356078779342e-02
7.196236588613880159e-02
7.458792240233669268e-02
7.663497356647797076e-02
7.816916150199126889e-02
7.926400045247827819e-02
7.999442716247839869e-02
7.366561538633931150e-02
6.788343590052847709e-02
5.652944263737458286e-02
4.106153048931782124e-02
2.850754635105734458e-02
1.225750326477159646e-02
-6.840070534284592441e-03
-2.804694250813843936e-02
-4.411391725800406505e-02
-5.578199891600932325e-02
-7.038773291347077965e-02
-8.081655374348462040e-02
-8.780297978062012731e-02
-9.859742193735376858e-02
-1.067480727823317821e-01
-1.179552895597812956e-01
-1.257898839204505403e-01
-1.317432170157752935e-01
-1.420109338369928142e-01
-1.558976347136775686e-01
-1.661051885380275817e-01
-1.731996097377801469e-01
-1.843274095393445666e-01
-1.987732447113352841e-01
-2.093218172153132883e-01
-2.180515061958270273e-01
-2.304908042060789253e-01
-2.459642787435614153e-01
-2.573055859262265432e-01
-2.716420051178463080e-01
-2.902569554720915157e-01
-3.105056484034458553e-01
-3.254531297816687374e-01
-3.445252611461155912e-01
-3.647824243630430896e-01
-3.794890782485627057e-01
-3.895473609020916328e-01
-4.047199804699337378e-01
-4.091336719179639037e-01
-4.172127332505901620e-01
-4.250506898946317946e-01
-4.300234935324775964e-01
-4.356409506206961879e-01
-4.484574467977815448e-01
-4.579335831889428388e-01
-4.677566727720823270e-01
-4.845831493044960858e-01
-5.103145635111447920e-01
-5.299467109637430173e-01
-5.505185050595386986e-01
-5.653064771054097104e-01
-5.753092764092442302e-01
-5.814811047714595338e-01
-5.846849912757704493e-01
-5.856717297092588481e-01
-5.850744629798333429e-01
-5.834124122294338521e-01
-5.810997114386631246e-01
-5.784568687306399504e-01
-5.757233164483935850e-01
-5.769906150041285153e-01
-5.817357077607218097e-01
-5.915400470954228496e-01
-6.034747333263474900e-01
-6.129076465829526033e-01
-6.305572854589428511e-01
-6.443976283917072223e-01
-6.547880201170493963e-01
-6.621832444631780001e-01
-6.730415622517591512e-01
-6.855252156572284594e-01
-7.004341554038240325e-01
-7.170218241186748775e-01
-7.346174098686477638e-01
-7.526650037272267779e-01
-7.655374493793316582e-01
-7.742614397178810837e-01
-7.797838959864191732e-01
-7.777711915496947626e-01
-7.649973299670930205e-01
-7.536180207416161014e-01
-7.386492342522835708e-01
-7.260813985212500876e-01
-7.112680727982176876e-01
-6.950874953655592492e-01
-6.869591372691017384e-01
-6.811191557104153693e-01
-6.728595897847002849e-01
-6.669660265887514816e-01
-6.575897730431303767e-01
-6.507104345576377735e-01
-6.418049175783266946e-01
-6.354274848855141489e-01
-6.216017811452101416e-01
-6.112343092399014077e-01
-6.076685811061461884e-01
-6.019035781199977286e-01
-5.981421542310599859e-01
-5.903269529122897596e-01
-5.847244981246781936e-01
-5.752251566152692952e-01
-5.645072341363075452e-01
-5.472203497302730035e-01
-5.282315127641403762e-01
-5.138414618327453720e-01
-4.941425521325415460e-01
-4.734608186871585023e-01
-4.581088685192549192e-01
-4.381854682113359711e-01
-4.175124136761134697e-01
-3.961704286440932421e-01
-3.717335687821112788e-01
-3.474799127021017675e-01
-3.233686114484073393e-01
-3.059227952859493449e-01
-2.940660498545371038e-01
-2.782213675433582445e-01
-2.675627463331444744e-01
-2.610468483986827515e-01
-2.511328721094545635e-01
-2.365695330789703288e-01
-2.198236880897896928e-01
-2.078687953787621279e-01
-1.932161779676269120e-01
-1.829143318549837360e-01
-1.761815746133617022e-01
-1.711326525789613751e-01
-1.618875222125923941e-01
-1.490610453884693154e-01
-1.398766545106462367e-01
-1.328106418816490386e-01
-1.283696033022942995e-01
-1.267886979796915004e-01
-1.265669705783463161e-01
-1.273096621684024488e-01
-1.286897662239692153e-01
-1.304443262905903289e-01
-1.323689924253421690e-01
-1.334194780755855181e-01
-1.345278917540513319e-01
-1.356175899791325357e-01
-1.366371674524757829e-01
-1.450150544721549029e-01
-1.519619643843266310e-01
-1.575398382725259339e-01
-1.552749984987273901e-01
-1.530827695349110673e-01
-1.510574198900085374e-01
-1.416574296074868400e-01
-1.273620729870212909e-01
-1.092716555160975211e-01
-9.494835444259885904e-02
-8.399498071051736403e-02
-6.934737259530687759e-02
-5.173862606750034843e-02
-4.507528990951192860e-02
-3.452248921971601270e-02
-2.700389023187321769e-02
-1.529369825391180271e-02
-6.828059601635017017e-03
-1.096266316024330223e-03
9.202423479412136231e-03
2.332814515298720082e-02
4.054624547295637704e-02
6.016352115460521510e-02
8.155237890760891339e-02
9.742247895625300025e-02
1.153461749907263023e-01
1.290443956380262769e-01
1.452449981862633521e-01
1.567365806631677572e-01
1.710664774095356222e-01
1.877431531973408063e-01
2.062711493906019822e-01
2.261816418802715667e-01
2.404831422927722340e-01
2.518444292378794191e-01
2.592771004829219628e-01
2.719946567589346387e-01
2.874878975954970883e-01
3.006305001141293953e-01
3.231815598914151710e-01
3.399999731491631927e-01
3.584795787082568630e-01
3.716185988730464906e-01
3.842150069906227206e-01
3.886767397690480408e-01
3.878703537431329451e-01
3.882315150114383773e-01
3.846239809405262999e-01
3.806253017960155027e-01
3.701939676401047041e-01
3.674771759352268852e-01
3.649975916611809534e-01
3.628117220033499901e-01
3.609436070544151942e-01
3.593936464692411015e-01
3.581458062647164819e-01
3.571734031145392674e-01
3.588334458403532601e-01
3.578693893403999127e-01
3.595150431782807576e-01
3.649070679973702713e-01
3.692781280224330942e-01
3.790375710530902165e-01
3.929955759014616135e-01
3.977280605187138995e-01
4.071573869661897493e-01
4.169273642606796670e-01
4.303882815520767569e-01
4.466697335868348162e-01
4.619736268394680767e-01
4.794408275747632509e-01
4.983850415009651869e-01
5.215113196122762584e-01
5.445945763632815684e-01
5.651590411135469783e-01
5.894027109307813372e-01
6.128335507446124319e-01
6.351707430908505314e-01
6.497391456044195879e-01
6.647031411393754530e-01
6.841319851438193433e-01
7.030050319072665976e-01
7.161513392999495631e-01
7.340594228677741473e-01
7.465734425573911093e-01
7.595153917503111307e-01
7.680237669644984777e-01
7.823407107638599145e-01
7.969475826992534762e-01
8.117574595712029328e-01
8.220844083770031396e-01
8.336249088946381391e-01
8.414605307532810885e-01
8.506550053283499224e-01
8.566503412566859321e-01
8.651174495046410895e-01
8.750106889935592713e-01
8.869038743137334091e-01
8.954189517186210701e-01
9.011220528078287550e-01
9.086333558500789831e-01
9.188193934829215204e-01
9.260585513409933522e-01
9.308609770572968678e-01
9.390467859062330280e-01
9.447908392320909510e-01
9.523868360209052364e-01
9.630653844752146142e-01
9.708724753402273588e-01
9.818065698436503341e-01
1.001130910661409246e+00
1.025535693268728732e+00
1.050318596700476670e+00
1.078572501710539644e+00
1.106046974853291065e+00
1.129805821045109404e+00
1.153678917592374065e+00
1.171049793778530246e+00
1.186801272423162246e+00
1.206928895740502883e+00
1.235018851718244326e+00
1.255815438043746513e+00
1.277454420562577520e+00
1.301897226830649901e+00
1.320947988118861272e+00
1.340723184475662189e+00
1.362783340516610320e+00
1.379259902799506499e+00
1.398057591577427372e+00
1.410550012219956795e+00
1.418201836382031455e+00
1.428993388561581090e+00
1.442586475287049863e+00
1.458634403652540490e+00
1.477426310773093165e+00
1.497618259373699745e+00
1.518938893422348890e+00
1.541141129028545942e+00
1.564001139913009375e+00
1.587318355137710357e+00
1.610915881698560481e+00
1.627915501142627619e+00
1.639904147261214806e+00
1.647486655537921951e+00
1.644696328246886718e+00
1.640393129592529142e+00
1.635247014373447882e+00
1.629779708746659672e+00
1.624754265254517938e+00
1.627401743834052450e+00
1.629610490201576223e+00
1.630609751398244711e+00
1.631036429648175190e+00
1.631034625171224439e+00
1.638101210274378605e+00
1.643629650201346326e+00
1.648354920521111877e+00
1.643839955721326573e+00
1.639721154201901898e+00
1.628722285429780481e+00
1.619276762758971255e+00
1.611809485185156765e+00
1.598866058792759004e+00
1.588929383589380073e+00
1.574114542152146079e+00
1.562663099818350609e+00
1.546888787695052114e+00
1.534947199685058994e+00
1.526312636524565836e+00
1.513156600859156375e+00
1.495749567625197285e+00
1.482605109337547411e+00
1.465798432527002593e+00
1.452558808791191147e+00
1.443128640129632823e+00
1.436918823129585521e+00
1.425781384103504967e+00
1.410500242810464711e+00
1.391895925417375723e+00
1.369242415917195421e+00
1.344747281356635460e+00
1.319105482479859592e+00
1.300250197833427546e+00
1.279804140422031278e+00
1.255869451468933917e+00
1.231332200284304346e+00
1.213703147381191894e+00
1.194734586483316763e+00
1.171842739171267578e+00
1.155474672614708265e+00
1.137627874655226634e+00
1.118655553644289480e+00
1.105579162526157955e+00
1.090612129953816067e+00
1.074128947196401729e+00
1.052888179756553022e+00
1.027575496216841522e+00
9.966256010183076608e-01
9.679218223054506520e-01
9.415209332988190294e-01
9.117678385490575188e-01
8.854195163672445856e-01
8.672006742280684577e-01
8.553164838623181776e-01
8.388668888140420332e-01
8.229782552373048343e-01
8.030501448583452495e-01
7.843620324075250005e-01
7.665936078670405607e-01
7.449684968618992542e-01
7.245279664426103050e-01
7.056026091414572265e-01
6.872986849427735745e-01
6.651516880658742137e-01
6.345510463285720659e-01
6.061485323184261365e-01
5.814882249415602722e-01
5.547863273201529832e-01
5.242024685866002454e-01
4.986063258735311532e-01
4.747771017536108751e-01
4.492605149087081085e-01
4.225799869362643069e-01
3.977897545766182485e-01
3.805715380270893178e-01
3.632711466467226646e-01
3.456092752602000218e-01
3.359883694432541645e-01
3.241491363927113678e-01
3.122500646414843040e-01
2.977602665892091771e-01
2.808748784773542617e-01
2.618553572509567662e-01
2.410017080037465398e-01
2.258861539072944957e-01
2.083946515514873976e-01
1.977037553392204661e-01
1.910992206050339259e-01
1.877854440958979243e-01
1.869924359999675101e-01
1.880216690989320316e-01
1.902725627703485412e-01
1.856227239905052784e-01
1.827141967012715362e-01
1.811789125894391894e-01
1.806827745344401492e-01
1.732863956219545809e-01
1.677971828048954173e-01
1.562514182556771214e-01
1.474329051867713236e-01
1.332687074659169024e-01
1.224939638982420753e-01
1.068997724228388790e-01
8.670841767860970606e-02
7.157832928839091835e-02
5.304878603657536829e-02
3.181317281733075930e-02
1.613260486472012367e-02
-2.516823411062851790e-03
-2.339055396363654005e-02
-4.551970332332344604e-02
-6.124668455245085852e-02
-7.912995704528058560e-02
-9.878316186516467035e-02
-1.198463432022514041e-01
-1.419887165295363740e-01
-1.660866726556780026e-01
-1.907858822731223203e-01
-2.173264931268401590e-01
-2.457161426124663262e-01
-2.668359005911704607e-01
-2.887696982806444712e-01
-3.135306539244315793e-01
-3.409755932058873285e-01
-3.681689121584170721e-01
-3.947562485442315250e-01
-4.135198906043864309e-01
-4.327467242944222914e-01
-4.522947365209282200e-01
-4.720210366075447972e-01
-4.852240645194791924e-01
-4.997936949357004721e-01
-5.155119318061764933e-01
-5.321355655384472083e-01
-5.494209569582002572e-01
-5.730589077739673964e-01
-5.955442022166873572e-01
-6.152482120897382334e-01
-6.290209126825568875e-01
-6.421152749737754073e-01
-6.562540968259682472e-01
-6.754525004083964390e-01
-6.892813682373579720e-01
-7.030928180220467061e-01
-7.276112549894309112e-01
-7.509298934153925131e-01
-7.775893816434427119e-01
-7.971169225081824461e-01
-8.156883716153686681e-01
-8.332659562043777113e-01
-8.504313146356745623e-01
-8.622423171850148726e-01
-8.750138988374172033e-01
-8.933132976776766432e-01
-9.119132739235991103e-01
-9.351796990138364629e-01
-9.621361161893781100e-01
-9.918148183066766155e-01
-1.017294781142052740e+00
-1.041269337635439829e+00
-1.058078460445070590e+00
-1.075211748970391179e+00
-1.089916852502443412e+00
-1.114929666136863284e+00
-1.132899033488822038e+00
-1.154208079061066261e+00
-1.175429037471830362e+00
-1.196743109453716425e+00
-1.220658756092287689e+00
-1.244200081628505927e+00
-1.267528817754606685e+00
-1.290772600984938956e+00
-1.314027720485588580e+00
-1.345754706109572707e+00
-1.369031327341437843e+00
-1.400111487236261443e+00
-1.421445499916355937e+00
-1.443781630592724463e+00
-1.465904511510232933e+00
-1.494857774193685040e+00
-1.522934415340368108e+00
-1.549546228892288768e+00
-1.574955834803513977e+00
-1.599593456115164347e+00
-1.623725444986078736e+00
-1.647427364440275710e+00
-1.677594250602151060e+00
-1.706145648831497441e+00
-1.739943364769175771e+00
-1.771032866837510378e+00
-1.794552231279750387e+00
-1.817236623345183766e+00
-1.832596953873743884e+00
-1.848655412551063026e+00
-1.860825268295884793e+00
-1.874753602713799427e+00
-1.890269885898778757e+00
-1.907134765848241154e+00
-1.927488849774379176e+00
-1.948422796786426936e+00
-1.969631896684938210e+00
-1.990861449838948083e+00
-2.008615035156958495e+00
-2.017799517907501894e+00
-2.025938966123841389e+00
