-4.270666492663499625e-01
-4.239351790120646779e-01
-4.218171393285492510e-01
-4.175944475148709589e-01
-4.145764357929906385e-01
-4.060470445026533870e-01
-3.967545048090095339e-01
-3.897550338936832670e-01
-3.846863449130653034e-01
-3.812055640126366107e-01
-3.789992188523036987e-01
-3.777883801308483669e-01
-3.708831994139198951e-01
-3.656796398233619350e-01
-3.619377959304663772e-01
-3.594145277304603425e-01
-3.578762315522954207e-01
-3.571077302317406943e-01
-3.569178416887408556e-01
-3.505559711977821458e-01
-3.456455800469879769e-01
-3.420138068743152626e-01
-3.394705549890315588e-01
-3.378239036288335218e-01
-3.301859028386644468e-01
-3.242915887989115120e-01
-3.199336406880146644e-01
-3.100819739971703015e-01
-3.025109834470787185e-01
-2.921306352258048467e-01
-2.841911636551668341e-01
-2.784207664743334476e-01
-2.745023011718203954e-01
-2.630038805902661370e-01
-2.472675592452744375e-01
-2.353078060653166492e-01
-2.266177579267687481e-01
-2.206636425668018209e-01
-2.097325502674882713e-01
-2.018454492067565109e-01
-1.892620962731588197e-01
-1.800315710687216963e-01
-1.736322344720728772e-01
-1.622507978546490204e-01
-1.540118879231420213e-01
-1.410610706655670565e-01
-1.315625866287764012e-01
-1.249825779821900351e-01
-1.133875555287595649e-01
-1.050152267327453259e-01
-9.933892027011292924e-02
-9.584530590062256827e-02
-8.660959697532910617e-02
-7.941639863280602896e-02
-7.458635655772449802e-02
-7.162989108273687400e-02
-6.960567653781279951e-02
-6.876104598970345094e-02
-6.116416148124614871e-02
-5.566448024471570832e-02
-5.186368067937374704e-02
-4.941267704290108753e-02
-4.801064546152722379e-02
-4.740211629593771292e-02
-4.737331573122771644e-02
-4.112254372075074826e-02
-4.328075038606704616e-02
-3.843319217479135297e-02
-3.472434359707476936e-02
-3.201424211696735078e-02
-2.302301063064082776e-02
-1.599693159307236101e-02
-1.080082520188563322e-02
-7.049845206632099348e-03
-4.527116385565133072e-03
4.323794583054763052e-03
1.108059702946584402e-02
1.600149521504934391e-02
2.674216983114319213e-02
3.513080339663288143e-02
4.129733856023509730e-02
5.305102822601326373e-02
6.189476745544952863e-02
6.821722602629698429e-02
7.243366102822856867e-02
7.552147627328720247e-02
7.720952132801262024e-02
7.781414938992292640e-02
7.762128823861846882e-02
7.687807656532608114e-02
8.349510378667157617e-02
9.696280847898552935e-02
1.076374975264680067e-01
1.157601075298964055e-01
1.216460502029550472e-01
1.334606257701618226e-01
1.423041295569256182e-01
1.486015500842789994e-01
1.605581201642671818e-01
1.693729465576572224e-01
1.755415860572766551e-01
1.872325763074114136e-01
1.957687996938097807e-01
2.016735041156725305e-01
2.130328288231244649e-01
2.212892600363485229e-01
2.287176667605661518e-01
2.413954125621848856e-01
2.507931246912622480e-01
2.573949580154641925e-01
2.616901308519850033e-01
2.717096528293654334e-01
2.789143448058313268e-01
2.859894502248483406e-01
2.908439322431826124e-01
2.938698805665642677e-01
3.007086743088640546e-01
2.978996994543787746e-01
3.023119932637046148e-01
3.052764241023404601e-01
3.070890161008330566e-01
3.056755636771635309e-01
3.040563668553037946e-01
3.023817956473995316e-01
3.007561019126321344e-01
3.064433056557620549e-01
3.109291008910954890e-01
3.072255512019039791e-01
3.087930174540203243e-01
3.099087014316261879e-01
3.176336341532959295e-01
3.168004327839315515e-01
3.227570600421161284e-01
3.273823718298860541e-01
3.308517018771548468e-01
3.333426116919937510e-01
3.394363776731865734e-01
3.440004706810175783e-01
3.472867926022744633e-01
3.495290655071356944e-01
3.509379239841907694e-01
3.516988117501960165e-01
3.519715957078639601e-01
3.518912631882518127e-01
3.581412797668137582e-01
3.630233611714017705e-01
3.667034968356048807e-01
3.758520555191937618e-01
3.829277152767058823e-01
3.882006614648887410e-01
3.919497920278933734e-01
4.008243874940258245e-01
4.074965539553279115e-01
4.122983990695241463e-01
4.218245822847899174e-01
4.351143356305640086e-01
4.390073323708985065e-01
4.413128675070485674e-01
4.423971932353540915e-01
4.364211055225191149e-01
4.337699684435574188e-01
4.248763179801169354e-01
4.172085204755013876e-01
4.080265473188116054e-01
4.006701397406027265e-01
3.949796527954509973e-01
3.842723611919551807e-01
3.734033496789179729e-01
3.677100675866955548e-01
3.572215282435378114e-01
3.469288107433632362e-01
3.393919278341521739e-01
3.341570952414809614e-01
3.307895656515540406e-01
3.288914418549333529e-01
3.281111735488253522e-01
3.281473409667841068e-01
3.244030933620263291e-01
3.195708966312518218e-01
3.160931835479172669e-01
3.070970705980826665e-01
3.001995461817326127e-01
2.951360055323826170e-01
2.916227356782952196e-01
2.893781960671606424e-01
2.901466973549258199e-01
2.825178864823132407e-01
2.767093420678241600e-01
2.724805322297294552e-01
2.695778488405016216e-01
2.677529717863562642e-01
2.667751253782246756e-01
2.664384413247162797e-01
2.647147480254883334e-01
2.636595680119322438e-01
2.563919783238808314e-01
2.507606085443825350e-01
2.381746280633798563e-01
2.284352146051125132e-01
2.211555573044039491e-01
2.174174455918793658e-01
2.136142402867988732e-01
2.045155946993733043e-01
1.977299787319417579e-01
1.942246473351143532e-01
1.920680554781359906e-01
1.841450699871702845e-01
1.850967685352056247e-01
1.796704663293502424e-01
1.757526162023528293e-01
1.731037800147636752e-01
1.714860331616532285e-01
1.718848291002910145e-01
1.714592600376301235e-01
1.727065680613464327e-01
1.740576529260302596e-01
1.754096213534206417e-01
1.766895276773805534e-01
1.778499898168692805e-01
1.788644273835289233e-01
1.797223760928128300e-01
1.804251980597024740e-01
1.809823744500205223e-01
1.814084565133342597e-01
1.745907264088484290e-01
1.761160267010066782e-01
1.774723642967894754e-01
1.786393417355303104e-01
1.796129390667156045e-01
1.804006587648823157e-01
1.810175643872180551e-01
1.827950662666415482e-01
1.842205168141697325e-01
1.853215015721778602e-01
1.861350476338807791e-01
1.867029835825362305e-01
1.870682292290057891e-01
1.872720429033067902e-01
1.873521608360613211e-01
1.873417029188078065e-01
1.799758458692095608e-01
1.738921423249135678e-01
1.605030750052331978e-01
1.436751039173158606e-01
1.303062314158205393e-01
1.126745088349270230e-01
9.166028041203055921e-02
7.553376236243591890e-02
5.663102240291340017e-02
3.482501485358846516e-02
1.843267453670582867e-02
6.756829046549173157e-03
-8.674863553925105109e-03
-1.952994816816300272e-02
-3.405960917328343385e-02
-4.405976485545815002e-02
-5.042649586614200707e-02
-5.396408698282351146e-02
-5.536981025505394172e-02
-5.523170309258840227e-02
-5.403352145287532160e-02
-5.964522630987834084e-02
-7.097413940039909441e-02
-7.950646069182476516e-02
-9.308767681405760719e-02
-1.025489905708125704e-01
-1.164981201346320105e-01
-1.339993350099319969e-01
-1.481132877503927858e-01
-1.656528923385229835e-01
-1.858738614211890017e-01
-2.009244114146988558e-01
-2.115924667746944543e-01
-2.257839700860484466e-01
-2.357671977016615461e-01
-2.511850956606804797e-01
-2.694448924315324678e-01
-2.828202299016193688e-01
-2.991160525714864349e-01
-3.107236073022985323e-01
-3.277798264033577880e-01
-3.401319971235894357e-01
-3.485257937456844868e-01
-3.606584537170671734e-01
-3.689694289029954444e-01
-3.769112716903550986e-01
-3.819873210791935314e-01
-3.847682064925850298e-01
-3.857831198749834822e-01
-3.855023336391365518e-01
-3.843278790691169178e-01
-3.825908655639445044e-01
-3.805538033537239073e-01
-3.784163509739137954e-01
-3.862311220284297963e-01
-3.924200587658661643e-01
-3.971359152760993716e-01
-4.076283846513657494e-01
-4.157158386809034489e-01
-4.286581311304702435e-01
-4.384802424639620000e-01
-4.524400328966231566e-01
-4.628425750615696721e-01
-4.702604795326290610e-01
-4.818398794775042848e-01
-4.901922332161217088e-01
-4.958981572827860784e-01
-5.059078221878674508e-01
-5.130311870298489563e-01
-5.240883739786574846e-01
-5.320546408035589092e-01
-5.374918991458521589e-01
-5.507465316674511335e-01
-5.606487404258237994e-01
-5.677041419820552104e-01
-5.823640875240223558e-01
-5.833739337101404576e-01
-5.930518370127770833e-01
-6.041333321798583178e-01
-6.122982650500556900e-01
-6.179594641543443290e-01
-6.258906636312383531e-01
-6.375037843540659610e-01
-6.460268341823628413e-01
-6.519209058068138329e-01
-6.556574786515335651e-01
-6.682597648044265037e-01
-6.776497807041357291e-01
-6.901131445686118360e-01
-6.991624621155628772e-01
-7.110292576799555064e-01
-7.194774724335261107e-01
-7.251471998477525549e-01
-7.340399224350409035e-01
-7.454686564767422086e-01
-7.636663787610808996e-01
-7.772529355110180393e-01
-7.919412628413982080e-01
-8.024673959909750520e-01
-8.143709728611374654e-01
-8.276605254327751293e-01
-8.371635090083290320e-01
-8.435624861694257515e-01
-8.526403365353233399e-01
-8.589054617897372568e-01
-8.681650948072038299e-01
-8.747139742618909031e-01
-8.844626327414890632e-01
-8.914807336266239446e-01
-9.018342064764173216e-01
-9.196099348163966347e-01
-9.331741844945354858e-01
-9.430181031128024305e-01
-9.557371500660006847e-01
-9.690791391699776769e-01
-9.785331937545178604e-01
-9.909526052138221131e-01
-1.003713860957914816e+00
-1.012632539740595305e+00
-1.018433131861129270e+00
-1.025559951478054455e+00
-1.030058364875685584e+00
-1.042311184100350285e+00
-1.051143648479348158e+00
-1.060626701661786520e+00
-1.073266993928489565e+00
-1.082438343648909784e+00
-1.088751286413153441e+00
-1.098935722681748439e+00
-1.109330408952846847e+00
-1.116686673676812402e+00
-1.127789450542833194e+00
-1.135818319542996724e+00
-1.147599938227951810e+00
-1.165368707049653674e+00
-1.178744432669751152e+00
-1.194820156596933192e+00
-1.206645586917894253e+00
-1.230388697544019028e+00
-1.248317471674966095e+00
-1.259111230788407143e+00
-1.275034978426832666e+00
-1.286342211772281141e+00
-1.300606320051629128e+00
-1.310612771786660691e+00
-1.318871797958304892e+00
-1.323954349998983870e+00
-1.326587485916312925e+00
-1.334138038408617444e+00
-1.340726554729676945e+00
-1.344943588653926270e+00
-1.353983356939940430e+00
-1.360394268237183457e+00
-1.371331598270601138e+00
-1.379347499539392397e+00
-1.391630590448568405e+00
-1.400714714322600640e+00
-1.414927003283577678e+00
-1.432117643534487561e+00
-1.444929840014425704e+00
-1.460780082919121092e+00
-1.472358755522952034e+00
-1.487121218321291183e+00
-1.504528350795035108e+00
-1.517276718455309537e+00
-1.532903668367908478e+00
-1.550912569896496285e+00
-1.564008940753530696e+00
-1.579808653731045620e+00
-1.590885061872510109e+00
-1.604848074990061990e+00
-1.614505442100670818e+00
-1.627379635085013154e+00
-1.636727623489635963e+00
-1.642866245623623600e+00
-1.646427578489466637e+00
-1.647991213748339900e+00
-1.648070248087393441e+00
-1.647627030139558579e+00
-1.646393583012784934e+00
-1.651587479736618125e+00
-1.655305907421216860e+00
-1.658396862697957275e+00
-1.667458273576622574e+00
-1.674410799295099395e+00
-1.679494909984548645e+00
-1.690101241599508475e+00
-1.698105662463674115e+00
-1.710952572987838982e+00
-1.720601433583786033e+00
-1.734551841231902758e+00
-1.743682907193646381e+00
-1.751181191906769241e+00
-1.761784894371996701e+00
-1.776062445436204396e+00
-1.787965608642761328e+00
-1.801676696849956461e+00
-1.813159052272541150e+00
-1.827930749541052835e+00
-1.845305720802425276e+00
-1.858079408589977000e+00
-1.873530744353040900e+00
-1.884604493975657880e+00
-1.900712785843312158e+00
-1.912433881554327142e+00
-1.926899863373479072e+00
-1.943540828507684504e+00
-1.961801188466904211e+00
-1.974963357486489768e+00
-1.992853147207241049e+00
-2.011924556038197753e+00
-2.025682870893545484e+00
-2.044118160564912579e+00
-2.057414959933420828e+00
-2.066423295156961437e+00
-2.075246275420954412e+00
-2.086804076762071691e+00
-2.098135791472520939e+00
-2.099926372282705955e+00
-2.105888261318205501e+00
-2.109450117080294618e+00
-2.114783384121156740e+00
-2.124164607579489328e+00
-2.130822760934770965e+00
-2.135214503463325197e+00
-2.143785247504657043e+00
-2.149808810885704524e+00
-2.159630156192029915e+00
-2.172425772549157141e+00
-2.181764039221449902e+00
-2.188259665110072749e+00
-2.186888185089249426e+00
-2.184772404266663859e+00
-2.186215914303534014e+00
-2.182797983372283479e+00
-2.173778301197563767e+00
-2.162102336258095558e+00
-2.152487630749043479e+00
-2.139000456638951775e+00
-2.128261431715252172e+00
-2.120010330360520445e+00
-2.107969959704441454e+00
-2.098791053674628593e+00
-2.082566026898597045e+00
-2.070220020411941864e+00
-2.051802046996996864e+00
-2.038003863975931029e+00
-2.021889554374988407e+00
-2.007166313571726590e+00
-1.990455925303138862e+00
-1.975659450165027309e+00
-1.961624858920465675e+00
-1.951726508125464443e+00
-1.938808326624472667e+00
-1.923218478841216328e+00
-1.905307740206680034e+00
-1.885421099963689340e+00
-1.870700903647234181e+00
-1.851585761695716315e+00
-1.837852292371301210e+00
-1.819962666272584517e+00
-1.807390585772823854e+00
-1.799134549273323724e+00
-1.785972591380324825e+00
-1.778474812978217745e+00
-1.767198008741899029e+00
-1.752634293461139192e+00
-1.742173959647592030e+00
-1.721283919268227436e+00
-1.697709517420771030e+00
-1.673269569649537214e+00
-1.654653841328829422e+00
-1.634834263282440414e+00
-1.614024645676832126e+00
-1.599247468349113133e+00
-1.582659786988338757e+00
-1.571083196778812807e+00
-1.556724698676046126e+00
-1.546881887723389859e+00
-1.533782324219353344e+00
-1.517887893211427253e+00
-1.499684422311018173e+00
-1.479651115232310410e+00
-1.465153273434644188e+00
-1.448367616586777817e+00
-1.436598171051721273e+00
-1.422067656166425387e+00
-1.410967199898963687e+00
-1.396748749335251727e+00
-1.386817351404520560e+00
-1.372140509881714321e+00
-1.354713398318798223e+00
-1.335134129949704374e+00
-1.313982396202324487e+00
-1.291784856240074886e+00
-1.275744753262963771e+00
-1.258099794800545679e+00
-1.239231295967328617e+00
-1.226031679649218109e+00
-1.217412707980050302e+00
-1.209952282354241682e+00
-1.199130991916309341e+00
-1.182835537012406180e+00
-1.171011532681411449e+00
-1.156497291394429805e+00
-1.139863192503881351e+00
-1.121671299773648656e+00
-1.099286561141703977e+00
-1.082815425344411997e+00
-1.071313616447120642e+00
-1.063864547713093245e+00
-1.056196171680531259e+00
-1.051554726142948759e+00
-1.045752761438402789e+00
-1.032501993503240456e+00
-1.022769774042067148e+00
-1.005996844786293920e+00
-9.893959804075372899e-01
-9.708608691478155528e-01
-9.572016461793616537e-01
-9.477269949085972423e-01
-9.311955839355516851e-01
-9.133234402261695140e-01
-9.005240229216807668e-01
-8.861436257601996713e-01
-8.706496982138144380e-01
-8.551771115251503019e-01
-8.389186346010440998e-01
-8.275372112398960978e-01
-8.148601410620126551e-01
-8.012329461557813337e-01
-7.869941290071595930e-01
-7.721445520817873387e-01
-7.617561048227954323e-01
-7.498966597773838449e-01
-7.417226946157409184e-01
-7.267141087684682033e-01
-7.204330160785015202e-01
-7.068063077001254246e-01
-6.914954674054920591e-01
-6.701706952153886343e-01
-6.483571278094731882e-01
-6.218460363090482224e-01
-5.917977113871327743e-01
-5.654420133607382937e-01
-5.403582198423846350e-01
-5.126364244726575592e-01
-4.927573362097887877e-01
-4.760610143719055110e-01
-4.652544146456401020e-01
-4.496751174286117703e-01
-4.393832994372321998e-01
-4.332272846817202261e-01
-4.239572334109389384e-01
-4.118302987858173392e-01
-4.035164551184882153e-01
-3.956270114316251529e-01
-3.843287090806024597e-01
-3.764999433701652354e-01
-3.650302168022667715e-01
-3.503933265021417220e-01
-3.396645734646457360e-01
-3.322552842325772193e-01
-3.208836438614330877e-01
-3.060757410943812928e-01
-2.951960598499965283e-01
-2.788097358417505056e-01
-2.599923584216077277e-01
-2.375215150929490537e-01
-2.209822267265071360e-01
-2.011008958117337375e-01
-1.869461228786586382e-01
-1.706307098114312470e-01
-1.581711949303068465e-01
-1.510256935609128881e-01
-1.402126414451225767e-01
-1.338893536853507094e-01
-1.224950473710344490e-01
-1.077367656230412418e-01
-9.017284297134242621e-02
-7.033742870525094837e-02
-5.566583017182868964e-02
-3.843107064971773568e-02
-1.909228717592847957e-02
1.910620897439541110e-03
2.417139918322419589e-02
4.732707790267642878e-02
6.366475002827254315e-02
8.148497204620741563e-02
9.372686024054477372e-02
9.472032423462062312e-02
8.673316961229726729e-02
7.907272837317536052e-02
7.149856336413673574e-02
5.747295277294672822e-02
4.535045064536102899e-02
3.521018081383164855e-02
2.700123918593155814e-02
1.358960641364070909e-02
3.036388216177021704e-03
-4.956290212315028754e-03
-1.073650587043450955e-02
-1.466710277343108437e-02
-1.710061857142086694e-02
-1.836280072835916322e-02
-1.874290389854360583e-02
-1.848912346361997194e-02
-1.780775949236446110e-02
-1.686495659224274135e-02
-1.579009971314615512e-02
-2.167799340703613353e-02
-2.613429733191452442e-02
-2.946807566197628958e-02
-3.185832991460246788e-02
-3.347574090356331133e-02
-3.447656130445708733e-02
-3.499945589449504624e-02
-3.516428102609614470e-02
-3.507213452964208500e-02
-4.189266224701593266e-02
-4.737589904012029507e-02
-5.162641779989596280e-02
-5.478322183703787651e-02
-5.700305796801896641e-02
-6.541183021780216933e-02
-7.144150728323928057e-02
-7.637028793167810470e-02
-8.682587226839255656e-02
-9.484850385144660834e-02
-1.007483414662426746e-01
-1.117770388047920616e-01
-1.200631530594669094e-01
-1.328942621090560827e-01
-1.424984495837104959e-01
-1.562014095383625900e-01
-1.663546357919440943e-01
-1.803024264947286071e-01
-1.918325204812834084e-01
-2.069066966302588462e-01
-2.247988729941785557e-01
-2.448099543229764752e-01
-2.596220700882727606e-01
-2.766989213727724106e-01
-2.889118017178975428e-01
-3.057449379641623555e-01
-3.178771176200971826e-01
-3.283149401739022810e-01
-3.418730400548428694e-01
-3.604608634163319891e-01
-3.741911328698628303e-01
-3.903491744663272200e-01
-4.148763490477347382e-01
-4.329490491216909653e-01
-4.519407283796255115e-01
-4.684161227980192521e-01
-4.798377474870998416e-01
-4.933251601824459875e-01
-5.118910975044754785e-01
-5.312551875773796617e-01
-5.487085792754125002e-01
-5.669916743105678503e-01
-5.896097102958854919e-01
-6.118353302794810045e-01
-6.375031678646913003e-01
-6.617057139925210940e-01
-6.833060177524634682e-01
-6.985366017712705267e-01
-7.085270341439046105e-01
-7.241898242987108159e-01
-7.348625898416248914e-01
-7.462425138667816427e-01
-7.587945021885112995e-01
-7.722284346362392471e-01
-7.813117031745250296e-01
-7.869195876364151188e-01
-7.898347460652980212e-01
-7.956957847735957046e-01
-7.942360976758356950e-01
-7.869573428574461182e-01
-7.800180326255394814e-01
-7.736816270363636727e-01
-7.630134562815652499e-01
-7.540082101329554920e-01
-7.365672249974228869e-01
-7.231182567096120506e-01
-7.075099256111363477e-01
-6.955644384248071965e-01
-6.768784173538361371e-01
-6.571557664022248391e-01
-6.380244780719351860e-01
-6.198778324240232784e-01
-6.011557560814891898e-01
-5.818316317472782551e-01
-5.640524540112756835e-01
-5.455995506113688887e-01
-5.264338526462213341e-01
-5.031694241138204848e-01
-4.861543767797684712e-01
-4.650647150855840017e-01
-4.500294183220474586e-01
-4.337105708627013723e-01
-4.161250946860970412e-01
-4.037492102354425239e-01
-3.892175860350373107e-01
-3.701312231245512674e-01
-3.499020374321704097e-01
-3.286633959527931470e-01
-3.044164277371672611e-01
-2.868507575953442856e-01
-2.662162409269581698e-01
-2.450472013287710027e-01
-2.301421528686440343e-01
-2.203414501100846579e-01
-2.077997970592539989e-01
-1.927719860458114720e-01
-1.755446180789088650e-01
-1.553373310491901194e-01
-1.408649426875985267e-01
-1.242504601358624949e-01
-1.050632750760325251e-01
-9.215030015810254937e-02
-8.358331218003911545e-02
-7.161416147649468655e-02
-5.667022897271167814e-02
-3.920404303904523324e-02
-2.661537508273403851e-02
-1.114500891875125355e-02
-2.281839422992870681e-04
1.390480943509175837e-02
2.376968251757460848e-02
4.408817687104438221e-02
5.907378265374885196e-02
6.955454560396390207e-02
8.329894798764336805e-02
8.589687191721373516e-02
8.634515379112106537e-02
8.527287763645530205e-02
8.319781506996082321e-02
8.053335458783861256e-02
7.759859782753197877e-02
6.766738468796740236e-02
5.913344766803585451e-02
5.202493287970511027e-02
3.930137894832519407e-02
2.910582191811150743e-02
2.121208400583429743e-02
1.523281409255394792e-02
1.104407413349806077e-02
8.301981426391380481e-03
6.697242093783195571e-03
5.959894734079096423e-03
5.900488549883231570e-03
1.318750622863551492e-02
1.968942980396670706e-02
2.525440887036545234e-02
2.985557533895044635e-02
3.352569293311358223e-02
3.633964143366852362e-02
4.556618409362322986e-02
5.248255910356136589e-02
6.473472848884753716e-02
7.415165112403121483e-02
8.812264894181964792e-02
9.870499987964764799e-02
1.133297380678901511e-01
1.173405375947704776e-01
1.272858625564783353e-01
1.414338725141148778e-01
1.589635935775794984e-01
1.709762874559703771e-01
1.862075927092239347e-01
1.972019178539701212e-01
2.114346335945762601e-01
2.215896702289614772e-01
2.366380802602492395e-01
2.476003439012044449e-01
2.684006408830592605e-01
2.839212905959409561e-01
3.014989398497665007e-01
3.141443645431227782e-01
3.248896421160563097e-01
3.385350867166070365e-01
3.545413825289756016e-01
3.684462136476220895e-01
3.846564684998818873e-01
4.053520412084077318e-01
4.270205890206246746e-01
4.521794716313423113e-01
4.708486915216121282e-01
4.963083435282429345e-01
5.242165929751849696e-01
5.445974200273973054e-01
5.550243668337178082e-01
5.609583614311191013e-01
5.635086599786269801e-01
5.636019229975894884e-01
5.562255860250446826e-01
5.523612652387435151e-01
5.481429769816215103e-01
5.475118406630614665e-01
5.524454818895150332e-01
5.560758002298524794e-01
5.623702691265219933e-01
5.710031629203454751e-01
5.776852012541010550e-01
5.887206677552082601e-01
6.012639304220572800e-01
6.108454324869647678e-01
6.178017247490938946e-01
6.329817854439652169e-01
6.504616976499301151e-01
6.648118639993223500e-01
6.795642126867421640e-01
6.957523614477474361e-01
7.081360391618513050e-01
7.217674950975002668e-01
7.311166001812067217e-01
7.417542945964801238e-01
7.489987341000213794e-01
7.535446543462478441e-01
7.607037056863515945e-01
7.604748379824999294e-01
7.591814205779287006e-01
7.620470364026302734e-01
7.688295681478367616e-01
7.737494094942232170e-01
7.872021546407080850e-01
7.975597008163335389e-01
8.103885957564842535e-01
8.249609928765742062e-01
8.411674173719577707e-01
8.635371402134911500e-01
8.805441183799312954e-01
8.985659828498103741e-01
9.219961823594553518e-01
9.394408307358752541e-01
9.577505951414647667e-01
9.810724264205586964e-01
9.981299752077210652e-01
1.013797137789164360e+00
1.030571758559174045e+00
1.055713907769025850e+00
1.086879911091897188e+00
1.121805872307021446e+00
1.146822665044696210e+00
1.155908067970802477e+00
1.163459132633818616e+00
1.164547703487496699e+00
1.160547055783935910e+00
1.152515829282398485e+00
1.144285040238451012e+00
1.129760762181525102e+00
1.113809168901690905e+00
1.084008975655288420e+00
1.053833878031310345e+00
1.024292934579619008e+00
9.960428251619536377e-01
9.694509501400961904e-01
9.501951058557244201e-01
9.328244267756133912e-01
9.207946609649795278e-01
9.130574678013914092e-01
8.991856321509331673e-01
8.843432429282731544e-01
8.739994561214009527e-01
8.629247164107596291e-01
8.503533967890530842e-01
8.371519856850327956e-01
8.278517289163400683e-01
8.121082123422660448e-01
7.957615422473103273e-01
7.791639257286188114e-01
7.671749989449782037e-01
7.493113457761049201e-01
7.317366820621055146e-01
7.140560315939874503e-01
7.013984018710955892e-01
6.832299379532826844e-01
6.702049482081877674e-01
6.559983219290295153e-01
6.364570865507029884e-01
6.222567699889419712e-01
6.029018642419299301e-01
5.832165986975084149e-01
5.652861655522489759e-01
5.468638277403266024e-01
5.303449801100619254e-01
5.130716776941159907e-01
5.010296916567813508e-01
4.871840438347183611e-01
4.777632901058035397e-01
4.688115490465740720e-01
4.571564248453980905e-01
4.492753014984149917e-01
4.352998876738232159e-01
4.191765934544717798e-01
4.011938181001972747e-01
3.854210716610717569e-01
3.679312365366997906e-01
3.489442330252698898e-01
3.351647481456252464e-01
3.279649906612556176e-01
3.282097663482388405e-01
3.323335124886162006e-01
3.348369813215268387e-01
3.402308239122944222e-01
3.454991972510845777e-01
3.480164048669478483e-01
3.528062038539938605e-01
3.569860151412855842e-01
3.645599385596609565e-01
3.666978051072378175e-01
3.682900249830989292e-01
3.628816670407339906e-01
3.557926083630067460e-01
3.434353381146866280e-01
3.311935822029812293e-01
3.238661969847076438e-01
3.096880530828287625e-01
2.987850681350452398e-01
2.841153069316320057e-01
2.711731769147915916e-01
2.551656079327462301e-01
2.366725741665982596e-01
2.228371241699602656e-01
2.063039206701589023e-01
1.875292441969551582e-01
1.669348465300466433e-01
1.449053299597022892e-01
1.286173100679479653e-01
1.096079524227528967e-01
8.933803380541682770e-02
7.486346389234288523e-02
6.560355471186696263e-02
6.000132669477187264e-02
6.416822434984092993e-02
6.927354553995335174e-02
6.784239362088095859e-02
6.763866220413539132e-02
6.830553405396444511e-02
6.258255284157221432e-02
5.845517468569561004e-02
5.566196378816767876e-02
4.663430851250116582e-02
3.986722084988225667e-02
2.812820956702388742e-02
1.925474075493527337e-02
5.977530769128547306e-03
-4.002075132564897331e-03
-1.800004177449143761e-02
-2.841796504828897341e-02
-4.941504830513077096e-02
-6.540515488777698394e-02
-8.385305457905189996e-02
-9.809933773645229671e-02
-1.158721323306701745e-01
-1.359403452790410860e-01
-1.577379712929316558e-01
-1.807315346536604306e-01
-2.044474431300820072e-01
-2.216561117893502963e-01
-2.470104435947335642e-01
-2.720382284664732975e-01
-2.919114842426657752e-01
-3.057232073141753492e-01
-3.211960480062223677e-01
-3.337795166074957187e-01
-3.485283040275704014e-01
-3.716206870928715489e-01
-3.883230085228999151e-01
-3.997255108104778021e-01
-4.160439215360645093e-01
-4.337595245891465723e-01
-4.492303458129025540e-01
-4.662472988451125122e-01
-4.843961474424394176e-01
-5.032837230486015834e-01
-5.165493065567523523e-01
-5.287440010207873353e-01
-5.367754641346516031e-01
-5.450948538570958846e-01
-5.502369091747094654e-01
-5.626739785726535548e-01
-5.814497103365512398e-01
-5.996024116726843545e-01
-6.293181120342488111e-01
-6.520903894355919439e-01
-6.791077521232058434e-01
-7.047173036711578131e-01
-7.285967121840609684e-01
-7.506302729562237541e-01
-7.657100861481246357e-01
-7.752899543490494594e-01
-7.806301687225066788e-01
-7.827951194650002442e-01
-7.776564297487666977e-01
-7.718204462135410671e-01
-7.557608965329527528e-01
-7.469023312942816295e-01
-7.293294455576069257e-01
-7.148907478669956905e-01
-6.979944640894459873e-01
-6.801654465948212547e-01
-6.664389164324477921e-01
-6.506961722318470587e-01
-6.347115371846269172e-01
-6.172776739993849349e-01
-6.043613377881166260e-01
-5.855360277158997429e-01
-5.716769356821175263e-01
-5.523601314537587292e-01
-5.382809655483593581e-01
-5.225327901300200750e-01
-5.018634331895468481e-01
-4.867642822317967966e-01
-4.763238817741866082e-01
-4.634411207898745388e-01
-4.546253369719925885e-01
-4.460969707021240627e-01
-4.344830669693839909e-01
-4.265023236163072440e-01
-4.214672268600452298e-01
-4.123659421933600910e-01
-3.997020678759324319e-01
-3.904985727993617317e-01
-3.815863619004564722e-01
-3.690677135391469132e-01
-3.534803086226017133e-01
-3.330040867883474753e-01
-3.110667162545208697e-01
-2.860092491466450504e-01
-2.674701070244500656e-01
-2.543902780798745766e-01
-2.390400325404169468e-01
-2.216785013236011181e-01
-2.025704114614252926e-01
-1.819788522598531078e-01
-1.590513250791476541e-01
-1.346969259412809095e-01
-1.104603259645211555e-01
-9.377910275346712510e-02
-7.563211683944914832e-02
-5.617599938897943623e-02
-4.249829727341225549e-02
-2.666313324581159883e-02
-8.930260654149035915e-03
3.460852846508322145e-03
1.842265330168157966e-02
2.863570074890864348e-02
3.499444507243354430e-02
4.529978859889682852e-02
5.204839754815870911e-02
5.635548852831262501e-02
5.843552404578189474e-02
5.882689379647065842e-02
5.800446858927066351e-02
5.597099125973858946e-02
5.355878919050871545e-02
5.101512210261538449e-02
4.148875461627454797e-02
2.641645740494524830e-02
1.408999424829748826e-02
-2.684560799947721677e-03
-1.576823238258806548e-02
-3.246412844982549117e-02
-5.192519972136255824e-02
-6.661386890002329864e-02
-8.461681253590613849e-02
-9.805797324290210781e-02
-1.144406323283242433e-01
-1.263539890946192568e-01
-1.345190185589377752e-01
-1.464698547986289512e-01
-1.547721146089866551e-01
-1.669042552475177299e-01
-1.754223579503475516e-01
-1.809812965925348127e-01
-1.909526813869339978e-01
-1.978671383545569373e-01
-2.022979839376408684e-01
-2.114787562233571006e-01
-2.194112299078847528e-01
-2.249004401463263747e-01
-2.351280967552769052e-01
-2.408807752301056482e-01
-2.511722997847753991e-01
-2.602955303759419969e-01
-2.733890328075008203e-01
-2.896383820979149260e-01
-3.017522716297396101e-01
-3.189870378807255769e-01
-3.383341078606090235e-01
-3.527173326710721923e-01
-3.628853522263559839e-01
-3.695836860818997316e-01
-3.735140421888070161e-01
-3.753100800215056765e-01
-3.755248906530024300e-01
-3.746266974186234222e-01
-3.730002455308616405e-01
-3.734579295464561799e-01
-3.642987791955940580e-01
-3.627997366189588124e-01
-3.613793531062634568e-01
-3.665283876789680040e-01
-3.795428461915035800e-01
-3.900206272091688575e-01
-3.981750327346194052e-01
-4.106028343427385874e-01
-4.200779100339939731e-01
-4.361155922009489760e-01
-4.545986800428460928e-01
-4.686208053547984420e-01
-4.788097445613093139e-01
-4.858038785642977420e-01
-4.902131716872180078e-01
-4.865559920404212146e-01
-4.824468792348555191e-01
-4.782364310905418137e-01
-4.741768402501151947e-01
-4.704373087320545821e-01
-4.671194368076392323e-01
-4.642718175946529691e-01
-4.680786837319279581e-01
-4.712012677315216003e-01
-4.768382159880948379e-01
-4.813667104288912313e-01
-4.910103185634964174e-01
-4.986094819843673864e-01
-5.104258821296041582e-01
-5.229357310360593925e-01
-5.384857314025031094e-01
-5.503400107271152475e-01
-5.685225811596212875e-01
-5.880798393175085126e-01
-6.083396564019528663e-01
-6.232598623910924340e-01
-6.337378428435228583e-01
-6.406168883456165863e-01
-6.446579925146792567e-01
-6.411369356337076608e-01
-6.315118017118578342e-01
-6.280971975581977063e-01
-6.191380975338012238e-01
-6.113118473235181760e-01
-6.046982447192021937e-01
-5.992888773149180892e-01
-6.007293063342800110e-01
-6.060745509445507606e-01
-6.106474640351950978e-01
-6.241575562721273229e-01
-6.408043473145536018e-01
-6.540169770858577092e-01
-6.739013237800710598e-01
-6.893226874924195391e-01
-7.106107117202388190e-01
-7.267788624424292854e-01
-7.432237430112428322e-01
-7.552215609198463797e-01
-7.683357459148001389e-01
-7.876310358388581845e-01
-8.070985092838859343e-01
-8.317100696930846970e-01
-8.549209847453290712e-01
-8.773079548089173230e-01
-8.979916782294724564e-01
-9.168496883732699665e-01
-9.296924224358279476e-01
-9.377583479768348829e-01
-9.421361748301304573e-01
-9.535255182232379445e-01
-9.610785433009960688e-01
-9.752550522632900121e-01
-9.910625623908612125e-01
-1.008362736034812635e+00
-1.024669993747914232e+00
-1.045786807861769585e+00
-1.061221145015721401e+00
-1.075209142684467212e+00
-1.090700534386562337e+00
-1.101509889714479051e+00
-1.108525634519299752e+00
-1.112551051734615770e+00
-1.120413105450182467e+00
-1.125507024783906296e+00
-1.134607466287020028e+00
-1.140931978874762720e+00
-1.154111374440488280e+00
-1.163780822853336838e+00
-1.170493196537153446e+00
-1.168434753289661510e+00
-1.165645749926896624e+00
-1.168814225388923544e+00
-1.173404492689046563e+00
-1.176506053512197170e+00
-1.178421767442466184e+00
-1.179420214997291216e+00
-1.188526023545815935e+00
-1.199279640656022217e+00
-1.209991409669686435e+00
-1.224370678452929351e+00
-1.235353253407609708e+00
-1.249804631574860103e+00
-1.260657816008543763e+00
-1.276895991272018804e+00
-1.288933932781087366e+00
-1.297431678532908972e+00
-1.309534161171577393e+00
-1.324702675038222255e+00
-1.335837770466098862e+00
-1.350178477484035966e+00
-1.360562903959543268e+00
-1.374310742773954486e+00
-1.385439994459027213e+00
-1.393006038122522661e+00
-1.404376930392593481e+00
-1.412300144848191552e+00
-1.417416820765522667e+00
-1.426988483078199588e+00
-1.433655627288959566e+00
-1.444648076338278964e+00
-1.459277240020928179e+00
-1.470130559127576175e+00
-1.485116547943225340e+00
-1.502705728426275256e+00
-1.515271386723248570e+00
-1.524124308144781281e+00
-1.529904593342704899e+00
-1.540023961275287068e+00
-1.547025772668152666e+00
-1.551474289672067020e+00
-1.560666981887584681e+00
-1.567173985693840921e+00
-1.578391470843026889e+00
-1.593711179702702818e+00
-1.612408622779078815e+00
-1.626605049853057317e+00
-1.636839364120727502e+00
-1.650884973926229238e+00
-1.668060257585717965e+00
-1.680559551992375944e+00
-1.695357482771837399e+00
-1.712659376716525461e+00
-1.730775499184290300e+00
-1.744720630730050015e+00
-1.761043866736930141e+00
-1.772556869036247207e+00
-1.780166695886208128e+00
-1.786148934796917942e+00
-1.796262386936434918e+00
-1.804771980248171648e+00
-1.817259944666613336e+00
-1.833045795052283378e+00
-1.846565682430723276e+00
-1.863152324670355409e+00
-1.877465274704618547e+00
-1.894637430993205029e+00
-1.900243766370065979e+00
-1.910036391309785531e+00
-1.923373302194436141e+00
-1.939546554566253356e+00
-1.951131539614864741e+00
-1.972257768983975090e+00
-1.987696517532240081e+00
-2.004884172886828075e+00
-2.026405375399022546e+00
-2.048362182665377951e+00
-2.064238004941175930e+00
-2.084587177637553523e+00
-2.093198573966636111e+00
-2.104262157137426925e+00
-2.111429617206605158e+00
-2.119157745017003602e+00
-2.129909550054856382e+00
-2.141024586953534481e+00
-2.154701480017847448e+00
-2.170340399785251950e+00
-2.183294898883049395e+00
-2.192124003000039068e+00
-2.192091769771249865e+00
-2.190628125500232670e+00
-2.182607792538706626e+00
-2.175065227994561923e+00
-2.168248839127991268e+00
-2.152650288343759044e+00
-2.139752220349993461e+00
-2.125752714904679763e+00
-2.108964641603252588e+00
-2.095925073669369976e+00
-2.080159832568021283e+00
-2.068219783355725205e+00
-2.053442843294450704e+00
-2.036233224139480047e+00
-2.020256987494872369e+00
-2.002321485054696648e+00
-1.979913739052080679e+00
-1.954233337657093728e+00
-1.935298211831649073e+00
-1.915500981404259173e+00
-1.901439534932318542e+00
-1.887683465909279601e+00
-1.878345501804570272e+00
-1.865892746779369560e+00
-1.850625688155792314e+00
-1.825940288988519455e+00
-1.807273177139125941e+00
-1.786787110242227250e+00
-1.771982202661175787e+00
-1.753422277599683721e+00
-1.740468433655256941e+00
-1.724892874352040639e+00
-1.698874065466259742e+00
-1.679881045806559170e+00
-1.652417885595893976e+00
-1.625168829442722229e+00
-1.598438170984779916e+00
-1.571710460628929162e+00
-1.545127317493067975e+00
-1.526055966221617544e+00
-1.513256741464868549e+00
-1.498247275574558612e+00
-1.488507308856158229e+00
-1.476376463021396246e+00
-1.461605384360586291e+00
-1.444604263011838086e+00
-1.425782733146665038e+00
-1.406687631720278553e+00
-1.379728934736616619e+00
-1.360153639359282796e+00
-1.333307255268112446e+00
-1.313895722290409962e+00
-1.292221417855269117e+00
-1.276797636517517986e+00
-1.260071210859876611e+00
-1.240082429972150457e+00
-1.223499607650606835e+00
-1.203028899122026374e+00
-1.179007156532421385e+00
-1.151801055083853553e+00
-1.124927390700781960e+00
-1.098839169237247448e+00
-1.070381099868120245e+00
-1.043540778366522925e+00
-1.008514065983630470e+00
-9.771059499414809224e-01
-9.450183899326335402e-01
-9.166565588996288261e-01
-8.916822783100115668e-01
-8.651675271361816133e-01
-8.418348934886806800e-01
-8.165990857610502252e-01
-7.945102064353448679e-01
-7.698319378414774095e-01
-7.475690697194545820e-01
-7.224067268794073238e-01
-6.992782206278285173e-01
-6.732014917711576230e-01
-6.447565669733317240e-01
-6.186115159502199035e-01
-5.902200797000379806e-01
-5.601927288486820977e-01
-5.291137868638966513e-01
-4.975070276163215954e-01
-4.720276922293340505e-01
-4.486985522119970593e-01
-4.267870620973412965e-01
-4.120634710210713259e-01
-3.967216159347268789e-01
-3.805057940769616120e-01
-3.697960140007636731e-01
-3.479346487702459356e-01
-3.323301427724150159e-01
-3.085232615403801226e-01
-2.823889906225849344e-01
-2.548422813017483524e-01
-2.350765037645914379e-01
-2.134136600493590219e-01
-1.917950014943679005e-01
-1.700890647487014462e-01
-1.549816083740380712e-01
-1.384366917580750478e-01
-1.205217903596189633e-01
-1.013497086595613883e-01
-8.106388009724962984e-02
-5.982608778667319882e-02
-3.780610397459915895e-02
-1.506862767860517316e-02
9.568227188878619671e-04
1.160308646050389747e-02
2.490295959047084118e-02
4.057426623387594411e-02
5.828215259960156658e-02
7.713427588246868360e-02
9.782554517877950495e-02
1.126808505649601333e-01
1.295406637085272372e-01
1.480612355892072518e-01
1.610926483882950677e-01
1.764159564537837177e-01
1.949804775772789878e-01
2.150598896368733914e-01
2.362423522777554741e-01
2.581506790704199972e-01
2.804571128149533354e-01
3.028904379852572770e-01
3.252367951250623168e-01
3.409598582186590399e-01
3.600256296984778448e-01
3.796338381893993308e-01
3.933317222087810983e-01
4.111174263005863416e-01
4.297357422271552707e-01
4.549681163899699232e-01
4.732221056803542769e-01
4.888715923137401109e-01
4.935066813617794423e-01
5.043399377882118451e-01
5.113641846563079518e-01
5.187356014424977513e-01
5.231764053212561993e-01
5.349448753606789175e-01
5.493834828274428705e-01
5.636257639095452188e-01
5.799492514770022700e-01
5.977150890467076705e-01
6.163393286771524648e-01
6.296483999542200616e-01
6.386097520023877872e-01
6.441163133923549777e-01
6.413731633185602021e-01
6.376633175837469469e-01
6.293439309813559923e-01
6.217350620646343584e-01
6.093342360097763200e-01
5.949830012050526529e-01
5.775941468687914027e-01
5.636943464675963078e-01
5.434480441886786473e-01
5.277673047960729225e-01
5.160726263987700513e-01
5.017250038805505241e-01
4.818726221928972819e-01
4.577843101291068084e-01
4.335328599099235181e-01
4.064607518778600159e-01
3.775849156761850178e-01
3.500862848879997546e-01
3.258723693121641229e-01
3.084008547007237588e-01
2.900210302342152158e-01
2.688640578123366875e-01
2.456868772199660711e-01
2.293714263373234363e-01
2.201199818622963100e-01
2.149370310748928148e-01
2.196036261053573302e-01
2.269095036432093870e-01
2.396087451965116522e-01
2.527640258879413349e-01
2.642479442229936915e-01
2.806697337142631810e-01
2.940651272082603906e-01
3.046324632865484716e-01
3.126659671582507904e-01
3.251278932339698446e-01
3.345018198428733047e-01
3.435805928347415161e-01
3.566951119672276960e-01
3.729904734921822840e-01
3.851933942978054137e-01
4.003260081649002711e-01
4.176691264020075955e-01
4.332238405083581601e-01
4.569080886353793503e-01
4.745609572492706096e-01
4.931522823953056189e-01
5.063843091121680295e-01
5.126833918050661687e-01
5.219924505890956024e-01
5.220654969368905274e-01
5.265188724075664517e-01
5.288773743687908979e-01
5.355613811751245290e-01
5.399958740246837419e-01
5.426409280848583094e-01
5.474550704081242447e-01
5.564695906750056764e-01
5.667643808521909410e-01
5.744451789981847023e-01
5.837087827196379974e-01
6.002951809574841313e-01
6.230441793619230229e-01
6.464785946071351930e-01
6.742820348713801648e-01
7.008256035206656964e-01
7.256643736607655271e-01
7.434497910613099281e-01
7.605386930353745800e-01
7.719921069431679994e-01
7.693529062731248036e-01
7.651919234665659486e-01
7.552621950816045260e-01
7.458609201421741997e-01
7.322284114259464127e-01
7.204522403772724015e-01
7.008305123540772286e-01
6.848357058234070260e-01
6.624647690119204180e-01
6.407859089874611280e-01
6.243522157922338778e-01
6.028567639287504276e-01
5.812260826733930408e-01
5.594295057128233495e-01
5.398045750424982359e-01
5.165122285197190077e-01
4.996540700520284428e-01
4.821198743118284558e-01
4.577417167663062614e-01
4.334940738910455504e-01
4.065856240718090930e-01
3.842921808564332409e-01
3.623476271067591625e-01
3.405502019283073167e-01
3.165997926789589911e-01
2.997028217876047673e-01
2.820273694392634312e-01
2.635034483821534490e-01
2.441136170860114252e-01
2.305816249219356795e-01
2.083899463770400029e-01
1.842729717843474280e-01
1.669571429894936010e-01
1.552759539145225354e-01
1.413083940289172613e-01
1.320934138382352518e-01
1.206613516563614930e-01
1.061952323362671535e-01
8.846163913335480800e-02
6.886223258389434498e-02
4.777509760362486091e-02
3.253554809021719230e-02
1.507942907262749266e-02
-3.911960859245278144e-03
-3.132269403146925590e-02
-5.859740658692325077e-02
-8.550559155064441086e-02
-1.118916809786352218e-01
-1.299104981126748548e-01
-1.495464491476057312e-01
-1.697815090398289151e-01
-1.850259334300605740e-01
-2.101030465565922878e-01
-2.353281374176194873e-01
-2.604055688424538051e-01
-2.851054972538333843e-01
-3.114102756310319631e-01
-3.346534199259310061e-01
-3.506417259886014381e-01
-3.632764131229020421e-01
-3.710007265877164340e-01
-3.748803019187969543e-01
-3.692997608033983248e-01
-3.561505816516634670e-01
-3.438116481681621206e-01
-3.303778931374281580e-01
-3.122063137987545201e-01
-2.972451307774148788e-01
-2.784904070600850989e-01
-2.618412288466134275e-01
-2.424047363790813314e-01
-2.276601323981397584e-01
-2.086317057449782464e-01
-1.946237523909084555e-01
-1.847785572511120300e-01
-1.782995309719010990e-01
-1.677257070602697908e-01
-1.604189992977531620e-01
-1.547042644670957312e-01
-1.446114868216541449e-01
-1.375397992892810617e-01
-1.329173979770090774e-01
-1.243840759837220311e-01
-1.183218894816600031e-01
-1.143231712742727169e-01
-1.051469484816196509e-01
-9.779454563672840273e-02
-8.591526656419423702e-02
-7.033203652003972017e-02
-5.180184526225684039e-02
-3.783553974676268083e-02
-2.777785688611822401e-02
-1.413960589562845982e-02
-4.366080108044512187e-03
2.205126861410722228e-03
6.202961578323673564e-03
1.502385163568886739e-02
2.109932668516112386e-02
3.198420357553244386e-02
3.992305765668557882e-02
5.192886855254719158e-02
6.746176269902837142e-02
8.635796626074609961e-02
9.992857971114954552e-02
1.162899655492368733e-01
1.289656524897309087e-01
1.446287022144419065e-01
1.627005373845697989e-01
1.758574346860108939e-01
1.848958624831966713e-01
1.919020057485634201e-01
2.029139082455695409e-01
2.188290975904660929e-01
2.305621440821845614e-01
2.542344327567260809e-01
2.723027739605756725e-01
2.991899870993151023e-01
3.283758267340743942e-01
3.569961470595521824e-01
3.846392444855666337e-01
4.175828073448661915e-01
4.447108025809973775e-01
4.664814215804899966e-01
4.872580197565341553e-01
5.011941547908109751e-01
5.190232185134231457e-01
5.310416651132536803e-01
5.477670200717219551e-01
5.592385140612785577e-01
5.759139032036351136e-01
5.875790897235317889e-01
6.008134735206259736e-01
6.152964568507707233e-01
6.291956852519794419e-01
6.442519223274066897e-01
6.546945213458251756e-01
6.613938138406567635e-01
6.693887792985072638e-01
6.841227183689392310e-01
6.992693477504654531e-01
7.156181801911432050e-01
7.373534300975359557e-01
7.634558953208701038e-01
7.879643106797292740e-01
8.057752645050724194e-01
8.129689637661641211e-01
8.165927558593359947e-01
8.226059589426397700e-01
8.258414203804776976e-01
8.269742106417459215e-01
8.265822071529562720e-01
8.251470332497060634e-01
8.230590252864767864e-01
8.253077824440944177e-01
8.265805120604908796e-01
8.321617294589458425e-01
8.362978067941575500e-01
8.392060657889683917e-01
8.456733226782391366e-01
8.459306184413805108e-01
8.456235712876443156e-01
8.449376419720687759e-01
8.440228711919621762e-01
8.383772667455856586e-01
8.381682598304494025e-01
8.379429326148097879e-01
8.423363711707795298e-01
8.458607435914717865e-01
8.486015954717187615e-01
8.506587255601484321e-01
8.521361853259585839e-01
8.575826683036372744e-01
8.573821880814751495e-01
8.620763085305869211e-01
8.560994747311693187e-01
8.553801268204934694e-01
8.501892238409898273e-01
8.510041180975510544e-01
8.576903911004348791e-01
8.633874524252717064e-01
8.727260064286939123e-01
8.802194964306295777e-01
8.916699454092879007e-01
9.064538040432725818e-01
9.285120174634723389e-01
9.518981832751887140e-01
9.762716561708155716e-01
9.949434082066925811e-01
1.025618819524696024e+00
1.055667570013264722e+00
1.088691478137046476e+00
1.120113274176997020e+00
1.146268622298502571e+00
1.171503008165340809e+00
1.196165623977990089e+00
1.223176267129602923e+00
1.249318785591568393e+00
1.269851259537157606e+00
1.299918686285427061e+00
1.321181908279476458e+00
1.344245823223050307e+00
1.368511907325951293e+00
1.392171242536758058e+00
1.415520400516765198e+00
1.439705308428729680e+00
1.464212105992506396e+00
1.488046322965597135e+00
1.511860604884408099e+00
1.528307885930423105e+00
1.538956604118616456e+00
1.544950248744629162e+00
1.554383311761719622e+00
1.566952637135814230e+00
1.582285982259702406e+00
1.593129067515321573e+00
1.607117871380387752e+00
1.623779186029635335e+00
1.642624729668660910e+00
1.663178316951317015e+00
1.678136830711563832e+00
1.695259255894354888e+00
1.708250137228483956e+00
1.722856928280707356e+00
1.732844045855830517e+00
1.745902885594836862e+00
1.754775942568151947e+00
1.767021307844970357e+00
1.776784128837576082e+00
1.789990185821865198e+00
1.799314885695149968e+00
1.812155648031448019e+00
1.821190199495592132e+00
1.835579429074566393e+00
1.852721448532281157e+00
1.865300310653829285e+00
1.880666491781399108e+00
1.891626880067522443e+00
1.905512416332646897e+00
1.924116801048803449e+00
1.944249004676850134e+00
1.965358603277865601e+00
1.980678227472083552e+00
1.997451536058895805e+00
2.012047309686852525e+00
2.022098306325033512e+00
2.031507576045501917e+00
2.037511364655164137e+00
2.043978917026547659e+00
2.057458003628656051e+00
2.070740515544235993e+00
2.090443036636682628e+00
2.105413203330188221e+00
2.122560437585391924e+00
2.138939183096503438e+00
2.157004838093335763e+00
2.176146475067346042e+00
2.200242692692604418e+00
2.223788745553360258e+00
2.240600255897705839e+00
2.262338440497599024e+00
2.283331818175783567e+00
2.303398074158359954e+00
2.317196775355780503e+00
2.331216762475829096e+00
2.340330320774568484e+00
2.345656655809763791e+00
2.348129253075667222e+00
2.348517228501835419e+00
2.342469970986201577e+00
2.336325267685639862e+00
2.330425319495109449e+00
2.325001374169175072e+00
2.325033523890286169e+00
2.330072304699399410e+00
2.339009434576117652e+00
2.346168593932796309e+00
2.356806269654815100e+00
2.370268243244769479e+00
2.385983852621002654e+00
2.403102931911853091e+00
2.421547685112800163e+00
2.435501411367786417e+00
2.450255558461553740e+00
2.460780599389848611e+00
2.467830721235858338e+00
2.476590465016921261e+00
2.492360747903452634e+00
2.503797930903527202e+00
2.515824915281442031e+00
2.524132998188105326e+00
2.539134603884317443e+00
2.549968765474078136e+00
2.566881885563558008e+00
2.579250962511685508e+00
2.593666745415275976e+00
2.604042086456763272e+00
2.616983645052070262e+00
2.626214584119678008e+00
2.641740906581810933e+00
2.653051928163637108e+00
2.666976464919350587e+00
2.680065164525601951e+00
2.698399729733909957e+00
2.717972020726151072e+00
2.741282434904219301e+00
2.764753763617663562e+00
2.781969048606996342e+00
2.793947110325633254e+00
2.801666327535288659e+00
2.806024060831897593e+00
2.814259775447848888e+00
2.823820403136254598e+00
2.836943480460447198e+00
2.846437462346441016e+00
2.859638694673587889e+00
2.876049888117730546e+00
2.895162659888146806e+00
2.916480488306327779e+00
2.939536724424231195e+00
2.955288544422812969e+00
2.974923796108486229e+00
2.988927516526349137e+00
2.998222089394947165e+00
3.012085925026795064e+00
3.028687576678299465e+00
3.040264776826802962e+00
3.055058768626761179e+00
3.072576302304729889e+00
3.092341038426871247e+00
3.114106126603050306e+00
-3.139073974527454958e+00
-3.116844735293631707e+00
-3.094330230609767973e+00
-3.071593908290199071e+00
-3.048709243529705404e+00
-3.026534940148623232e+00
-3.011180490905889684e+00
-3.000258327535323843e+00
-2.993600692656452011e+00
-2.983540424613336128e+00
-2.977174193022335658e+00
-2.967010286853918544e+00
-2.952310917165721360e+00
-2.934953213548760598e+00
-2.920724314084992557e+00
-2.903767927476916810e+00
-2.884656862025430701e+00
-2.863959232613954686e+00
-2.842199822128277820e+00
-2.819834716172955780e+00
-2.797238759970828603e+00
-2.774703649299025798e+00
-2.752443640824461468e+00
-2.736815032283395066e+00
-2.717605714501354797e+00
-2.704187869761210727e+00
-2.686443970965613381e+00
-2.667953977366091856e+00
-2.645797463278226846e+00
-2.629745727554334778e+00
-2.609471122873045168e+00
-2.589120042650223663e+00
-2.568971237189376922e+00
-2.545432717371655773e+00
-2.522979233728572801e+00
-2.503125481011081899e+00
-2.483899965942037547e+00
-2.461167928686530004e+00
-2.435481474715242456e+00
-2.412419104988194452e+00
-2.395959231584050109e+00
-2.375333734873038782e+00
-2.356015118126371100e+00
-2.332714721139213854e+00
-2.306125262781137941e+00
-2.286822445043123597e+00
-2.263798144511822041e+00
-2.243225248914838321e+00
-2.224984944412832455e+00
-2.203340394011359393e+00
-2.182867817937155674e+00
-2.168728562928296633e+00
-2.159694230852294616e+00
-2.148980045858773558e+00
-2.136534759463683208e+00
-2.118763785152312451e+00
-2.100111765332973501e+00
-2.080594649221961578e+00
-2.060243392473529500e+00
-2.035904341751995972e+00
-2.011629392716242304e+00
-1.991013774924555335e+00
-1.970145539553570302e+00
-1.952891776859600137e+00
-1.934835531134070141e+00
-1.913551352094628122e+00
-1.898688994879978331e+00
-1.889004623418171880e+00
-1.881269393974001503e+00
-1.870554989265731827e+00
-1.865673807845355636e+00
-1.856806917350700026e+00
-1.844380669614616775e+00
-1.833768200492362554e+00
-1.819885427973811920e+00
-1.803220961356470253e+00
-1.784237066264676042e+00
-1.763363966260206750e+00
-1.740995453601977827e+00
-1.710507290136380032e+00
-1.680367503144553964e+00
-1.650809122655666927e+00
-1.621975057275562460e+00
-1.593935623549987968e+00
-1.566705593007738262e+00
-1.547407205219771598e+00
-1.527519057052567852e+00
-1.507048938459326193e+00
-1.478937113034825890e+00
-1.451722332036800012e+00
-1.431444874748530882e+00
-1.403513753888568028e+00
-1.376436305534848747e+00
-1.350265911388806472e+00
-1.325006523771340650e+00
-1.293806020691246284e+00
-1.264852568372856423e+00
-1.237957034667332534e+00
-1.219368585193198795e+00
-1.207406821685905962e+00
-1.200602244573661936e+00
-1.188777472642810196e+00
-1.175021161807749071e+00
-1.159617172787613448e+00
-1.146305099225775503e+00
-1.131085870625107681e+00
-1.111291322063336473e+00
-1.090738002823314456e+00
-1.069841037349645418e+00
-1.045487432625429314e+00
-1.027740800047522773e+00
-1.009656793008529174e+00
-9.876761266901770142e-01
-9.719703765424394515e-01
-9.574766010534075944e-01
-9.421258001328741694e-01
-9.219963394166221793e-01
-9.032877110878830829e-01
-8.845443701604872588e-01
-8.615010065383730264e-01
-8.401434850945824762e-01
-8.196410707006712704e-01
-7.952726797944135173e-01
-7.728292692494809213e-01
-7.571346170180337509e-01
-7.417662158448146137e-01
-7.315730410777523396e-01
-7.255250559962546086e-01
-7.127807639423888730e-01
-6.997087665134988921e-01
-6.855327220058208271e-01
-6.658818815599996110e-01
-6.418188336471161159e-01
-6.200258548503668754e-01
-5.948973156367238779e-01
-5.709822250750643535e-01
-5.537512801611530477e-01
-5.326872503628281574e-01
-5.119138699894536515e-01
-5.064950433322206180e-01
-5.043892665262708075e-01
-5.080750835608811578e-01
-5.095077140491388601e-01
-5.120649202184470727e-01
-5.152731737408302592e-01
-5.187662548048783684e-01
-5.162101958379647915e-01
-5.145723038346796674e-01
-5.136666861317356059e-01
-5.133228526261583990e-01
-5.133906118494351301e-01
-5.102931248936621866e-01
-5.114480960450924485e-01
-5.092290668158760969e-01
-5.110329980830390362e-01
-5.092968228229022287e-01
-5.080218374919003299e-01
-5.044124378586261059e-01
-4.982113139889823294e-01
-4.961681596602252053e-01
-4.948170544209709032e-01
-4.879765402994014067e-01
-4.826728836353630925e-01
-4.787074248762182016e-01
-4.758751920820261105e-01
-4.708848516303774101e-01
-4.672484411915294178e-01
-4.707148236608735825e-01
-4.769986398022416640e-01
-4.824289056089925420e-01
-4.960871621835603040e-01
-5.073082322827873192e-01
-5.070109591600868715e-01
-5.062777359543444433e-01
-5.052793176893128901e-01
-5.074369570592929257e-01
-5.056645495189597828e-01
-5.039752654545230914e-01
-4.964624516731392934e-01
-4.809859553834814339e-01
-4.684404901976595426e-01
-4.585977789663777671e-01
-4.511534490725415125e-01
-4.396305395345734279e-01
-4.309056189269395709e-01
-4.336587195066810008e-01
-4.277118062612430549e-01
-4.235235785743067805e-01
-4.207832017550945380e-01
-4.191965084364386307e-01
-4.184970565147942967e-01
-4.184521525513122953e-01
-4.188651092382860153e-01
-4.195748116398569927e-01
-4.266855645170297695e-01
-4.326948750456365289e-01
-4.376254150267369081e-01
-4.353975831793703843e-01
-4.333939547763967504e-01
-4.316521420976020540e-01
-4.239632339214061130e-01
-4.176406064920816785e-01
-4.126119589034864532e-01
-4.087572118005644572e-01
-4.059289384755258023e-01
-4.039685294379546932e-01
-3.936814599241722501e-01
-3.792768280088776311e-01
-3.615653365872608660e-01
-3.477530957326928629e-01
-3.286202194613998540e-01
-3.076161160560912933e-01
-2.851765113765127868e-01
-2.598858596661763887e-01
-2.344400216092525913e-01
-2.075669546533649434e-01
-1.813457196981771435e-01
-1.557178683873225999e-01
-1.382151500120709642e-01
-1.195751087111487365e-01
-9.987451692231275047e-02
-7.236878722915363049e-02
-4.492398390239715766e-02
-2.519025951286368858e-02
-1.183201047789883553e-02
3.235408692607855130e-03
2.001944719202630729e-02
3.840869932791468599e-02
6.505784383957458061e-02
9.154143034449879757e-02
1.168443367940597000e-01
1.414753171756730765e-01
1.654448997908666286e-01
1.900607732750683176e-01
2.075023542276597244e-01
2.271899748057992774e-01
2.474673152424051725e-01
2.633343588436440896e-01
2.806204471796083233e-01
3.011509574630533148e-01
3.157528639240245738e-01
3.344146933086822315e-01
3.568122485598184124e-01
3.757697821599157439e-01
3.960431829135160342e-01
4.171929271910543857e-01
4.320392262210852596e-01
4.483923547359669470e-01
4.659150396492672819e-01
4.808699203041535419e-01
4.905114116168192151e-01
4.989325077441129075e-01
4.975425421780723667e-01
5.007667823903518833e-01
5.019553723503005216e-01
5.109636105613102330e-01
5.172689938484407168e-01
5.247945607782786848e-01
5.359377962094704628e-01
5.476848432065486438e-01
5.622630500056755576e-01
5.789467637707946812e-01
5.913370476480930282e-01
6.057685065994881102e-01
6.161017875603607141e-01
6.230725029910141322e-01
6.313808562053293549e-01
6.410291520262507703e-01
6.477795120818534702e-01
6.576566691583017876e-01
6.645728419809364684e-01
6.690520147455762956e-01
6.715921712660222198e-01
6.780910836217787230e-01
6.824682943237022625e-01
6.948962021543392265e-01
7.042064232031107762e-01
7.206120054500407823e-01
7.376903649638217875e-01
7.604721010056231245e-01
7.779090539687103512e-01
7.955691851725097408e-01
8.181054073232004731e-01
8.393291988959717953e-01
8.597525279408725352e-01
8.787874875260073271e-01
8.878168100803278673e-01
8.834720044513246773e-01
8.779879151262174330e-01
8.719918445258182382e-01
8.659505907840969741e-01
8.601941783375354200e-01
8.549392094554266741e-01
8.555224745668332798e-01
8.506076037906056264e-01
8.516649926499200163e-01
8.525201194953172523e-01
8.531876043443554769e-01
8.536878690461164876e-01
8.540443354561894074e-01
8.542812378803975593e-01
8.597566529764494314e-01
8.642214466299782405e-01
8.731947268783660787e-01
8.915959710621523815e-01
9.111460973007712294e-01
9.324350738758561130e-01
9.550840902603970894e-01
9.829689958843296216e-01
1.010685061306386467e+00
1.041992912587704101e+00
1.072039194505280069e+00
1.094208868128173417e+00
1.119807074915575074e+00
1.151708906987493286e+00
1.185045245915571144e+00
1.209179844319480113e+00
1.235280640971502919e+00
1.260388639708738268e+00
1.286975626479801793e+00
1.312524708872136125e+00
1.339095164260275084e+00
1.366112928775429003e+00
1.391828850923514826e+00
1.417742122408378380e+00
1.435576520100742659e+00
1.461705261212618678e+00
1.479942500863951071e+00
1.499242863606244258e+00
1.518873038869303027e+00
1.538932288969648399e+00
1.559462295379927532e+00
1.573794667477677045e+00
1.589854312475007081e+00
1.600886677930510649e+00
1.607784130775408382e+00
1.611402311163548484e+00
1.619376167754329021e+00
1.631196520137894845e+00
1.646286419525436306e+00
1.656567687095884089e+00
1.670835066924162948e+00
1.681032970894537959e+00
1.694697601690202227e+00
1.712186752743002804e+00
1.725105682427547471e+00
1.741011937952165800e+00
1.759317423971700434e+00
1.779447433622831642e+00
1.800872742228433632e+00
1.823129868992073188e+00
1.839178100003702410e+00
1.852016736834045219e+00
1.867149833768074307e+00
1.884166212167889709e+00
1.902641306603391147e+00
1.924553194889188523e+00
1.944423240748092141e+00
1.960946369720713456e+00
1.972310324093557998e+00
1.982240518132629026e+00
1.988451425814280249e+00
1.994581314600893274e+00
2.000948939210022370e+00
2.014384728155112825e+00
2.034102339751652444e+00
2.049136898601808809e+00
2.073198685275648323e+00
2.091135369263859900e+00
2.110233021611750637e+00
2.129983689753061071e+00
2.143820327100793843e+00
2.158958918870215626e+00
2.169114879609279178e+00
2.181223876642865989e+00
2.193276242022072164e+00
2.207077984520750658e+00
2.222194829006389760e+00
2.237048395657081912e+00
2.247519315611358426e+00
2.258858028123076345e+00
2.271182216138482257e+00
2.285294793022183413e+00
2.300129432737159085e+00
2.316173097626739619e+00
2.332685226468823814e+00
2.349831312001410044e+00
2.372375207245569495e+00
2.388946710812201779e+00
2.410755836652384243e+00
2.431276748680570421e+00
2.451296462437735357e+00
2.469961510741484734e+00
2.492857008390871876e+00
2.513354498896524181e+00
2.531566469726149737e+00
2.549571250266431832e+00
2.567687741216469810e+00
2.580307711098757117e+00
2.594341763809892676e+00
2.609825404642730273e+00
2.626747198487257240e+00
2.645058428753927160e+00
2.667965448312682675e+00
2.691288038885831568e+00
2.717982454945953918e+00
2.740362009619783823e+00
2.765276495778506316e+00
2.791895021659825282e+00
2.817276784839997994e+00
2.835130698280498684e+00
2.855507749237268023e+00
2.867516555918453669e+00
2.874814285953629422e+00
2.885134261272873868e+00
2.898263970334847617e+00
2.913937246111542478e+00
2.931854081477236917e+00
2.953023802253343266e+00
2.976444486574310044e+00
3.000210707064271176e+00
3.017325770456759315e+00
3.028962163849729716e+00
3.035480716028401638e+00
3.045032261506571913e+00
3.058187844208159589e+00
3.059629344410875973e+00
3.059043815965845070e+00
3.057642712682747899e+00
3.055250028812339202e+00
3.059605272256399111e+00
3.062392390930780195e+00
3.063935591190211305e+00
3.071847910237672785e+00
3.085050196635518382e+00
3.095181567912860032e+00
3.102634202413963926e+00
3.107827197075577974e+00
3.118495562177929337e+00
3.126358608988397236e+00
3.139172287855905630e+00
-3.134479723681681484e+00
-3.120421908142656520e+00
-3.102701000893937966e+00
-3.089408143104534155e+00
-3.072617600855697795e+00
-3.053048708853797866e+00
-3.038590159542514879e+00
-3.021229485657427993e+00
-3.000548997866347989e+00
-2.985241453910262965e+00
-2.967295624647695362e+00
-2.954455599720200887e+00
-2.938668945086465367e+00
-2.927637059356837046e+00
-2.913355372332244286e+00
-2.896406739048633661e+00
-2.884390743552470937e+00
-2.869423049791551605e+00
-2.852081485605596711e+00
-2.832923860681048289e+00
-2.812461088895106265e+00
-2.795381355843950644e+00
-2.776675123508372423e+00
-2.754105994871641983e+00
-2.733826510074925942e+00
-2.710193657165492098e+00
-2.690000323252149883e+00
-2.662944819644337713e+00
-2.643204734306419112e+00
-2.619908452860840065e+00
-2.593493668627980142e+00
-2.568274250274501735e+00
-2.550311395726784447e+00
-2.538330033841922795e+00
-2.525336060065757948e+00
-2.511467738868397248e+00
-2.496902526407357215e+00
-2.487280056947669848e+00
-2.476120930032948309e+00
-2.468977312704184079e+00
-2.460686059091485856e+00
-2.450248476303205081e+00
-2.438866671896732008e+00
-2.421343119478713390e+00
-2.403748021834189785e+00
-2.385672251264936428e+00
-2.367675076918382970e+00
-2.344703525754080253e+00
-2.317720801515135154e+00
-2.292292357745397968e+00
-2.263549637286716987e+00
-2.232354021472612970e+00
-2.209411108315106453e+00
-2.177772479181991905e+00
-2.150737589244458459e+00
-2.125813655292762228e+00
-2.098814002301954584e+00
-2.076463791761867128e+00
-2.055335936013459097e+00
-2.031799341951577187e+00
-2.006431125162559059e+00
-1.988769120998669537e+00
-1.971020899944844196e+00
-1.950369456551393377e+00
-1.929833042277147248e+00
-1.909192815649494834e+00
-1.888293958139587447e+00
-1.867034492611785002e+00
-1.845355896951680119e+00
-1.823234899784727192e+00
-1.800676094335345923e+00
-1.777705211066427093e+00
-1.754363033960688600e+00
-1.722527108683258534e+00
-1.692173828755570542e+00
-1.663201725340243575e+00
-1.635009685729223561e+00
-1.608322683716770563e+00
-1.575833919864390031e+00
-1.545632662583836137e+00
-1.524352717308440353e+00
-1.496467064356371335e+00
-1.469332595795082241e+00
-1.443231411626045624e+00
-1.410034173713893946e+00
-1.378810449896372248e+00
-1.349523616545655225e+00
-1.315209178245173582e+00
-1.283934081232150248e+00
-1.255403710437824838e+00
-1.220351703539763966e+00
-1.188848959235561331e+00
-1.157757673059436332e+00
-1.129646578907040233e+00
-1.091710941194023343e+00
-1.054507652374787163e+00
-1.017831433152787124e+00
-9.815243351334735911e-01
-9.496367629850060998e-01
-9.119195614597952471e-01
-8.752015702190028001e-01
-8.392992489452097971e-01
-8.038768746572529933e-01
-7.696621078454984888e-01
-7.363674113731198956e-01
-7.037712916067249136e-01
-6.813305441873722668e-01
-6.616139018869799937e-01
-6.436195810882450186e-01
-6.265788937537107861e-01
-6.099010937740795280e-01
-5.990538231850721651e-01
-5.769594270500935096e-01
-5.550583298909352870e-01
-5.294033652303302695e-01
-5.044561023550528933e-01
-4.765489890111298532e-01
-4.498152221903721770e-01
-4.208782648730320375e-01
-3.905650599937500189e-01
-3.622249219889359662e-01
-3.329412212271618543e-01
-3.033156992014249820e-01
-2.668854355725225336e-01
-2.409372950779968825e-01
-2.149777340321583630e-01
-1.892684459197913061e-01
-1.651394783301889380e-01
-1.488113929164593952e-01
-1.318635555953271421e-01
-1.208670386298660304e-01
-1.085174384347280530e-01
-9.385062123666787492e-02
-7.704452186571053574e-02
-5.833912408485120160e-02
-3.801261543597922454e-02
-1.636008327086568848e-02
6.280119134576045425e-03
2.938385050617897676e-02
5.241239476711867518e-02
6.848941576529821162e-02
8.583096519774779942e-02
9.817616249254745853e-02
1.128391716662278110e-01
1.227041255829401933e-01
1.364683409892062382e-01
1.528172916394008318e-01
1.712958031929701086e-01
1.927769781744039790e-01
2.155086205118450504e-01
2.390243412157044833e-01
2.629192362519165993e-01
2.820426922960856952e-01
3.090134758415057359e-01
3.286204843148259336e-01
3.554143114518384383e-01
3.811260661417568141e-01
4.056776554543799485e-01
4.290707495056491627e-01
4.574901888554616658e-01
4.806510344078089858e-01
4.966975710970435998e-01
5.070288860039571244e-01
5.162097546210129284e-01
5.248479181602161425e-01
5.298839743564665028e-01
5.416547992013935886e-01
5.533946294469647142e-01
5.614960466447580512e-01
5.704538603156874554e-01
5.825149268592472174e-01
6.012386042346140602e-01
6.151717318481172425e-01
6.309815504289858490e-01
6.421543339157212982e-01
6.612056116789211124e-01
6.850398849531873502e-01
7.032965647799253039e-01
7.158601742985102323e-01
7.291728683214290241e-01
7.328586545902912031e-01
7.340844690720772503e-01
7.335622125541646499e-01
7.364496520767406240e-01
7.428503024508569252e-01
7.471523552168005677e-01
7.447317051203071747e-01
7.418981851601150757e-01
7.389199746199320851e-01
7.308044060569688360e-01
7.237440279644637986e-01
7.124437893171201575e-01
7.039429286770022554e-01
6.973293128561526277e-01
6.878884450744343626e-01
6.807697457495063276e-01
6.701701243809252695e-01
6.578993028476679550e-01
6.432037448229805943e-01
6.320791568534516180e-01
6.143691027105179225e-01
6.010174743030661793e-01
5.818374436434883279e-01
5.675528007673551478e-01
5.515639417406268397e-01
5.399700142155519078e-01
5.226344157279274594e-01
5.007103177744742784e-01
4.753310271126154340e-01
4.596063515465347304e-01
4.334570973345188705e-01
4.077624901956609094e-01
3.798974626368474272e-01
3.571236915462137063e-01
3.348619159699210979e-01
3.128781046384880860e-01
2.909895236954860298e-01
2.755996459873293336e-01
2.589827082075448761e-01
2.411402233154433805e-01
2.206213013337752216e-01
1.995396748531814701e-01
1.779372365061218098e-01
1.558665925146280884e-01
1.333882348591157729e-01
1.105676705797875581e-01
8.747265854678021313e-02
7.059245994075258324e-02
5.302456974105873577e-02
3.417398188765941036e-02
1.419591313713608471e-02
-6.732317468509885217e-03
-2.146688453768952343e-02
-3.805650169185570419e-02
-5.626339857625017871e-02
-7.582383737662357071e-02
-8.953714718383420923e-02
-1.053843639674398869e-01
-1.230474124328055918e-01
-1.421927599602978987e-01
-1.488291909496510801e-01
-1.510665486263995660e-01
-1.520253029234124309e-01
-1.580009347544701903e-01
-1.604363510755506539e-01
-1.611773984801783133e-01
-1.607176920689465938e-01
-1.605361372074822768e-01
-1.663921129688572531e-01
-1.705998537728501407e-01
-1.734323093313709929e-01
-1.751528790104823763e-01
-1.760047805549163069e-01
-1.829742059722427872e-01
-1.882384069756330991e-01
-1.920372680935322762e-01
-2.013497515865931842e-01
-2.098534905372668735e-01
-2.230058985228353663e-01
-2.331096514310957435e-01
-2.472758847256857351e-01
-2.579252307338295580e-01
-2.722363426676435161e-01
-2.913803394096661226e-01
-3.124953923663826849e-01
-3.348820680172774900e-01
-3.603739839910060638e-01
-3.794658512899595770e-01
-3.994689313574735223e-01
-4.136969901324814014e-01
-4.231749295090860841e-01
-4.288624804314318251e-01
-4.225146142189275533e-01
-4.184810260564979512e-01
-4.111502400733180185e-01
-4.042533327112554087e-01
-3.980183071323080135e-01
-3.988509006818650171e-01
-3.930869572174853221e-01
-3.971087595540918613e-01
-4.004009410090967336e-01
-4.030085590053935629e-01
-3.986650996593426033e-01
-4.012731148469108611e-01
-4.033514768938737394e-01
-4.140562035236581284e-01
-4.290645219476312278e-01
-4.409953671947293152e-01
-4.594371770420397905e-01
-4.738321322563505689e-01
-4.907803979940730255e-01
-5.129012653948397116e-01
-5.356887220637660540e-01
-5.526644907540534390e-01
-5.647264962754290352e-01
-5.727573344968861502e-01
-5.813551461468281500e-01
-5.925957835436297394e-01
-6.042099281743842365e-01
-6.123097095519743904e-01
-6.329668472061199536e-01
-6.484824832446828280e-01
-6.650954120770161682e-01
-6.769415413779367174e-01
-6.892830668403785443e-01
-7.030917606081780180e-01
-7.172753096883022206e-01
-7.325036443579120427e-01
-7.479938709089760662e-01
-7.590488670411403849e-01
-7.763394083006548430e-01
-7.938035601328763402e-01
-8.113308416919899901e-01
-8.338339412808039031e-01
-8.504009131829138868e-01
-8.665017815025795045e-01
-8.829386102081107079e-01
-8.987562003021478674e-01
-9.096012513200977256e-01
-9.164583624945266127e-01
-9.257193709988625896e-01
-9.316591148311400561e-01
-9.390704992354630409e-01
-9.492847854992796375e-01
-9.563294634906837066e-01
-9.607923619518666802e-01
-9.728657783671190717e-01
-9.816127223657801215e-01
-9.971605979829457622e-01
-1.014524871943116135e+00
-1.027485436792005657e+00
-1.046166144492822303e+00
-1.059955415012626911e+00
-1.075700048759176797e+00
-1.087024666545376883e+00
-1.100857903140767036e+00
-1.119998134636584153e+00
-1.140375176072251584e+00
-1.158181889102496198e+00
-1.177181259439202599e+00
-1.197254134550366000e+00
-1.211725846115061511e+00
-1.221518939380160873e+00
-1.220948613318772136e+00
-1.218624256243347359e+00
-1.215205227628622930e+00
-1.211205917390726139e+00
-1.200519318629962751e+00
-1.191153543883783694e+00
-1.180562370646524029e+00
-1.171749379861782181e+00
-1.161863611638430882e+00
-1.153962840059008288e+00
-1.147895754421302206e+00
-1.150014263104815360e+00
-1.159016394116630266e+00
-1.173689125091019525e+00
-1.195639516303589334e+00
-1.213466089861639841e+00
-1.236810537599347448e+00
-1.254822700308800165e+00
-1.277260143096251799e+00
-1.295866668296129953e+00
-1.315929969421738788e+00
-1.330371550930361746e+00
-1.340242324625411152e+00
-1.346481437594938990e+00
-1.356667006160199973e+00
-1.368893382225037536e+00
-1.378922885353650818e+00
-1.391301647734991098e+00
-1.407151990913656725e+00
-1.433017229663143155e+00
-1.460104121332239879e+00
-1.487915182634901967e+00
-1.516041540334294391e+00
-1.544162297037380505e+00
-1.572030074216163698e+00
-1.599129084384383503e+00
-1.617932433117385216e+00
-1.637237849651950627e+00
-1.656460937860263716e+00
-1.676053298766642552e+00
-1.690063879872307773e+00
-1.705834294667314399e+00
-1.716394685077466731e+00
-1.729570652597069991e+00
-1.746218826303526761e+00
-1.771544415283088370e+00
-1.790359505163411136e+00
-1.812008818318837866e+00
-1.827730270175232707e+00
-1.851935164096680797e+00
-1.869532005906097138e+00
-1.888244595632640799e+00
-1.907781551069160031e+00
-1.927869464613813255e+00
-1.948266277330115592e+00
-1.962465271998004690e+00
-1.974356757567207632e+00
-1.988208719380522016e+00
-2.000327958306885812e+00
-2.014604104993938272e+00
-2.030621562115748624e+00
-2.051124263993243435e+00
-2.081536833356391725e+00
-2.104445244164524720e+00
-2.126788655482140022e+00
-2.148357687055233001e+00
-2.163398910241857820e+00
-2.171416085057376044e+00
-2.181362467031055630e+00
-2.181800103810217273e+00
-2.189883684786940066e+00
-2.194938372783177272e+00
-2.207382795633166861e+00
-2.216280553531718489e+00
-2.232123379446127043e+00
-2.239410810257289164e+00
-2.253806686657476188e+00
-2.269588241944552554e+00
-2.275622684820365116e+00
-2.279053666508996212e+00
-2.275149059162183907e+00
-2.276106740447912280e+00
-2.270596613609824566e+00
-2.260773556578961063e+00
-2.246774606248559625e+00
-2.230725327496889676e+00
-2.217814791351416126e+00
-2.197988758696915568e+00
-2.182533583014412137e+00
-2.170904401358524360e+00
-2.152941459311269234e+00
-2.139492921879933895e+00
-2.129858802449974498e+00
-2.113952203767512472e+00
-2.102343140841145708e+00
-2.088391032674208780e+00
-2.075056104555960346e+00
-2.059702107571922181e+00
-2.042569395684225242e+00
-2.027009231508393849e+00
-2.009850638009266888e+00
-1.991274327861440430e+00
-1.977738547442143169e+00
-1.965813861802270246e+00
-1.951620528791605080e+00
-1.941751579782387660e+00
-1.929044147595309289e+00
-1.920244755383496704e+00
-1.908194469087916456e+00
-1.897597256148248590e+00
-1.884014158975625630e+00
-1.874390323627404431e+00
-1.861494516786967202e+00
-1.854277311720726740e+00
-1.841242526290864046e+00
-1.825246956495491402e+00
-1.806781318312947526e+00
-1.786303189278689585e+00
-1.764230784973237487e+00
-1.739755003566384017e+00
-1.714910386605520642e+00
-1.689884062186038483e+00
-1.664814293762341135e+00
-1.639801452792638115e+00
-1.608211809522029911e+00
-1.577629412670906950e+00
-1.548155037000776391e+00
-1.519815179854971499e+00
-1.485489795046201156e+00
-1.453538259396172538e+00
-1.416792670850960167e+00
-1.391612706219425233e+00
-1.361316696823619443e+00
-1.340401216146506647e+00
-1.318612910814403572e+00
-1.302227460076017973e+00
-1.285144623501608407e+00
-1.265284528914142559e+00
-1.244943965399279318e+00
-1.221881695900092657e+00
-1.196233531340745282e+00
-1.170991706175451119e+00
-1.146419514172445142e+00
-1.119557258984254400e+00
-1.093935941471091855e+00
-1.066187239183502111e+00
-1.033981347713288423e+00
-1.010993724887324863e+00
-9.895871564821736577e-01
-9.695776422985720178e-01
-9.523987120908501414e-01
-9.355980184048767745e-01
-9.204486360107660969e-01
-9.007522880667113707e-01
-8.825230375592899579e-01
-8.598059961941083573e-01
-8.332698402597534804e-01
-8.036152123027460181e-01
-7.665226719473687833e-01
-7.342723453187861571e-01
-7.012985384743666284e-01
-6.734524389729097393e-01
-6.543875014955364833e-01
-6.367047143180143420e-01
-6.253472368177527274e-01
-6.132899583119978404e-01
-5.944312292916714702e-01
-5.811370810487320737e-01
-5.664814233582531333e-01
-5.503891665882891804e-01
-5.391884916778395542e-01
-5.321079553134506757e-01
-5.283540468605563145e-01
-5.140850138763055632e-01
-5.038709253628574913e-01
-4.971192876058287968e-01
-4.931995524930858910e-01
-4.810372281130450567e-01
-4.655598970013594684e-01
-4.508700035631305614e-01
-4.335050963817548286e-01
-4.177822457900706166e-01
-3.968556373059290987e-01
-3.748019018932655655e-01
-3.492340793062305160e-01
-3.213044573100991563e-01
-2.920111641700089411e-01
-2.621716739441457555e-01
-2.324198431794806119e-01
-2.046059513508187155e-01
-1.770284675334943270e-01
-1.576624352488560366e-01
-1.381987011600165349e-01
-1.184321701718906716e-01
-9.824066716418244916e-02
-7.756654629051573657e-02
-6.305070968545334331e-02
-4.690537429571284278e-02
-3.619334127147078028e-02
-2.276075147281875211e-02
-6.877129585447061544e-03
1.112407869680298589e-02
3.087740629907109735e-02
5.201260779852878713e-02
7.417627541175453310e-02
9.637716016883457470e-02
1.196680437674992881e-01
1.432009131128684221e-01
1.735722798262886446e-01
2.024837965517782834e-01
2.299108581655386896e-01
2.576362216380754244e-01
2.905434427075244130e-01
3.207960234110593944e-01
3.422403456226714713e-01
3.651972146932014329e-01
3.872272344736757965e-01
4.110988835950866171e-01
4.339486042336477833e-01
4.526803165547741425e-01
4.744783752136474408e-01
4.930235815748975625e-01
5.118362210492071185e-01
5.307373784790598847e-01
5.532416730280680373e-01
5.691282211830666071e-01
5.795204423018114337e-01
5.874820385156295233e-01
5.916177517405839525e-01
5.929259866412539548e-01
5.961029878223627065e-01
6.029426285127196250e-01
6.128719028897752219e-01
6.237095624151807183e-01
6.369318547283085996e-01
6.464744208501498335e-01
6.583860567730049906e-01
6.667876227242731657e-01
6.670289542786153048e-01
6.648485170493476648e-01
6.619960698664490995e-01
6.532687844575405522e-01
6.411309148107918743e-01
6.266898064774452104e-01
6.149590019572960253e-01
5.999747066819668406e-01
5.843428898781390934e-01
5.665643205811012884e-01
5.529857752618978495e-01
5.335243678078223084e-01
5.189317428715933822e-01
5.084727152269812311e-01
4.920963160315230400e-01
4.741461709636944910e-01
4.518238651952564133e-01
4.353030743222625620e-01
4.174280768719178525e-01
4.046204124706145322e-01
3.807717151603138284e-01
3.631079858710837271e-01
3.419496194842990278e-01
3.267897046774057568e-01
3.101185751595072482e-01
2.920512395708259046e-01
2.727202511970363563e-01
2.588839354047096641e-01
2.429835274400828915e-01
2.237001846356216905e-01
2.033112578440774421e-01
1.819920513092945225e-01
1.666783178379993569e-01
1.495753215799202618e-01
1.308914471211624075e-01
1.177068128522591461e-01
1.021941749660986165e-01
8.464217259301265450e-02
6.535949180572853123e-02
5.160558997427000527e-02
4.244850187259863183e-02
3.001999317730486005e-02
2.157182787480116382e-02
1.653733545116908843e-02
1.410980847375564728e-02
2.044986889681887909e-02
2.686068543284680921e-02
3.298577021058801684e-02
3.859347562721371361e-02
4.354977627893097392e-02
4.779495063509009434e-02
5.811743321930862294e-02
5.972112797486772706e-02
6.120172570816340141e-02
6.218711585576186529e-02
5.547001350663549601e-02
4.292450688864279940e-02
3.266699535205086491e-02
1.768590295663807765e-02
-9.725490091763155931e-04
-2.237969716035448364e-02
-4.573227201968732558e-02
-7.035387131442960573e-02
-8.891378353274692614e-02
-1.097969977906483319e-01
-1.319730559885579080e-01
-1.550171064090728468e-01
-1.717974743152679284e-01
-1.900711143993965013e-01
-2.109576445881540252e-01
-2.327105877776780574e-01
-2.482975070679303009e-01
-2.672617932261001084e-01
-2.873717233817538741e-01
-3.082772392427146624e-01
-3.230521978723359666e-01
-3.393585560059579898e-01
-3.527852164044174010e-01
-3.681839975504515028e-01
-3.878210279563054641e-01
-4.084015950640393910e-01
-4.295149630317585121e-01
-4.475381371444386858e-01
-4.664295417343398142e-01
-4.920516474800851192e-01
-5.139342605648105078e-01
-5.354789356326847827e-01
-5.505776693984896220e-01
-5.604338468475829060e-01
-5.661492147701647770e-01
-5.686967573076000537e-01
-5.689117230204030484e-01
-5.674930363758770024e-01
-5.650107152247745290e-01
-5.582404207418290021e-01
-5.519421323903863641e-01
-5.462984770389480715e-01
-5.414007394043858223e-01
-5.372735945408222413e-01
-5.338948876681517408e-01
-5.312112571590941190e-01
-5.291503059443201096e-01
-5.310768221098269848e-01
-5.269014218911229896e-01
-5.270427380182087784e-01
-5.334315230654087525e-01
-5.449203390898436083e-01
-5.602946310469225644e-01
-5.725196134038392781e-01
-5.857782623344902628e-01
-5.959587005089885814e-01
-6.092318505002907170e-01
-6.190951570067561027e-01
-6.317279400710698045e-01
-6.408741653673207805e-01
-6.471463446263141517e-01
-6.553126965365078105e-01
-6.664109582595387771e-01
-6.744031847705189708e-01
-6.851644143143295063e-01
-6.972040382464432806e-01
-7.059602303648820909e-01
-7.171575150088047579e-01
-7.251162668220889618e-01
-7.304222271497148311e-01
-7.336157708371812136e-01
-7.447978899855920432e-01
-7.530049823328263114e-01
-7.634215495528562379e-01
-7.759141171588841424e-01
-7.947354550503400450e-01
-8.089759038795626411e-01
-8.289279303420662437e-01
-8.438181812966584205e-01
-8.544073798614185700e-01
-8.569915911014647225e-01
-8.523886112135427018e-01
-8.472957170824182427e-01
-8.421307936297448560e-01
-8.371882217332556886e-01
-8.280370061960066197e-01
-8.151674920798361867e-01
-8.046119615765500166e-01
-7.913483702089638694e-01
-7.809816360668270230e-01
-7.730493814615067016e-01
-7.672504635612581447e-01
-7.632582752547427685e-01
-7.559850112256303323e-01
-7.457285495903381856e-01
-7.380632058382765592e-01
-7.280008289360623275e-01
-7.206839070598600738e-01
-7.104478269099820942e-01
-6.985260138558185838e-01
-6.845076123856167483e-01
-6.698000737247864489e-01
-6.536109806280907542e-01
-6.375473697419535846e-01
-6.259007106453940983e-01
-6.179030862543710700e-01
-6.072993516860440977e-01
-5.905531886792623197e-01
-5.782119015541037355e-01
-5.695820228652115347e-01
-5.603878026012054647e-01
-5.485986084493370551e-01
-5.403024999743866186e-01
-5.290619959215328016e-01
-5.211072820154518670e-01
-5.066518528974861546e-01
-4.960838581742261777e-01
-4.887783494423025843e-01
-4.750190591214862312e-01
-4.650708284452416130e-01
-4.582807085066911146e-01
-4.540328864195100067e-01
-4.517698276765529375e-01
-4.449586400138536568e-01
-4.342062105316020215e-01
-4.173272212517009638e-01
-4.045124898255769708e-01
-3.889574055474174230e-01
-3.774298036962580039e-01
-3.605722705009632989e-01
-3.418485952026801833e-01
-3.280251812359429309e-01
-3.118977391556370105e-01
-2.918336394170371051e-01
-2.706983641521809592e-01
-2.487067197646899430e-01
-2.310911855472073118e-01
-2.203491204727192621e-01
-2.136020081054876840e-01
-2.100009711484780439e-01
-2.087881849799395617e-01
-2.093085254933770845e-01
-2.110126107918390836e-01
-2.134537400194742585e-01
-2.096320608264028440e-01
-2.057398223241801993e-01
-2.045578890079238210e-01
-2.027983997366973323e-01
-1.952650453615147885e-01
-1.829646695821276481e-01
-1.734523073111506886e-01
-1.663783505017302211e-01
-1.547184474586882352e-01
-1.459609595806501403e-01
-1.329985195631400163e-01
-1.157999466587740223e-01
-9.622549624162202164e-02
-8.207630325957748774e-02
-7.184286411403051353e-02
-5.774900901761470529e-02
-4.772387609692607668e-02
-3.434733237940945649e-02
-2.486902534542889676e-02
-1.858800882594469073e-02
-1.485326359412542097e-02
-1.308208578008218659e-02
-1.943327953104834194e-02
-2.559566789519163166e-02
-2.464063235172697652e-02
-3.095129279477526474e-02
-3.648231827700509911e-02
-3.451413425664395795e-02
-2.626238704299965754e-02
-1.298680419220654692e-02
-2.210293923375905578e-03
1.282077298965034196e-02
2.446307995947183400e-02
3.982686715699901292e-02
5.177466484114168210e-02
6.728908069373007450e-02
8.507615221464925881e-02
1.048901516084868035e-01
1.195284992456682183e-01
1.364242389064336258e-01
1.561120177284234245e-01
1.705876106622810084e-01
1.872304177246479906e-01
2.069679348175570421e-01
2.199417544947290803e-01
2.366566037112542986e-01
2.468704383220805543e-01
2.532731278426672006e-01
2.648896883329892038e-01
2.792727385746220925e-01
2.894654642043874571e-01
2.962038847668355679e-01
3.129367263850957315e-01
3.251204973207761917e-01
3.420050855413749868e-01
3.543490103642301658e-01
3.715246496495847595e-01
3.903346578288744428e-01
4.040771831479001985e-01
4.197001210580508790e-01
4.367458309336771372e-01
4.456636792315193940e-01
4.572458196093605043e-01
4.650369468667701067e-01
4.757635748339710258e-01
4.920628851168735718e-01
5.098017282771749592e-01
5.226705064431445003e-01
5.314909321776999374e-01
5.462216217113635697e-01
5.603068254813259319e-01
5.760440936806139334e-01
5.929374540178203867e-01
6.088681887439382212e-01
6.296998388996937202e-01
6.450729184563226415e-01
6.611800864241171860e-01
6.776891488096637994e-01
6.839359718112864028e-01
6.966377515373666229e-01
7.097246238642953564e-01
7.233551918030673988e-01
7.376472920528572841e-01
7.578168847119092222e-01
7.728621287219419322e-01
7.935214005282865690e-01
8.138731453085781276e-01
8.335860883738140936e-01
8.475865247017090320e-01
8.568410770575971558e-01
8.622937449798333542e-01
8.694545032750269353e-01
8.780897014896142938e-01
8.834822969572118101e-01
8.863923527001464908e-01
8.928552585297815369e-01
9.013245029646714812e-01
9.028594689401728823e-01
9.030677484368136998e-01
9.023381028467374332e-01
8.955614611080295884e-01
8.850751038117898872e-01
8.760954344850127029e-01
8.686437964113310484e-01
8.573660813776468048e-01
8.438389909276562406e-01
8.280247791820478653e-01
8.107779909382509809e-01
7.928973577819099505e-01
7.793800251710459870e-01
7.598415879103683768e-01
7.405580283109682860e-01
7.264417335590814817e-01
7.114567701929985777e-01
6.911795806578127088e-01
6.762603791085380900e-01
6.562547950084609560e-01
6.321699205556142731e-01
6.144476839950394620e-01
5.926231018511443072e-01
5.712428192365175406e-01
5.500838243607217848e-01
5.314084215343326534e-01
5.151254364072321845e-01
5.015740308928335889e-01
4.834520910333117705e-01
4.707386698672715308e-01
4.533786577861953493e-01
4.351344498447826670e-01
4.160194582074494551e-01
3.934449716278904940e-01
3.707877602194906697e-01
3.544193133884319113e-01
3.368687042214615346e-01
3.160401042374225700e-01
2.947626082663565850e-01
2.796283624382678301e-01
2.695730362631112431e-01
2.569696727645933709e-01
2.486933053750548517e-01
2.522546024728722358e-01
2.570238391529604538e-01
2.623963320811111277e-01
2.679088731387639921e-01
2.732256209549623893e-01
2.781204943901089965e-01
2.824579347583009437e-01
2.881746661466915160e-01
2.929523703981229410e-01
2.968092407356672791e-01
2.950253423797648544e-01
2.842301490320198187e-01
2.751960781725626415e-01
2.537255947559673430e-01
2.346036540081801736e-01
2.126663641148207606e-01
1.872943078681730267e-01
1.669515048477545616e-01
1.453161053322429286e-01
1.296485913392673162e-01
1.119314526935246690e-01
9.249410884505948616e-02
7.115007690848895727e-02
5.586539645677768284e-02
4.549794096506287744e-02
3.247845564691975717e-02
1.673440880471299685e-02
-1.324816456591992875e-03
-2.128006090477452261e-02
-4.272206767827357865e-02
-6.481883965175017082e-02
-8.747052400828603247e-02
-1.104499566641585773e-01
-1.277131515725329347e-01
-1.463521119213666566e-01
-1.661143475543225279e-01
-1.800114305346967036e-01
-1.971565702884643390e-01
-2.158875862161233616e-01
-2.358535111155635189e-01
-2.567105632059376585e-01
-2.733626683518406431e-01
-2.915088192958816826e-01
-3.108106289529142252e-01
-3.309346655767650969e-01
-3.539768932048639183e-01
-3.705816668659063229e-01
-3.882797494774281599e-01
-4.067950941480718008e-01
-4.287312812715733390e-01
-4.444077294664414701e-01
-4.549029124841383886e-01
-4.674455458316750800e-01
-4.755842084306354245e-01
-4.741082740163700127e-01
-4.772618803287205225e-01
-4.783837444479215328e-01
-4.841471938107588802e-01
-4.877659267731033754e-01
-4.897156972049214740e-01
-4.936484673598302564e-01
-4.988630501716087018e-01
-5.023611611255456300e-01
-5.137447829716843550e-01
-5.223862329063169163e-01
-5.286696091770528572e-01
-5.329837442911238288e-01
-5.415338163931466831e-01
-5.512708749622190485e-01
-5.642367993752117616e-01
-5.833645945931117405e-01
-5.980410946107227455e-01
-6.088346380272883218e-01
-6.163498914136391615e-01
-6.267136345114202589e-01
-6.338933339556365176e-01
-6.479768290149742205e-01
-6.582993652905413384e-01
-6.601199349936237581e-01
-6.615442002301464841e-01
-6.616266992039884220e-01
-6.607848596824276166e-01
-6.593511387753901998e-01
-6.616763952696063100e-01
-6.537026977968429797e-01
-6.467267913808654178e-01
-6.354006579794726495e-01
-6.355248473350604277e-01
-6.399313775281659789e-01
-6.437871193634906453e-01
-6.525772228666740782e-01
-6.695019790992198239e-01
-6.929635394055543296e-01
-7.116476000985870742e-01
-7.311723685715432186e-01
-7.505304129475610653e-01
-7.649793014680967840e-01
-7.752337648092275657e-01
-7.820213855783437751e-01
-7.958722678246490378e-01
-8.057774891196740619e-01
-8.174839321677861426e-01
-8.356088768067989614e-01
-8.536913750662578071e-01
-8.721697551045890506e-01
-8.900591292885927652e-01
-9.082903912278741387e-01
-9.213798754418349723e-01
-9.399523929603341710e-01
-9.532667285854499184e-01
-9.719032864494050461e-01
-9.948168746504689741e-01
-1.017374877248913512e+00
-1.044784176356783556e+00
-1.059596335852272198e+00
-1.069562297966643705e+00
-1.081987278049911794e+00
-1.090149487449260102e+00
-1.084647788561259762e+00
-1.088370400164502927e+00
-1.096697075317303538e+00
-1.102238732299352986e+00
-1.105509244742529651e+00
-1.113909888146924931e+00
-1.119766473035186172e+00
-1.130534523881457698e+00
-1.138396036548430246e+00
-1.136676454625374699e+00
-1.141314580152579694e+00
-1.137173604861284826e+00
-1.140098730805328309e+00
-1.141929631377339494e+00
-1.142899339004697978e+00
-1.143217269893435306e+00
-1.143064562085814417e+00
-1.142592584297872138e+00
-1.141923680061189383e+00
-1.141153369421265440e+00
-1.133286059971829962e+00
-1.133801277503852623e+00
-1.134284309997651619e+00
-1.134719477279657163e+00
-1.135098367988789159e+00
-1.135418082668408157e+00
-1.135679718575796526e+00
-1.139144110840411228e+00
-1.148941864922472300e+00
-1.163901355643152336e+00
-1.183035325318251729e+00
-1.201050630608907488e+00
-1.222046493376017118e+00
-1.238103610376671382e+00
-1.257206950734585993e+00
-1.281047479377446896e+00
-1.298822015385222572e+00
-1.311476156741789412e+00
-1.327333004940164818e+00
-1.338508935396312438e+00
-1.347535275682589351e+00
-1.360497489148181804e+00
-1.370927985540396854e+00
-1.385037519633893988e+00
-1.409547125707063087e+00
-1.436310419214771317e+00
-1.456148587411077555e+00
-1.484720992237027692e+00
-1.498687948086066868e+00
-1.508266893066722458e+00
-1.513872247563701201e+00
-1.516480767029798393e+00
-1.523985894529683804e+00
-1.528645038107033116e+00
-1.538173852470916536e+00
-1.544752728897649030e+00
-1.556030731399905997e+00
-1.571243295518148564e+00
-1.589648618264777991e+00
-1.610550375304317106e+00
-1.633314520264416148e+00
-1.657380852827994300e+00
-1.683064897732465814e+00
-1.709360740936029854e+00
-1.735861955168128024e+00
-1.762244736717712978e+00
-1.781260298888507343e+00
-1.799509379576514023e+00
-1.818492949032846751e+00
-1.838066483651877636e+00
-1.851435592912955785e+00
-1.859886662349760744e+00
-1.871102079857585920e+00
-1.884710708686645919e+00
-1.893877784178968016e+00
-1.899523940820939671e+00
-1.911087278056119443e+00
-1.925478566399422498e+00
-1.950937144594854900e+00
-1.970307457302164833e+00
-1.996851966486060004e+00
-2.019462828435486301e+00
-2.048069693141429060e+00
-2.078296429151982316e+00
-2.104014334953408394e+00
-2.128411834007506442e+00
-2.151379112729657095e+00
-2.176756512885658523e+00
-2.200229631466376734e+00
-2.220577692162940764e+00
-2.238692710824744747e+00
-2.256260596665416784e+00
-2.268023353987732804e+00
-2.284777028087530582e+00
-2.301277168386760330e+00
-2.322048320835783386e+00
-2.336735925247614531e+00
-2.356061116646361864e+00
-2.374542745490828999e+00
-2.392559728422907650e+00
-2.409888189641069989e+00
-2.431592618869411915e+00
-2.452458292446004329e+00
-2.477114853238282066e+00
-2.499173223057127302e+00
-2.514636040646814230e+00
-2.524735500143627576e+00
-2.530602650020420619e+00
-2.538878844814487667e+00
-2.538094984088481887e+00
-2.541376167755904802e+00
-2.546510840846885504e+00
-2.545601217166720609e+00
-2.534106031647003654e+00
-2.519664520503468008e+00
-2.511278469118030543e+00
-2.504278614373215639e+00
-2.504250554871349621e+00
-2.514296889963184789e+00
-2.528481423843955689e+00
-2.544113929003214647e+00
-2.562386195652080811e+00
-2.586499886270395621e+00
-2.608830055115640256e+00
-2.635065479734830962e+00
-2.660788570422119470e+00
-2.689104579579697507e+00
-2.709991229790379208e+00
-2.730948276304370204e+00
-2.752110244783361193e+00
-2.773573336387483934e+00
-2.795400343748189798e+00
-2.817625406840273072e+00
-2.840258661852470112e+00
-2.865221170244034887e+00
-2.889925423249021463e+00
-2.921332377248636369e+00
-2.952802602266782817e+00
-2.982471593083519057e+00
-3.004573015052478091e+00
-3.019274275326542245e+00
-3.028157117914579644e+00
-3.039446892197986472e+00
-3.046171463566816229e+00
-3.049391386454772146e+00
-3.056275324202345267e+00
-3.060231499110496411e+00
-3.068892230669858723e+00
-3.081666064791408477e+00
-3.097916868358628228e+00
-3.117003300217557005e+00
-3.138309807201247636e+00
3.121915585091571188e+00
3.097804439057012083e+00
3.072971100019159518e+00
3.047768940271014859e+00
3.023316242171166568e+00
2.999138034271062736e+00
2.975299631604037209e+00
2.945090787208096028e+00
2.923316475327562003e+00
2.906833610443467553e+00
2.889362166802259768e+00
2.875810498764531431e+00
2.860414744918470920e+00
2.841384449703765025e+00
2.821201298075310948e+00
2.806849318236798396e+00
2.788306122314676117e+00
2.768566236162706140e+00
2.738702380071252662e+00
2.716458322452771412e+00
2.684751343436506232e+00
2.655024427097197659e+00
2.630156261252394767e+00
2.602798852487396175e+00
2.583207952547002417e+00
2.556074995874100253e+00
2.536428712540565122e+00
2.523182032239742689e+00
2.509172308734813228e+00
2.490018415074204405e+00
2.476882049802274111e+00
2.462849458296717309e+00
2.453814141667159276e+00
2.438309453047773356e+00
2.422168665849103508e+00
2.411108303258809205e+00
2.404109417162831441e+00
2.394952900051933842e+00
2.394085236749878831e+00
2.394914754986059435e+00
2.392070830298603568e+00
2.390785700170618533e+00
2.390650117208890979e+00
2.391322531553569775e+00
2.387685440941158976e+00
2.390428690111710885e+00
2.382995700506467252e+00
2.366877281817955314e+00
2.354008776205129827e+00
2.333711821131785769e+00
2.307479004817798884e+00
2.287163115646296152e+00
2.266408816525979919e+00
2.240554698875413031e+00
2.221222089979093539e+00
2.197077961093745646e+00
2.169202934735611876e+00
2.144819368502711932e+00
2.117629672532182816e+00
2.088448937709198816e+00
2.073874125162464832e+00
2.064881121771594774e+00
2.060122905256586368e+00
2.052323837579006494e+00
2.038507325206785126e+00
2.029011209292454154e+00
2.016724562455423087e+00
1.999007418488523591e+00
1.979752051437257521e+00
1.962952680462130450e+00
1.938179020881172221e+00
1.919679173984781162e+00
1.893299571256896519e+00
1.866842551482607693e+00
1.840398525732150681e+00
1.812320257352783681e+00
1.778036177127372053e+00
1.744358711281245755e+00
1.713007658517565091e+00
1.675870646962583255e+00
1.642209860632821483e+00
1.604753778188479529e+00
1.570508041812668454e+00
1.539075631840545855e+00
1.503511658876276913e+00
1.471576591073293860e+00
1.449487672407033134e+00
1.435287131614690015e+00
1.420466036722804137e+00
1.411576478366757925e+00
1.400512287946426682e+00
1.380683237768324689e+00
1.366910309190368267e+00
1.351415077870303350e+00
1.334441870899572891e+00
1.322775409170531269e+00
