-7.793106416609735243e-01
-7.819324760382349027e-01
-7.835305123729716659e-01
-7.892857374232807866e-01
-7.985005019513145008e-01
-8.055488526511537239e-01
-8.107092954567001186e-01
-8.142782864824449351e-01
-8.264867146657380870e-01
-8.306568074322572270e-01
-8.332779531076816015e-01
-8.398650480083367231e-01
-8.446181221320384624e-01
-8.478404068908187430e-01
-8.544190322638489654e-01
-8.591491933426007588e-01
-8.623568035450687175e-01
-8.696185556710938069e-01
-8.749971439339260249e-01
-8.831924261979273716e-01
-8.892144418817646834e-01
-8.977131287359503276e-01
-9.092493666202352554e-01
-9.179039671390428756e-01
-9.241092826359840195e-01
-9.282905145135040836e-01
-9.363403038522478683e-01
-9.421654222502502396e-01
-9.461210568206669391e-01
-9.525605466694465617e-01
-9.570408129294409871e-01
-9.599310619798743227e-01
-9.632774603444578254e-01
-9.653907382630017020e-01
-9.704575214674886485e-01
-9.740385441847329018e-01
-9.821574552891597643e-01
-9.882837163415681969e-01
-9.926865042560066854e-01
-1.001540071834651213e+00
-1.008206608638265056e+00
-1.016696969216600799e+00
-1.022866169325302943e+00
-1.027102381408418807e+00
-1.029777273297842966e+00
-1.037227745018933112e+00
-1.046185395115334593e+00
-1.052751176831035362e+00
-1.057323594502062702e+00
-1.060280430749233727e+00
-1.067998918085215188e+00
-1.073666680862128464e+00
-1.077603757063751777e+00
-1.080124448964994599e+00
-1.087673272588282281e+00
-1.096476388361566912e+00
-1.102977201470536794e+00
-1.107541702847866683e+00
-1.110524947135053786e+00
-1.118462921224294027e+00
-1.124328316065245748e+00
-1.128435482889325936e+00
-1.131097257943364909e+00
-1.138927531034287899e+00
-1.147632731916184090e+00
-1.160396223728504150e+00
-1.170089722153928147e+00
-1.179783441169228286e+00
-1.186695258453323909e+00
-1.197708047800898790e+00
-1.205751232557631170e+00
-1.208891205574930572e+00
-1.219365436198290409e+00
-1.227046379733276682e+00
-1.232374421106338769e+00
-1.242318591338427369e+00
-1.249582558393479648e+00
-1.254584612894144913e+00
-1.257739005568337509e+00
-1.266080624017008827e+00
-1.272130335222047215e+00
-1.278273383993192347e+00
-1.289094334740511494e+00
-1.297097670317358453e+00
-1.302726901556563233e+00
-1.306414136531322878e+00
-1.308560306573383514e+00
-1.316208740707506042e+00
-1.321775088497671113e+00
-1.325595019531985663e+00
-1.334740732732331736e+00
-1.341563378730489697e+00
-1.346398993045305303e+00
-1.349589104324326438e+00
-1.351460626809020349e+00
-1.360610196734041821e+00
-1.367425807802400639e+00
-1.372274343019976639e+00
-1.382277241128886835e+00
-1.389753433790834602e+00
-1.395083344941754788e+00
-1.405433332282339132e+00
-1.413137775867474133e+00
-1.425421836176713475e+00
-1.434624989332393907e+00
-1.441189336998939474e+00
-1.446424313043927157e+00
-1.448869207183663299e+00
-1.449970458610046364e+00
-1.456951426573741326e+00
-1.461994005464165802e+00
-1.465413294701358060e+00
-1.474444009893768337e+00
-1.481196170610299623e+00
-1.485997150700962166e+00
-1.496665201186299310e+00
-1.504120380996387230e+00
-1.509420070807655501e+00
-1.512931872064958050e+00
-1.521985715001372030e+00
-1.528665900530050692e+00
-1.540544291687919731e+00
-1.549201724648498590e+00
-1.555391494803221031e+00
-1.559528976982542670e+00
-1.569022478037639612e+00
-1.575872420810541463e+00
-1.580546414332218097e+00
-1.583565391375444165e+00
-1.585233134234883323e+00
-1.585863349627769425e+00
-1.585731726893305993e+00
-1.592061367168575270e+00
-1.596796727223967816e+00
-1.607168074993092333e+00
-1.615131750114718656e+00
-1.620993452192113216e+00
-1.632076650683058183e+00
-1.640420149277432849e+00
-1.646415892912450829e+00
-1.651022701967493456e+00
-1.653994571112091583e+00
-1.662739187164542498e+00
-1.669207729778749760e+00
-1.673732831127639820e+00
-1.683764374269621333e+00
-1.698310745984062953e+00
-1.709345290417437768e+00
-1.723315430706573448e+00
-1.733505715148120130e+00
-1.740582968166767275e+00
-1.751991029496702046e+00
-1.761443000895567934e+00
-1.774886637656965194e+00
-1.784757492396305434e+00
-1.791620158840053101e+00
-1.796024659503677734e+00
-1.798482705347577371e+00
-1.799453106786105039e+00
-1.799334154839864031e+00
-1.798461234649667118e+00
-1.797108268731838931e+00
-1.795491837028457605e+00
-1.793777019906082293e+00
-1.792084184657617429e+00
-1.790496098042978712e+00
-1.789064898863554909e+00
-1.787818602188516515e+00
-1.786766926318717807e+00
-1.792749698400955660e+00
-1.797645750697182132e+00
-1.801529361575820110e+00
-1.811287375056164439e+00
-1.818987149938732006e+00
-1.824856827920615210e+00
-1.829150002345633741e+00
-1.832124334763230555e+00
-1.834026932179008140e+00
-1.835084931508579764e+00
-1.828803575465263842e+00
-1.823259672790542130e+00
-1.818522794124400654e+00
-1.816291709189438164e+00
-1.814506660130251969e+00
-1.813132510472048375e+00
-1.810432367149972244e+00
-1.810039421018112549e+00
-1.809881512969800044e+00
-1.809897221125763123e+00
-1.810033811339608389e+00
-1.810247665647811477e+00
-1.803536948507452387e+00
-1.798097125108000238e+00
-1.793837075910568846e+00
-1.790628572480747804e+00
-1.788324773539702983e+00
-1.786774192094939373e+00
-1.785830620303683558e+00
-1.785359651649246260e+00
-1.785242478059723581e+00
-1.785377604432288434e+00
-1.784159355301768279e+00
-1.776387623470371491e+00
-1.770240467282513386e+00
-1.765534845603233371e+00
-1.762070503855115211e+00
-1.759645744711228144e+00
-1.758067996879476125e+00
-1.757160526510223031e+00
-1.756766299242245033e+00
-1.756749746440796844e+00
-1.756997005969734182e+00
-1.757415078111457474e+00
-1.757930243865567066e+00
-1.758486022410334249e+00
-1.759040887931712982e+00
-1.759565917991361861e+00
-1.760042503515639067e+00
-1.760460213422060161e+00
-1.760814874779967454e+00
-1.761106902410014108e+00
-1.761339890066085268e+00
-1.761519458690607776e+00
-1.761652345319927981e+00
-1.761745708472848726e+00
-1.761806621596422318e+00
-1.761841724642244422e+00
-1.761857004402887172e+00
-1.761857676220837776e+00
-1.761848142556563079e+00
-1.761832007238006703e+00
-1.761812127683974882e+00
-1.761790690763499923e+00
-1.761769301066491211e+00
-1.761749073125288945e+00
-1.761730721498237617e+00
-1.761714644597555113e+00
-1.761700999731174333e+00
-1.761689768064873762e+00
-1.761680809138473913e+00
-1.761673905233613002e+00
-1.761668796336178788e+00
-1.761665206707028419e+00
-1.761662864209251778e+00
-1.761661513573322457e+00
-1.761660924742213030e+00
-1.761660897351020161e+00
-1.761661262279086593e+00
-1.761661881082095205e+00
-1.761662643978096243e+00
-1.761663466933001132e+00
-1.761664288272866585e+00
-1.761665065145463061e+00
-1.761665770063607583e+00
-1.761666387687805369e+00
-1.761666911945283465e+00
-1.761667343535235908e+00
-1.761667687834614693e+00
-1.761667953193281289e+00
-1.761668149590199794e+00
-1.761668287611915407e+00
-1.761668377709302069e+00
-1.761668429687279547e+00
-1.761668452383624794e+00
-1.761668453496422204e+00
-1.761668439524053609e+00
-1.761668415786750597e+00
-1.761668386503758121e+00
-1.761668354905160161e+00
-1.761668323361934796e+00
-1.761668293521833517e+00
-1.754741405400174203e+00
-1.756009447835203963e+00
-1.757190723833499391e+00
-1.751313437307062681e+00
-1.753502211576090764e+00
-1.748513357140225599e+00
-1.751475461342830942e+00
-1.754074228669928459e+00
-1.756283025918049745e+00
-1.758103999575277854e+00
-1.759559134355657140e+00
-1.760683016280981894e+00
-1.754589898871695475e+00
-1.749507432803825813e+00
-1.745398798614278491e+00
-1.749145448751934673e+00
-1.752412545438325253e+00
-1.748229944498918664e+00
-1.751769237452099004e+00
-1.747808679076631844e+00
-1.751525769768807139e+00
-1.747701306078933037e+00
-1.744566193194278414e+00
-1.742077309291985898e+00
-1.747134050893266899e+00
-1.744464018902232683e+00
-1.742304905886083333e+00
-1.747578473065386495e+00
-1.745036757842434616e+00
-1.749893841062814648e+00
-1.753892176016472293e+00
-1.757082818820599135e+00
-1.759543851539133064e+00
-1.761367928734219879e+00
-1.762652929660005974e+00
-1.763495228198774578e+00
-1.763985110824807023e+00
-1.764203912232090499e+00
-1.771123875888984678e+00
-1.776627735512671613e+00
-1.780858778581633217e+00
-1.783983279979080905e+00
-1.786174612995363287e+00
-1.787602004982691062e+00
-1.788423016507535213e+00
-1.788778939930548484e+00
-1.788792434608259763e+00
-1.781715543241238819e+00
-1.775719903922352350e+00
-1.770796079525465361e+00
-1.766880767376038941e+00
-1.763876220607794920e+00
-1.761665800608842147e+00
-1.753195015357523534e+00
-1.746522562395552480e+00
-1.741460200826027149e+00
-1.737790114932271868e+00
-1.735285715944240081e+00
-1.733726640637903493e+00
-1.725911900739959037e+00
-1.719923836409299467e+00
-1.714511418852268543e+00
-1.710677132699366387e+00
-1.708127312683262344e+00
-1.706594472103393878e+00
-1.698954554245495574e+00
-1.693165678158661480e+00
-1.688963398287535167e+00
-1.679185159931342097e+00
-1.671728259645664405e+00
-1.666280348966027836e+00
-1.655588265935701742e+00
-1.647521455370489774e+00
-1.634753759267595585e+00
-1.625123822412849472e+00
-1.611210650788963417e+00
-1.600811693880529907e+00
-1.593415471437488407e+00
-1.581501583227388874e+00
-1.572855082204236643e+00
-1.566943055412689967e+00
-1.563248394055450019e+00
-1.561293256266612861e+00
-1.560652798957776310e+00
-1.560961676655465924e+00
-1.554905199253687975e+00
-1.550529596994955517e+00
-1.540548686087053420e+00
-1.532984940131185025e+00
-1.527502405381588879e+00
-1.516763759891035068e+00
-1.508717615646977706e+00
-1.495992586283191761e+00
-1.486456148730705529e+00
-1.479637586364395574e+00
-1.468124691741027776e+00
-1.459698962127790933e+00
-1.453860027860283788e+00
-1.450125016619392637e+00
-1.448048732786314297e+00
-1.447235262113516940e+00
-1.440445274276652921e+00
-1.435559469506574315e+00
-1.432253645793208463e+00
-1.430219981313312960e+00
-1.429178051523310566e+00
-1.420982956718767509e+00
-1.415782190589074618e+00
-1.412118468284355499e+00
-1.401699777531054902e+00
-1.393679952620226370e+00
-1.380870459501103431e+00
-1.371115188533048590e+00
-1.357142329570019346e+00
-1.346676733103423507e+00
-1.332394842999177875e+00
-1.321872663429086714e+00
-1.314507992462535135e+00
-1.309717763663572176e+00
-1.300266286794465209e+00
-1.293628172342209393e+00
-1.289283745047813623e+00
-1.286755427248834405e+00
-1.285619126504385479e+00
-1.285509102360945288e+00
-1.279514629991449493e+00
-1.273197025561743079e+00
-1.268594312546900582e+00
-1.258808966719052069e+00
-1.251417863940140096e+00
-1.246090549909355305e+00
-1.242485606791891684e+00
-1.240272697217417619e+00
-1.239147193694321025e+00
-1.238838867820588607e+00
-1.239116005007721899e+00
-1.239786141301002731e+00
-1.234110140830333213e+00
-1.229774951957439022e+00
-1.226596955357354357e+00
-1.224388280863436096e+00
-1.216477535364015594e+00
-1.210410052379561563e+00
-1.205934579058695055e+00
-1.196408687198779575e+00
-1.189185705150541006e+00
-1.177640490631843839e+00
-1.166276330986290910e+00
-1.157727308344947303e+00
-1.151596268574623494e+00
-1.141252414441868535e+00
-1.130787671459970278e+00
-1.123103936881709286e+00
-1.111581603088829695e+00
-1.103155967804470006e+00
-1.088015559196051418e+00
-1.076642967589354960e+00
-1.062442989901120516e+00
-1.052107235254323481e+00
-1.044998942489295368e+00
-1.031038784230655425e+00
-1.020832182913137487e+00
-1.013785309918278976e+00
-1.009315066005544992e+00
-1.003148396603308345e+00
-9.991647605141513733e-01
-9.910434481595764566e-01
-9.853607740834873230e-01
-9.777589312307733982e-01
-9.724080614604686534e-01
-9.630921428220063918e-01
-9.522669325079812230e-01
-9.442768962518051090e-01
-9.387102876956169295e-01
-9.308562688698935883e-01
-9.195318553873428336e-01
-9.112165434638832551e-01
-8.952708196089752546e-01
-8.832500469543094201e-01
-8.746146111396951861e-01
-8.632852983507114386e-01
-8.553099054595284523e-01
-8.399421582790328467e-01
-8.286242252208617654e-01
-8.207028889630917368e-01
-8.103804651522006353e-01
-8.032640301690593398e-01
-7.937018555247044027e-01
-7.822129145096297087e-01
-7.739894505951216974e-01
-7.636301569907225639e-01
-7.513222400469283802e-01
-7.423997766488973360e-01
-7.264732175149799520e-01
-7.146250948458446883e-01
-7.017422047990063971e-01
-6.872803218229607269e-01
-6.768029395302814777e-01
-6.696525764089927835e-01
-6.651974320488839298e-01
-6.628563551993482683e-01
-6.565976089410715533e-01
-6.524623797566503347e-01
-6.444079544281473559e-01
-6.443395993493311602e-01
-6.380228649809649433e-01
-6.431610993689832467e-01
-6.467652621686356129e-01
-6.436604421499456663e-01
-6.491425833214180541e-01
-6.525393963071600689e-01
-6.549619561395686462e-01
-6.568242765986649356e-01
-6.583031068880242920e-01
-6.594821605951107779e-01
-6.604083118425279064e-01
-6.666971708087071624e-01
-6.661931867720291001e-01
-6.655994636605564452e-01
-6.649745928709034359e-01
-6.643616531389239244e-01
-6.637899869566122879e-01
-6.632776144855910827e-01
-6.628337353072616400e-01
-6.624610044983828550e-01
-6.721255872438874901e-01
-6.700599566076985703e-01
-6.681775005731256378e-01
-6.720735609822302559e-01
-6.696552683225124314e-01
-6.675469482781285491e-01
-6.657655599332168439e-01
-6.643058879536392070e-01
-6.631474234984605642e-01
-6.622600094421309258e-01
-6.616083190601020902e-01
-6.611552741414727929e-01
-6.608645332521828619e-01
-6.607021930118154307e-01
-6.606378463239502841e-01
-6.662183303487992925e-01
-6.652594167396238545e-01
-6.643994788218922087e-01
-6.636538160212560600e-01
-6.630271307886024257e-01
-6.680751435754513912e-01
-6.666624976949412362e-01
-6.654118231566176211e-01
-6.643400320481889221e-01
-6.634495728728888597e-01
-6.682905266786501874e-01
-6.667237172647598742e-01
-6.708973034328463703e-01
-6.687501810680277492e-01
-6.668760950095958817e-01
-6.708274195446924937e-01
-6.685290394842869910e-01
-6.665605562047989263e-01
-6.605887393110344563e-01
-6.501947142214724584e-01
-6.418342891779116322e-01
-6.311766906611488981e-01
-6.229996266201736077e-01
-6.169589710947305239e-01
-6.070133341514218905e-01
-5.995326691005362640e-01
-5.941657582449955122e-01
-5.866892872538705950e-01
-5.813866948129959855e-01
-5.720578476507226506e-01
-5.651756614970495640e-01
-5.603610365643609814e-01
-5.513266623747183903e-01
-5.410656029091998054e-01
-5.335492415830007662e-01
-5.223243139383606515e-01
-5.140255482045847923e-01
-4.987500791886214646e-01
-4.872878434448784102e-01
-4.790766510409429912e-01
-4.642512082321508249e-01
-4.533564436200496761e-01
-4.457455599326454188e-01
-4.345801787779819403e-01
-4.266301898214537314e-01
-4.150321408998658423e-01
-4.066691945241376338e-01
-4.010194321390381234e-01
-3.884817132003841600e-01
-3.793665013142846210e-01
-3.666429236324340035e-01
-3.573828520095154726e-01
-3.510299963996028616e-01
-3.404825621255496149e-01
-3.263343867157264544e-01
-3.136789522785026207e-01
-2.979944371741318765e-01
-2.865001168890954908e-01
-2.785262915519399751e-01
-2.666978247362747911e-01
-2.583377183258173115e-01
-2.528409856156881297e-01
-2.428378067098193593e-01
-2.358145717472692748e-01
-2.312493044876016146e-01
-2.217721689290574894e-01
-2.150297532242348986e-01
-2.105611852876667633e-01
-2.009727373436478448e-01
-1.926820060183176420e-01
-1.869414210349920058e-01
-1.763573188353770860e-01
-1.686654761298447269e-01
-1.564701444517579976e-01
-1.474800301825947013e-01
-1.342527963731738883e-01
-1.175223144387205210e-01
-1.049688797655361494e-01
-8.836696945595901020e-02
-7.626365268061396918e-02
-6.788959961264473542e-02
-5.561632317254394664e-02
-4.698064531239065644e-02
-3.441750953650268841e-02
-2.547502039547056008e-02
-1.951563286846069722e-02
-9.042867956148725739e-03
-1.675379962867484807e-03
3.142958499713355280e-03
1.284090842905061258e-02
1.972013860093180249e-02
2.427326488683068106e-02
3.387928526399219820e-02
4.078458659017303312e-02
4.544493575953922893e-02
4.863254519235549189e-02
5.736796198511862066e-02
6.376018676875849778e-02
7.520071547182971550e-02
8.374084239217016723e-02
9.683994685283070503e-02
1.065846926454638854e-01
1.204964850130882947e-01
1.307466304111497557e-01
1.448914133210079669e-01
1.552047427323142159e-01
1.692439096368567597e-01
1.793862660702287837e-01
1.862991225827514974e-01
1.974580913480077360e-01
2.067343402490189330e-01
2.131226206507514931e-01
2.171413274548357197e-01
2.261798168425133149e-01
2.325347165505444735e-01
2.366792928042658062e-01
2.459305398921034502e-01
2.525543347066119271e-01
2.656627880707655986e-01
2.735976031924067797e-01
2.877516775413739847e-01
2.983240972549947578e-01
3.058340495089502120e-01
3.040353048845625406e-01
3.014248466645175206e-01
3.051972965757963063e-01
3.075910800211540952e-01
3.020975957845593030e-01
2.970083590403027607e-01
2.924714874369529483e-01
2.954116337115155755e-01
2.977403494963444253e-01
3.016394581298571520e-01
3.093851051130480645e-01
3.154604640937896942e-01
3.267862930609211070e-01
3.378948752763006880e-01
3.440469179171052883e-01
3.507575818167445458e-01
3.622087073976363314e-01
3.708440678245501498e-01
3.770643010915759596e-01
3.878380250417534647e-01
3.957541443429997141e-01
4.012762565984244745e-01
4.141222157510213719e-01
4.237830707782608286e-01
4.307052659798034089e-01
4.417641408246384405e-01
4.497793017548576966e-01
4.615821564168725022e-01
4.733208817215424080e-01
4.818587448359432646e-01
4.877040676292068166e-01
5.009958852953499964e-01
5.170849463956577186e-01
5.290645334081747198e-01
5.375472284036051374e-01
5.529426385586555526e-01
5.703030538620430523e-01
5.830526429415883172e-01
5.919357571626214787e-01
6.075291654922232443e-01
6.188555632368273329e-01
6.266121954921977100e-01
6.414132395104472639e-01
6.577948699017224232e-01
6.696607535441574388e-01
6.777792059559247795e-01
6.873517169796758974e-01
6.938015097727536773e-01
7.031600679840299684e-01
7.095077076968856478e-01
7.180946689288667528e-01
7.239917086635127008e-01
7.330134384731316066e-01
7.441101670254155476e-01
7.623044530447135037e-01
7.761170273434826461e-01
7.962099255834862443e-01
8.110047706792866684e-01
8.265843275590404327e-01
8.377148233695342894e-01
8.551469528428902178e-01
8.677946613134690512e-01
8.863846104067051312e-01
8.999084282560765313e-01
9.147838884250817371e-01
9.252990499838998906e-01
9.364125565881337154e-01
9.437991060007461241e-01
9.539598251520300387e-01
9.608246336071165628e-01
9.650221314199843858e-01
9.671329261879200168e-01
9.735509259569746776e-01
9.778101205789272443e-01
9.843018820940805380e-01
9.925725347130300857e-01
1.004297644880006279e+00
1.012933415624684752e+00
1.018980012136184499e+00
1.032556245310835896e+00
1.042641042719776312e+00
1.055860356949026801e+00
1.065608585933691677e+00
1.072422881274388784e+00
1.076831366156184799e+00
1.079328599330321437e+00
1.086589757052752736e+00
1.091673633482585393e+00
1.094957828181406079e+00
1.096804710602522270e+00
1.107117341786439502e+00
1.114842775975511513e+00
1.120363360085640192e+00
1.124062130751744437e+00
1.123238530736636820e+00
1.121831260245490736e+00
1.120086312866073186e+00
1.118196271387254637e+00
1.116304997989722159e+00
1.114513772892655963e+00
1.112888162211854493e+00
1.111464988997338921e+00
1.110258930404487643e+00
1.109268425776801958e+00
1.108480726587222298e+00
1.107876035320898733e+00
1.107430762838193861e+00
1.110332420362782901e+00
1.119153105624340894e+00
1.126312829282863248e+00
1.131946356828640532e+00
1.142715662992650483e+00
1.154071744715430281e+00
1.162738678351328270e+00
1.169099775408958930e+00
1.173537668294301728e+00
1.182932711640260148e+00
1.189925754880137632e+00
1.194876441582146898e+00
1.198141912720026792e+00
1.200059477159653110e+00
1.200935313916682512e+00
1.201038007273265817e+00
1.200595851331925035e+00
1.197202638985210399e+00
1.203340672050348337e+00
1.208148857129596188e+00
1.211771699163378457e+00
1.221126768108649729e+00
1.228432952113981624e+00
1.233913817916761690e+00
1.237825487369049515e+00
1.238065657388707219e+00
1.237682992956528727e+00
1.236879100121558883e+00
1.235820863644617518e+00
1.244046905609733189e+00
1.250502645638919885e+00
1.255386323373532065e+00
1.258921101789924446e+00
1.261334022050549342e+00
1.269826508650807817e+00
1.276345057639521885e+00
1.281142592310251072e+00
1.284486975011072563e+00
1.288685394347408808e+00
1.291531827543049626e+00
1.302175350768678630e+00
1.318915074321430847e+00
1.330005503403588030e+00
1.338176504909320386e+00
1.343907897632173887e+00
1.354532154252153342e+00
1.360874648474342585e+00
1.365168924209489765e+00
1.359224169285369488e+00
1.353381850413405640e+00
1.460860230587521347e+00
1.355122806851409178e+00
1.461274920921399767e+00
1.356190527040417537e+00
1.461163084736053053e+00
1.358782559202716289e+00
1.471587668001735461e+00
1.480569097152316438e+00
1.485993948865465208e+00
1.489001260033078422e+00
1.499555284558400370e+00
1.506460537282783285e+00
1.510978437622190418e+00
1.513432954260270025e+00
1.522112962917501866e+00
1.528427163318416993e+00
1.532859194068987296e+00
1.542760111422094571e+00
1.550146975229284241e+00
1.555408010622531423e+00
1.558906690789188643e+00
1.567948901231404513e+00
1.574622833887686202e+00
1.579287806707066144e+00
1.589278030646139372e+00
1.596863425778048962e+00
1.602290438933633654e+00
1.612986849583917470e+00
1.620950475494423282e+00
1.626568529064474022e+00
1.637358206780932246e+00
1.645293637244616081e+00
1.650814889528412488e+00
1.661458601859296058e+00
1.669226696016418154e+00
1.680870331631334258e+00
1.689277437716474761e+00
1.695903280744171182e+00
1.700303182010639569e+00
1.702918490131080320e+00
1.698062929071436633e+00
1.699380180663314199e+00
1.699886147024429306e+00
1.699801196053915664e+00
1.699309891785816262e+00
1.698562038228093929e+00
1.697675317960821495e+00
1.689714800964104757e+00
1.683046552692073261e+00
1.677631594400671000e+00
1.673376183211410906e+00
1.670153446147586207e+00
1.667820239262470583e+00
1.666229743087512150e+00
1.665240406221383473e+00
1.664721871590104207e+00
1.663899494317502503e+00
1.657089854145769925e+00
1.651141126100581946e+00
1.646633781091768611e+00
1.643353941250655703e+00
1.641091669700619926e+00
1.639650480754713868e+00
1.632368636598444889e+00
1.626693097608315153e+00
1.629481339083788116e+00
1.625208603747895664e+00
1.622037870878840549e+00
1.612417136983368859e+00
1.604997791058601075e+00
1.592486368278446696e+00
1.582895788443030805e+00
1.575829045958162311e+00
1.563870902311786715e+00
1.554933982357321831e+00
1.548586840008743470e+00
1.544366001433887803e+00
1.534635568803001560e+00
1.527454502299451899e+00
1.522450295422553390e+00
1.512582373066392538e+00
1.505434687024254092e+00
1.500539376926909307e+00
1.497455954910305698e+00
1.495786586942676966e+00
1.495183496602057405e+00
1.495351140332119799e+00
1.496044985222207524e+00
1.490160866966557585e+00
1.485721455174138228e+00
1.475630525390026593e+00
1.467838661703761760e+00
1.455192662041670859e+00
1.438683483253325512e+00
1.432837166234204096e+00
1.422252711160572503e+00
1.407787762630251516e+00
1.397005917035054168e+00
1.389341222405899412e+00
1.384239650644516040e+00
1.381184595548208272e+00
1.366335941882233840e+00
1.355167043898893864e+00
1.347128426161414483e+00
1.335089349996295249e+00
1.326369204908872668e+00
1.318719180624689402e+00
1.313536048793017663e+00
1.310363308773816682e+00
1.308772443133925600e+00
1.301745728472554653e+00
1.301579238827812679e+00
1.295536174623784564e+00
1.291227701242607218e+00
1.288372534194828667e+00
1.279957564666930114e+00
1.273693566661973309e+00
1.269262422444005445e+00
1.266342454007444829e+00
1.264628210208986303e+00
1.263842739620890221e+00
1.263744145769765126e+00
1.257483838257238196e+00
1.252778465270213415e+00
1.249396904387082508e+00
1.247109976759390504e+00
1.243476334102685987e+00
1.240906051480461958e+00
1.239221408889176423e+00
1.231602807821478907e+00
1.225749422824011781e+00
1.219013984266107187e+00
1.207310029372042237e+00
1.191665369887194847e+00
1.182312123322824871e+00
1.172978290590553918e+00
1.166306603216253235e+00
1.155392561930604689e+00
1.147470050747877668e+00
1.142034295440922165e+00
1.138606217535895748e+00
1.127446325062010368e+00
1.125473208675161763e+00
1.118429509269488920e+00
1.113482695421304847e+00
1.110261395016716834e+00
1.108414301944489200e+00
1.107623111623485590e+00
1.107609683734750217e+00
1.101832130774595964e+00
1.097581769923697381e+00
1.091375523337426268e+00
1.080511202266384752e+00
1.072170871201961972e+00
1.066029439685863611e+00
1.061743430799148680e+00
1.058975346462486034e+00
1.053921394743194462e+00
1.044214124911961861e+00
1.036898693843762764e+00
1.031642525217500328e+00
1.022020415395692439e+00
1.014940072855973208e+00
1.006209721877568963e+00
9.998490441026521847e-01
9.954883180787023056e-01
9.867874712067684628e-01
9.804967175246062094e-01
9.722036142010749282e-01
9.662029050519352902e-01
9.680596097967429925e-01
9.704442564471148502e-01
9.730758495990273760e-01
9.697045865015994082e-01
9.673112852204448497e-01
9.657250746125001228e-01
9.647835677857563574e-01
9.643394743999127439e-01
9.541600457811981739e-01
9.460791311930459857e-01
9.398898107281642433e-01
9.295228998098705731e-01
9.159502369876101335e-01
9.056823639650980473e-01
8.982125382457067930e-01
8.831005958496697117e-01
8.771258431734488825e-01
8.732702341682487823e-01
8.656724387554041167e-01
8.657801897488153209e-01
8.667749484169346985e-01
8.629089358818756716e-01
8.603570754143474719e-01
8.588491107299299765e-01
8.581437939865741438e-01
8.580323651869404822e-01
8.583392267149478894e-01
8.489408741007842263e-01
8.415218830362040103e-01
8.358724405565197690e-01
8.317533551783482526e-01
8.289175015080321174e-01
8.271251704691626738e-01
8.161332901951574570e-01
8.127406751000346707e-01
8.053831332082204142e-01
7.949604871548505702e-01
7.870062560240160821e-01
7.812112912305391177e-01
7.722042621750470071e-01
7.656561832738882911e-01
7.510578804598352365e-01
7.400034348207644719e-01
7.319844863770765819e-01
7.264891622095069890e-01
7.230314096622224573e-01
7.158212056525449229e-01
7.107562492305254942e-01
7.074654170403108511e-01
7.055933851209993390e-01
7.001805046652413989e-01
6.964478430758498373e-01
6.940718618910053372e-01
6.872725444560178198e-01
6.822553794943871930e-01
6.787504497010362625e-01
6.708748931237168422e-01
6.649551824005968115e-01
6.563000501101717843e-01
6.499175022683409964e-01
6.454489079824595743e-01
6.425434409427928095e-01
6.408752555362337011e-01
6.401533984088172424e-01
6.401264797787158400e-01
6.405836783730944894e-01
6.413532731290044753e-01
6.422995946292199276e-01
6.433190591352144772e-01
6.343381803655402384e-01
6.271500723615236472e-01
6.215842837823857270e-01
6.174374240805365899e-01
6.104157813426437373e-01
5.993778126612201440e-01
5.908882855057417949e-01
5.846131398714669025e-01
5.802056642407560361e-01
5.773281677884340990e-01
5.659248563770014062e-01
5.572666304695610417e-01
5.509654779463306618e-01
5.406129942251332032e-01
5.293428771968711199e-01
5.210642735531798575e-01
5.152854208102388700e-01
5.054401985326264501e-01
4.982818481635442609e-01
4.871798987960664906e-01
4.757459715598304495e-01
4.706334245375445313e-01
4.580355959622188777e-01
4.487393991043111541e-01
4.422355558171453538e-01
4.380201170057003157e-01
4.356206405967737449e-01
4.252760954171561636e-01
4.205705255113403318e-01
4.176117908988219440e-01
4.160356924159198666e-01
4.089923779999662390e-01
4.010697969600709456e-01
3.953319093005254192e-01
3.848526811247390267e-01
3.770193700510013901e-01
3.714445695152994720e-01
3.677379874084456546e-01
3.655285521705424756e-01
3.553514458776925178e-01
3.477628905488723277e-01
3.423593618032978458e-01
3.387488105653502224e-01
3.299425989969275719e-01
3.234386053502253944e-01
3.188815539243377017e-01
3.159219267558404098e-01
3.054012703860899958e-01
2.975264280178642196e-01
2.852041523657091737e-01
2.759377758658356772e-01
2.692825822549653747e-01
2.647931041653406314e-01
2.552928469761193142e-01
2.466505963027227910e-01
2.422148151217602408e-01
2.395028833817871572e-01
2.381413533257832338e-01
2.377970810970184701e-01
2.381826553524801771e-01
2.322143154167477519e-01
2.277704615686129141e-01
2.246301709578117922e-01
2.156541622049710227e-01
2.087766499931156261e-01
2.023057262775982412e-01
1.977042776905915122e-01
1.877493305986634997e-01
1.802874602961725969e-01
1.749434663139615154e-01
1.713474447344685014e-01
1.691525596615657268e-01
1.611637715736371490e-01
1.552388296087261477e-01
1.510642569413496172e-01
1.483297572204254067e-01
1.467433396763893061e-01
1.460409827887749756e-01
1.390563061570113668e-01
1.337842955603030237e-01
1.299870532437366055e-01
1.204417709739240561e-01
1.123593224720296213e-01
1.072000949775331335e-01
1.036624493203965880e-01
9.444515710340306569e-02
8.691362072683128659e-02
8.153514782301529706e-02
7.099346187867583424e-02
6.359145602136817566e-02
5.831839683892003912e-02
5.443843189468311472e-02
4.513604803154303013e-02
3.831181047782505900e-02
3.379506114605623779e-02
3.088356258528990317e-02
2.925733018573417610e-02
2.862163240661819152e-02
2.163969498454898499e-02
1.643502705493715688e-02
1.275170773492662057e-02
1.032790255473137186e-02
1.803024868520797241e-03
-4.646399459330208259e-03
-9.373052288466521276e-03
-1.969590957085354255e-02
-2.747043258769665819e-02
-4.018642955647488968e-02
-4.976757526028641188e-02
-6.375849594731097802e-02
-7.420506096817303110e-02
-8.107022276112263448e-02
-8.550688212084378570e-02
-9.497109242844170574e-02
-1.016860371559575871e-01
-1.061640629321636276e-01
-1.156988677558346001e-01
-1.225918076259668865e-01
-1.273004273034017420e-01
-1.379717277535783548e-01
-1.459391388743513929e-01
-1.505424588476922398e-01
-1.533629778913685460e-01
-1.548025824827170549e-01
-1.562781752275583802e-01
-1.557500817227464029e-01
-1.547404707719937100e-01
-1.613371439860125101e-01
-1.664030979202033578e-01
-1.701250295866554296e-01
-1.727061123533799591e-01
-1.812219945714508285e-01
-1.877393602887695856e-01
-1.925173355957967569e-01
-2.026657537172094070e-01
-2.103465447007957234e-01
-2.159087092209475145e-01
-2.197069233931761012e-01
-2.288378387361038602e-01
-2.355916162681621628e-01
-2.403440338345970151e-01
-2.434596515583296039e-01
-2.452761070606768179e-01
-2.544951230297392009e-01
-2.615003091628407272e-01
-2.665787179906211612e-01
-2.700352141715594012e-01
-2.721711390992402890e-01
-2.732690574633680480e-01
-2.735828789783543158e-01
-2.800802305499252576e-01
-2.849509061707218294e-01
-2.884341537601924355e-01
-2.907699516306687659e-01
-2.921856074417616966e-01
-2.995519805034672078e-01
-3.051396285373406680e-01
-3.092023914041275301e-01
-3.119954438833432153e-01
-3.137614402888733167e-01
-3.147218547226660057e-01
-3.216289312037192705e-01
-3.268713499870161687e-01
-3.306866292559396125e-01
-3.355737565829877145e-01
-3.391238897003323594e-01
-3.480953775639532566e-01
-3.549524875002365576e-01
-3.599690660255590036e-01
-3.634351939519933072e-01
-3.721313414370279737e-01
-3.786139651694284680e-01
-3.832205349851511844e-01
-3.889084525083172927e-01
-3.966767239205755136e-01
-4.050206041467914186e-01
-4.111482212394561575e-01
-4.154010328475135072e-01
-4.181178932138798210e-01
-4.196177396801619164e-01
-4.201884386371255165e-01
-4.264518481881103273e-01
-4.247173600292011297e-01
-4.227642048133508634e-01
-4.207616587283171672e-01
-4.188305245904329066e-01
-4.263156845880007317e-01
-4.323479160109755526e-01
-4.340707740755953559e-01
-4.380913514790429897e-01
-4.410722800458437565e-01
-4.495290482463667470e-01
-4.560695377423702457e-01
-4.609330073775443903e-01
-4.643749724618684294e-01
-4.728932357752633209e-01
-4.792934670208890413e-01
-4.838957519727713485e-01
-4.870142279071116853e-01
-4.950398185094153636e-01
-5.043034431972333032e-01
-5.078964457722521253e-01
-5.134752814490697315e-01
-5.233976855574975495e-01
-5.308275037875611613e-01
-5.361346481990540980e-01
-5.396870712688870420e-01
-5.513305856785521986e-01
-5.601823559299923261e-01
-5.666135477240086260e-01
-5.768403894144338295e-01
-5.843079345383914713e-01
-5.894719097270472163e-01
-5.966399402790630857e-01
-6.073884092820593938e-01
-6.153015941227435448e-01
-6.264339400337943786e-01
-6.345244453365174175e-01
-6.400928424424306984e-01
-6.436279260377379963e-01
-6.455715577742605626e-01
-6.504413974206310067e-01
-6.591518921380692397e-01
-6.655508745967558815e-01
-6.753545508366892713e-01
-6.825361620202895496e-01
-6.918605977275993357e-01
-6.995017545607924436e-01
-7.047847433728779976e-01
-7.074403257746685325e-01
-7.087838572505575918e-01
-7.091320509861683830e-01
-7.035458720576607261e-01
-6.983610594950628858e-01
-6.937354664884746169e-01
-6.843491363192640842e-01
-6.765269069385243528e-01
-6.757600449262237685e-01
-6.754396083851107457e-01
-6.710676605451997290e-01
-6.677641901955190251e-01
-6.653698417046025604e-01
-6.637271016461291362e-01
-6.626885427549742413e-01
-6.524853624986419742e-01
-6.444475592215139770e-01
-6.383260251012060627e-01
-6.283299762612450934e-01
-6.206713162223075342e-01
-6.111033620480292861e-01
-6.040400923352045037e-01
-5.990768941076404230e-01
-5.901795715486307659e-01
-5.836376899738928703e-01
-5.790873450422225899e-01
-5.761692804897600162e-01
-5.745460481004663889e-01
-5.739131284182550363e-01
-5.645155955778016210e-01
-5.573716818672076467e-01
-5.521695138523250446e-01
-5.485899080950020767e-01
-5.404620498408441165e-01
-5.344060236272973885e-01
-5.301220723870014861e-01
-5.273054567866004572e-01
-5.222167467630767224e-01
-5.161252017762762989e-01
-5.083357893927309412e-01
-4.965685772444810020e-01
-4.876115041729744970e-01
-4.810936601821864667e-01
-4.673150501053953132e-01
-4.569545401684080854e-01
-4.495092329463405978e-01
-4.444762589132336128e-01
-4.351541058081491720e-01
-4.284513113947550078e-01
-4.239331027480488512e-01
-4.211797610048393370e-01
-4.198043504565849293e-01
-4.194634251011029047e-01
-4.135176670207734162e-01
-4.064463685893699996e-01
-4.040125918864856391e-01
-3.935542349333982504e-01
-3.856069176623051487e-01
-3.708617299435601478e-01
-3.596570088450266045e-01
-3.514802207678406898e-01
-3.393806601117814736e-01
-3.304788235323561363e-01
-3.242684289955202193e-01
-3.137437019936575311e-01
-3.040598885056831069e-01
-2.907371537181646648e-01
-2.809485902397907964e-01
-2.675605723122762569e-01
-2.577632109486849288e-01
-2.509853960666104111e-01
-2.400311729960640239e-01
-2.322042822888692459e-01
-2.202745138765169752e-01
-2.116273371979451312e-01
-1.989641452913342157e-01
-1.897437123212630805e-01
-1.765835861633404669e-01
-1.670069928545911964e-01
-1.524827637648535905e-01
-1.351146819200619298e-01
-1.223457239542471431e-01
-1.134333660281197087e-01
-1.008054723370275241e-01
-9.191260536195233755e-02
-8.608176046534055104e-02
-8.268551277628932716e-02
-7.429509697438008153e-02
-6.853655952885251423e-02
-7.179286294022491077e-02
-7.547452396574083622e-02
-7.925867113248430407e-02
-8.291494103765018053e-02
-8.628952100962794525e-02
-8.241773835724774955e-02
-7.937941560072947489e-02
-7.708262026147760793e-02
-6.853063665085667999e-02
-6.176235009368147288e-02
-5.659628922845483245e-02
-4.590488479950138867e-02
-3.763934952172820481e-02
-2.457471601969296593e-02
-1.468222572540822668e-02
-3.253947764352282945e-04
1.753398950612439222e-02
3.098957474801999901e-02
4.797686330411909950e-02
6.766060019255681901e-02
8.236319756515553259e-02
9.911974807588253000e-02
1.179407741366951257e-01
1.314604323065837743e-01
1.474571334657750477e-01
1.586771899174410638e-01
1.671656141692794417e-01
1.792605921780532352e-01
1.876063781772856487e-01
1.928901016599124940e-01
2.025596749096099103e-01
2.091420146087863419e-01
2.200020028964997376e-01
2.276500988644307721e-01
2.393884642740744528e-01
2.494761481095526534e-01
2.565720289278685673e-01
2.679306797806269014e-01
2.827835006458674361e-01
2.937018613584461146e-01
3.013087472026279023e-01
3.083250032713555910e-01
3.195545204768051040e-01
3.275929124131415904e-01
3.396156977241244768e-01
3.482516716435948290e-01
3.631343464559477763e-01
3.741687262800141855e-01
3.884726526744861630e-01
3.988322389399787671e-01
4.059014875853352855e-01
4.167554321463931011e-01
4.243042656227709042e-01
4.384719428279009179e-01
4.488646654786616619e-01
4.560758655377556980e-01
4.669675921982425759e-01
4.746182069584297114e-01
4.796227914085218202e-01
4.886927985058500123e-01
4.982962844786038570e-01
5.051086604763201926e-01
5.157026879423771693e-01
5.232975046054701984e-01
5.284114109041690988e-01
5.350850058270835152e-01
5.456246238279629512e-01
5.532981308556255140e-01
5.682629022421994414e-01
5.795489643761301268e-01
5.876595953190215660e-01
5.989584871404071142e-01
6.110285453639563436e-01
6.197586630227779336e-01
6.298646267166442270e-01
6.370131308604131126e-01
6.474425275986641637e-01
6.490708595687465499e-01
6.593804570117163255e-01
6.668425251651060037e-01
6.764700259760990653e-01
6.890912572388379065e-01
6.983448886186630622e-01
7.103284144378965159e-01
7.188836731505434674e-01
7.348903644985848027e-01
7.467292103154885563e-01
7.550612129580420717e-01
7.707476270194121293e-01
7.822732331169490738e-01
8.005061749069513066e-01
8.140129368766360063e-01
8.235280172323607983e-01
8.399368162783716896e-01
8.573066237260223987e-01
8.700505008018029063e-01
8.834841545365954563e-01
8.984223957030234020e-01
9.090454270839870565e-01
9.204891165778389395e-01
9.281829926260201091e-01
9.328884170863144254e-01
9.352840473259933507e-01
9.401753388824413138e-01
9.388499156568557158e-01
9.367554350723065193e-01
9.342336781758119324e-01
9.315452674411736078e-01
9.346179792443408685e-01
9.368226734477831386e-01
9.367603938105044659e-01
9.363887167676396839e-01
9.415459953097164991e-01
9.455498554440647796e-01
9.485409911029523133e-01
9.506699691977688049e-01
9.619870326168661334e-01
9.708996805253475859e-01
9.835720349484019520e-01
9.933879797710019055e-01
1.004516335893442580e+00
1.018740752216454215e+00
1.039180125202018523e+00
1.054759168698488292e+00
1.066150078382679167e+00
1.074040441869918316e+00
1.079089422689583966e+00
1.085189226581919408e+00
1.088941868732649532e+00
1.093868131016606071e+00
1.100133973592547276e+00
1.104325877965430136e+00
1.106859262212939843e+00
1.114370157436500142e+00
1.119806067741015987e+00
1.132848598785636485e+00
1.142736263304841682e+00
1.149912720540453126e+00
1.161236906690883863e+00
1.172319613954047934e+00
1.180302786871119336e+00
1.192166196216831953e+00
1.200820134252462701e+00
1.204301495363422791e+00
1.206076412830357159e+00
1.206550669283557475e+00
1.212713912806611560e+00
1.219533151746140076e+00
1.221940355374135923e+00
1.223172827108205851e+00
1.232651923488278234e+00
1.239791632330950133e+00
1.244927705021761755e+00
1.255155546816298040e+00
1.262827044369264851e+00
1.275127358037728698e+00
1.286409270769388380e+00
1.294615478495106498e+00
1.308910667635461156e+00
1.319433564291929706e+00
1.331927023962571344e+00
1.341063513237397364e+00
1.355738250977138293e+00
1.373339214081246817e+00
1.394527536193958861e+00
1.417071798839605545e+00
1.441498102498218969e+00
1.459381544161743705e+00
1.478614627298652451e+00
1.492250748128195914e+00
1.501332948813923318e+00
1.506803360022386906e+00
1.509075621199636785e+00
1.516514844407236717e+00
1.520891519459189212e+00
1.530329293407566071e+00
1.536876221825929978e+00
1.540867495234808260e+00
1.543067443255020210e+00
1.550921796914592088e+00
1.556347598580389846e+00
1.559930919613354616e+00
1.562026818712682896e+00
1.569917036174216518e+00
1.575696033656899919e+00
1.586658021917366712e+00
1.594891560349226189e+00
1.600782643786209158e+00
1.611695524761292519e+00
1.619763219108628860e+00
1.625423510989305598e+00
1.629109967358103539e+00
1.631229063835579085e+00
1.639086149377491308e+00
1.644781167056892812e+00
1.648673399974917020e+00
1.658021851902102606e+00
1.664952124311301462e+00
1.669837817366384813e+00
1.679927621726035492e+00
1.694268374890337103e+00
1.705124560550576485e+00
1.719804837462642233e+00
1.730723158747232482e+00
1.738462514883406085e+00
1.743592171531108459e+00
1.754628167353824653e+00
1.762674960974702554e+00
1.761377315066654070e+00
1.766060651458564390e+00
1.769029190190467338e+00
1.770638984330053844e+00
1.771212963336958657e+00
1.771032974371517188e+00
1.770336545188790911e+00
1.769317163293884665e+00
1.768126991809829018e+00
1.766881110842576152e+00
1.765662556541283568e+00
1.764527608393985370e+00
1.763510935339841934e+00
1.762630345948838162e+00
1.761890995052640463e+00
1.761288980050279118e+00
1.755219041882468689e+00
1.748954869134235368e+00
1.743992659891035579e+00
1.747134799144212325e+00
1.750009387693514995e+00
1.752546157973137397e+00
1.747816178441521817e+00
1.743979773776699993e+00
1.740968056447707468e+00
1.738689547339927310e+00
1.737041853059204444e+00
1.728987518642676857e+00
1.722612989527246841e+00
1.717748090347091416e+00
1.714193687842236136e+00
1.711741119751287066e+00
1.710186284845291338e+00
1.709339213037306626e+00
1.709029957323915605e+00
1.702121204172835300e+00
1.696749526486118320e+00
1.692734580063515182e+00
1.689878214565033954e+00
1.687980551912715788e+00
1.686851275515444337e+00
1.686316954681076785e+00
1.679193325994780439e+00
1.673661065935954984e+00
1.669531452675377059e+00
1.665924849061914070e+00
1.663461510080104233e+00
1.654966673402835209e+00
1.641550393847791556e+00
1.631149650453098010e+00
1.623380484320196437e+00
1.617841494627318522e+00
1.614139915035922801e+00
1.611908748659917290e+00
1.610817226040444083e+00
1.610576316318100387e+00
1.610940603283920636e+00
1.611707534573570522e+00
1.612714836678040387e+00
1.613836730151876564e+00
1.615288127646585359e+00
1.616654807028400143e+00
1.617559079120533649e+00
1.618352328056348099e+00
1.619026428968758369e+00
1.612610714937423806e+00
1.607372059679211596e+00
1.603227263352527521e+00
1.600060747906944636e+00
1.590784820759996387e+00
1.583494816187799747e+00
1.577970422499615388e+00
1.573965349345620268e+00
1.571228372961668285e+00
1.562565802964193118e+00
1.555979845434553921e+00
1.551186602239268630e+00
1.547893900307307780e+00
1.538870971839279456e+00
1.532078213412478407e+00
1.527195719564502507e+00
1.523572034381735829e+00
1.521257283624116718e+00
1.513340375716511588e+00
1.507484460245524849e+00
1.503364725316106876e+00
1.500664236642214266e+00
1.499089034285846722e+00
1.498376744006632677e+00
1.491377022195938373e+00
1.486102134942068220e+00
1.475404174542824576e+00
1.467207753730507269e+00
1.461177874961670176e+00
1.463093455705704260e+00
1.465403719613427524e+00
1.468590308925003862e+00
1.471593581628300340e+00
1.467385295617834595e+00
1.464122311738623727e+00
1.447924662526157702e+00
1.429156334155119890e+00
1.414642745549562930e+00
1.397137126709276034e+00
1.376127841996923618e+00
1.360131613094339276e+00
1.348447910151452600e+00
1.332238165621494330e+00
1.320329550290875398e+00
1.312076570925269969e+00
1.306830666624936299e+00
1.303975012272164946e+00
1.294450475524466349e+00
1.287731220930376841e+00
1.283355149579902932e+00
1.280865668538395008e+00
1.273122073285751554e+00
1.267686161981928628e+00
1.262019404677169110e+00
1.258207049085752427e+00
1.255908770447102363e+00
1.254799836601303564e+00
1.256792496295774386e+00
1.258996554465661610e+00
1.261227578601634258e+00
1.261220377280066307e+00
1.268198472888461659e+00
1.267331655778790589e+00
1.273436532477783434e+00
1.271634968388992704e+00
1.270049614283527362e+00
1.268699465316197372e+00
1.267585006081737742e+00
1.266693854606779190e+00
1.259207243206078575e+00
1.253169541448584834e+00
1.246190302981759590e+00
1.240729285358286971e+00
1.232227081727032436e+00
1.225789516998622597e+00
1.214484716305247236e+00
1.205924607797351999e+00
1.197144867889168296e+00
1.190697461960800840e+00
1.179690828290874904e+00
1.171511355565783674e+00
1.165727041137213149e+00
1.159095887811739445e+00
1.154496706803783024e+00
1.151576622360229507e+00
1.149995322023171784e+00
1.142892980246767998e+00
1.137742813669385233e+00
1.134224543259026996e+00
1.128965743569950941e+00
1.125261684770539672e+00
1.116322527403859066e+00
1.109623854960817724e+00
1.104843761877077446e+00
1.101653717280424161e+00
1.099739358844225912e+00
1.092391824100098940e+00
1.086993119866828561e+00
1.083224322992837108e+00
1.080780141347846168e+00
1.079380936456095341e+00
1.078779235824103733e+00
1.075372756293721199e+00
1.072968689847512369e+00
1.071398464526015060e+00
1.060618551395344111e+00
1.052078033894648934e+00
1.045573893158963097e+00
1.034525418377517436e+00
1.026173375431928658e+00
1.013933251340095154e+00
1.004836079341490995e+00
9.983820203343714006e-01
9.880752955541232119e-01
9.806624940055927997e-01
9.756196402481404073e-01
9.666397152749711674e-01
9.562173092780029693e-01
9.485978778232446729e-01
9.433272259654240655e-01
9.342795406532056202e-01
9.278206217325085658e-01
9.234882319475912205e-01
9.208544618671488102e-01
9.195364244094217376e-01
9.149299108807704695e-01
9.117737189356923677e-01
9.042238181638215799e-01
8.942229772385597020e-01
8.866266683031724938e-01
8.811269107214715346e-01
8.718991823903843308e-01
8.651524601326358033e-01
8.604824006380029644e-01
8.574982264800238285e-01
8.558402363736933305e-01
8.505133503219830526e-01
8.514582418642574480e-01
8.528481303298148797e-01
8.544729859766158064e-01
8.561750989261552869e-01
8.578411515467735393e-01
8.593944397901397414e-01
8.607876137383719817e-01
8.619961496085817299e-01
8.630126561514126493e-01
8.638420433917641805e-01
8.598808116851937022e-01
8.512020384629567227e-01
8.541993432749305226e-01
8.521974208683962271e-01
8.453143603684888374e-01
8.398478339318732333e-01
8.356548617347113739e-01
8.325682383636009432e-01
8.255949816018730569e-01
8.150003374276044710e-01
8.068130041537523445e-01
8.007307021911066469e-01
7.964314632918597647e-01
7.935974952155768758e-01
7.869145608501644240e-01
7.718706985651854202e-01
7.601371326383297156e-01
7.464604570472419542e-01
7.362951615859069099e-01
7.290950393125890105e-01
7.189727168945398983e-01
7.117157194640526541e-01
7.068492235971093329e-01
7.039130870086727221e-01
7.024821301267334395e-01
7.021785429512845678e-01
7.026780467803013241e-01
7.037113060865705094e-01
7.050619122642594050e-01
7.065620689693626888e-01
7.080869097011437407e-01
7.095481819823383773e-01
7.062071310378987832e-01
7.082385746454109565e-01
7.100454186211191399e-01
7.116005168451955409e-01
7.128980889395581944e-01
7.092594852783046244e-01
7.062761619513528988e-01
7.085260872345844341e-01
7.058280104739200755e-01
7.036719362628867103e-01
7.020033777439300682e-01
7.007595145365165257e-01
6.998750291451790728e-01
7.038582159875760302e-01
7.026628199916542528e-01
7.017112643798256721e-01
7.009790186158353364e-01
7.004375970564674647e-01
7.000572556039195149e-01
6.998089152763420362e-01
6.996654605073370226e-01
6.996025419076894458e-01
6.995989954533735622e-01
6.996369733901748322e-01
6.997018668052553680e-01
6.997820858371006647e-01
6.998687508568881555e-01
6.999553366464879023e-01
7.000373016271809190e-01
7.001117255659352612e-01
7.001769718925167085e-01
7.002323847608086238e-01
7.002780262073866613e-01
7.003144550941833302e-01
7.003425468406826448e-01
7.003633511114835120e-01
7.003779834798348203e-01
7.003875464944877560e-01
7.003930754042709816e-01
7.003955039261864357e-01
7.003956457801534530e-01
7.003941881763776633e-01
7.003916939668187736e-01
7.003886097130225252e-01
7.003852774449200735e-01
7.003819483668025647e-01
7.003787971941571877e-01
7.003759361721098031e-01
7.003734281318468868e-01
7.003712981879534061e-01
7.003695438721644351e-01
7.003681436437811936e-01
7.003670638208616683e-01
7.003662640462627875e-01
7.003657014452527863e-01
7.003653336528526951e-01
7.003651208945427253e-01
7.003650272981618574e-01
7.003650216013236340e-01
7.003650774006748847e-01
7.003651730690265698e-01
7.003652914456226508e-01
7.003654193848221077e-01
7.003655472300092111e-01
7.003656682632141139e-01
6.949293734140464807e-01
6.904503148152664194e-01
6.868818253336295143e-01
6.841422564064857381e-01
6.821294553539748451e-01
6.762302915461954056e-01
6.716993967633926310e-01
6.683515722356222488e-01
6.659967118943869169e-01
6.644518427713804742e-01
6.579629801077273576e-01
6.529595504222530655e-01
6.492602189051591699e-01
6.366920257496737623e-01
6.268634339147306500e-01
6.194634099781447523e-01
6.141454628184734865e-01
6.105576880470300338e-01
6.083635351667052715e-01
6.013840034465265383e-01
5.962553725623431777e-01
5.926988442338875229e-01
5.904338143032041852e-01
5.792051883636909482e-01
5.705999427135641788e-01
5.642758790827115956e-01
5.598723628045516598e-01
5.509183477708199383e-01
5.442832201793639246e-01
5.396257215398843066e-01
5.366000607062548777e-01
5.348761651891229540e-01
5.341530918655730265e-01
5.341667955396627310e-01
5.346934724920597848e-01
5.355496158176147325e-01
5.365897823134029299e-01
5.377029066623535414e-01
5.388078287626498764e-01
5.398485389023697234e-01
5.407895023212230257e-01
5.416113042904826536e-01
5.423067604111315720e-01
5.428775631501190357e-01
5.433314820153209990e-01
5.436800978754228186e-01
5.439370283557529717e-01
5.441165878570246583e-01
5.442328198668797690e-01
5.442988386682734436e-01
5.443264205592879268e-01
5.443257899532265576e-01
5.443055522255160206e-01
5.442727321828648712e-01
5.442328840296428716e-01
5.441902453413958174e-01
5.441479135990712201e-01
5.441080291613324960e-01
5.440719531021873667e-01
5.440404321172149782e-01
5.440137457427631773e-01
5.439918335027635887e-01
5.439744013761425023e-01
5.439610082500951904e-01
5.439511338766758186e-01
5.439442303644936860e-01
5.439397594888248921e-01
5.439372181583628230e-01
5.439361542918097481e-01
5.439361751794047350e-01
5.439369501709088173e-01
5.439382092717048867e-01
5.439397389642040004e-01
5.439413763180778183e-01
5.439430022200490988e-01
5.439445343480675543e-01
5.439459203383349983e-01
5.439471314472321684e-01
5.439481568922703847e-01
5.439489989644514800e-01
5.439496689355929337e-01
5.439501837350984026e-01
5.439505633377839100e-01
5.439508287845720158e-01
5.439510007482575293e-01
5.439510985544158128e-01
5.439511395708613861e-01
5.439511388858966345e-01
5.439511092046094287e-01
5.439510609024340582e-01
5.439510021853795063e-01
5.439509393160641970e-01
5.439508768736374122e-01
5.439508180235668178e-01
5.439507647800769785e-01
5.439507182496026161e-01
5.439506788481887067e-01
5.439506464892758242e-01
5.439506207409607885e-01
5.439506009537051767e-01
5.439505863607285718e-01
5.340096584849800543e-01
5.358238149553040675e-01
5.338292927904699781e-01
5.261512582493892420e-01
5.200389122287911725e-01
5.153346974084000998e-01
5.118559889138192265e-01
5.094121498361796618e-01
5.078167344097301861e-01
5.068957607161181933e-01
5.064928606845313652e-01
5.064720023153315154e-01
5.067183755672088896e-01
5.106513053988261941e-01
5.105268562602003346e-01
5.140380881651640532e-01
5.169898986080170289e-01
5.193905986523212892e-01
5.212757998161492434e-01
5.190503286615033574e-01
5.171068877672679864e-01
5.154613182013318973e-01
5.141083803489345794e-01
5.130289315511591397e-01
5.121954268079096373e-01
5.115760294770521632e-01
5.111375996594094140e-01
5.045570179070091310e-01
4.992154638484496143e-01
4.950233553721365976e-01
4.884520670075915838e-01
4.834390152767313875e-01
4.797633304862078951e-01
4.708378473549907905e-01
4.639622041756570336e-01
4.588773581615610553e-01
4.553089330930697454e-01
4.529859822447910300e-01
4.420775062409529887e-01
4.337250720389960179e-01
4.275806390981966576e-01
4.232879252910555223e-01
4.205040548131506739e-01
4.123951560408547490e-01
4.063640659466269955e-01
4.021041600541317429e-01
3.965382233572791737e-01
3.861195063239282188e-01
3.782882876897688540e-01
3.726633469034399404e-01
3.688652294426155720e-01
3.599010239180824300e-01
3.508187591333211675e-01
3.442358453308054234e-01
3.397189713891568541e-01
3.325276269020143172e-01
3.250849771261643539e-01
3.198035530653664527e-01
3.163011676052833732e-01
3.142193472868328730e-01
3.043954856625303851e-01
2.970660117604579931e-01
2.938574729560001764e-01
2.899597995479716861e-01
2.807787836432529271e-01
2.739329018205232114e-01
2.690689512664670158e-01
2.590900587936848520e-01
2.516265413453442346e-01
2.378457517011163258e-01
2.274777173046844680e-01
2.200101102067559822e-01
2.149382930544516679e-01
2.050204824624946021e-01
1.978315546719913165e-01
1.929194021603668485e-01
1.830358136468828167e-01
1.758220911751326998e-01
1.708541641465863847e-01
1.677169581752901983e-01
1.660235966448853073e-01
1.574430673033362371e-01
1.511776247952212326e-01
1.468349425488253424e-01
1.450381386999763933e-01
1.373915541697152687e-01
1.308052453742567511e-01
1.192658335089429311e-01
1.105574994647169351e-01
1.042713088555129453e-01
1.006893018336569856e-01
9.789331707746695699e-02
8.949590141052166103e-02
8.333844543062984833e-02
7.906195800871418378e-02
7.631802113319285930e-02
6.789351442815494408e-02
6.901973442852660234e-02
6.368672442398093381e-02
5.985266225968932652e-02
5.728086100803309044e-02
4.866653697951406343e-02
4.211839775347203663e-02
3.736959641014880873e-02
3.413375441009591782e-02
3.212747494409851079e-02
3.108576036739241211e-02
2.365807433306010843e-02
1.094063603275952090e-02
1.095861963139599382e-03
-6.226058922588428857e-03
-1.140469079293526811e-02
-2.192241629875368858e-02
-2.951663126025327877e-02
-3.502750545023358697e-02
-4.572310042646221540e-02
-5.363813012585860740e-02
-5.919871356398886952e-02
-6.282569998376308362e-02
-6.491407349612643429e-02
-7.287622322130871133e-02
-7.867511116533254523e-02
-8.266257794766485034e-02
-8.517904438423573588e-02
-9.357797935479061913e-02
-1.068271793525639168e-01
-1.161184929179923664e-01
-1.236200970530758614e-01
-1.279717814473455562e-01
-1.374637274034131718e-01
-1.443272441751863866e-01
-1.490288474356415982e-01
-1.587565002240960421e-01
-1.658637846266020066e-01
-1.707922855754151481e-01
-1.751420924800646262e-01
-1.779194734476363671e-01
-1.862376080865695283e-01
-1.923783595277845926e-01
-1.966676714741921739e-01
-1.994331849360277964e-01
-2.009861400272026088e-01
-2.084244060608422267e-01
-2.139275346033502334e-01
-2.245669241735914756e-01
-2.325957081022371753e-01
-2.383915884196066148e-01
-2.423341252113349054e-01
-2.514659057554426980e-01
-2.599479277679528355e-01
-2.661516555018541563e-01
-2.685760745607264077e-01
-2.782653707716669089e-01
-2.854846415282648042e-01
-2.905955317373325464e-01
-2.939633148353244518e-01
-2.959361036062333472e-01
-2.968312687406369221e-01
-3.035792717982490618e-01
-3.085331852143748943e-01
-3.119812826923897831e-01
-3.142028297624686051e-01
-3.154558964280582689e-01
-3.159702848754672999e-01
-3.225062332755006533e-01
-3.274451511944702631e-01
-3.310191730352389783e-01
-3.334598564951061217e-01
-3.437640422388774653e-01
-3.518006690334254394e-01
-3.578229559415533334e-01
-3.621155031489551313e-01
-3.714498990092816033e-01
-3.784238834620261560e-01
-3.833893446586404963e-01
-3.866973672188394051e-01
-3.886793018743506245e-01
-3.896351006711986642e-01
-3.962017772875741084e-01
-4.037363467427390606e-01
-4.093799734358809506e-01
-4.133972417489548690e-01
-4.160609156365102645e-01
-4.240031138874911232e-01
-4.299179654962084207e-01
-4.341119323269708730e-01
-4.431636198440949137e-01
-4.529130699532417648e-01
-4.664405879540058919e-01
-4.766976124996382680e-01
-4.841392877292192143e-01
-4.953294065219608910e-01
-5.034504404797544019e-01
-5.090262003725183337e-01
-5.125500935195139718e-01
-5.178601555310955451e-01
-5.273496511704358625e-01
-5.402037456370205604e-01
-5.439040925136673366e-01
-5.518049120616088654e-01
-5.573350807108117255e-01
-5.703861766923399301e-01
-5.801991765599964213e-01
-5.872391286946736511e-01
-5.919760718036313207e-01
-6.044134734549397869e-01
-6.136960974441908467e-01
-6.202807893973565356e-01
-6.302148495877204493e-01
-6.372936670836688577e-01
-6.461508686034678206e-01
-6.578984670757275222e-01
-6.664628480979590819e-01
-6.777159738173343939e-01
-6.900973019263723085e-01
-6.991176610213059028e-01
-7.105170739024919691e-01
-7.231189220105014304e-01
-7.322583386619628820e-01
-7.435487488041144788e-01
-7.468685733988232878e-01
-7.529245238757569236e-01
-7.567748185188710730e-01
-7.588914900028217447e-01
-7.596916451528461511e-01
-7.691139935063568966e-01
-7.761329644995408339e-01
-7.907006781175434096e-01
-8.018349186789019978e-01
-8.099895706293249731e-01
-8.206051364833858441e-01
-8.233145024969185100e-01
-8.340862522758762942e-01
-8.419379708806906670e-01
-8.473467573418743681e-01
-8.507731326390720605e-01
-8.481491476414865227e-01
-8.496642899895938683e-01
-8.508893966589936575e-01
-8.558763277500498479e-01
-8.647174585286441229e-01
-8.714949712885123878e-01
-8.809002598003825568e-01
-8.878988662626582373e-01
-8.982707273809806825e-01
-9.060188426543553941e-01
-9.115178843953942733e-01
-9.151522738320614359e-01
-9.172916059929620003e-01
-9.224926604255500040e-01
-9.218493959581888220e-01
-9.206544844230004632e-01
-9.191374923538057073e-01
-9.174759139687718168e-01
-9.158013570627657751e-01
-9.142063328485329210e-01
-9.169943189734126587e-01
-9.149471089009366676e-01
-9.131368241802921837e-01
-9.115871921034854886e-01
-9.103011284090993804e-01
-9.092667866299133372e-01
-9.084625995088320138e-01
-9.035467038299297426e-01
-8.940598327458092465e-01
-8.919214691798675876e-01
-8.949158238713603719e-01
-8.932713438789084970e-01
-9.020618689849000393e-01
-9.094663470077642975e-01
-9.211482998092456187e-01
-9.306027173672560826e-01
-9.437834472492062643e-01
-9.583100579550986042e-01
-9.753862609509603709e-01
-9.984893606747949901e-01
-1.016234855994737174e+00
-1.039157468776122695e+00
-1.056229037928442471e+00
-1.074631991351970850e+00
-1.087884600763854737e+00
-1.100099398530955064e+00
-1.114530765912376875e+00
-1.124542179760953164e+00
-1.140373895497741819e+00
-1.151578537622369725e+00
-1.168230308516086335e+00
-1.180092479813834139e+00
-1.194510357000694745e+00
-1.207140934019714118e+00
-1.222193767527630870e+00
-1.232851205499288394e+00
-1.246432255864883265e+00
-1.255998986868999578e+00
-1.268860669129322050e+00
-1.275918826776178294e+00
-1.280255940896118938e+00
-1.289239009081680543e+00
-1.304199578979746699e+00
-1.322119172461691861e+00
-1.342441687270547801e+00
-1.357630918741293158e+00
-1.375462563845265551e+00
-1.395490144146555034e+00
-1.410131195325460718e+00
-1.427393191237702474e+00
-1.439647221953082479e+00
-1.454976850031946656e+00
-1.472935690743140347e+00
-1.485781704226326383e+00
-1.501671867375758529e+00
-1.513234546018543680e+00
-1.527945267994158751e+00
-1.545296467463127321e+00
-1.557614692146886970e+00
-1.565816482653978881e+00
-1.570745727842594919e+00
-1.580237148910060840e+00
-1.586468224430522822e+00
-1.590149247537879118e+00
-1.591890617707721223e+00
-1.599185552826022594e+00
-1.604183135230277113e+00
-1.607331381397863801e+00
-1.609301029579043751e+00
-1.610138053631893662e+00
-1.617210580367693273e+00
-1.622440951771798590e+00
-1.633220002727149511e+00
-1.641420599038683870e+00
-1.654510632156327654e+00
-1.663748067187133195e+00
-1.678052181783357355e+00
-1.688785517794136881e+00
-1.696462119097116528e+00
-1.707682256494636119e+00
-1.722574109964025046e+00
-1.733465001136636596e+00
-1.747875753767833995e+00
-1.758308312149592600e+00
-1.765466934022824619e+00
-1.778123957762574037e+00
-1.787314272620726285e+00
-1.793594324874790313e+00
-1.797505104487203020e+00
-1.801141119009711300e+00
-1.809969493879321600e+00
-1.816301003524179780e+00
-1.827415977527197644e+00
-1.837448426353180508e+00
-1.844728854261932227e+00
-1.856612431678085429e+00
-1.872227368299412609e+00
-1.886086858985491332e+00
-1.900798350619998134e+00
-1.913800192386314603e+00
-1.929846163796641090e+00
-1.941488216078649964e+00
-1.956150021709868181e+00
-1.966547420134094892e+00
-1.980029012625789120e+00
-1.995942147281820400e+00
-2.007290047057493254e+00
-2.014921632613356106e+00
-2.025893154091120252e+00
-2.033373558725652064e+00
-2.041209998653125801e+00
-2.046358605338560288e+00
-2.055554255968504052e+00
-2.061940978685466774e+00
-2.072163969395580896e+00
-2.079419311675243964e+00
-2.093709544625765417e+00
-2.104362982311169805e+00
-2.117865221407360554e+00
-2.127669798662009004e+00
-2.140220547309848342e+00
-2.152923426000246554e+00
-2.162058197687004579e+00
-2.173915349761681437e+00
-2.186254557869771187e+00
-2.200699971862440929e+00
-2.215295423483309989e+00
-2.231410352679671139e+00
-2.243096401132266493e+00
-2.260844550946812248e+00
-2.273832224864798413e+00
-2.282815273643920229e+00
-2.293743578425468943e+00
-2.301085074632023719e+00
-2.310200268567989657e+00
-2.321362458848786670e+00
-2.333869974109205714e+00
-2.347751403841845885e+00
-2.362587013928252322e+00
-2.373355756666695182e+00
-2.390524548618763845e+00
-2.403138024461548117e+00
-2.421722676926787443e+00
-2.435355891848361765e+00
-2.454609084296157206e+00
-2.468642419247862652e+00
-2.488036747501355173e+00
-2.507639853050711576e+00
-2.525878984696498186e+00
-2.544448324920201898e+00
-2.561456449972256966e+00
-2.579022800904359869e+00
-2.597242748718572525e+00
-2.610182720268267698e+00
-2.622187381875314749e+00
-2.635991345231781580e+00
-2.651501548865710767e+00
-2.671764924402136643e+00
-2.686473913928804524e+00
-2.702818932624815318e+00
-2.723520363125262911e+00
-2.744871822900259328e+00
-2.762909945678103441e+00
-2.781855765684788651e+00
-2.795171209779131694e+00
-2.812638620164864101e+00
-2.824754450476028467e+00
-2.839064135692160207e+00
-2.848816661680973361e+00
-2.861454809464926363e+00
-2.878450163432398234e+00
-2.888856012984899468e+00
-2.903942617717838459e+00
-2.921229415367494475e+00
-2.933667005990931553e+00
-2.948791650941901210e+00
-2.966228371302351174e+00
-2.985605992583129087e+00
-3.006568072988706319e+00
-3.029557982163574525e+00
-3.046211990141979076e+00
-3.064449844728385219e+00
-3.084034255917949441e+00
-3.097887434822593988e+00
-3.107036613605426378e+00
-3.119279404095397279e+00
-3.127386421468421940e+00
-3.132190445397384782e+00
-3.134442511386964725e+00
-3.134798183240400604e+00
-3.140667305927584252e+00
3.138759342189236357e+00
3.129711934840899268e+00
3.116180551425631329e+00
3.105992205477591916e+00
3.091685700751741095e+00
3.081069014426612185e+00
3.067106999105366327e+00
3.057063799321356079e+00
3.043359086406939529e+00
3.026708530418830811e+00
3.014555134155629368e+00
2.999375875333502250e+00
2.988488785578957696e+00
2.973306973935630815e+00
2.962284743314427260e+00
2.948026464294124960e+00
2.931132546850177434e+00
2.917340499919693908e+00
2.902479662820094397e+00
2.885396814547814159e+00
2.864764701924714885e+00
2.849590032513089177e+00
2.832483542769336893e+00
2.820381529928661202e+00
2.812388997113576039e+00
2.807669654703762063e+00
2.805472772428092121e+00
2.798708580788382694e+00
2.794456415632263990e+00
2.792166829524167504e+00
2.789012202807135576e+00
2.787340043780833554e+00
2.780350462648487397e+00
2.775353394001969676e+00
2.765600683191367537e+00
2.758380555642665488e+00
2.753298754858852337e+00
2.740989235063594265e+00
2.731665194485658255e+00
2.718632057870355112e+00
2.706049409390182792e+00
2.690484069538568335e+00
2.678886632512814892e+00
2.670674465673839482e+00
2.665257837773073568e+00
2.662075766488582129e+00
2.654489686817079530e+00
2.649332764713612676e+00
2.646126192297761470e+00
2.644437547013148482e+00
2.649936616281979518e+00
2.655170720216964320e+00
2.656726233257246772e+00
2.658307484560968881e+00
2.659823547499737373e+00
2.664452349700529687e+00
2.662092685848530316e+00
2.660154801378044720e+00
2.658609708918664438e+00
2.657416649038173873e+00
2.656529183807205818e+00
2.649850091841212230e+00
2.641265375203002197e+00
2.634437924757522254e+00
2.629197256347157285e+00
2.625341475140062997e+00
2.622656707135170073e+00
2.614961614931603506e+00
2.609147116919666942e+00
2.599068768247201788e+00
2.587884462691061316e+00
2.579386557810340541e+00
2.573212566599079487e+00
2.568986876761001792e+00
2.566344327728629526e+00
2.561172260479222640e+00
2.557590721161909553e+00
2.559168045090723709e+00
2.555312938913290921e+00
2.552685288010439812e+00
2.547201251970137914e+00
2.547030177938631734e+00
2.537859480010363988e+00
2.536426006008123846e+00
2.530135805989750519e+00
2.525477140159783751e+00
2.523812390036680675e+00
2.517309765645778796e+00
2.512442719144503123e+00
2.508981371686814121e+00
2.506688325444017540e+00
2.505334044480056477e+00
2.504707259721584034e+00
2.499023739028870761e+00
2.494776666215166472e+00
2.487534860251856106e+00
2.482024866836870292e+00
2.478019349549830164e+00
2.465442165370657079e+00
2.455655294001852340e+00
2.448342371739983925e+00
2.443147700435257530e+00
2.434357381487523231e+00
2.428001708647166357e+00
2.423661590085257167e+00
2.420942219035694620e+00
2.419486755269591782e+00
2.418983096564504720e+00
2.419165979404469979e+00
2.415220750666576155e+00
2.417613377540478670e+00
2.420029457645427762e+00
2.417014531835147917e+00
2.414748415235060897e+00
2.413125720607807168e+00
2.416729542785632123e+00
2.419873267462425037e+00
2.422533716338155507e+00
2.424720865231964506e+00
2.426466428451994339e+00
2.433078394335827177e+00
2.438414442934877080e+00
2.442576275281257647e+00
2.445696717724863412e+00
2.447923852773049802e+00
2.449408783356491259e+00
2.450296721192441574e+00
2.450720974611781067e+00
2.455258673839001204e+00
2.458703566520489492e+00
2.461214712204614852e+00
2.462950136209477225e+00
2.469469294509587964e+00
2.469089133433347794e+00
2.473838685868158915e+00
2.477437453337465456e+00
2.484303210311380461e+00
2.489515236267755949e+00
2.493311046618739812e+00
2.495928293493429706e+00
2.497592214036850500e+00
2.498507922829307670e+00
2.498856225228455408e+00
2.498791955642028384e+00
2.494302635422052994e+00
2.490351901246233179e+00
2.491204742020366236e+00
2.491893528294864435e+00
2.492432117864772145e+00
2.498356521898902116e+00
2.507300110829419282e+00
2.514410587751208404e+00
2.519878323506637319e+00
2.523921397158891189e+00
2.532384048823732137e+00
2.538874984947106839e+00
2.543642897607217179e+00
2.546953228843036321e+00
2.549069301632528983e+00
2.550238963767665901e+00
2.550685943081491214e+00
2.550605052267511663e+00
2.550160395632246502e+00
2.549485795131631871e+00
2.548686749724575318e+00
2.547843354700024765e+00
2.547013723696838650e+00
2.546237566370617156e+00
2.551308207414968443e+00
2.555443171065909347e+00
2.558701990359811163e+00
2.561173492537665908e+00
2.562962454490465891e+00
2.564179136385483559e+00
2.564931548224133273e+00
2.565320144722838869e+00
2.559551365059656636e+00
2.560541774105897339e+00
2.561328319531488873e+00
2.561931157736286657e+00
2.562374085825893655e+00
2.562682175049354694e+00
2.562880048172670122e+00
2.562990701902111645e+00
2.563034774203353905e+00
2.563030161460059020e+00
2.562991899656517525e+00
2.562932235273841286e+00
2.562860823900326324e+00
2.562785006631556062e+00
2.562710125495621050e+00
2.562639848995791336e+00
2.562576487247740342e+00
2.562521283084181700e+00
2.562474670988600600e+00
2.562436499941660006e+00
2.562406219387042050e+00
2.562383029723673822e+00
2.562366000178978531e+00
2.562354157769764385e+00
2.562346551452786336e+00
2.562342295625680499e+00
2.562340596960841488e+00
2.562340768221810006e+00
2.562342232288141286e+00
2.562344519150508759e+00
2.562347258169335618e+00
2.562350167443482096e+00
2.562353041727171821e+00
2.562355739973244617e+00
2.562358173273215911e+00
2.562360293709782688e+00
2.562362084432712628e+00
2.562363551110122817e+00
2.562364714788449849e+00
2.562365606109935356e+00
2.562366260780409633e+00
2.562366716146720513e+00
2.562367008727322037e+00
2.562367172536792914e+00
2.562367238051499019e+00
2.562367231676208057e+00
2.562367175587622725e+00
2.562367087848573810e+00
2.562366982704610052e+00
2.562366870991944268e+00
2.562366760601368032e+00
2.562366656956670319e+00
2.562366563477897152e+00
2.562366482009609925e+00
2.562366413202185278e+00
2.562366356840284354e+00
2.562366312117223099e+00
2.562366277857194952e+00
2.562366252689457724e+00
2.562366235179894147e+00
2.562366223925941267e+00
2.562366217621020237e+00
2.562366215094328492e+00
2.562366215331370878e+00
2.562366217480013919e+00
2.562366220846122644e+00
2.562366224882196342e+00
2.562366229171712195e+00
2.562366233411310645e+00
2.562366237392427859e+00
2.562366240983502408e+00
2.562366244113524427e+00
2.562366246757388222e+00
2.562366248923269474e+00
2.562366250642083010e+00
2.562366251958946073e+00
2.562366252926477461e+00
2.562366253599748234e+00
2.562366254032624635e+00
2.562366254275295852e+00
2.562366254372741015e+00
2.562366254363937390e+00
2.562366254281627675e+00
2.562366254152486977e+00
2.562366253997558019e+00
2.562366253832850660e+00
2.562366253670027127e+00
2.562366253517107673e+00
2.562366253379153136e+00
2.562366253258897331e+00
2.562366253157309259e+00
2.562366253074078948e+00
2.562366253008021122e+00
2.562366252957403390e+00
2.562366252920208254e+00
2.562366252894319629e+00
2.562366252877669393e+00
2.562366252868328864e+00
2.562366252864570537e+00
2.562366252864898275e+00
2.562366252868051753e+00
2.562366252873006012e+00
2.562366252878953254e+00
2.562366252885277529e+00
2.562366252891531193e+00
2.562366252897404273e+00
2.562366252902704034e+00
2.562366252907323450e+00
2.562366252911226994e+00
2.562366252914426212e+00
2.562366252916964626e+00
2.562366252918909737e+00
2.558496977742004574e+00
2.559207961324307057e+00
2.559869219202989044e+00
2.560460864824756211e+00
2.560972839889393171e+00
2.561402405503072632e+00
2.561752024374879699e+00
2.558154337741186612e+00
2.555169387288864780e+00
2.556710797840922034e+00
2.558079617368685277e+00
2.559256206058723837e+00
2.560237320939104499e+00
2.557145997366120582e+00
2.554572572119349072e+00
2.552499592039160881e+00
2.550888113664937507e+00
2.549685919007303792e+00
2.548834228825461956e+00
2.548272889054531642e+00
2.551937550609418182e+00
2.551063172712500382e+00
2.550368289907960051e+00
2.549835494556056403e+00
2.549444008085883340e+00
2.549171801941397586e+00
2.548997156407538434e+00
2.552881873654698541e+00
2.556063265279529872e+00
2.554679632951796897e+00
2.557367151201344946e+00
2.555586200735692870e+00
2.557940544785866077e+00
2.559803670345854432e+00
2.557347022852865415e+00
2.555211924585603533e+00
2.557343601683646384e+00
2.555177172713206879e+00
2.557289236012477929e+00
2.555111437061015067e+00
2.553289341328043527e+00
2.551812912760204721e+00
2.550656799930002272e+00
2.549786125507467194e+00
2.549161165962396947e+00
2.548740951094476515e+00
2.552472900695803570e+00
2.551622127040833909e+00
2.550914360179595164e+00
2.550343797927506984e+00
2.549899135010773588e+00
2.549565803920864848e+00
2.549327728604771970e+00
2.549168637148584882e+00
2.549072991281183143e+00
2.549026595640634607e+00
2.549016949549305355e+00
2.549033400007902017e+00
2.549067148159144480e+00
2.549111153785256434e+00
2.549159974405917684e+00
2.549209567871936866e+00
2.549257080400718856e+00
2.549300635979005580e+00
2.549339138035284336e+00
2.549372090235475952e+00
2.549399440101789427e+00
2.549421446787412115e+00
2.549438572639415757e+00
2.549451397030094935e+00
2.549460550222399924e+00
2.549466664659171045e+00
2.549470340943209123e+00
2.549472125833950109e+00
2.549472499767779343e+00
2.549471871665934586e+00
2.549470579089932354e+00
2.549468892112329410e+00
2.549467019570647253e+00
2.549465116651203900e+00
2.549463292999278430e+00
2.549461620768177283e+00
2.549460142201316337e+00
2.549458876489243409e+00
2.549457825760091723e+00
2.549456980150635932e+00
2.549456321969647554e+00
2.549455829009579233e+00
2.549455477090532440e+00
2.549455241935476124e+00
2.549455100480908509e+00
2.549455031725302412e+00
2.549455017210965568e+00
2.549455041225280549e+00
2.549455090795926360e+00
2.549455155542950546e+00
2.549455227438966798e+00
2.549455300518058909e+00
2.549455370564335244e+00
2.549455434802744058e+00
2.549455491607785618e+00
2.549455540240059381e+00
2.549455580616080574e+00
2.549455613113421393e+00
2.549455638410712321e+00
2.549455657360371053e+00
2.549455670890819814e+00
2.549455679934404806e+00
2.549455685377000957e+00
2.549455688025380695e+00
2.549455688588670554e+00
2.549455687670600490e+00
2.549455685769654867e+00
2.549455683284749252e+00
2.549455680524421730e+00
2.549455677718011959e+00
2.549455675027616053e+00
2.549455672559965969e+00
2.549455670377611227e+00
2.549455668509044592e+00
2.549455666957541666e+00
2.549455665708654450e+00
2.549455664736352656e+00
2.549455664007919342e+00
2.549455663487705692e+00
2.549455663139908790e+00
2.549455662930499855e+00
2.549455662828488123e+00
2.549455662806629164e+00
2.549455662841727310e+00
2.549455662914624554e+00
2.549455663009991824e+00
2.549455663115970161e+00
2.549455663223742619e+00
2.549455663327077737e+00
2.549455663421870355e+00
2.549455663505712177e+00
2.549455663577507636e+00
2.549455663637125724e+00
2.549455663685120665e+00
2.549455663722490772e+00
2.549455663750492374e+00
2.549455663770493707e+00
2.549455663783868342e+00
2.549455663791924565e+00
2.549455663795854310e+00
2.549455663796702964e+00
2.549455663795361371e+00
2.549455663792564941e+00
2.549455663788905202e+00
2.549455663784836901e+00
2.549455663780697989e+00
2.549455663776729608e+00
2.553431240055970441e+00
2.556644997722470336e+00
2.555259274135333492e+00
2.557908676311236640e+00
2.559976157565250432e+00
2.561533913293762676e+00
2.562657897299059684e+00
2.563422790847146970e+00
2.563898673501097569e+00
2.564148966611473845e+00
2.564229324292884193e+00
2.567990014702545398e+00
2.567173956169954696e+00
2.566352218728544798e+00
2.565569396240563904e+00
2.564854748421117936e+00
2.564225235061589281e+00
2.563688280832477684e+00
2.563244219900874477e+00
2.562888391804780674e+00
2.562612881702654999e+00
2.562407916802528440e+00
2.562262945109877066e+00
2.562167432212155482e+00
2.562111416933350760e+00
2.571798088992260478e+00
2.579700875082641787e+00
2.585949961334867098e+00
2.590723037081355429e+00
2.594220793196965857e+00
2.596649132125405046e+00
2.600592438222565583e+00
2.607074366664370757e+00
2.611965090153400837e+00
2.615484411800851561e+00
2.617859705072542287e+00
2.615762659444950344e+00
2.623321615847403088e+00
2.629187908450952627e+00
2.633555823897913317e+00
2.642930404719223692e+00
2.653525581629622820e+00
2.661521171296354460e+00
2.673651198489339187e+00
2.682804965126101671e+00
2.698922089071391639e+00
2.711091341254216136e+00
2.719888815506732005e+00
2.725890944265252358e+00
2.732454135362295755e+00
2.743124031802360641e+00
2.750788642950349860e+00
2.758582400991375749e+00
2.763849486516829046e+00
2.767117752734583824e+00
2.775216939071391664e+00
2.781000763455669933e+00
2.784876248263800314e+00
2.793657037906049467e+00
2.800109605886902386e+00
2.804592513891232208e+00
2.809711439621387363e+00
2.819592429104874398e+00
2.826914646506998530e+00
2.832076892325838813e+00
2.835468218152620956e+00
2.843988749708320718e+00
2.850251774497230883e+00
2.861210959269957055e+00
2.871285012061454367e+00
2.878591106612280903e+00
2.890205618740533389e+00
2.898766069073588802e+00
2.904755411926654318e+00
2.908643370822959096e+00
2.910865840752493661e+00
2.918461184602870517e+00
2.923919377099647665e+00
2.927596809480699669e+00
2.929836617823887934e+00
2.937669233544196068e+00
2.943454158104926499e+00
2.947500105069277510e+00
2.958152647464726392e+00
2.966128901927621353e+00
2.978559151268405536e+00
2.987885706834277677e+00
3.001302516214010119e+00
3.011312069275395409e+00
3.018425078581996601e+00
3.029910199206089949e+00
3.038260695905800723e+00
3.043985097811690910e+00
3.054373600791578269e+00
3.061857187141393322e+00
3.066917837365847888e+00
3.076850084198234914e+00
3.084407842723763338e+00
3.089521307951079265e+00
3.092355924021990443e+00
3.093764595606288026e+00
3.094099271378678573e+00
3.093663700381402482e+00
3.092711853717682757e+00
3.091449232765201671e+00
3.090036293923695609e+00
3.088593266652893909e+00
3.094066938576851555e+00
3.098403999295704203e+00
3.101718500065801187e+00
3.104144665314983786e+00
3.112699485535410648e+00
3.119389774151238193e+00
3.131307867829649094e+00
3.140550167927920189e+00
-3.135745467185031110e+00
-3.123979024241135605e+00
-3.115125932855444368e+00
-3.108767650531144788e+00
-3.097613735719128236e+00
-3.089389410081837983e+00
-3.076784663566280109e+00
-3.067465466822203446e+00
-3.060920448396016624e+00
-3.056648106026383260e+00
-3.054180753701279727e+00
-3.052489297350057029e+00
-3.051923324186417652e+00
-3.052184034382654065e+00
-3.046054853466331647e+00
-3.041526867242536625e+00
-3.037635171147916147e+00
-3.027901966778968834e+00
-3.020416079662206599e+00
-3.007826862997979855e+00
-2.999235071362468474e+00
-2.992087223087522396e+00
-2.980080170119275174e+00
-2.972355157937016656e+00
-2.967098736563811734e+00
-2.963809538442261804e+00
-2.955196260729273661e+00
-2.949025924194408788e+00
-2.944858259834906011e+00
-2.934119893835760884e+00
-2.926056910032076797e+00
-2.920292496422750794e+00
-2.916442225099480368e+00
-2.914135686876857534e+00
-2.906212229773106337e+00
-2.900436943399320011e+00
-2.889683661924354219e+00
-2.881660376097916920e+00
-2.875952858855217009e+00
-2.865455662916229329e+00
-2.857742145622700125e+00
-2.852358802432247487e+00
-2.848871174809868734e+00
-2.840288284987928513e+00
-2.834084057199841133e+00
-2.829849418667524041e+00
-2.827200392798610018e+00
-2.825789763419661149e+00
-2.825313106850190437e+00
-2.825510862621142039e+00
-2.819671078641904138e+00
-2.815319117744278898e+00
-2.812226300730246820e+00
-2.810169078276498755e+00
-2.808938857039425585e+00
-2.799654238722509181e+00
-2.792381334653620151e+00
-2.786905076197624176e+00
-2.782978797020904338e+00
-2.780346430638505950e+00
-2.772314170117950560e+00
-2.766291858629520650e+00
-2.759418833946373439e+00
-2.747957866757927192e+00
-2.739233743759816875e+00
-2.732886265865785091e+00
-2.722186302828839111e+00
-2.711423520024785816e+00
-2.697172366606729099e+00
-2.686505787802979217e+00
-2.669535265650702982e+00
-2.656747007124569571e+00
-2.641417682058131877e+00
-2.630282947148851580e+00
-2.613118291125329229e+00
-2.600488832096401470e+00
-2.585752386106512368e+00
-2.571555672787601221e+00
-2.555628157430238634e+00
-2.538497359889042571e+00
-2.526266244960965857e+00
-2.518048356768108231e+00
-2.513026717166341850e+00
-2.510475407035110518e+00
-2.500168473185619966e+00
-2.492924663069941538e+00
-2.488194008488825659e+00
-2.481242037290248170e+00
-2.471098147399723111e+00
-2.463808809475641848e+00
-2.458896073359748691e+00
-2.446129064106287387e+00
-2.436622390484690648e+00
-2.429895652741941525e+00
-2.415639963152702130e+00
-2.404998013969903869e+00
-2.387585962582129628e+00
-2.374515415229490500e+00
-2.365166321175872888e+00
-2.358905485704994476e+00
-2.350218745189672553e+00
-2.339434370344325664e+00
-2.331807971995237594e+00
-2.322032614185318700e+00
-2.310163438292347493e+00
-2.296998144139505982e+00
-2.287521703968916853e+00
-2.275856197528128178e+00
-2.267534438923058282e+00
-2.252254453862479799e+00
-2.240982289059398447e+00
-2.228866108601685880e+00
-2.214901200395015923e+00
-2.204838227290331965e+00
-2.198019877102053599e+00
-2.188204490362546828e+00
-2.177450792976643790e+00
-2.169957647316579141e+00
-2.165118127596704412e+00
-2.156647286868581759e+00
-2.147020485311899929e+00
-2.140279198376993541e+00
-2.135885374566803829e+00
-2.127546625517537038e+00
-2.121659172509621882e+00
-2.117795893488882530e+00
-2.109638828175456560e+00
-2.103762737715574982e+00
-2.099804208707611419e+00
-2.097403522832411937e+00
-2.090151822209188381e+00
-2.084879982162840761e+00
-2.081285211978514571e+00
-2.072850904642055347e+00
-2.066576734860645637e+00
-2.052497848327161645e+00
-2.041753530397091954e+00
-2.033907715297733620e+00
-2.022084031052153286e+00
-2.019824368115990865e+00
-2.019045361425911622e+00
-2.012900456548845973e+00
-2.008646894859133614e+00
-2.002943304640170563e+00
-1.999054125255813830e+00
-1.996617119891814340e+00
-1.986036056720444254e+00
-1.978085996791562717e+00
-1.965946055539419035e+00
-1.959429766546071594e+00
-1.954927708507010919e+00
-1.952083276797566214e+00
-1.947944266357523713e+00
-1.945309148024877643e+00
-1.943852484387686319e+00
-1.936747906477115144e+00
-1.931477648269382730e+00
-1.927764550683559674e+00
-1.918718344468489434e+00
-1.909518322957822978e+00
-1.902723978629271784e+00
-1.891322018081569079e+00
-1.882767407069455112e+00
-1.876641960839386947e+00
-1.872527797412560924e+00
-1.870029236791017402e+00
-1.862090824508460862e+00
-1.856293612626852996e+00
-1.852300169811267772e+00
-1.841119573510662022e+00
-1.832744131315097391e+00
-1.818290877807681616e+00
-1.809097715388124250e+00
-1.802567510304714515e+00
-1.798235684373468146e+00
-1.788880895853332209e+00
-1.782101557958140958e+00
-1.770637086508305869e+00
-1.762140415713001174e+00
-1.748021358673647496e+00
-1.737567401404412903e+00
-1.723331937889256427e+00
-1.712875562123495898e+00
-1.705590369973177145e+00
-1.694010079524522094e+00
-1.685721501448736559e+00
-1.673256572172208134e+00
-1.656708386123039611e+00
-1.644541843305922679e+00
-1.636026169512619255e+00
-1.623644905880500477e+00
-1.614862959697555667e+00
-1.609031737283693975e+00
-1.598737790373258472e+00
-1.591504261942517484e+00
-1.586777903926402944e+00
-1.577223339884381792e+00
-1.570441366612478351e+00
-1.559039258438885245e+00
-1.550621665537560645e+00
-1.544762843365549587e+00
-1.534049301190183012e+00
-1.526268554169408542e+00
-1.513965469871392244e+00
-1.497955603217378862e+00
-1.479029157544505146e+00
-1.471830338702977858e+00
-1.461213902439702395e+00
-1.453189997992313964e+00
-1.447961060774171305e+00
-1.444954130352564592e+00
-1.443653554870341527e+00
-1.443610508166229378e+00
-1.444446110696035568e+00
-1.438949305173243598e+00
-1.435039569553345107e+00
-1.432439335990531859e+00
-1.430886774260339500e+00
-1.423274333342098519e+00
-1.417533340876924619e+00
-1.413394096167349456e+00
-1.410585345121912804e+00
-1.402026465907182384e+00
-1.395568760667556196e+00
-1.390908439196074653e+00
-1.380970535836576474e+00
-1.373497066679706169e+00
-1.368124244597469064e+00
-1.356325516986403912e+00
-1.347340175921228012e+00
-1.334055723814402183e+00
-1.324073881840213351e+00
-1.316927884565771034e+00
-1.312139262584941957e+00
-1.309248039141658992e+00
-1.301128305679925656e+00
-1.293456683119635464e+00
-1.281284210512060762e+00
-1.272184083621509920e+00
-1.259039189399266068e+00
-1.249328028566190740e+00
-1.242517537602753297e+00
-1.238082062942770900e+00
-1.235530605865262199e+00
-1.227853796451003898e+00
-1.222467818359008307e+00
-1.218949467410166188e+00
-1.210432684813003146e+00
-1.204270583382808457e+00
-1.200056204622839573e+00
-1.191039975457351741e+00
-1.184454889134220590e+00
-1.179889904796086686e+00
-1.168047906818991288e+00
-1.152835460970009773e+00
-1.141281718484924657e+00
-1.123798224533309575e+00
-1.110529530981568813e+00
-1.100912938879653691e+00
-1.094359560513237462e+00
-1.090294248685814260e+00
-1.088182448601072272e+00
-1.087546632157624593e+00
-1.087974684847451190e+00
-1.089122260918791829e+00
-1.087504215711909250e+00
-1.086685431459627704e+00
-1.086475350871762835e+00
-1.083413199468066246e+00
-1.081211885522331828e+00
-1.079741472374132760e+00
-1.072546651208881485e+00
-1.063494797678051329e+00
-1.050148551735901048e+00
-1.039774453494975326e+00
-1.022103936442727345e+00
-1.002344044027190684e+00
-9.813630327317752755e-01
-9.657173385569510771e-01
-9.430746681461551484e-01
-9.265323417245683313e-01
-9.095253947470410827e-01
-8.933821475013096203e-01
-8.820426718032695623e-01
-8.693924210503828354e-01
-8.564194136797196322e-01
-8.474475980730907798e-01
-8.417291287618532403e-01
-8.385794146825551465e-01
-8.277404333141767934e-01
-8.200622777062189783e-01
-8.102703983404149213e-01
-7.983957392742342396e-01
-7.849874373929845994e-01
-7.753398053520353939e-01
-7.638624480875774170e-01
-7.510327394683905533e-01
-7.465239122762169499e-01
-7.441580887059443539e-01
-7.337023881777824386e-01
-7.261800075279576383e-01
-7.159057847676359998e-01
-7.084894392752809633e-01
-7.034811674881968901e-01
-6.905885300944760719e-01
-6.755576438474382162e-01
-6.642594024197880920e-01
-6.462866188918419130e-01
-6.328272588130572363e-01
-6.232431918024383677e-01
-6.110776302485622091e-01
-5.984728626481585767e-01
-5.896523366264678767e-01
-5.800518600115728285e-01
-5.678049771262361212e-01
-5.591680284724476202e-01
-5.534802144425450265e-01
-5.501325373008243425e-01
-5.485831162592322841e-01
-5.483637741531910414e-01
-5.431314458686617996e-01
-5.360041909309796182e-01
-5.309342854759613317e-01
-5.215488189741146474e-01
-5.145790468280808660e-01
-5.002074183773372873e-01
-4.925783460008306136e-01
-4.839972371786263050e-01
-4.717735218906677908e-01
-4.627343597073645398e-01
-4.501014489629839854e-01
-4.377986410217127311e-01
-4.225943338097566393e-01
-4.049514450864333259e-01
-3.917878655335857996e-01
-3.759144210991913759e-01
-3.618402290801030485e-01
-3.453755521552401841e-01
-3.335224077673608623e-01
-3.188351361588313004e-01
-3.062925294747296245e-01
-2.910972562506288774e-01
-2.803382972637076254e-01
-2.665011412771247645e-01
-2.500046177867285557e-01
-2.380682204231461263e-01
-2.215680806292872340e-01
-2.097916336784659830e-01
-1.950871060113050781e-01
-1.847187318066596529e-01
-1.710654901042356624e-01
-1.614717242948195963e-01
-1.483287999027400605e-01
-1.390725504140390978e-01
-1.330208146136833136e-01
-1.295270530725269875e-01
-1.210525180837287440e-01
-1.083082713674103914e-01
-9.901121768235854326e-02
-9.261901911443959357e-02
-8.859581214534073546e-02
-8.643998219279747097e-02
-7.866096477824546795e-02
-7.318682793257580421e-02
-6.254959798312920149e-02
-5.470658919524451491e-02
-4.214857427156171177e-02
-3.281657780809843494e-02
-2.622898165858789099e-02
-1.480827734651835037e-02
-6.486664295279442882e-03
6.332566199544586993e-03
2.283440647806589396e-02
3.516055656968020138e-02
4.392984390335463729e-02
5.683843798212961929e-02
6.609344510791514971e-02
7.937616894982890692e-02
9.595749118474961037e-02
1.081313356185296115e-01
1.166070465236119791e-01
1.290546324885837315e-01
1.378266318588279304e-01
1.435889395319873696e-01
1.469596622162536725e-01
1.565165301283610866e-01
1.633183834450924188e-01
1.748290152739067072e-01
1.845263977608491146e-01
1.971181535362429571e-01
2.062441691285092915e-01
2.194558319737383023e-01
2.359345548683751126e-01
2.566991872627018001e-01
2.772349173413517498e-01
2.922274894118264132e-01
3.047382598823573652e-01
3.199574335617076937e-01
3.307039951937560396e-01
3.467737495863603137e-01
3.649798290862014127e-01
3.781934999753115978e-01
3.937594811339437673e-01
4.046935069857406919e-01
4.146773118600648456e-01
4.276859243062987037e-01
4.431451199635509930e-01
4.541360772816795954e-01
4.709412976910491988e-01
4.831281381155871912e-01
4.948143756061567089e-01
5.091144043465376523e-01
5.254463676759004720e-01
5.407950896288875597e-01
5.517340895953894986e-01
5.650954383540054415e-01
5.782591057367354459e-01
5.934634011363547623e-01
6.083602367295130042e-01
6.189488552161059864e-01
6.361919007654791569e-01
6.545837333635928790e-01
6.724114750907443927e-01
6.852558195299904842e-01
6.939078500048675435e-01
7.048180017772375239e-01
7.119802248868299932e-01
7.161717794783232227e-01
7.180871628734653012e-01
7.135250445818162035e-01
7.087247847653365129e-01
7.040140862885517770e-01
6.996112231887281485e-01
6.956498342097990895e-01
6.912464476124540180e-01
6.874833714060450962e-01
6.843716627235491012e-01
6.818854745320129807e-01
6.799730858557765378e-01
6.785667680914894140e-01
6.775910662331338097e-01
6.769693000817248452e-01
6.766282976710171759e-01
6.765015262952353003e-01
6.765308765331986551e-01
6.766673887680417776e-01
6.768712046569103080e-01
6.876021259204233571e-01
6.964353218403540602e-01
6.986738872279369961e-01
7.049409117114835421e-01
7.153635644090856616e-01
7.234233124431490580e-01
7.294286149984572365e-01
7.336993360270656073e-01
7.419513322482849116e-01
7.480146006966407191e-01
7.572280266281219419e-01
7.693325507737518443e-01
7.732464807845604859e-01
7.755863467726781257e-01
7.767013328017857710e-01
7.769000855134545747e-01
7.764470923107513745e-01
7.755621021439960128e-01
7.795778072053979324e-01
7.825684285663293549e-01
7.846760528977511084e-01
7.860492499221741758e-01
7.974097162188606980e-01
8.064077100034308110e-01
8.132711651355909455e-01
8.288697393143223957e-01
8.303762600029577223e-01
8.413233499574972463e-01
8.495088294084292002e-01
8.546088400585470923e-01
8.634104242636038151e-01
8.641511252133536880e-01
8.741332648374333658e-01
8.768673989007399472e-01
8.829191154538448272e-01
8.881604651593361099e-01
8.917791790855318368e-01
8.940617433206168307e-01
8.998646241930127188e-01
9.039998825577552077e-01
9.125439470097150840e-01
9.189734523977097780e-01
9.235794780832379258e-01
9.266639757900316798e-01
9.240600365051346854e-01
9.257801483375678320e-01
9.222297435317478032e-01
9.188799114323794592e-01
9.218601985081736894e-01
9.241736271559299887e-01
9.258899317308337817e-01
9.224518869842613933e-01
9.193834965402029047e-01
9.105605203143086745e-01
9.033377142436701535e-01
8.976221720009298632e-01
8.932635135015667416e-01
8.840776275890579461e-01
8.770540771174750727e-01
8.718874734306402141e-01
8.682701330295138353e-01
8.708066013039618136e-01
8.685449983749344849e-01
8.670996399309428559e-01
8.662966496202155753e-01
8.659824239718844074e-01
8.660249758968188161e-01
8.663139259874886866e-01
8.667595177000745332e-01
8.672909613777977089e-01
8.629370587186265817e-01
8.594343222306924934e-01
8.617174684840360754e-01
8.588126073682330608e-01
8.615618157465951832e-01
8.639662640015995931e-01
8.660042418287189347e-01
8.676804504108344140e-01
8.681297359491383370e-01
8.684312792951874860e-01
8.686170434766284920e-01
8.687143516311578439e-01
8.687461032408273498e-01
8.639936456234934559e-01
8.545030233084897064e-01
8.468396555318919994e-01
8.408409376909273814e-01
8.313884709918690774e-01
8.240199514126885783e-01
8.185058317512864390e-01
8.145867035233278486e-01
8.014691423511632884e-01
7.860338265917395928e-01
7.794093390077558858e-01
7.643602706740798558e-01
7.530180497275225093e-01
7.393223096073631151e-01
7.241928770731347331e-01
7.131229953370965546e-01
6.997251261220640561e-01
6.900665898598595804e-01
6.729249948823132765e-01
6.602648995846363000e-01
6.514011513408730636e-01
6.456511402071095640e-01
6.423731420177835050e-01
6.365025319361823364e-01
6.268376000772923895e-01
6.156736904214982209e-01
6.077184570734514013e-01
5.982223314094986533e-01
5.815769775629056060e-01
5.692658795366136726e-01
5.605391111485238387e-01
5.449059796057975635e-01
5.334541984090295230e-01
5.254585078518685393e-01
5.202536580231102992e-01
5.172458348460362565e-01
5.132380683171728908e-01
5.109139677796030732e-01
5.099113847461593796e-01
5.099010068581950605e-01
5.006834039944667580e-01
4.937100918670067617e-01
4.822145308081884352e-01
4.734660850434675439e-01
4.572636598916428596e-01
4.449318723351889382e-01
4.262606263042572063e-01
4.056065999686626622e-01
3.901021013877752353e-01
3.695975385697765070e-01
3.520905484458263235e-01
3.397609233371474691e-01
3.226784993009255142e-01
3.106567523968526423e-01
3.026845403430025172e-01
2.913020410183930764e-01
2.835502100852782537e-01
2.720889709676292956e-01
2.640781057768624152e-01
2.504819742875352695e-01
2.407274779813357579e-01
2.341363326541197054e-01
2.233998066513109837e-01
2.091200948706841700e-01
1.986380972004699874e-01
1.913639391808941159e-01
1.786808244925957023e-01
1.707849999952355535e-01
1.655818402574433801e-01
1.546142997366253269e-01
1.536309641266813131e-01
1.472013927120123800e-01
1.507435566311539077e-01
1.477628702140600936e-01
1.460167516243400243e-01
1.383210611632077480e-01
1.325657476457549055e-01
1.215078092147079403e-01
1.130791819594980652e-01
9.992074589469646106e-02
8.995425260410327972e-02
7.515957585074306557e-02
6.419421352156118310e-02
4.947600777351257584e-02
3.868794621499671571e-02
2.407483917623176595e-02
1.366788071946167804e-02
-3.852131666428615375e-04
-1.055178831428782438e-02
-2.437372173403695719e-02
-4.121134841503315549e-02
-5.356832785396115071e-02
-6.215730947183528698e-02
-6.767195370739464977e-02
-7.075570028598709982e-02
-7.886567168584512899e-02
-8.435951827138521431e-02
-9.461324616599831039e-02
-1.019566583935604953e-01
-1.137372540502754603e-01
-1.223157073058329658e-01
-1.350329583110307929e-01
