-1.009755701885057810e-01
-1.009755701885057810e-01
-1.009755701885057810e-01
-1.009755701885057810e-01
-1.009755701885057810e-01
-1.009755701885057810e-01
-1.009755701885057810e-01
-1.009755701885057810e-01
-1.009755701885057810e-01
-1.009755701885051149e-01
-1.009755701885044488e-01
-1.009755701885042267e-01
-1.009755701885042267e-01
-1.009755701885042267e-01
-1.009755701885042267e-01
-1.009755701885042267e-01
-1.009755701885042267e-01
-1.009755701885042267e-01
-1.009755701885042267e-01
-1.009755701885042267e-01
-1.009755701885042267e-01
-1.009755701885042267e-01
-1.009755701885042267e-01
-1.009755701885042267e-01
-1.009755701885042267e-01
-1.009755701885042267e-01
-1.009755701885042267e-01
-1.009755701885042267e-01
-1.009755701885042267e-01
-1.009755701885042267e-01
-1.009755701885046708e-01
-1.009755701885053369e-01
-1.009755701885055590e-01
-1.009755701885057810e-01
-1.009755701885057810e-01
-1.009755701885057810e-01
-1.009755701885057810e-01
-1.009755701885057810e-01
-1.009755701885057810e-01
-1.009755701885057810e-01
-1.009755701885057810e-01
-1.009755701885057810e-01
-1.009755701885057810e-01
-1.009755701885057810e-01
-1.009755701885057810e-01
-1.009755701885057810e-01
-1.009755701885057810e-01
-1.009755701885057810e-01
-1.009755701885057810e-01
-1.009755701885057810e-01
-1.009755701885057810e-01
-1.009755701885051149e-01
-1.009755701885044488e-01
-1.009755701885042267e-01
-1.009755701885042267e-01
-1.009755701885042267e-01
-1.009755701885042267e-01
-1.009755701885042267e-01
-1.009755701885042267e-01
-1.009755701885042267e-01
-1.002440575822112212e-01
-1.003770386114708479e-01
-1.005012939676432904e-01
-9.988663730559887988e-02
-9.939533601651384664e-02
-9.901449115267801915e-02
-9.872958174150747723e-02
-9.852573524602492583e-02
-9.838857975408021872e-02
-9.121747229871290941e-02
-9.247432893121376729e-02
-9.434161908737870306e-02
-9.531744724702351235e-02
-9.686058086389981447e-02
-9.816197889101796470e-02
-9.922391279703823841e-02
-1.000607528155526005e-01
-1.006948121846595878e-01
-1.011528357558415525e-01
-1.014632026410531296e-01
-1.016538371175090827e-01
-9.444982729479245442e-02
-8.850270368685042577e-02
-8.374950263903602199e-02
-8.008148981308171876e-02
-7.736427091564146430e-02
-7.545315150595799381e-02
-7.420428913396137638e-02
-7.348230328007154810e-02
-7.316502699119054043e-02
-7.314604027585214219e-02
-7.333554956420096360e-02
-7.312456966745584097e-02
-6.635191274209639722e-02
-6.770497992043011948e-02
-6.228888962093726001e-02
-5.800748520142362530e-02
-5.474561643300512870e-02
-5.236923755357358878e-02
-5.036926347296621920e-02
-4.906025605417507762e-02
-4.829453184257648246e-02
-4.794290077869667321e-02
-4.789539008884102778e-02
-4.806068681266606468e-02
-4.836482736158087548e-02
-4.874947429241838215e-02
-4.203412447991028422e-02
-3.662389081694894521e-02
-3.240598275986017462e-02
-2.923995186502437171e-02
-2.697314727233335319e-02
-2.545219106113538743e-02
-1.737271604475232323e-02
-1.106291131450620746e-02
-6.319510897826674523e-03
-2.917979731267061894e-03
-6.309019696637552244e-04
7.929907630770838267e-03
1.448234034455553321e-02
1.928996278832850741e-02
2.979735024175211855e-02
3.779185618906710786e-02
4.361543759931363340e-02
5.438721185220574128e-02
6.233489628054766918e-02
6.793399333729932543e-02
7.861505882842512172e-02
8.647375603867657468e-02
9.197823527340376337e-02
9.556974834091747084e-02
9.764949358247543287e-02
9.857172447158979445e-02
9.864114215674968378e-02
9.811324364565532363e-02
9.719670849106254451e-02
9.605715716378449009e-02
1.024569244954798286e-01
1.005155852538939243e-01
1.056296006011192556e-01
1.096112777995550402e-01
1.125840917992178003e-01
1.075953111832745890e-01
1.102740006892981572e-01
1.051775342025573767e-01
1.079276015726460258e-01
1.101161209144203568e-01
1.117970107118209100e-01
1.130352721236906888e-01
1.147182480112609593e-01
1.159612245475216685e-01
1.168269423262402462e-01
1.173804798644677572e-01
1.249359098691324998e-01
1.309839317643002321e-01
1.428893509587534361e-01
1.522433510534311196e-01
1.593250444456602022e-01
1.644519891839182346e-01
1.679497399612863706e-01
1.772827899300597476e-01
1.842531140056600236e-01
1.892187340334685608e-01
1.996147470162810134e-01
2.058927213664256684e-01
2.170829841795316462e-01
2.253138656243720561e-01
2.310983005532176726e-01
2.349071885508660085e-01
2.439140503402743576e-01
2.504564714177732743e-01
2.549614779939439746e-01
2.578244140813452656e-01
2.611834917963902214e-01
2.632658651699690822e-01
2.643366341994002333e-01
2.714304709921924186e-01
2.767445674603201677e-01
2.805319978734037711e-01
2.918507555233880169e-01
3.006270685271659193e-01
3.049938874137687606e-01
3.145084936193314196e-01
3.237252316155061482e-01
3.304857472631745896e-01
3.395052502641824343e-01
3.483240565209184680e-01
3.546494724345985450e-01
3.654912999855461919e-01
3.734301547859140147e-01
3.789406111325213100e-01
3.889607692697318875e-01
3.961977419891264951e-01
4.011341511317561004e-01
4.042213261513472045e-01
4.058659910427893092e-01
4.000396082231605366e-01
3.945724599313766845e-01
3.896427999649287877e-01
3.853480451914494953e-01
3.817233259718002536e-01
3.787579626266912580e-01
3.764096013953834863e-01
3.746159134718647366e-01
3.733039153634520879e-01
3.658477692534773951e-01
3.598906389194189703e-01
3.552996740757841110e-01
3.519083106600415789e-01
3.428740576772379978e-01
3.358579994502783883e-01
3.306309629440846720e-01
3.269348310614390574e-01
3.245056643985106959e-01
3.230902731826861274e-01
3.224571331083923020e-01
3.224026883668229537e-01
3.205046711402976811e-01
3.192974688135075123e-01
3.186270412558689369e-01
3.183604654367244713e-01
3.183859907604129624e-01
3.186119011650720978e-01
3.189647366430719000e-01
3.193872124579901772e-01
3.198360418306722686e-01
3.202797880953955900e-01
3.206968246557542201e-01
3.210734519314253355e-01
3.214022015347619554e-01
3.150700252723408479e-01
3.098718283571235688e-01
3.057418047377165049e-01
3.025773499810562317e-01
3.002552807308123128e-01
2.986445152067642717e-01
2.908893208987470835e-01
2.847977173613551738e-01
2.801945734737156801e-01
2.768769266521062811e-01
2.746334774440262194e-01
2.664331039543577084e-01
2.601355901436044338e-01
2.555046802924576532e-01
2.453823739094787015e-01
2.359781321586611469e-01
2.290467456094538168e-01
2.241838823373281109e-01
2.141464724102577488e-01
2.066982694825119093e-01
2.014381116464458721e-01
1.979736963966287622e-01
1.890540529946147519e-01
1.824800645969568702e-01
1.766532557300763973e-01
1.739285375732217975e-01
1.655519551798294575e-01
1.582586248926156625e-01
1.462030135073830728e-01
1.381209340225062476e-01
1.323506203475093290e-01
1.285123078525520768e-01
1.262352356662961306e-01
1.251746278930994105e-01
1.241430903174960410e-01
1.239172629525360225e-01
1.242567163748313774e-01
1.249673757569655930e-01
1.258968020697588397e-01
1.269287765119526679e-01
1.270982348671318984e-01
1.282591053260946357e-01
1.293292859668166983e-01
1.302806013662658469e-01
1.310993746082442790e-01
1.317828289086591109e-01
1.323360116192038305e-01
1.318582204534133329e-01
1.323482977401764238e-01
1.327374035816539788e-01
1.330354725624678380e-01
1.332542152630191712e-01
1.334059988313993639e-01
1.335030101645480194e-01
1.335566684641280588e-01
1.335772492446352100e-01
1.335736801833107279e-01
1.335534702782343874e-01
1.344544404143230842e-01
1.351885937942964855e-01
1.357657227563600078e-01
1.371714536592270051e-01
1.373094544089819014e-01
1.373544724443220844e-01
1.302357318243574369e-01
1.243642380845650930e-01
1.196777457047926152e-01
1.081724276223945402e-01
9.916392934704632012e-02
9.234535560529133491e-02
8.039518620469254806e-02
7.129547797387503216e-02
6.464222411695530468e-02
5.305786359978736932e-02
4.440957503766473913e-02
3.825348647714177375e-02
2.717668442207665791e-02
1.901581902496141119e-02
1.331398315303800040e-02
9.624517862709458527e-03
7.531114120006066059e-03
6.660142201889041047e-03
-3.079708831847938200e-04
-5.377306673901127709e-03
-8.856129728894934772e-03
-1.804400920232795968e-02
-2.493767511965705452e-02
-2.986959646155096237e-02
-4.017237625549308078e-02
-4.788541237577814691e-02
-5.338924145827328438e-02
-5.706557053625527232e-02
-6.625756485619760383e-02
-7.303009654558012542e-02
-7.776325362195879443e-02
-8.082875310034420835e-02
-8.952984677730624341e-02
-9.593904221256677189e-02
-1.004178429336111122e-01
-1.040428571840714689e-01
-1.063138416356252947e-01
-1.075068154453144853e-01
-1.149440507418288959e-01
-1.205146449600649206e-01
-1.244803180269029586e-01
-1.262136924702086382e-01
-1.340159771403690581e-01
-1.398025910851559139e-01
-1.439012696074790654e-01
-1.476474267121230532e-01
-1.570836187955546581e-01
-1.642613722163721590e-01
-1.751898067559336525e-01
-1.833218002431811211e-01
-1.891089924887126017e-01
-1.997427481223303936e-01
-2.075697929954114507e-01
-2.145135137793663382e-01
-2.260864870065795174e-01
-2.347028477331780660e-01
-2.407978357005762238e-01
-2.515353340497654688e-01
-2.593649145956014035e-01
-2.714354631414499508e-01
-2.802744585927612331e-01
-2.864087943797115621e-01
-2.969347568778848423e-01
-3.065584197067601213e-01
-3.134266519488635439e-01
-3.179959071415645600e-01
-3.273091158253504940e-01
-3.339667442116285301e-01
-3.384223047058394496e-01
-3.411090429576502103e-01
-3.489568796647137816e-01
-3.545593134617206488e-01
-3.672445074110397556e-01
-3.768657396543559912e-01
-3.838343051509331971e-01
-3.950150478471288196e-01
-4.031859158015571598e-01
-4.088367619815511667e-01
-4.124405898311516161e-01
-4.172403589911104493e-01
-4.238398871154811509e-01
-4.283797269019897769e-01
-4.341614865865950357e-01
-4.444318732306657971e-01
-4.520701662377337726e-01
-4.667881273240945816e-01
-4.780239854476813210e-01
-4.862243358934532633e-01
-4.918656774639016405e-01
-5.015601909274725045e-01
-5.084515855579647692e-01
-5.190765129535055422e-01
-5.266955098850374384e-01
-5.353559893639157075e-01
-5.378986540393657645e-01
-5.425009212399118930e-01
-5.453869280389123109e-01
-5.469172130619162076e-01
-5.533435597137215112e-01
-5.520222719465239791e-01
-5.502594070176418661e-01
-5.446641722288918519e-01
-5.337795417441211221e-01
-5.281695779848032402e-01
-5.201045889384585674e-01
-5.197325863511523814e-01
-5.231833073319787086e-01
-5.262722846533969268e-01
-5.289453595423176946e-01
-5.371853886345301365e-01
-5.438743208371108473e-01
-5.491355336933534392e-01
-5.531300135517245309e-01
-5.618876598062434446e-01
-5.686135452102305532e-01
-5.735873449250777911e-01
-5.865587885072285346e-01
-5.966080548782586312e-01
-6.040978882271028638e-01
-6.150038393873362708e-01
-6.230404400104715412e-01
-6.326862747481309945e-01
-6.397015943701538365e-01
-6.499622635441335561e-01
-6.573846629728324897e-01
-6.624480248513081593e-01
-6.656080121521021908e-01
-6.715137395708195012e-01
-6.755601294600940276e-01
-6.834280703295640969e-01
-6.934779913473457791e-01
-7.017800299306815592e-01
-7.120843695291506625e-01
-7.196205158926959333e-01
-7.248321946177590513e-01
-7.332404175386210143e-01
-7.437757065533121548e-01
-7.515005553184919140e-01
-7.568564068008949430e-01
-7.652154425951566141e-01
-7.758541071932807398e-01
-7.884704149018973984e-01
-7.977367163205021372e-01
-8.042019057648607250e-01
-8.133022967131922076e-01
-8.243766047024762011e-01
-8.373789858685036780e-01
-8.469651781355158615e-01
-8.581145141345104532e-01
-8.615967024914638062e-01
-8.632508326717185376e-01
-8.635372542644533800e-01
-8.583794030827575083e-01
-8.481529561393668093e-01
-8.392596422790445931e-01
-8.317704258436626752e-01
-8.256583227237271894e-01
-8.258907152547240171e-01
-8.212675846371659816e-01
-8.177131867021879552e-01
-8.150895389769334809e-01
-8.132511060902221089e-01
-8.120551657075926189e-01
-8.066104320415015128e-01
-8.023926983975482319e-01
-7.992610431143878369e-01
-8.019042879447944028e-01
-8.044200891782562479e-01
-8.067139723316160138e-01
-8.137415720208833747e-01
-8.243067340062569803e-01
-8.328140810496117430e-01
-8.394478247713630381e-01
-8.541231731891383294e-01
-8.655886562410188834e-01
-8.785933037006367075e-01
-8.882846875631921213e-01
-9.004805768466572768e-01
-9.094789075138507428e-01
-9.211768612991284577e-01
-9.338131648801972773e-01
-9.485033508596311114e-01
-9.593716830693024278e-01
-9.669893708318264558e-01
-9.776114432536325838e-01
-9.851266562692849726e-01
-9.958707981001045928e-01
-1.007287048546452457e+00
-1.021311021221416038e+00
-1.035137538386636802e+00
-1.045022924162704037e+00
-1.051663821935962195e+00
-1.055713336261118407e+00
-1.067105564310423693e+00
-1.075229233773427051e+00
-1.080675468098287073e+00
-1.090022016826664109e+00
-1.096639194682326179e+00
-1.101004733069349539e+00
-1.112741085919038087e+00
-1.121375394484059207e+00
-1.127406517355603155e+00
-1.137490093970165317e+00
-1.144798125229889774e+00
-1.156045259637950018e+00
-1.164314248951844988e+00
-1.170051665968995680e+00
-1.173708016066068449e+00
-1.182129127536436730e+00
-1.188156867316948251e+00
-1.196129561093098648e+00
-1.204419128030969066e+00
-1.214467296081390035e+00
-1.228674690957276328e+00
-1.282746994933141815e+00
-1.324994603518769187e+00
-1.358303179852406561e+00
-1.388997063795132325e+00
-1.410802461280384890e+00
-1.432190056872173045e+00
-1.439986745250140920e+00
-1.451072009203285385e+00
-1.457614684297216634e+00
-1.460730288397268817e+00
-1.461337579818105192e+00
-1.460184034005056475e+00
-1.464415900866740117e+00
-1.466767248131394030e+00
-1.467686243674626967e+00
-1.467557297634073610e+00
-1.473292951552609420e+00
-1.477382907621116237e+00
-1.486735278534280225e+00
-1.493802741766628417e+00
-1.498898028433584217e+00
-1.502344816619960444e+00
-1.511141283521963086e+00
-1.517686176040120349e+00
-1.521984104647775116e+00
-1.531583890124366354e+00
-1.538798030221049995e+00
-1.550798612464833859e+00
-1.559770272749279263e+00
-1.573256257296542504e+00
-1.590448372446469971e+00
-1.603507161582703455e+00
-1.619996025553927854e+00
-1.639686463922896742e+00
-1.660970049847462215e+00
-1.676628878317974358e+00
-1.694556380938309736e+00
-1.714251367280202665e+00
-1.735255991057694347e+00
-1.750324875796683388e+00
-1.767322796974648780e+00
-1.785867411214534739e+00
-1.800476332679001423e+00
-1.815497014874624115e+00
-1.834082507387537975e+00
-1.847353647749438776e+00
-1.862825995689280312e+00
-1.873536844292463588e+00
-1.886908663973108080e+00
-1.896008100530322427e+00
-1.903909143748354182e+00
-1.915281677286359896e+00
-1.923087378063358610e+00
-1.927985861921811761e+00
-1.939548846555849471e+00
-1.954289975471164231e+00
-1.965072196990254039e+00
-1.978921984822847646e+00
-1.991669637293280504e+00
-2.007101033946507851e+00
-2.024565248188468392e+00
-2.037245116343678664e+00
-2.052104790796788869e+00
-2.056444285742192513e+00
-2.058360433538324763e+00
-2.058492763719384389e+00
-2.063468640785556918e+00
-2.072529571589909470e+00
-2.078929619510986093e+00
-2.092445927161519670e+00
-2.102559762986102587e+00
-2.109782504404537740e+00
-2.123988378306045810e+00
-2.140372995993377270e+00
-2.152577129833182390e+00
-2.165047033653745512e+00
-2.179626980554109750e+00
-2.195730844863349240e+00
-2.211436874729139301e+00
-2.228220979000753665e+00
-2.244547133309647169e+00
-2.261592087034248522e+00
-2.273776182742997420e+00
-2.291551460953521691e+00
-2.304358434842643355e+00
-2.313036680770019338e+00
-2.328009220606635399e+00
-2.343509436680840885e+00
-2.359228182370154414e+00
-2.375132755328959178e+00
-2.391267485200806231e+00
-2.402746070724714578e+00
-2.415446596881198893e+00
-2.428691245436174206e+00
-2.443040098929682991e+00
-2.453167875088048788e+00
-2.469471540314756908e+00
-2.481209470769137226e+00
-2.498784316731916810e+00
-2.511490393092381090e+00
-2.529715101105669994e+00
-2.542861737985356640e+00
-2.551799254126114302e+00
-2.563069046108359839e+00
-2.576498554085489445e+00
-2.585997999492137822e+00
-2.595831807739526820e+00
-2.608262028814508859e+00
-2.623006174696352666e+00
-2.633671044782331272e+00
-2.647064754441266210e+00
-2.656614144643312692e+00
-2.672468211302335028e+00
-2.683952096754657290e+00
-2.701182121400202085e+00
-2.713643537298018771e+00
-2.728564793511796260e+00
-2.741893279449762133e+00
-2.757477923940085951e+00
-2.775026733575496785e+00
-2.790121284175542726e+00
-2.800608446876270197e+00
-2.807386424750240472e+00
-2.811258777103430972e+00
-2.817220621745846199e+00
-2.823002114625305481e+00
-2.826510702483588933e+00
-2.821718559410950178e+00
-2.823333686779209373e+00
-2.823928532874180775e+00
-2.823780609135392083e+00
-2.829677227025128694e+00
-2.836157724078614883e+00
-2.840926877957069330e+00
-2.850808010870523823e+00
-2.858330966063302725e+00
-2.863820304851780740e+00
-2.874200036115185597e+00
-2.888655940073556749e+00
-2.899743386338728079e+00
-2.914606408257180981e+00
-2.927269058176219740e+00
-2.936382110541571944e+00
-2.949280747234395150e+00
-2.957344329682187301e+00
-2.962730407400175459e+00
-2.973952181902464353e+00
-2.980866559211228228e+00
-2.985396692250115613e+00
-2.994927129936832522e+00
-3.008712008483700018e+00
-3.019001776579925078e+00
-3.034073622327295716e+00
-3.045117835207990620e+00
-3.066717947335659389e+00
-3.083006163916567566e+00
-3.094751744985591024e+00
-3.109680607977188593e+00
-3.120299168578638316e+00
-3.127367088270062379e+00
-3.131666265071822330e+00
-3.140586817967124134e+00
3.136622113288150437e+00
3.132979341238633531e+00
3.131134095156319130e+00
3.123850062118361137e+00
3.118769894377506624e+00
3.108717884526468911e+00
3.101323741828132974e+00
3.089406265051283018e+00
3.080551191717815218e+00
3.074290437961478162e+00
3.063418020163600985e+00
3.055485117789495497e+00
3.043284410155501440e+00
3.034324633812691463e+00
3.021384641756421630e+00
3.011908360537521645e+00
3.005335321433994178e+00
3.001124566539433935e+00
2.998777248996752576e+00
2.990176819127938757e+00
2.983951158525984138e+00
2.979729770138521250e+00
2.977143190700467734e+00
2.975842545032776343e+00
2.968736294369482387e+00
2.956807709566187548e+00
2.947758616930927111e+00
2.934488203105946269e+00
2.923072308655627172e+00
2.914663411009382088e+00
2.902098788503971960e+00
2.892872120626222454e+00
2.886465935424371132e+00
2.880582593348127496e+00
2.870061758645545247e+00
2.862437213435729433e+00
2.850529363531470572e+00
2.841853259816257360e+00
2.835889404588610496e+00
2.832129019458465180e+00
2.823459305613526205e+00
2.817345839618479175e+00
2.811068986219861454e+00
2.806819530805111818e+00
2.797592918526007999e+00
2.784292238825824217e+00
2.774344402606535365e+00
2.760760178825843791e+00
2.750775326514690367e+00
2.743797757725471520e+00
2.736539192137001919e+00
2.725271647883008796e+00
2.713658101741103224e+00
2.705403620301019885e+00
2.699874347534733765e+00
2.687415768285245310e+00
2.672196085243788044e+00
2.660929282636714355e+00
2.652978881094381958e+00
2.641808851598756114e+00
2.633926003809456073e+00
2.625413668939847511e+00
2.613734107403843598e+00
2.605323130837459367e+00
2.596131615127864833e+00
2.583918411418648198e+00
2.575062880477978489e+00
2.563323687799307748e+00
2.554958388147812620e+00
2.549368064769232056e+00
2.536613745590633684e+00
2.527275734521733153e+00
2.516856357372306618e+00
2.503937153486520018e+00
2.494553181589307833e+00
2.488131467738161184e+00
2.474551468805504584e+00
2.459287249395347263e+00
2.448122895023097101e+00
2.435996168616826552e+00
2.422254343447186820e+00
2.407892189077694312e+00
2.397504286387208694e+00
2.385478068170817423e+00
2.377127236058682591e+00
2.367018190059819283e+00
2.360075938345036928e+00
2.355721080923361299e+00
2.348522145139375183e+00
2.338900496462592571e+00
2.332130662294738421e+00
2.327707560386250041e+00
2.325152948663605113e+00
2.324033971738985738e+00
2.323973021078235668e+00
2.319606397387982799e+00
2.311929121296041334e+00
2.306265905404284666e+00
2.302299829759201444e+00
2.295158998228672420e+00
2.284856482973586900e+00
2.277105477425327429e+00
2.267147268016944217e+00
2.254618346298164600e+00
2.245234432090816412e+00
2.228981219204726028e+00
2.216715163619602968e+00
2.202381914135267849e+00
2.191814329761744951e+00
2.174910389535658961e+00
2.162387887255512453e+00
2.149834900434846485e+00
2.135384659095316717e+00
2.121483426860445665e+00
2.111735270227085071e+00
2.099560485850168412e+00
2.091064440323044060e+00
2.085569355437981276e+00
2.082449952280302163e+00
2.081148747121408071e+00
2.081183300072760645e+00
2.082147755014547741e+00
2.077816415320136390e+00
2.068911856674105376e+00
2.062160045576061584e+00
2.051192437377069577e+00
2.036643925478737405e+00
2.025416512392231638e+00
2.007794388508918892e+00
1.994449486105841496e+00
1.978366256189446837e+00
1.966511239695446944e+00
1.951698096307728614e+00
1.940984622018907313e+00
1.924586384854762189e+00
1.912737765795330835e+00
1.904670056486467367e+00
1.897389147360937889e+00
1.892954832436681611e+00
1.884126304445926658e+00
1.878132469120045167e+00
1.874409359133793140e+00
1.872452364002313407e+00
1.863250652018006326e+00
1.856629509300286696e+00
1.845581180730102799e+00
1.837423527354019814e+00
1.825106664412471380e+00
1.815955197370866081e+00
1.802835178223025414e+00
1.786396648231840523e+00
1.767247956478593451e+00
1.751532419983212963e+00
1.740240537770850082e+00
1.725829169423823473e+00
1.715587443232961418e+00
1.708778218879711153e+00
1.697919923846060053e+00
1.690413669488629367e+00
1.678820315146422937e+00
1.663771314307848304e+00
1.652744803590229683e+00
1.638236912540298018e+00
1.627739121514804488e+00
1.613696481313455333e+00
1.596708517784426240e+00
1.584276375506940671e+00
1.568756091603628278e+00
1.550702402547372127e+00
1.537567091630618554e+00
1.514721221258394035e+00
1.497774621755174174e+00
1.478942562489214074e+00
1.458637896195168704e+00
1.437241397318604674e+00
1.420842859265406544e+00
1.402632462904659816e+00
1.389791397252778893e+00
1.381389191867488542e+00
1.368312700753637978e+00
1.359370634683757295e+00
1.346929488072314385e+00
1.329858129843712433e+00
1.317424942155115186e+00
1.302010186589855234e+00
1.284208509271025811e+00
1.264610752586520448e+00
1.241461572195264207e+00
1.224428577113479299e+00
1.208409568321010763e+00
1.197573002300580391e+00
1.184340770550884159e+00
1.166422803649443285e+00
1.153660686954027792e+00
1.138809728991184489e+00
1.125570602193661562e+00
1.110228953876276847e+00
1.093264023446303135e+00
1.081230437738294636e+00
1.063837143583637790e+00
1.051330149481060960e+00
1.042887368554652694e+00
1.028178609242873076e+00
1.011784287977816721e+00
1.000054573217084020e+00
9.825348154524657929e-01
9.698366296326945690e-01
9.554702252354148051e-01
9.413999175768253957e-01
9.259509920309242359e-01
9.107939731418231988e-01
8.945757341874416291e-01
8.786366390199864540e-01
8.619524142911083597e-01
8.402554680670916154e-01
8.243891348359226878e-01
8.035033812887130145e-01
7.884134255286381343e-01
7.781510971653767816e-01
7.717863857111899595e-01
7.634046023653511259e-01
7.581963227414414419e-01
7.454714104914472728e-01
7.364451339738451452e-01
7.304910100681862861e-01
7.222883581056974700e-01
7.115471865746998414e-01
7.039756833460752983e-01
6.890030646893524624e-01
6.779572680798071627e-01
6.602618323941332745e-01
6.471401385007173879e-01
6.378836693017642112e-01
6.219324203106719740e-01
6.103509543227985112e-01
5.965848392151528179e-01
5.828635038947723723e-01
5.732195144156392308e-01
5.609712092286311957e-01
5.523909891165104113e-01
5.468225722482598083e-01
5.375965332055108181e-01
5.276886448458228962e-01
5.147293847005836032e-01
5.053430577737647589e-01
4.893623180192605560e-01
4.776105291136756303e-01
4.631067395018084731e-01
4.431721170216447181e-01
4.283834539256430318e-01
4.179416943073084312e-01
4.046031936300518161e-01
3.952405714258551139e-01
3.799657801061433471e-01
3.624685690273512506e-01
3.497170804117211151e-01
3.409430978980425575e-01
3.287304527258931852e-01
3.135067588952682449e-01
3.003980962166079571e-01
2.845589830696537703e-01
2.664003139220871841e-01
2.531705305771645431e-01
2.371911727239806034e-01
2.173178530141572917e-01
2.029251859184575402e-01
1.861616298267660952e-01
1.743147463017642451e-01
1.584465127351075697e-01
1.484147892334335417e-01
1.350269978413216609e-01
1.257271673589288596e-01
1.197797193906204871e-01
1.164924736218222456e-01
1.152400590806268443e-01
1.154768357913802390e-01
1.167418939499986763e-01
1.115986073550294666e-01
1.080868096872396045e-01
1.051532270411026371e-01
1.034194386443418878e-01
1.026000880674982074e-01
1.031723721764947754e-01
1.040925867508819547e-01
1.122453971369126169e-01
1.183735509491716797e-01
1.233895153522925892e-01
1.273762286756525697e-01
1.313563485177922097e-01
1.344097339181691275e-01
1.366512289703154526e-01
1.391860135699487522e-01
1.400010931077739773e-01
1.403755303778371211e-01
1.404228712953361491e-01
1.402399239255684993e-01
1.459234093292844925e-01
1.433990133034070968e-01
1.421109770781188164e-01
1.409081839022621185e-01
1.398280402304479253e-01
1.388904702878455133e-01
1.451192810902310892e-01
1.502132903209953962e-01
1.542475436422887647e-01
1.573306064353521272e-01
1.595885196971917885e-01
1.622975635882595302e-01
1.630914027085828000e-01
1.634492601835424441e-01
1.634856917305638202e-01
1.702959880321570640e-01
1.756581671894816843e-01
1.797341901690463484e-01
1.827038822731450463e-01
1.847497599712912830e-01
1.873600789677172251e-01
1.891633254995022106e-01
1.973310773519505457e-01
2.037102888909305687e-01
2.084963474056671373e-01
2.104102254846265119e-01
2.183845878327177470e-01
2.243635760042750338e-01
2.286596060482177784e-01
2.400447968943446586e-01
2.488203680483296321e-01
2.553113865166183327e-01
2.666901581327603132e-01
2.733070433826210177e-01
2.797077330776402970e-01
2.888276875171824631e-01
2.953508047869128905e-01
2.997576440118125962e-01
3.024828895360913705e-01
3.039085529999547841e-01
3.043623918160374142e-01
3.041194197221153139e-01
3.034052401202274041e-01
3.024004370613717629e-01
2.947067402165175487e-01
2.947007643178394254e-01
2.946457268715414468e-01
2.879905644115210439e-01
2.824962464656894934e-01
2.847146205059538637e-01
2.867344085389544883e-01
2.819097430356700684e-01
2.846330797722362860e-01
2.803998540952035157e-01
2.836228983179589491e-01
2.863981419853509625e-01
2.887154833123590780e-01
2.905921761781518065e-01
2.920634875111367545e-01
2.931752986880942213e-01
2.939784354372902975e-01
2.945244849122283792e-01
2.948628563588151508e-01
2.950388539917438990e-01
2.950925510975106469e-01
2.970674976047196214e-01
2.986343361145260555e-01
2.998296846732664278e-01
3.006994954734820702e-01
3.012939586199987474e-01
3.083617099994118149e-01
3.161988217438029825e-01
3.224262231623236108e-01
3.339063641145174621e-01
3.428599487803198897e-01
3.495697856111215085e-01
3.543572061901656411e-01
3.641837258304618796e-01
3.714789665178157563e-01
3.766372047704005244e-01
3.865584892416398244e-01
3.938440303490280403e-01
4.080934069909281092e-01
4.189181805210095977e-01
4.267858914897515454e-01
4.321779923578483729e-01
4.419003697465508917e-01
4.488524157606101905e-01
4.535208558665542178e-01
4.594489231178786603e-01
4.697112599496544583e-01
4.772454884514021334e-01
4.824769767075749449e-01
4.920227855202699008e-01
5.022748747457608243e-01
5.159194320343725160e-01
5.260780806122622444e-01
5.332742284520037845e-01
5.380299016248264454e-01
5.408372732559720841e-01
5.421412971579102624e-01
5.459768321476692332e-01
5.544214664440834106e-01
5.508910196942813364e-01
5.472547453074696477e-01
5.437379409280937992e-01
5.404901458427704419e-01
5.376006825587318350e-01
5.351125584281999359e-01
5.330344825679163012e-01
5.313509499293056493e-01
5.300304704029399350e-01
5.290320960183678700e-01
5.222260030258594199e-01
5.228495359252089969e-01
5.174682362399509739e-01
5.132214990263552767e-01
5.161614351243941634e-01
5.127089107159945591e-01
5.100657297334394435e-01
5.019042324870106597e-01
4.920487199731988781e-01
4.844114724316768150e-01
4.787147423114230804e-01
4.746627655238171428e-01
4.687777713287493153e-01
4.614744563925992082e-01
4.560731298486111474e-01
4.522895772855328733e-01
4.498391653284345981e-01
4.484516093336230469e-01
4.448247958366882138e-01
4.423811184169990085e-01
4.345275459351081171e-01
4.349314304226077343e-01
4.294418729397166956e-01
4.253840086862075154e-01
4.225369055221672721e-01
4.206834004122093074e-01
4.196200801820069159e-01
4.191636286405415746e-01
4.255528943809856468e-01
4.246894200345157078e-01
4.241047178365577874e-01
4.237453116239611184e-01
4.235620073075241354e-01
4.298999597933101935e-01
4.351408610032290181e-01
4.393457483662299712e-01
4.426113934298241404e-01
4.450539437761509287e-01
4.467968245278688411e-01
4.479621081458793341e-01
4.486646532270461840e-01
4.490084155387583653e-01
4.490844312048185571e-01
4.489700569377788053e-01
4.487291250330835979e-01
4.484127331475464828e-01
4.480604426659704487e-01
4.507338418114306133e-01
4.528925619723851437e-01
4.545732813499654412e-01
4.558276668371383789e-01
4.567153873751230719e-01
4.572984983256667135e-01
4.512194780718896681e-01
4.460890140796160974e-01
4.388438570223551771e-01
4.236854365655731147e-01
4.117257740253710274e-01
3.961199426825148251e-01
3.841056501332327233e-01
3.686719944337901733e-01
3.570201338202851904e-01
3.396396056293191634e-01
3.266999651232151969e-01
3.108692433073316774e-01
2.992996611071914170e-01
2.826423155203636739e-01
2.705751060659828955e-01
2.556148645923668195e-01
2.381942864121195935e-01
2.187169876659180723e-01
2.043830054811119901e-01
1.862575390655187846e-01
1.733010388332201224e-01
1.577784769685972588e-01
1.468924586121076459e-01
1.329582374282682888e-01
1.232629612665208096e-01
1.238871551275722016e-01
1.191462825312439300e-01
1.165805610453320984e-01
1.156673377419161763e-01
1.159552916762776054e-01
1.170662557951440697e-01
1.186928681820840215e-01
1.197642187060965480e-01
1.210610537050558211e-01
1.224440173872058946e-01
1.238136994372336375e-01
1.251026987098704524e-01
1.262687565252251787e-01
1.272889365995182320e-01
1.290258475728560672e-01
1.295828927357236537e-01
1.300058948749363008e-01
1.303136488460374665e-01
1.305251993237332986e-01
1.306587809175157044e-01
1.307311280864196235e-01
1.307570722956321596e-01
1.307493573201292669e-01
1.307186153692103669e-01
1.315635412790028269e-01
1.322465880488987722e-01
1.327789930856184686e-01
1.331768080296995560e-01
1.334586989150348124e-01
1.336441631517157891e-01
1.416304681389741749e-01
1.481967620019724041e-01
1.534055790761406080e-01
1.423225439290340955e-01
1.329403171077530033e-01
1.252417901566880154e-01
1.044328770577787058e-01
8.794365122724201456e-02
6.840585225462425534e-02
4.659722154329859478e-02
3.022785067305999718e-02
1.114772560565646664e-02
-9.723596766289865911e-03
-2.507910303767868498e-02
-4.264078139273563828e-02
-4.836704801870439496e-02
-5.156644945718946715e-02
-5.904737897968348470e-02
-6.372672957300085095e-02
-7.303539047489326919e-02
-7.943492009676877963e-02
-9.089169209238812108e-02
-9.923404991722750701e-02
-1.118184323283606396e-01
-1.278887373967061425e-01
-1.398393651262694881e-01
-1.551318962194168094e-01
-1.730786579506544687e-01
-1.862526113549329843e-01
-2.021777859278399703e-01
-2.135635258765380406e-01
-2.278931483544235359e-01
-2.379665143713189934e-01
-2.528791916659653971e-01
-2.636030359920153998e-01
-2.774491988668594811e-01
-2.872429633188402498e-01
-3.002662328011587167e-01
-3.114926286575450121e-01
-3.258038532328311199e-01
-3.425763407640864955e-01
-3.547365113970164519e-01
-3.719823940422846142e-01
-3.819741678331374235e-01
-3.974194006056801509e-01
-4.084622541267441953e-01
-4.221572606476136080e-01
-4.317212108205794596e-01
-4.441225400470749651e-01
-4.556785288480229568e-01
-4.697955747996778175e-01
-4.798345416885558823e-01
-4.925502648557982255e-01
-5.106919407681880241e-01
-5.240461930356172804e-01
-5.392282617321424443e-01
-5.535447141079454791e-01
-5.636774982880772278e-01
-5.798422140741468223e-01
-5.972713456725964321e-01
-6.098557011040472986e-01
-6.239776175877792541e-01
-6.378072448796076044e-01
-6.474595896643263737e-01
-6.633299737878673996e-01
-6.747580201489541407e-01
-6.878075973148362054e-01
-6.959491279712459733e-01
-7.063746096031534583e-01
-7.179804331929119376e-01
-7.266749683237851976e-01
-7.420480369852987534e-01
-7.531472971054643528e-01
-7.704514800126559537e-01
-7.831003795396576095e-01
-7.967715992235043787e-01
-8.064661517419844383e-01
-8.176046005336522482e-01
-8.251731733953227010e-01
-8.349695864156635450e-01
-8.462344325629829189e-01
-8.592700197276972318e-01
-8.730705643665290783e-01
-8.785273668281404769e-01
-8.913006569890397079e-01
-9.004648171696842951e-01
-9.108686529037439694e-01
-9.234803630291382737e-01
-9.325077414234518303e-01
-9.385628529267300291e-01
-9.518431015934079031e-01
-9.614856130088078601e-01
-9.680951352383233566e-01
-9.817764492571812163e-01
-9.975002749944994473e-01
-1.009146286633662459e+00
-1.023208420677098829e+00
-1.036953522312971998e+00
-1.052699517981917410e+00
-1.067469313811831189e+00
-1.080720444882561360e+00
-1.093253103432034745e+00
-1.111111185255160061e+00
-1.124022246965261651e+00
-1.132846999511404551e+00
-1.144590879821189899e+00
-1.152666388027196787e+00
-1.157761707620037051e+00
-1.169486460848364162e+00
-1.175125012920824830e+00
-1.178460329374007465e+00
-1.180000438877422564e+00
-1.180198408818787126e+00
-1.179444587828184066e+00
-1.184487630515057788e+00
-1.188020538660576886e+00
-1.190304020231859772e+00
-1.191589482521770993e+00
-1.192107746971050153e+00
-1.192062212365773810e+00
-1.191625651770889416e+00
-1.190939782008412218e+00
-1.190116794071943263e+00
-1.189242140589988228e+00
-1.188378010463703394e+00
-1.187567057764774336e+00
-1.186836077069775452e+00
-1.179716828064061973e+00
-1.174971223409654320e+00
-1.173906141259688507e+00
-1.173244879881578884e+00
-1.166322516423193623e+00
-1.160853969517086082e+00
-1.150182539810479909e+00
-1.144810160152664125e+00
-1.138081870790319083e+00
-1.129784405280354065e+00
-1.120703537222804247e+00
-1.107754570906917868e+00
-1.097970857039548109e+00
-1.084804971677215013e+00
-1.075051123401257858e+00
-1.062213206175042224e+00
-1.052861802035479188e+00
-1.046385415726038826e+00
-1.038823764719532861e+00
-1.033651170756734849e+00
-1.030424845415175872e+00
-1.025203012733851615e+00
-1.025316713676044156e+00
-1.026238423743910388e+00
-1.027675712608504099e+00
-1.023530383984520009e+00
-1.020579657486428982e+00
-1.018610658574903294e+00
-1.008042228183593014e+00
-9.997843559069239383e-01
-9.935720776290088985e-01
-9.853415436151400364e-01
-9.791916358491178363e-01
-9.691275205723053343e-01
-9.576564119311664625e-01
-9.433684329002908209e-01
-9.326100883074945891e-01
-9.248833806883417497e-01
-9.141876027277002770e-01
-9.023275082201615005e-01
-8.937203511039580883e-01
-8.824916535082016900e-01
-8.745120381686189992e-01
-8.595230914685387802e-01
-8.484413289387844337e-01
-8.406520034244633344e-01
-8.258847948883455414e-01
-8.150237693275125261e-01
-7.977690939055461783e-01
-7.849671830877656964e-01
-7.759397515520448652e-01
-7.700151206007735949e-01
-7.665627811512476519e-01
-7.650141830320364988e-01
-7.648735393838291818e-01
-7.607527691658310109e-01
-7.534242900706935586e-01
-7.431270744831431907e-01
-7.308032967107445099e-01
-7.164348443403528721e-01
-7.056108589880097925e-01
-6.934057271497809927e-01
-6.792822381123169162e-01
-6.689188497893523433e-01
-6.574958239111046154e-01
-6.495148641946432155e-01
-6.388340671052173958e-01
-6.313212237930403425e-01
-6.168250989507024773e-01
-6.061755849360115356e-01
-5.892453953077703144e-01
-5.767406050477842383e-01
-5.621841787396648638e-01
-5.516649229677914601e-01
-5.445234372641740705e-01
-5.341966484217210986e-01
-5.235733253835657131e-01
-5.102507129868760760e-01
-4.945751527212827181e-01
-4.798347318642888215e-01
-4.631391922394716421e-01
-4.510041980436692022e-01
-4.426918539379518513e-01
-4.282969221292274309e-01
-4.180789020150930124e-01
-4.112858267926871036e-01
-4.008974559652824787e-01
-3.937452864066006697e-01
-3.828286310230200051e-01
-3.751123973304264503e-01
-3.700501425790214682e-01
-3.581486277588246114e-01
-3.495718602673434372e-01
-3.372258847899001211e-01
-3.282687019126973027e-01
-3.221474024735651032e-01
-3.183258690328374385e-01
-3.163087053048772024e-01
-3.156553147083382971e-01
-3.159866255772814103e-01
-3.169864733779106380e-01
-3.117853064070705837e-01
-3.079905897926649150e-01
-2.966566191032329325e-01
-2.879410739387460172e-01
-2.748354041202480946e-01
-2.630440158680744656e-01
-2.561171935552744028e-01
-2.430448897671957376e-01
-2.266979764548262555e-01
-2.144129745072200777e-01
-2.055883578819581725e-01
-1.929198861533223397e-01
-1.837605409564178061e-01
-1.707745695581808221e-01
-1.613638784849529273e-01
-1.481408658464273831e-01
-1.317180497420271656e-01
-1.195657226692903308e-01
-1.041497405718447844e-01
-9.296085791894448391e-02
-7.838140732562215440e-02
-6.097258576371822336e-02
-4.826258876097155870e-02
-3.951236707350069821e-02
-2.699319157403867742e-02
-1.828994741963740900e-02
-5.702348777490096055e-03
3.135723635209863858e-03
1.590164336684085633e-02
3.171670858648734104e-02
4.336476351583851141e-02
5.835934628276318037e-02
6.914230410712907116e-02
7.642328379893248425e-02
8.088129236048913207e-02
7.618054650736905131e-02
7.158823719770612826e-02
6.637027424723096480e-02
6.143731603241286976e-02
5.696465491018098959e-02
5.304919528217411084e-02
4.972839810578610908e-02
4.666950867981300988e-02
4.456352721990075594e-02
4.264890015973898940e-02
4.123202977931783586e-02
4.023099971618449011e-02
3.956847394352358549e-02
3.917411995106734324e-02
3.898585192646986108e-02
3.895027716471632928e-02
3.902260618271058412e-02
3.235156196092447978e-02
2.696444227723548970e-02
2.291016324867434228e-02
1.969370003451431650e-02
1.738239962703547192e-02
1.582219885403390869e-02
1.496900400065825920e-02
1.456253211569324968e-02
1.449349922006470948e-02
1.466606404001846720e-02
2.200459671134469275e-02
2.817635911821514405e-02
4.021885408239245230e-02
4.990895932153738279e-02
6.444781853172432129e-02
8.277524582595097158e-02
9.696880113051475902e-02
1.075388988661112322e-01
1.219641254521453000e-01
1.384993597828745315e-01
1.515882196538465010e-01
1.609079798172465825e-01
1.739134852752612925e-01
1.831736269096175818e-01
1.893509747900026241e-01
1.998002629882591474e-01
2.070917735651016667e-01
2.184992513116903456e-01
2.266242472504940153e-01
2.402996080336043949e-01
2.503920478987999854e-01
2.574371104405484001e-01
2.686391192546593309e-01
2.766199476354465059e-01
2.819338580430181818e-01
2.917245704177560128e-01
2.986248722164239755e-01
3.097056306778906976e-01
3.198177951900964544e-01
3.270397346921276593e-01
3.318506838282686555e-01
3.347159965327812792e-01
3.294851795685331819e-01
3.242894935526414724e-01
3.193944514120821143e-01
3.149710000725243209e-01
3.111135936877562624e-01
3.057401449609249422e-01
3.013988242832232878e-01
2.979965034836453697e-01
2.954195958223126972e-01
2.935470461953872956e-01
2.922591364455335849e-01
2.914432034897647128e-01
2.929764195926025661e-01
2.944433412965588026e-01
2.937711632737789458e-01
2.933034537580549994e-01
2.863948666566034085e-01
2.874417035683143329e-01
2.818929197611341753e-01
2.860648884281584703e-01
2.877734240785292386e-01
2.845893257813429944e-01
2.820122126095123694e-01
2.800008450326170184e-01
2.804467496834399665e-01
2.740992512927074021e-01
2.708876926428298582e-01
2.684470129493683466e-01
2.647520232726114919e-01
2.620145234472548434e-01
2.691619831523752726e-01
2.753665262159703531e-01
2.805697434518625855e-01
2.919275884250285280e-01
3.081073801433065196e-01
3.208604000526391609e-01
3.375078081986051526e-01
3.501712136268471109e-01
3.594276853881197553e-01
3.699909279375526161e-01
3.773650178357295104e-01
3.822000422227247451e-01
3.850586782757441373e-01
3.890693527134292395e-01
3.915110525778640049e-01
3.992427641925140325e-01
4.048622518869959830e-01
4.087182514625651297e-01
4.204752758566319137e-01
4.294723254919947664e-01
4.425037800475608574e-01
4.522871341635412712e-01
4.688506825836042946e-01
4.814316191860301686e-01
4.968517876005056344e-01
5.143673835837905273e-01
5.272015420112328155e-01
5.421771118041713855e-01
5.527946674109418534e-01
5.635892829717392694e-01
5.709627593695610903e-01
5.814270860072916491e-01
5.886045141376486933e-01
5.931299109765496569e-01
5.955790530935871629e-01
5.964578259102015778e-01
5.961984201954437790e-01
5.893663680466167953e-01
5.830583234259346659e-01
5.774500587430289045e-01
5.688279849892987627e-01
5.655199471840703929e-01
5.591959492150055944e-01
5.542419362443438136e-01
5.504951409846496890e-01
5.477799401467342566e-01
5.459213392124990794e-01
5.447538996117728960e-01
5.441272540897326149e-01
5.439091050075453015e-01
5.439863938758853212e-01
5.442651704312355676e-01
5.446695685219922201e-01
5.451402042750583821e-01
5.396860728428136689e-01
5.352775079967884153e-01
5.318359961684884230e-01
5.292548959167906464e-01
5.274132516880161159e-01
5.261865408242742959e-01
5.254545360133680010e-01
5.251066180012338158e-01
5.250449568757742380e-01
5.251860045674092703e-01
5.254607219621691971e-01
5.258139172174407516e-01
5.200986860067930984e-01
5.189877430125551250e-01
5.182519113598289540e-01
5.115320993382796999e-01
5.026071455652607600e-01
4.955936014263553346e-01
4.869026530815532272e-01
4.803872153433745851e-01
4.726121505902798337e-01
4.636093882416336687e-01
4.569692762803296837e-01
4.523148862890797872e-01
4.397984197194837463e-01
4.303772993194885377e-01
4.235815150636053072e-01
4.125066595298905181e-01
4.043272007197753481e-01
3.893761455573727659e-01
3.781837222291690725e-01
3.636268802887154816e-01
3.528579726388136883e-01
3.452942513385501844e-01
3.337117434017482509e-01
3.231503172357050868e-01
3.112885247727104066e-01
3.006430872672594123e-01
2.932496559566650784e-01
2.817488202107076845e-01
2.735474365696850541e-01
2.612699892490588649e-01
2.438233247753336386e-01
2.308922174952057205e-01
2.149221447925266926e-01
2.033019619783962284e-01
1.884334308883344189e-01
1.777452111464330464e-01
1.636030676039563758e-01
1.524345150178476604e-01
1.449141187143014875e-01
1.334146442225376816e-01
1.254330905452698541e-01
1.203038675260503787e-01
1.182369396429538977e-01
1.177237048148471743e-01
1.183363434925848168e-01
1.197112017110730786e-01
1.215498157001344559e-01
1.236164103263133196e-01
1.186703265616428915e-01
1.141066260953274014e-01
1.037583129295720497e-01
9.574981098499812937e-02
8.977914654373853054e-02
7.855520842299079654e-02
6.305470530860124434e-02
5.115473574330953177e-02
3.515269039738466716e-02
3.036580182839743181e-02
2.066819300003297499e-02
1.379692860949965905e-02
9.259327629078661914e-03
-3.906128479580495139e-04
-7.331291934203898464e-03
-1.900576714177559801e-02
-2.758660079960306710e-02
-3.355761672349699687e-02
-4.438656085034886623e-02
-5.224622010626989166e-02
-5.762379246954707490e-02
-6.796981112599254082e-02
-7.598581686852079464e-02
-8.101862557975092471e-02
-9.109904831609960674e-02
-9.906061310179725687e-02
-1.108858629368028037e-01
-1.195038555703682448e-01
-1.254517887206259008e-01
-1.301458646438045097e-01
-1.330147690120142556e-01
-1.335044495639710060e-01
-1.400174082476819404e-01
-1.446152993413329924e-01
-1.476501885955743276e-01
-1.563066106251176368e-01
-1.627265461776630229e-01
-1.740701358078498018e-01
-1.838542443018769124e-01
-1.910983993874026954e-01
-2.030166648446367628e-01
-2.119040432265615337e-01
-2.166979578976637733e-01
-2.211027907338285470e-01
-2.222543261006184601e-01
-2.238712634504305132e-01
-2.312479354817962296e-01
-2.366478416353190450e-01
-2.471356456606506047e-01
-2.550130490697459784e-01
-2.606621489892633203e-01
-2.711479699050343140e-01
-2.808125816375428574e-01
-2.879054214624812147e-01
-2.995069927685882760e-01
-3.080880986147602751e-01
-3.074342605960744823e-01
-3.125730329408988872e-01
-3.137840516323455731e-01
-3.139833926486499394e-01
-3.069045537209891261e-01
-3.026457546916376806e-01
-2.967804966540259493e-01
-2.918410290749233749e-01
-2.897745680642627164e-01
-2.814562954450468002e-01
-2.814519992440975837e-01
-2.817236458176968217e-01
-2.821744029954122990e-01
-2.827265596873556053e-01
-2.765290194858449624e-01
-2.715469019524416883e-01
-2.676819729254780178e-01
-2.648045568067451949e-01
-2.627702276020598138e-01
-2.614323834038780880e-01
-2.606511243107816345e-01
-2.602990048579512106e-01
-2.602642787329163543e-01
-2.535724590799086631e-01
-2.465307492363988384e-01
-2.411245058621498405e-01
-2.371271732319177872e-01
-2.343097816375514508e-01
-2.324540205289546968e-01
-2.313601114898666822e-01
-2.240632114594267588e-01
-2.184323174424815939e-01
-2.142574341570633312e-01
-2.098613083329838869e-01
-2.082101207464983617e-01
-2.059191637184898394e-01
-2.044961634230133551e-01
-2.037447714610849392e-01
-2.034959082618248427e-01
-1.968965794899273369e-01
-1.984863805359162736e-01
-1.934271309927808602e-01
-1.895479176562862023e-01
-1.866945692480550534e-01
-1.779516668542306945e-01
-1.711285756582281437e-01
-1.660076977909812346e-01
-1.623467043760307149e-01
-1.598987109668674744e-01
-1.584267767207032662e-01
-1.566351125802876165e-01
-1.556193517915107627e-01
-1.562476902851872573e-01
-1.560451378709790671e-01
-1.504533331805526508e-01
-1.518323165918149531e-01
-1.532562053861081797e-01
-1.546361208214483973e-01
-1.559133088505255671e-01
-1.503719329177355402e-01
-1.458999134928926633e-01
-1.424059491261298049e-01
-1.330704707354135596e-01
-1.256854008759957786e-01
-1.200503298722563894e-01
-1.159332350187811667e-01
-1.130921274956555589e-01
-1.112907783680729956e-01
-1.103094423995103490e-01
-1.099515001746023124e-01
-1.100468835733596773e-01
-1.104530630814526404e-01
-1.110542737158062288e-01
-1.117595493568588338e-01
-1.125000296223859220e-01
-1.132259038616223457e-01
-1.071365911013413275e-01
-1.022088577073609894e-01
-9.835163383927469916e-02
-9.544455394341566645e-02
-9.335325975859398717e-02
-9.194083087606852445e-02
-8.427778123293738766e-02
-7.827821738913942617e-02
-7.375585544101848079e-02
-7.050216642823148305e-02
-6.148286345658693364e-02
-4.772407921793275776e-02
-3.703109332667064990e-02
-2.924273190060611149e-02
-2.349271951398002045e-02
-1.967467537316625048e-02
-1.060136931601785015e-02
-3.890103189278182327e-03
7.968165271488025780e-04
3.808696439481895624e-03
5.483536659881105280e-03
6.132174056291184172e-03
1.305720051113867797e-02
2.521101557804961146e-02
3.454806110567920641e-02
4.844371544512138250e-02
5.896604740842703585e-02
7.357848475682260414e-02
9.080764607685232193e-02
1.103861197133058081e-01
1.325675018217928880e-01
1.492129110361208877e-01
1.611404450715547831e-01
1.691645782055499758e-01
1.820720045400827658e-01
1.898590593772266910e-01
2.014130051052416270e-01
2.108083987173732243e-01
2.238851825894989656e-01
2.332248936427663288e-01
2.394554787685378994e-01
2.431826717468019705e-01
2.466680410559520809e-01
2.484124120487025689e-01
2.557059301263742146e-01
2.626587053557229989e-01
2.744759998605059703e-01
2.881953674102544216e-01
3.051083195985979657e-01
3.176549369635051079e-01
3.355034516639368025e-01
3.553922940995113411e-01
3.766485056062622849e-01
3.922653780936533607e-01
4.031854603733573406e-01
4.130845902028956740e-01
4.259227591267327195e-01
4.411495777554788056e-01
4.550183026423242350e-01
4.710719592354599694e-01
4.887555850973988036e-01
5.014501353998714883e-01
5.134460143097325791e-01
5.215974070771971505e-01
5.326910080072406739e-01
5.461900705668230049e-01
5.593299605443207145e-01
5.744813164726597643e-01
5.794298601804497295e-01
5.818928434148918916e-01
5.863866387930861679e-01
5.849221775169419768e-01
5.826050000034985743e-01
5.798170292728739295e-01
5.768494272745988694e-01
5.739143677085365436e-01
5.711576313654552761e-01
5.686710283990545900e-01
5.665039780210534559e-01
5.646738421648553885e-01
5.631748159253642250e-01
5.619853283702298530e-01
5.610740103191742545e-01
5.566630554122129482e-01
5.568803601333529585e-01
5.535099676673183033e-01
5.509059098206805505e-01
5.489657150229951821e-01
5.475848539890495470e-01
5.466627270437545150e-01
5.461064443234096011e-01
5.458330124598080868e-01
5.457703736190460120e-01
5.458576231170615412e-01
5.460446486432986024e-01
5.462913763109265020e-01
5.465667674726335523e-01
5.468476792067709091e-01
5.471176765568475098e-01
5.473658636955678336e-01
5.475857830618811040e-01
5.477744157722104212e-01
5.538319621215348487e-01
5.587495274924729749e-01
5.663107591156519849e-01
5.723216192212849940e-01
5.769273687365341630e-01
5.861116961134383851e-01
5.931615362250014512e-01
5.983586860016358866e-01
6.019966599153564468e-01
6.043610073677201378e-01
6.057165554379640993e-01
6.062998920489156562e-01
6.063157201526272466e-01
6.059359992814240536e-01
6.109503155382078887e-01
6.091437790111294825e-01
6.112942304174269204e-01
6.128436710649033392e-01
6.195737483750674013e-01
6.248472502602665513e-01
6.288258823893321248e-01
6.316919086339717326e-01
6.433669873073997181e-01
6.525327110957169774e-01
6.606873210180209677e-01
6.708459831413635666e-01
6.784044701736909877e-01
6.741095656200107866e-01
6.697985956855941891e-01
6.657022021155156732e-01
6.619689469720797526e-01
6.586831554918546328e-01
6.558803385429271549e-01
6.535602568036585902e-01
6.516977618542015849e-01
6.502515934323285229e-01
6.437041612405587365e-01
6.384263747306225811e-01
6.439922288996372535e-01
6.543895815029994179e-01
6.630040390109483983e-01
6.742286947779799755e-01
6.885757145744993979e-01
6.998123847992266944e-01
7.082904985624672856e-01
7.144034519485158441e-01
7.231199494786855198e-01
7.294706230491514454e-01
7.291667373802468433e-01
7.280707001876366435e-01
7.316361009088552247e-01
7.339711393544280371e-01
7.302529326079083560e-01
7.318341125467565655e-01
7.327987747919562089e-01
7.332877004529357867e-01
7.334221867919242799e-01
7.378633734028402502e-01
7.413280643415707249e-01
7.489461520841950160e-01
7.595645694664866499e-01
7.728217472065389559e-01
7.830702032822304259e-01
7.906914627574063159e-01
7.960891308279411938e-01
7.996597854701975594e-01
8.113847954569821663e-01
8.202185702083428787e-01
8.315959357577160649e-01
8.400693456208564447e-01
8.505809752945482360e-01
8.633277226249802538e-01
8.727491885194273991e-01
8.890051928684465921e-01
9.011662472096521048e-01
9.098286455521884530e-01
9.210610399494375544e-01
9.331501604909832048e-01
9.417051910679579141e-01
9.529459154336183957e-01
9.609015580101859522e-01
9.700397297099202509e-01
9.762298872425116958e-01
9.762401569980001526e-01
9.751224969666993925e-01
9.789931218963480175e-01
9.814368522391737626e-01
9.827432512869260783e-01
9.831790383489807938e-01
9.829799494398853144e-01
9.843105038282877750e-01
9.850281495374708651e-01
9.873142098020438739e-01
9.889226253073322148e-01
9.940204533812998511e-01
9.938592405630106708e-01
9.996957770909747909e-01
1.001934385143573358e+00
1.009735736693485597e+00
1.015750650600873550e+00
1.020193466440704189e+00
1.027191569251358239e+00
1.038710223750797024e+00
1.047499640333577009e+00
1.060403580919635491e+00
1.070198244633641327e+00
1.083890706794179870e+00
1.094197586106439690e+00
1.108311382554529878e+00
1.118835254799864121e+00
1.133158457588494983e+00
1.143739322583324114e+00
1.154224067852867464e+00
1.161401558174259829e+00
1.165911256048279165e+00
1.185259673088039367e+00
1.199849293838006314e+00
1.217453499809372675e+00
1.230440799516913764e+00
1.249089230658607219e+00
1.262681543990503696e+00
1.279233239287130619e+00
1.291109125881584774e+00
1.306334684595272799e+00
1.309918645054997777e+00
1.311168648243985491e+00
1.317982126029053846e+00
1.322333809245514802e+00
1.332051449257637410e+00
1.338980109303378851e+00
1.343585590216882508e+00
1.353736062334238266e+00
1.362690987135878995e+00
1.368941655514189781e+00
1.380379235201813826e+00
1.396127686829808034e+00
1.415386218076958968e+00
1.429962554910941597e+00
1.440503314453605022e+00
1.447675023793946636e+00
1.459621154832121848e+00
1.468079888184895321e+00
1.473657231163400860e+00
1.485123122520703109e+00
1.500682469715200806e+00
1.512093222073121135e+00
1.527480597019117425e+00
1.546112084488682203e+00
1.567312306764344632e+00
1.583059002367882773e+00
1.601602246757633186e+00
1.622391969911125109e+00
1.644913263953403204e+00
1.667982973664404289e+00
1.684504561192160521e+00
1.702872528284371079e+00
1.722740503646629451e+00
1.742557287293404755e+00
1.763211391365366865e+00
1.784479929595494729e+00
1.806165963382218020e+00
1.821479503444955128e+00
1.838242077315760836e+00
1.849704967606994988e+00
1.863419894308001812e+00
1.881089792044460252e+00
1.895877530905217601e+00
1.906224321443257264e+00
1.912878609004485586e+00
1.918939433547357076e+00
1.928960738719795120e+00
1.944953255892431621e+00
1.956768885119655632e+00
1.974462333994361662e+00
1.994248158688462169e+00
2.015428348691474358e+00
2.040667017900765323e+00
2.065809443593779271e+00
2.094009531404987356e+00
2.120920243467478983e+00
2.144146599598631298e+00
2.166575909920004595e+00
2.182162620056729452e+00
2.198040312053053391e+00
2.208385945289232932e+00
2.220072382718574655e+00
2.232903574404158320e+00
2.241211662504392521e+00
2.251402155317005160e+00
2.262242674472201731e+00
2.274694667656353531e+00
2.287713915028038780e+00
2.301962521195232814e+00
2.321671098452932291e+00
2.340943026104382430e+00
2.355120743297494990e+00
2.374737582844710815e+00
2.389068324834822565e+00
2.404071159254383971e+00
2.424484573244698460e+00
2.449328575991603252e+00
2.473261180729099618e+00
2.495122783642778952e+00
2.520487376865936824e+00
2.538747076499539013e+00
2.555005120351869774e+00
2.565707136140685574e+00
2.577878444898635379e+00
2.589307821748008998e+00
2.596557933219679537e+00
2.600567002697800945e+00
2.607987665089120277e+00
2.612586163401542372e+00
2.624299649243296173e+00
2.632626793385051123e+00
2.647399134887838734e+00
2.664225465331365506e+00
2.682797881100010606e+00
2.696645957184995446e+00
2.715541043251721298e+00
2.729368081567367987e+00
2.741606303588481897e+00
2.753501224264301328e+00
2.761623783876311133e+00
2.766672982241863643e+00
2.775716687683487560e+00
2.788287208279668583e+00
2.803912538628636320e+00
2.815465087433804303e+00
2.830227482746783263e+00
2.847737874482018761e+00
2.867545381502785595e+00
2.889222986045044905e+00
2.912377282963970249e+00
2.929510493131357585e+00
2.948643046623444341e+00
2.969472505648943716e+00
2.991700241517941006e+00
3.015043033137214223e+00
3.032655517133110656e+00
3.044471414926161135e+00
3.058961874763150846e+00
3.068530251264993236e+00
3.074683077095013317e+00
3.085275443875859835e+00
3.092037083792548380e+00
3.102850826863160272e+00
3.110130204509011342e+00
3.114807956450234006e+00
3.123969222817327029e+00
3.130290055178326813e+00
3.141180240229432208e+00
-3.127289663865876257e+00
-3.109468657132974823e+00
-3.096094876919416095e+00
-3.079639989354011842e+00
-3.060717012100579559e+00
-3.039901500034082105e+00
-3.024548581468657904e+00
-3.006976875305521268e+00
-2.987648726563811863e+00
-2.965801398331333605e+00
-2.942972924547806457e+00
-2.919564796368160131e+00
-2.895916535689470273e+00
-2.872300789446214253e+00
-2.855484069091559718e+00
-2.837719900467472023e+00
-2.819202788370496204e+00
-2.797857085531931354e+00
-2.782680472034403163e+00
-2.766269078064198084e+00
-2.755121233699108885e+00
-2.741973295133328214e+00
-2.724427693649575488e+00
-2.703010354203352783e+00
-2.687345135507372085e+00
-2.667356130196462338e+00
-2.646855680205406181e+00
-2.632186302355940644e+00
-2.616420822491202003e+00
-2.602196747071968019e+00
-2.586721513458807742e+00
-2.576107890810665602e+00
-2.563683052357380365e+00
-2.551666863027661769e+00
-2.537951182603205957e+00
-2.518976442985356279e+00
-2.499704343872156453e+00
-2.481708320716574434e+00
-2.463516999547183950e+00
-2.446296492973892178e+00
-2.428944142468097311e+00
-2.412261405265808900e+00
-2.390849361816009822e+00
-2.370330983631343980e+00
-2.350876415534373542e+00
-2.332323273051262191e+00
-2.314396578587752717e+00
-2.301899514912244538e+00
-2.284124153139724278e+00
-2.271662760658681002e+00
-2.259177654285098313e+00
-2.245695406216911216e+00
-2.231136348042930706e+00
-2.216828040281411560e+00
-2.201444743575721841e+00
-2.190639757331399373e+00
-2.177908764239097295e+00
-2.159440899641762446e+00
-2.140102992186051711e+00
-2.125972161987872422e+00
-2.106554819016453362e+00
-2.082932412071079931e+00
-2.065690276305338635e+00
-2.044328101218964022e+00
-2.026065682740992191e+00
-2.016526986227522134e+00
-2.004649879832784531e+00
-1.996896352650952222e+00
-1.986074967578207229e+00
-1.978890825710224233e+00
-1.974642551183889427e+00
-1.963495791580243122e+00
-1.949252702244269830e+00
-1.929889431605444683e+00
-1.915560056835884373e+00
-1.898877217811346663e+00
-1.886833984777330553e+00
-1.871988893035663626e+00
-1.861441729670183287e+00
-1.847706276319145857e+00
-1.836166372859925122e+00
-1.823389736660492755e+00
-1.805906057824532729e+00
-1.793213859892649698e+00
-1.777647444428882340e+00
-1.759641774218265287e+00
-1.745342993569568346e+00
-1.735528787707627307e+00
-1.722440791928499415e+00
-1.713428218445360640e+00
-1.707707022963274479e+00
-1.697691669024473660e+00
-1.690882670054702830e+00
-1.679762285884456752e+00
-1.671911210201713516e+00
-1.659820141736664256e+00
-1.651127971517821091e+00
-1.645269383678853226e+00
-1.634721208800139713e+00
-1.619880045167931604e+00
-1.602102531811832486e+00
-1.582042096459266078e+00
-1.560269438804056774e+00
-1.544136734878862161e+00
-1.532747470375425580e+00
-1.518399378191459981e+00
-1.508396396781874982e+00
-1.495115840243777861e+00
-1.485885509310592933e+00
-1.479950063781851233e+00
-1.469133924798550428e+00
-1.462330252122119312e+00
-1.450533061766973386e+00
-1.442972622985832620e+00
-1.438124792012049014e+00
-1.428636858417096533e+00
-1.422034168156676603e+00
-1.417773488706746132e+00
-1.415358163216217324e+00
-1.414349225457609105e+00
-1.407669216741760820e+00
-1.401801322213833467e+00
-1.397695387973495684e+00
-1.388282001136057264e+00
-1.381250954070180947e+00
-1.369503223659344515e+00
-1.353965925288118433e+00
-1.330499589551469741e+00
-1.312769012972558880e+00
-1.293433380630285345e+00
-1.279347446650434872e+00
-1.263289138592365468e+00
-1.251914646711878687e+00
-1.236041477651455445e+00
-1.224632187216782242e+00
-1.216919067994896464e+00
-1.212182478424957521e+00
-1.209770194265710197e+00
-1.202971835956535340e+00
-1.198556165737303392e+00
-1.196027530571902364e+00
-1.192522268519936368e+00
-1.184356035366539217e+00
-1.178446333279978608e+00
-1.174430358846551670e+00
-1.174519839866695170e+00
-1.175341863268470899e+00
-1.174088104213942607e+00
-1.173553706040513900e+00
-1.167450802368700469e+00
-1.160201040959986996e+00
-1.157341746427956508e+00
-1.149472543682500403e+00
-1.143572571150187622e+00
-1.139341933649645311e+00
-1.133709780313310489e+00
-1.132461047299553547e+00
-1.132035752567682962e+00
-1.132202330675032176e+00
-1.129976495583094209e+00
-1.128498610706120564e+00
-1.121648892682716392e+00
-1.113440537524116092e+00
-1.107066501295445704e+00
-1.102326890789733449e+00
-1.098991204732337579e+00
-1.090832875389659673e+00
-1.084720779935752111e+00
-1.080355868872600711e+00
-1.068329782580360154e+00
-1.059099554682823463e+00
-1.052312902654739979e+00
-1.041773933817374154e+00
-1.030589075028624624e+00
-1.016562440149130886e+00
-1.002488583415781953e+00
-9.920094710183041675e-01
-9.751613293278029726e-01
-9.625237634411448751e-01
-9.439399000830664965e-01
-9.300719973423602349e-01
-9.202613227515711314e-01
-9.041023238223074854e-01
-8.923795044226168205e-01
-8.843897834155287629e-01
-8.794350845513854154e-01
-8.715392235470442728e-01
-8.567205251979723712e-01
-8.459265166748011211e-01
-8.287729598626729643e-01
-8.161271381668792069e-01
-7.975703262516194991e-01
-7.838956297833848952e-01
-7.743315110536660439e-01
-7.584391053822476803e-01
-7.423570354652493375e-01
-7.258430537778918223e-01
-7.088063477630555109e-01
-6.920871344796409863e-01
-6.706220133307161380e-01
-6.549478283616886332e-01
-6.386475542664402649e-01
-6.271897466245912600e-01
-6.141207875558021279e-01
-5.955733640830230824e-01
-5.763432623822132284e-01
-5.623638116033560230e-01
-5.432130208350050005e-01
-5.259610370495682030e-01
-5.079425158623696035e-01
-4.858830151923827501e-01
-4.638448438694191545e-01
-4.479810241991888375e-01
-4.309636772888840728e-01
-4.127976307802414535e-01
-3.999841388302021183e-01
-3.824822724578953448e-01
-3.637279452355219878e-01
-3.480394008403622230e-01
-3.308657754669594997e-01
-3.189374122689094815e-01
-3.025776360049077240e-01
-2.932574948159258899e-01
-2.808900596386714188e-01
-2.657907180551635218e-01
-2.465823758328731241e-01
-2.326773795376584353e-01
-2.163837901836622724e-01
-1.980312993813793110e-01
-1.848397635500687031e-01
-1.621062969712039337e-01
-1.463166926727286210e-01
-1.281481923263547706e-01
-1.079552541276957989e-01
-8.610561156558138585e-02
-6.295910731538278959e-02
-3.885129782656693287e-02
-2.143067017049804512e-02
-2.283449972969586739e-03
1.818523730743670797e-02
3.230709678916121597e-02
4.133182041843119769e-02
5.319473216593895160e-02
6.110735609836259741e-02
7.274386972348989566e-02
7.991549560116006923e-02
9.102915509686604345e-02
1.054446049590029855e-01
1.225462944499831064e-01
1.417611439915360538e-01
1.625696674772032502e-01
1.845125420683906281e-01
2.005103180595337875e-01
2.130284756255009793e-01
2.214112792637272786e-01
2.264487131479095972e-01
2.304551408685435732e-01
2.322351775042208466e-01
2.323308159013584007e-01
2.328713907182295983e-01
2.411127760755717997e-01
2.562039911446309937e-01
2.680094298439621436e-01
2.862308602351497644e-01
3.003130158910671810e-01
3.180314754410964451e-01
3.384980904625269904e-01
3.535828024992873075e-01
3.713204108154257721e-01
3.910119885547411744e-01
4.120242830633729092e-01
4.338184753765346180e-01
4.527118215578775917e-01
4.720611497560800451e-01
4.886951811009736524e-01
5.063039698950588807e-01
5.184762826935016555e-01
5.263273309419538304e-01
5.368484918899836256e-01
5.532497224000041403e-01
5.650125216995600663e-01
5.729583825887477611e-01
5.875278329909460195e-01
5.980004475314880663e-01
6.108237199736111789e-01
6.295771723512323392e-01
6.434288314764441408e-01
6.574304223567415395e-01
6.729103030806204977e-01
6.839264994922478191e-01
7.012267895179747912e-01
7.137677544850381528e-01
7.276250242688282466e-01
7.419639035447689324e-01
7.520485804926114737e-01
7.686730517180433431e-01
7.857169818904938818e-01
8.029587542693598090e-01
8.153510353022868085e-01
8.285071082233960160e-01
8.427064542004997216e-01
8.526247576466008393e-01
8.690358669569646644e-01
8.808277753949940170e-01
8.987513892160413631e-01
9.216587984866896344e-01
9.385818106718085696e-01
9.602847247300521083e-01
9.760090184141932967e-01
9.964637500823436689e-01
1.017003226189539200e+00
1.031741442364709993e+00
1.047732627683614748e+00
1.064989726633469580e+00
1.080551843551493363e+00
1.097484843729829684e+00
1.109348621797805023e+00
1.120135528945464864e+00
1.133339474128723046e+00
1.142297497696612485e+00
1.157142686913753105e+00
1.174015890409201957e+00
1.186125502500637419e+00
1.203377684743052178e+00
1.215703910635236085e+00
1.230554082856269771e+00
1.247622595560492043e+00
1.266613410214679103e+00
1.289205308234808500e+00
1.305762292541787328e+00
1.324048502679478823e+00
1.345417302050899711e+00
1.360715689199823109e+00
1.377837080168745398e+00
1.396571196575638885e+00
1.417760289016849029e+00
1.439662232851936396e+00
1.455321315205585941e+00
1.472672871789739490e+00
1.491515346826041366e+00
1.511633099006330250e+00
1.532806710850383114e+00
1.554821371010535636e+00
1.570594811706094829e+00
1.581187359015384875e+00
1.594665398025308489e+00
1.603502837976234163e+00
1.615632643496067056e+00
1.630601817045283397e+00
1.641036491935369712e+00
1.654662676342848693e+00
1.670959619709764477e+00
1.682566489440961988e+00
1.697140775033010307e+00
1.707355468018031397e+00
1.720798419657270983e+00
1.730158399810518333e+00
1.742937268284497687e+00
1.751838758867374501e+00
1.764275245251578417e+00
1.772974244213252559e+00
1.778631095516984839e+00
1.788503316426983902e+00
1.795303220004736078e+00
1.794532760227105950e+00
1.791224457544010162e+00
1.787577612652767156e+00
1.790524665443380847e+00
1.792415085985878287e+00
1.793473402929773863e+00
1.795406456205624890e+00
1.803279467780886547e+00
1.809389349206619979e+00
1.820596158369081508e+00
1.829242347527037404e+00
1.842253806816693373e+00
1.858674033588682217e+00
1.877613850639455073e+00
1.891889041641832137e+00
1.895823493500285561e+00
1.897694672740696475e+00
1.898035634631215496e+00
1.897294955891039692e+00
1.889439626962276408e+00
1.888731846355268917e+00
1.881319722472023281e+00
1.874919725508146229e+00
1.869565082385673316e+00
1.858708521070688402e+00
1.849940553122376485e+00
1.843102014829276936e+00
1.837977168952175777e+00
1.834322451880310956e+00
1.831888317590331550e+00
1.828685809673626483e+00
1.820020640410896062e+00
1.813455637901889128e+00
1.808686286218949668e+00
1.805408989161681133e+00
1.803336762292032214e+00
1.803762166663189781e+00
1.803060461029182715e+00
1.796319661896799591e+00
1.791165107674421719e+00
1.787386905682572635e+00
1.778145407885741491e+00
1.771039320108702020e+00
1.759129859461981304e+00
1.749990808875601767e+00
1.742112146380396798e+00
1.729902008258448864e+00
1.727480128929093084e+00
1.719829898596842321e+00
1.714431594314368423e+00
1.710876585856399679e+00
1.702152102533557310e+00
1.695761964476039774e+00
1.684673021823497763e+00
1.676384361161189496e+00
1.670486926362779068e+00
1.666568944922683704e+00
1.664238537214057789e+00
1.656427681262074625e+00
1.650748475916665514e+00
1.646857372393175201e+00
1.644419417710160314e+00
1.643123668245888735e+00
1.642692600858415952e+00
1.642886846967570369e+00
1.643506423169811992e+00
1.644389461373003902e+00
1.645409270292841786e+00
1.646470397377007400e+00
1.647504210905801125e+00
1.648464389474562530e+00
1.649322592308811286e+00
1.650064489626995590e+00
1.657419983393859431e+00
1.663420574094517823e+00
1.674874215647521591e+00
1.683958595520246071e+00
1.690918445908622170e+00
1.696881903642699863e+00
1.707935112073019068e+00
1.716395423252155217e+00
1.722583951395338486e+00
1.733610925611412723e+00
1.741827617494385194e+00
1.754379382847508939e+00
1.765016828708004581e+00
1.772766053118819629e+00
1.778066202046848954e+00
1.779918661685886416e+00
1.787157139093160874e+00
1.792172232487410755e+00
1.795393246913733254e+00
1.797208592949537609e+00
1.797958183492048168e+00
1.797931260016565558e+00
1.797367631369612972e+00
1.796460988288659077e+00
1.795363407518535404e+00
1.800768123017684408e+00
1.804967898530649428e+00
1.808111699716762777e+00
1.810357526729545308e+00
1.811861580873824540e+00
1.812770880944502228e+00
1.814843639520181018e+00
1.816291889459491715e+00
1.817221985489869240e+00
1.816071146341132092e+00
1.823190742932343955e+00
1.828866720037138682e+00
1.826604682364522114e+00
1.824389593528335407e+00
1.822325214669675120e+00
1.818783738802418615e+00
1.815834465830973965e+00
1.813448747982450593e+00
1.804991897001249512e+00
1.798201728904375685e+00
1.786313832670543666e+00
1.775565762303726647e+00
1.767415759335103198e+00
1.754911348276010807e+00
1.745452086147921467e+00
1.738593982869157006e+00
1.734985174690514276e+00
1.725202920106808202e+00
1.718025073536768588e+00
1.713035530394755312e+00
1.703193421330954527e+00
1.695963562032189564e+00
1.690936481197960584e+00
1.687710361666237002e+00
1.685909989595236746e+00
1.678517391834030592e+00
1.673131918138949903e+00
1.669432006281407643e+00
1.667103580575551858e+00
1.665854633553119912e+00
1.665424187407500423e+00
1.665586857762145545e+00
1.659433920985680100e+00
1.654755760729363256e+00
1.651353524206858436e+00
1.642278901355233023e+00
1.635297486461295247e+00
1.630145464422207757e+00
1.626541166920036252e+00
1.624205853442758585e+00
1.622877893644437020e+00
1.622321621948448422e+00
1.622332045200372885e+00
1.622736441669993646e+00
1.630152698485866303e+00
1.636468945721365253e+00
1.641686293626772430e+00
1.645863811791249409e+00
1.649097577304361462e+00
1.658236228236779741e+00
1.658708343976845301e+00
1.665409798503806993e+00
1.670533369300397641e+00
1.667578010874904981e+00
1.664701369750355209e+00
1.662031102127126347e+00
1.659645364344823237e+00
1.657583654803730822e+00
1.655856419188767026e+00
1.654453289842874764e+00
1.653349936225421146e+00
1.652513582262138403e+00
1.645674301948320650e+00
1.639622267170846248e+00
1.635336544825469973e+00
1.624867563430814732e+00
1.609871732042607029e+00
1.598157441777714904e+00
1.589342850613551406e+00
1.583006865751302117e+00
1.578725595169726326e+00
1.576096588409155119e+00
1.574753785291193253e+00
1.574375605442661419e+00
1.574688096937603587e+00
1.575464620475122812e+00
1.576523197293516310e+00
1.577675781282279477e+00
1.578911396155198377e+00
1.586852926676713960e+00
1.593483897331541499e+00
1.598851256668151422e+00
1.589660047260086362e+00
1.581768175033783974e+00
1.575185653718724321e+00
1.563087897763387968e+00
1.546474347109075165e+00
1.526682295952344504e+00
1.510985618743837078e+00
1.499138649029297499e+00
1.484330089492768678e+00
1.473586388496615607e+00
1.459447772734409066e+00
1.448471210594906022e+00
1.434071921995338617e+00
1.416894819596295374e+00
1.397564977793500418e+00
1.383337374217409765e+00
1.373402058895010658e+00
1.360322126521807951e+00
1.357882149815087036e+00
1.357475211706134832e+00
1.358505683370401229e+00
1.360483833688610478e+00
1.356376988874977263e+00
1.353741495305495590e+00
1.352266583498063612e+00
1.351675853523262916e+00
1.351731063005108924e+00
1.352232785879950994e+00
1.353018900230271715e+00
1.345846106140607068e+00
1.340162771893172566e+00
1.329166375134446243e+00
1.320561684184969220e+00
1.314086718112051022e+00
1.302818979300970348e+00
1.294311432489528846e+00
1.288170896405552934e+00
1.283998039593292173e+00
1.287967978172523509e+00
1.285413286046561243e+00
1.283876551608329475e+00
1.283127894191900653e+00
1.282966298770660263e+00
1.274710050910678572e+00
1.261689282107080201e+00
1.251468250981414565e+00
1.237252623197055090e+00
1.226415406913465400e+00
1.218495344936479263e+00
1.213017141812899213e+00
1.209522388579356011e+00
1.207589034535904826e+00
1.206842421112793051e+00
1.200606473153178921e+00
1.196148921189111203e+00
1.193155926329366512e+00
1.191334528168431994e+00
1.190421269095550239e+00
1.190186502685578684e+00
1.190435652419245649e+00
1.188488700624235728e+00
1.180863300520198722e+00
1.172244645894642945e+00
1.159161548791701968e+00
1.148920349317333001e+00
1.141224121776073908e+00
1.129444447151660480e+00
1.120680425752006215e+00
1.114475114749314155e+00
1.110373468693808929e+00
1.107947875823634964e+00
1.106813256559227687e+00
1.106634624964506708e+00
1.107129375974694296e+00
1.101942453503627739e+00
1.088948867346215543e+00
1.078790694224395885e+00
1.071141573561491533e+00
1.059670992071414464e+00
1.045241843156963668e+00
1.030981726254952324e+00
1.020331446356761429e+00
1.007009389497659946e+00
9.936483336532948574e-01
9.839052096965814620e-01
9.715673558715507419e-01
9.627950403479853536e-01
9.530217275411263511e-01
9.407060652475623952e-01
9.319087228289274494e-01
9.164445429587105840e-01
9.050466525880432878e-01
9.024665122653585669e-01
9.059835236080139298e-01
9.100384393706127950e-01
9.142513906963825043e-01
9.183510186005084952e-01
9.221553274032739944e-01
9.255537233773146744e-01
9.284908519316843467e-01
9.364563480017951136e-01
9.430005899811896297e-01
9.522014541957882772e-01
9.593929286048630267e-01
9.648152545808027503e-01
9.687279030212968545e-01
9.713893016508603484e-01
9.691967009985040793e-01
9.612771042469798743e-01
9.544520273320550308e-01
9.447448952991505111e-01
9.367731089803814637e-01
9.249155938337435545e-01
9.113853980731684290e-01
8.953691820137821278e-01
8.830526803261337099e-01
8.642192134484242283e-01
8.498894338609563892e-01
8.394539321022592704e-01
8.369039087468073124e-01
8.315482970312815247e-01
8.380272645907022033e-01
8.443821052800134508e-01
8.503162696785856456e-01
8.556450435033117197e-01
8.602714578881335283e-01
8.641648702999941145e-01
8.628679297392868319e-01
8.564617037613754258e-01
8.466038952174256282e-01
8.334111034959691411e-01
8.181969284497190298e-01
8.061975956684472866e-01
7.970978531374096621e-01
7.855479576387111029e-01
7.770867657050748445e-01
7.661987683474673627e-01
7.582731880569861804e-01
7.528404020706259692e-01
7.446828125695368339e-01
7.390392941136575411e-01
7.302589872009590533e-01
7.239843093646304295e-01
7.197922663126686826e-01
7.127012954039635417e-01
6.980180808028400019e-01
6.869496922681562756e-01
6.735713984408054911e-01
6.636618273624820263e-01
6.566958730034372360e-01
6.424323424205417021e-01
6.374575288680334184e-01
6.290624494325727234e-01
6.232944927929924273e-01
6.196611295934131292e-01
6.177072302503602286e-01
6.130426157461735803e-01
6.100578499285501666e-01
6.083853510705314882e-01
6.077052960933069237e-01
6.116567027122662425e-01
6.114761667007239110e-01
6.156046282608058640e-01
6.192878047332172065e-01
6.224646473566475269e-01
6.251185473961818895e-01
6.272655157101921786e-01
6.192664276090196207e-01
6.126235972265126062e-01
6.015709376445826928e-01
5.888196384776067660e-01
5.788625928309725222e-01
5.713649610414651692e-01
5.659643368960787235e-01
5.622998745413281263e-01
5.600312634149520186e-01
5.588501890632378011e-01
5.584863554151691112e-01
5.587096419986308238e-01
5.593295734705350242e-01
5.601929838044710230e-01
5.611805411506989305e-01
5.622026383366220958e-01
5.631950299894239453e-01
5.735879545472699625e-01
5.726755836668842026e-01
5.717687278656390371e-01
5.651182910062924059e-01
5.595733177850277240e-01
5.550977275150585921e-01
5.420908685733636379e-01
5.317241540316912651e-01
5.143319418397922504e-01
5.008206677246112015e-01
4.907055914368958494e-01
4.834711531182369626e-01
4.786102021895122238e-01
4.756487287989823454e-01
4.741602238002333713e-01
4.737727736873105222e-01
4.741711310157090686e-01
4.750953595016036424e-01
4.702655753261415494e-01
4.605429233928413080e-01
4.499346217079018828e-01
4.418438812128298032e-01
4.297068571287014915e-01
4.204937021664847396e-01
4.110628614024116612e-01
4.070229709138166729e-01
4.046552475858489206e-01
4.009015222166107950e-01
3.986200528142236355e-01
3.912079173563791645e-01
3.857848665770322594e-01
3.820291254613856768e-01
3.796303623302210717e-01
3.783020819077962393e-01
3.714598987517521156e-01
3.663440580142049985e-01
3.562994484749397728e-01
3.462696130840337005e-01
3.323612025686977223e-01
3.217816129726356333e-01
3.140767658410421603e-01
3.022655787251768977e-01
2.870048644048033282e-01
2.755286096602564960e-01
2.588922742668111621e-01
2.466039610984138708e-01
2.313314300008830759e-01
2.202483129484613666e-01
2.126612845111945926e-01
2.079040442940702782e-01
2.053651401500056206e-01
2.045033811757215325e-01
1.981626808971708176e-01
1.938594367415062969e-01
1.912064120676097989e-01
1.831038954352326442e-01
1.771862030985984493e-01
1.663194092149089531e-01
1.570880147224520407e-01
1.504678443269453769e-01
1.392516340990763712e-01
1.377396572328248858e-01
1.307420989734284777e-01
1.258557841506244834e-01
1.226910565015060239e-01
1.208884367591900322e-01
1.201276313143873065e-01
1.201318110738669453e-01
1.206684694319501983e-01
1.215478656111483868e-01
1.226198386247012717e-01
1.237696108213246493e-01
1.249130677446927962e-01
1.259918901819478965e-01
1.269688184839141698e-01
1.278232462030812755e-01
1.285472693986289272e-01
1.291422596744884466e-01
1.296159829674410346e-01
1.232399032980833198e-01
1.187986001496437183e-01
1.076401242285924820e-01
9.189244894942416586e-02
7.257610155512095318e-02
6.428248476772413511e-02
5.126679405702816439e-02
4.171213948847207753e-02
2.829806260368394888e-02
1.848068889535192660e-02
1.165493422080099428e-02
7.251092910205203523e-03
4.752852809589924732e-03
3.706229741493372032e-03
1.039350922876525196e-02
1.671045955727623600e-02
2.916735080076926501e-02
3.971133089820000350e-02
4.834776009540830977e-02
4.870051894723714803e-02
4.137991255773187937e-02
3.504781961893854714e-02
2.286175443869198354e-02
1.302679489672375901e-02
-1.774133772745045690e-03
-1.337483161696217948e-02
-2.923026555910190893e-02
-4.147924722938056696e-02
-5.053510190309129513e-02
-5.686549659879158725e-02
-6.094883785349081151e-02
-6.324328734610684677e-02
-6.416660553338426887e-02
-7.108730657315498469e-02
-8.360172350259298391e-02
-9.319452681908257929e-02
-1.065337487257527194e-01
-1.164190408768166485e-01
-1.303504773524311044e-01
-1.405840780927223310e-01
-1.477288837539125765e-01
-1.523659969976458584e-01
-1.618707510186450094e-01
-1.697557600812444889e-01
-1.752115597113577117e-01
-1.786700857553427113e-01
-1.874534636567835033e-01
-2.006665182739801878e-01
-2.105481734222343082e-01
-2.244315000998320375e-01
-2.346803349410813144e-01
-2.486409518681342856e-01
-2.588169270053246596e-01
-2.725289797490275667e-01
-2.890400683843141749e-01
-2.945409564357932553e-01
-3.062316678938827863e-01
-3.145531812881185996e-01
-3.200755410130309286e-01
-3.233455204654542836e-01
-3.248654187179691455e-01
-3.316803954698808177e-01
-3.429147216270542753e-01
-3.511768197444069539e-01
-3.658773761191818075e-01
-3.769726015184524659e-01
-3.849611602413793854e-01
-3.967850180179215425e-01
-4.144551327136756225e-01
-4.277791607592635881e-01
-4.436677225968441718e-01
-4.552257979697245105e-01
-4.631708258620232943e-01
-4.713427370846261510e-01
-4.829125935195612840e-01
-4.910716465143860621e-01
-5.025547818535276434e-01
-5.106274316254106882e-01
-5.159150895026027861e-01
-5.250015534811207640e-01
-5.312477016676921959e-01
-5.352117916272216558e-01
-5.432616451042231454e-01
-5.582110686187924387e-01
-5.694482828064866275e-01
-5.775285743452404086e-01
-5.905651378414304986e-01
-6.060180947964893816e-01
-6.175637332009777936e-01
-6.257438178891134850e-01
-6.311234090831712162e-01
-6.398616282605277261e-01
-6.458004417420996068e-01
-6.494858373078974401e-01
-6.514153408659595357e-01
-6.562474044726082090e-01
-6.648792551971902665e-01
-6.711278171701048345e-01
-6.851600231911586514e-01
-6.958097005821695102e-01
-7.080612012116525023e-01
-7.223982129263449847e-01
-7.329907625679761285e-01
-7.451512413422425318e-01
-7.487678961055541649e-01
-7.504686337260313422e-01
-7.507169793534987923e-01
-7.600986951573086570e-01
-7.669862803205006463e-01
-7.768225009600863151e-01
-7.892178518159955747e-01
-8.036316081709975467e-01
-8.144438009224829189e-01
-8.271172013590466499e-01
-8.410643005833865482e-01
-8.611886844314453615e-01
-8.760827494495081469e-01
-8.910862271904305132e-01
-8.972233009181437291e-01
-9.006503510771389776e-01
-9.020262254531011825e-01
-9.062386149850676365e-01
-9.043058515818205301e-01
-9.017678051701026876e-01
-9.087730304642142043e-01
-9.139361514027756206e-01
-9.231333708126499005e-01
-9.300969091406567912e-01
-9.450178797076778103e-01
-9.623295466268769749e-01
-9.796638678062110639e-01
-9.986111229797661748e-01
-1.012845295703658888e+00
-1.029139804203802688e+00
-1.041032221515051148e+00
-1.055465136242129898e+00
-1.075637371041513246e+00
-1.096995584942269897e+00
-1.119362875746034547e+00
-1.135891079573855267e+00
-1.147406708206861525e+00
-1.154777689715799749e+00
-1.158846309354350179e+00
-1.163328622182317584e+00
-1.175002689667617561e+00
-1.185754522146587275e+00
-1.195593231475896356e+00
-1.208613803381867857e+00
-1.215370892216654841e+00
-1.219568817313593678e+00
-1.221778027274956324e+00
-1.231398996800034507e+00
-1.244844659379974239e+00
-1.340714716073555746e+00
-1.243809080837760206e+00
-1.344293158633173668e+00
-1.251120136105955849e+00
-1.350445972281970164e+00
-1.368403556505783047e+00
-1.391172799637488300e+00
-1.405542221723908414e+00
-1.423351527815486905e+00
-1.443234393073257626e+00
-1.456028058498668010e+00
-1.472027683727203939e+00
-1.490264806092684413e+00
-1.502846000721381747e+00
-1.518258498789063493e+00
-1.528894691256557969e+00
-1.542667736874085538e+00
-1.552135221015013000e+00
-1.564995362269204104e+00
-1.580781465764460991e+00
-1.592176413189409390e+00
-1.606839159971584552e+00
-1.617560332784491628e+00
-1.638961093948661851e+00
-1.655602026425974760e+00
-1.674859547077039101e+00
-1.704380165772576339e+00
-1.734263439533691109e+00
-1.763924078813361440e+00
-1.792933581193075554e+00
-1.821012877083951764e+00
-1.848011372930192575e+00
-1.871710358897616944e+00
-1.887634662655562234e+00
-1.897489404777722211e+00
-1.909391316822745877e+00
-1.916564564773031165e+00
-1.920146907709694206e+00
-1.927597962042324697e+00
-1.938394543674833104e+00
-1.948124731568552592e+00
-1.961021928298321670e+00
-1.976482138901994201e+00
-1.993902065398157619e+00
-2.012717446063827964e+00
-2.032428552655292986e+00
-2.049752895548441423e+00
-2.065348718497903135e+00
-2.076400930186263594e+00
-2.093070671110510261e+00
-2.108656382738475887e+00
-2.125821789541585627e+00
-2.141951358720741716e+00
-2.159407377127161354e+00
-2.181805023683654365e+00
-2.208329417199762279e+00
-2.233729258697473963e+00
-2.262214339714534006e+00
-2.288389903204346432e+00
-2.312172723471272562e+00
-2.333661757732544029e+00
-2.357948823073146016e+00
-2.379800842926322879e+00
-2.394924165984735787e+00
-2.414325780921950937e+00
-2.432888418007714826e+00
-2.451050843699178472e+00
-2.468045010944352136e+00
-2.489352895346288008e+00
-2.504451025510365803e+00
-2.529823190092781893e+00
-2.554200901291353354e+00
-2.575688468907696649e+00
-2.600310684156398544e+00
-2.623851110069230774e+00
-2.649980434119160400e+00
-2.677955049926537434e+00
-2.704177943861655997e+00
-2.731868942642367681e+00
-2.760421636314493554e+00
-2.786959554100307379e+00
-2.805577292021085078e+00
-2.824216065574034040e+00
-2.843147475005972868e+00
-2.855977041547701045e+00
-2.870472826275352940e+00
-2.886624530490509155e+00
-2.904354686490661308e+00
-2.916705890841849946e+00
-2.931473765594892811e+00
-2.948432497417601716e+00
-2.967316667807734287e+00
-2.987841623442463845e+00
-3.009719994830459378e+00
-3.032674692830600094e+00
-3.049226751845744321e+00
-3.075362637195418358e+00
-3.093860052025328322e+00
-3.114009246791439978e+00
-3.135073011185874670e+00
3.133448561971707846e+00
3.116838292227007479e+00
3.098528392114201058e+00
3.078785907652203058e+00
3.057285098471880680e+00
3.034706928068569010e+00
3.012284275935498634e+00
2.989500764030822211e+00
2.965293031214800479e+00
2.940971707391555778e+00
2.916728907778850743e+00
2.892716525298729913e+00
2.875823116283322989e+00
2.857986589355138385e+00
2.837263226370523306e+00
2.816060695791233748e+00
2.794598790299849256e+00
2.770543157902057629e+00
2.749478415437428325e+00
2.732243990102379616e+00
2.714310662777338568e+00
2.695863257617248543e+00
2.677086873080680274e+00
2.658152780759401423e+00
2.645161313145591109e+00
2.627688597092500800e+00
2.615563606109799544e+00
2.598474063211151819e+00
2.586440169578245296e+00
2.578568575478611624e+00
2.570325969701328095e+00
2.559477212087557518e+00
2.548332598573471053e+00
2.536707422980784887e+00
2.522784485712398439e+00
2.508646098369939459e+00
2.492754221630166800e+00
2.471229496024832439e+00
2.455254111472976231e+00
2.438523756327881653e+00
2.421438996450690162e+00
2.409570246677136041e+00
2.396713349156700090e+00
2.383145074669082319e+00
2.369247287925593692e+00
2.359680907836232855e+00
2.348786430810359427e+00
2.336677923503728938e+00
2.318693813366799361e+00
2.305493609782922615e+00
2.291192625528773785e+00
2.276554418643150779e+00
2.261877704717703885e+00
2.246357356039594411e+00
2.229960884873704252e+00
2.218153917539436026e+00
2.206119543792645299e+00
2.188510760792997445e+00
2.170244025623238038e+00
2.157009851002767764e+00
2.147982061688136213e+00
2.136599269260046619e+00
2.125262379738813046e+00
2.111784136906739828e+00
2.102302097225228206e+00
2.086749235864586716e+00
2.069561842722201561e+00
2.057036584070461416e+00
2.039180007591133936e+00
2.026266047703627837e+00
2.017460596341829060e+00
2.011968051679266623e+00
2.002855609916050827e+00
1.996801812541318721e+00
1.993207370312438664e+00
1.985215871599500748e+00
1.979761060304238374e+00
1.976378622280486219e+00
1.971910304963124139e+00
1.969200949364750874e+00
1.961489919603514265e+00
1.955949591243843599e+00
1.945800471313182900e+00
1.935771165035074848e+00
1.922052902686238740e+00
1.911774664252269718e+00
1.904424186000236441e+00
1.897296181916562574e+00
1.886134134382725369e+00
1.878057582763990041e+00
1.872533156638864549e+00
1.869062646614578771e+00
1.867196976648986873e+00
1.866543096897450349e+00
1.866766056770053472e+00
1.861133673301049063e+00
1.857037201977043583e+00
1.847715225836565445e+00
1.840594148904091787e+00
1.828798465581193744e+00
1.819781196025030079e+00
1.804917187753528829e+00
1.795218823267142882e+00
1.780102802338219270e+00
1.768856287114169534e+00
1.768927191841989544e+00
1.762143216244535182e+00
1.750905305545054969e+00
1.742710188100397239e+00
1.730313783098898384e+00
1.721207616117804484e+00
1.714875301256211459e+00
1.704021393874941559e+00
1.696186929495243412e+00
1.684051297887382725e+00
1.675183770728187804e+00
1.661586304923533541e+00
1.651705032799313244e+00
1.644899699864091902e+00
1.633813610323401555e+00
1.619164130443707661e+00
1.608380263226834250e+00
1.594091940229862780e+00
1.576936058364189153e+00
1.564261753728160009e+00
1.555370727874122005e+00
1.542827489813674235e+00
1.533980088023255473e+00
1.528170319113465014e+00
1.524468112161110112e+00
1.529783703088390734e+00
1.534992331112359665e+00
1.540114877204620702e+00
1.544905343960771837e+00
1.549355148787731062e+00
1.553035174107256555e+00
1.563045604512599995e+00
1.571235251635436425e+00
1.577681393277300170e+00
1.582526514776663840e+00
1.586121437549433466e+00
1.588488334628016752e+00
1.589952248428131432e+00
1.590717285673126202e+00
1.590959977738438003e+00
1.590828876098393740e+00
1.590445785891595687e+00
1.590038180293499970e+00
1.589520954853270052e+00
1.582075867930882396e+00
1.568937767112107640e+00
1.558211316734158913e+00
1.549749387254085731e+00
1.536388567883334888e+00
1.526058147462140413e+00
1.511462483226694964e+00
1.500409172381083067e+00
1.492407992489648283e+00
1.487529306972376064e+00
1.484639509515820466e+00
1.483261748348871034e+00
1.482993570744791656e+00
1.490243679815256961e+00
1.496754869606570892e+00
1.502415134823270826e+00
1.507190081148037430e+00
1.511100911417067039e+00
1.514206534903771662e+00
1.516589292305435821e+00
1.518343823119927771e+00
1.519568635238704557e+00
1.513615976134548013e+00
1.508128383959313368e+00
1.504003292100589029e+00
1.493434250760138138e+00
1.484873254781843954e+00
1.471338585384718289e+00
1.460710280136373163e+00
1.445845524377793900e+00
1.434488643305727784e+00
1.419375414305823035e+00
1.401328010446113215e+00
1.381101660330045000e+00
1.366023539955017574e+00
1.348665427198848299e+00
1.336147027712958568e+00
1.319407661139157417e+00
1.307294186988005036e+00
1.292507779427903847e+00
1.275574875190687241e+00
1.261391446994753363e+00
1.244959802540293925e+00
1.233228331555994206e+00
1.225403041617738609e+00
1.214295129617723124e+00
1.206826046885155712e+00
1.202275870835800342e+00
1.199991790833013994e+00
1.199402217314687658e+00
1.200021671374065235e+00
1.198973609819233399e+00
1.198864780871638613e+00
1.192990977348344472e+00
1.188718032714393136e+00
1.176745636387024119e+00
1.167451790657591193e+00
1.154148467151323576e+00
1.144084114606389591e+00
1.130514509044601823e+00
1.120485525184126141e+00
1.107261668684581091e+00
1.094533978853363454e+00
1.079221143247730774e+00
1.067999664836014162e+00
1.060202422920579091e+00
1.055188642517041586e+00
1.052369867020820582e+00
1.051224178267840870e+00
1.051302318777323830e+00
1.052228275711810657e+00
1.053696123265195794e+00
1.058818099763786380e+00
1.060084128813131077e+00
1.061375984175905396e+00
1.062618275365506459e+00
1.069758391615463378e+00
1.075716971994778781e+00
1.080529669788004465e+00
1.078185811943235928e+00
1.076009985591505513e+00
1.064709233441700764e+00
1.055353390783505763e+00
1.041881919609114249e+00
1.031258151493566366e+00
1.013714002043287543e+00
1.000054962341379028e+00
9.802810271109692053e-01
9.651298357232093172e-01
9.579858263907616855e-01
9.591727468514968935e-01
9.614318835236740357e-01
9.643193265625434885e-01
9.674927071469286988e-01
9.706982847596947739e-01
9.737574280787940628e-01
9.765532969793667695e-01
9.751581334471818296e-01
9.683670077702200008e-01
9.629142849906365820e-01
9.586847687391387707e-01
9.458519457590470747e-01
9.356775922036243420e-01
9.237063908933350609e-01
9.089442736544938173e-01
8.922330432618635898e-01
8.796653906402223111e-01
8.608525812747890305e-01
8.467636537079078485e-01
8.366881017785003927e-01
8.201727935832989758e-01
8.080990687022130414e-01
7.997446221563561108e-01
7.944131458244453325e-01
7.817189482223650954e-01
7.726174284903603029e-01
7.615066851530313263e-01
7.536341326253049866e-01
7.386016060200769617e-01
7.275024132965699497e-01
7.197494547582986568e-01
7.147494513406414951e-01
7.119385423088857578e-01
7.054608598826034305e-01
7.011511978777342780e-01
6.886001833270883887e-01
6.792227579488635536e-01
6.681595429178223133e-01
6.546454875830594045e-01
6.446925181382390235e-01
6.377474441952170059e-01
6.332637724848327876e-01
6.307301689593624028e-01
6.296875214933076448e-01
6.198718661490401072e-01
6.126410024010092714e-01
6.075838844779979375e-01
5.945301444555569637e-01
5.847131411763747399e-01
5.717680637335164073e-01
5.621252248214592129e-01
5.456202719215674790e-01
5.271754499022633933e-01
5.132819654326330472e-01
5.033117396835782298e-01
4.870351787890054851e-01
4.751966157896962972e-01
4.670617195214195050e-01
4.556030186957766848e-01
4.445721159392512778e-01
4.306621873240088494e-01
4.206940369161031867e-01
4.075453781948490395e-01
3.981499952869782533e-01
3.918769914006279276e-01
3.789286920015337845e-01
3.696643283507403677e-01
3.568594843078367607e-01
3.476641481784772392e-01
3.414704110620658817e-01
3.310270520810154604e-01
3.214138303228006865e-01
3.081409670114749755e-01
2.985171785173681425e-01
2.919313448241405151e-01
2.810668038186918682e-01
2.647076956202072395e-01
2.458471203156333829e-01
2.317895317667502120e-01
2.149904986939554785e-01
1.945544864483381708e-01
1.727711212238751681e-01
1.567902777149547955e-01
1.456580654300041466e-01
1.384637218921944690e-01
1.343752935409556759e-01
1.258213176560458724e-01
1.279727448279404101e-01
1.311274371025106245e-01
1.348280879659475850e-01
1.317340607851034129e-01
1.227776494445691480e-01
1.159815864092859083e-01
1.039788217080344079e-01
8.769951277780241305e-02
6.802487833399939454e-02
4.576091789976510782e-02
2.881172123711950306e-02
9.360453200093488135e-03
-1.238191519480569269e-02
-2.874020451122971664e-02
-4.040225164188715468e-02
-4.807687443372343772e-02
-6.001598629461857293e-02
-6.808455361212994994e-02
-8.053147628605406005e-02
-8.845703719805642073e-02
-1.007068202317076278e-01
-1.091408865477594414e-01
-1.209454421929598844e-01
-1.361969256918500459e-01
-1.470761987647020153e-01
-1.603189285893760196e-01
-1.706993917746471023e-01
-1.777400346083783944e-01
-1.889926077878421040e-01
-1.968975455259542873e-01
-2.020811620764433325e-01
-2.134008462766145975e-01
-2.216374036605677222e-01
-2.341535115333188699e-01
-2.501615825887633093e-01
-2.620603003902484129e-01
-2.772710832758371602e-01
-2.950731451171206832e-01
-3.147881774210314898e-01
-3.314957726421332573e-01
-3.501403650316914362e-01
-3.701799592356216362e-01
-3.937962347765180393e-01
-4.112311135589967748e-01
-4.298203843453363149e-01
-4.459052886547774097e-01
-4.633728660699047985e-01
-4.788352922412117962e-01
-4.895184860924737258e-01
-5.025410807830561488e-01
-5.174759948082081618e-01
-5.277442588803447077e-01
-5.403291520076560772e-01
-5.487745699262485122e-01
-5.539333168170095245e-01
-5.565589700426665232e-01
-5.610142393677712835e-01
-5.656378769036332077e-01
-5.720530042885852984e-01
-5.821554228486439664e-01
-5.894202240204995391e-01
-5.943416270434608295e-01
-5.973818701803443876e-01
