5.000059767961501933e+01
5.000115387439727499e+01
5.000170806646347188e+01
5.000226639509200766e+01
5.000281834204991327e+01
5.000337454875310073e+01
5.000392866929372104e+01
5.000448299249013218e+01
5.000504124561945929e+01
5.000559957822164137e+01
5.000615169207254951e+01
5.000670580466588433e+01
5.000728119611740397e+01
5.000781594912211148e+01
5.000837445259094238e+01
5.000893569787343296e+01
5.000949169397354410e+01
5.001004787286122877e+01
5.001059491237004551e+01
5.001115144093831333e+01
5.001170974572499262e+01
5.001227068106333462e+01
5.001282025575638102e+01
5.001337406237919936e+01
5.001396802663803243e+01
5.001448464790980353e+01
5.001504093011219965e+01
5.001559933026631910e+01
5.001615338325500204e+01
5.001670963366826328e+01
5.001726590792338101e+01
5.001782001256943033e+01
5.001837416489919264e+01
5.001893004973729262e+01
5.001948866049448839e+01
5.002004169225692465e+01
5.002060664494832309e+01
5.002115139166514268e+01
5.002170943816502557e+01
5.002226144870122226e+01
5.002281759977340414e+01
5.002337199846903815e+01
5.002392777601878038e+01
5.002448645830154561e+01
5.002504257758458550e+01
5.002559676965077529e+01
5.002615304390589301e+01
5.002671137253443590e+01
5.002726095120112149e+01
5.002781757116317607e+01
5.002837787866592123e+01
5.002893202702204434e+01
5.002951740423838345e+01
5.003004237016042310e+01
5.003059446811676025e+01
5.003115283648173062e+01
5.003171118100484449e+01
5.003226997454961378e+01
5.003287939230600756e+01
5.003337347507476807e+01
5.003393193880717149e+01
5.003448593219120966e+01
5.003504007657368646e+01
5.003559849659601610e+01
5.003615056673685757e+01
5.003670708735783990e+01
5.003726721604665073e+01
5.003781906763712328e+01
5.003838512500126967e+01
5.003893424669901435e+01
5.003948591152826708e+01
5.004004209041595175e+01
5.004059805870056010e+01
5.004115662972132128e+01
5.004170875946680752e+01
5.004228177070617534e+01
5.004282108147938857e+01
5.004337997833887641e+01
5.004393827517827020e+01
5.004448755582173902e+01
5.004507116874059136e+01
5.004560009241104268e+01
5.004615216255187704e+01
5.004671090046564785e+01
5.004726688464482720e+01
5.004782104094822870e+01
5.004837509393691874e+01
5.004893556038538804e+01
5.004948569138844761e+01
5.005003941853841098e+01
5.005059588750203403e+01
5.005115170876185005e+01
5.005170596837997721e+01
5.005226434071858677e+01
5.005282061100005819e+01
5.005337467590968004e+01
5.005393113692601759e+01
5.005448528528213359e+01
5.005503909190495904e+01
5.005559538602828695e+01
5.005615161657333090e+01
5.005670574506123671e+01
5.005726435979207167e+01
5.005782938400904669e+01
5.005838318665822584e+01
5.005892889499664022e+01
5.005948520501454624e+01
5.006004099051157397e+01
5.006060980161031182e+01
5.006115365028381348e+01
5.006170800129572740e+01
5.006230413118998257e+01
5.006281806627909248e+01
5.006337422529856696e+01
5.006393299500147265e+01
5.006448708772659018e+01
5.006504533688227099e+01
5.006559747457504272e+01
5.006615332365036153e+01
5.006670746405919203e+01
5.006726160049438334e+01
5.006783668597539361e+01
5.006837439537048340e+01
5.006893039941788004e+01
5.006948565244674398e+01
5.007004065513611124e+01
5.007059489488601400e+01
5.007115224202473769e+01
5.007170729637145712e+01
5.007226352294286187e+01
5.007281889120737617e+01
5.007337391376495361e+01
5.007393253644307407e+01
5.007451641162236200e+01
5.007504498163859097e+01
5.007560326258341377e+01
5.007620846430460659e+01
5.007670951684315952e+01
5.007735320727030626e+01
5.007782923380533902e+01
5.007838329076766826e+01
5.007893949747085571e+01
5.007949057420094618e+01
5.008004268805186143e+01
5.008060119549433153e+01
5.008115291198094354e+01
5.008170711199442593e+01
5.008226560354232504e+01
5.008282380898793207e+01
5.008337585528691704e+01
5.008393892844517836e+01
5.008449509938557753e+01
5.008504455884297357e+01
5.008560500144958638e+01
5.008615715106328281e+01
5.008671378294626919e+01
5.008726316690444946e+01
5.008781948486964097e+01
5.008837557236353888e+01
5.008893199364344184e+01
5.008948599100112631e+01
5.009007153113682875e+01
5.009059866269429762e+01
5.009115258057912001e+01
5.009171115954716669e+01
5.009226309061050131e+01
5.009282141923904419e+01
5.009337555964787470e+01
5.009393379688263082e+01
5.009451717138290405e+01
5.009505593379338251e+01
5.009560037056605353e+01
5.009615452289581583e+01
5.009671077330906996e+01
5.009726494153340326e+01
5.009781908194224087e+01
5.009837528864542833e+01
5.009892940521240234e+01
5.009948786099752027e+01
5.010004615386326776e+01
5.010059607426325812e+01
5.010115444660186768e+01
5.010170613924662320e+01
5.010226460297902662e+01
5.010282112360000895e+01
5.010338346560796197e+01
5.010393123229344781e+01
5.010449697176615302e+01
5.010504145224889072e+01
5.010562512874603414e+01
5.010615624984105665e+01
5.010671033461888868e+01
5.010727144877115791e+01
5.010782305796941216e+01
5.010838346083959038e+01
5.010893760124842089e+01
5.010949165821075724e+01
5.011004563570022441e+01
5.011059993902842535e+01
5.011116785208384528e+01
5.011172616084416376e+01
5.011227067708968974e+01
5.011281854311625494e+01
5.011337469418843682e+01
5.011393071015675815e+01
5.011448694864908759e+01
5.011504106918970791e+01
5.011559737523396763e+01
5.011615363756815356e+01
5.011671441396077142e+01
5.011727098623911303e+01
5.011782936652501519e+01
5.011837431192397929e+01
5.011893498102823941e+01
5.011952445109685073e+01
5.012004098892212056e+01
5.012059711217879965e+01
5.012115586598714145e+01
5.012172418832778931e+01
5.012227575381596978e+01
5.012282653649648267e+01
5.012337862253188803e+01
5.012393479347228720e+01
5.012449109554290771e+01
5.012504320144653036e+01
5.012559938033421503e+01
5.012615771293640421e+01
5.012671211560567031e+01
5.012726785341898506e+01
5.012782634894053047e+01
5.012838263114293369e+01
5.012893467744191156e+01
5.012948647340138564e+01
5.013005187511443950e+01
5.013059917688369893e+01
5.013115298748016357e+01
5.013171373605727865e+01
5.013226373593012397e+01
5.013282410303751391e+01
5.013343202273050991e+01
5.013393239180246752e+01
5.013449279864629204e+01
5.013504688739776327e+01
5.013559661706288750e+01
5.013615731000900411e+01
5.013671829303105909e+01
5.013727389574050619e+01
5.013783770402272211e+01
5.013839029868443475e+01
5.013893189827601304e+01
5.013948606252670004e+01
5.014004226525624830e+01
5.014059842427571567e+01
5.014115291833877563e+01
5.014171120325724473e+01
5.014226549863815308e+01
5.014282166560490595e+01
5.014337603251139086e+01
5.014393193324406894e+01
5.014448612133661953e+01
5.014504235982894897e+01
5.014560071627298754e+01
5.014615485668182515e+01
5.014671113093694288e+01
5.014726728995641025e+01
5.014782360394795546e+01
5.014837772051493658e+01
5.014896941979726108e+01
5.014950946172078261e+01
5.015005051692326532e+01
5.015060262282689507e+01
5.015115886131922451e+01
5.015171298980713033e+01
5.015226471026738153e+01
5.015282872517903456e+01
5.015338429609934678e+01
5.015393582582473897e+01
5.015448999802271857e+01
5.015505005121231363e+01
5.015560026566187446e+01
5.015615870555242140e+01
5.015671281814574911e+01
5.015726906061172485e+01
5.015782794555028090e+01
5.015837942361831381e+01
5.015893565416335775e+01
5.015948979457219536e+01
5.016004606882731309e+01
5.016060221989949497e+01
5.016116102933883525e+01
5.016171478827794061e+01
5.016226888497670444e+01
5.016285423835118706e+01
5.016338134209315314e+01
5.016393340031306280e+01
5.016449922720591559e+01
5.016506169239679735e+01
5.016559996604919291e+01
5.016615418990453179e+01
5.016671456495920722e+01
5.016726451714833246e+01
5.016782697836558214e+01
5.016837663253148349e+01
5.016893288691838393e+01
5.016949375470479566e+01
5.017011829217275221e+01
5.017061359484990390e+01
5.017115802764892862e+01
5.017170994281768515e+01
5.017226848999658984e+01
5.017282267808914042e+01
5.017338306506474765e+01
5.017393293380737163e+01
5.017448904911677232e+01
5.017505233685175625e+01
5.017560644944509107e+01
5.017616444428761469e+01
5.017673886219660773e+01
5.017726627190907607e+01
5.017782233158747118e+01
5.017838383515675815e+01
5.017894214789073004e+01
5.017949629227320685e+01
5.018004521131515361e+01
5.018060149351755683e+01
5.018117250601450507e+01
5.018171393871307373e+01
5.018226580222447808e+01
5.018285348018010694e+01
5.018338057200114122e+01
5.018393702109654697e+01
5.018449490467707363e+01
5.018504717747370591e+01
5.018560349543889032e+01
5.018616180022557671e+01
5.018671379884084160e+01
5.018726795514424310e+01
5.018782415787379136e+01
5.018838719526926440e+01
5.018893631299336988e+01
5.018949925899505615e+01
5.019004490375518657e+01
5.019063024520873739e+01
5.019115501244862543e+01
5.019171356757481561e+01
5.019226995706558370e+01
5.019282402594884474e+01
5.019339239994685187e+01
5.019393431345621792e+01
5.019449059168497485e+01
5.019505318403243876e+01
5.019560516675313266e+01
5.019616138537724481e+01
5.019673386017481675e+01
5.019726754029591831e+01
5.019782386223474901e+01
5.019839798609415737e+01
5.019895009994506552e+01
5.019953512748082147e+01
5.020005344549814907e+01
5.020060970783233500e+01
5.020116510788599840e+01
5.020171318451563280e+01
5.020226536194483202e+01
5.020282149314880371e+01
5.020338198343912950e+01
5.020394280354182115e+01
5.020449024041493402e+01
5.020504405895869127e+01
5.020560074647267612e+01
5.020618240833282186e+01
5.020671064853668497e+01
5.020726929108301562e+01
5.020782993237177294e+01
5.020839344660441128e+01
5.020893588860829482e+01
5.020949002901713243e+01
5.021004828612009874e+01
5.021060455640157016e+01
5.021115426619847710e+01
5.021171058813730781e+01
5.021226665576298842e+01
5.021282113393147739e+01
5.021338667074839179e+01
5.021393772363662578e+01
5.021448771158853930e+01
5.021504571835200181e+01
5.021560010910034322e+01
5.021615627606709609e+01
5.021671268145243516e+01
5.021726899147033407e+01
5.021782932678858202e+01
5.021837930281957085e+01
5.021893520355224894e+01
5.021948941946029521e+01
5.022007303635279385e+01
5.022060422897338583e+01
5.022116886774698941e+01
5.022171300252278314e+01
5.022226646343867174e+01
5.022282976309458746e+01
5.022337888479232504e+01
5.022393302917480185e+01
5.022449793020884101e+01
5.022504847049712851e+01
5.022560400962829874e+01
5.022615815401077555e+01
5.022671436866124139e+01
5.022726857264836298e+01
5.022782681783040459e+01
5.022838099400202339e+01
5.022893302043279107e+01
5.022949137290319044e+01
5.023004964590072774e+01
5.023063296874364170e+01
5.023115770419438775e+01
5.023171418110529629e+01
5.023226595719655307e+01
5.023282444874445929e+01
5.023338283697763984e+01
5.023393483956655103e+01
5.023449532190958422e+01
5.023504720926284506e+01
5.023559943437576436e+01
5.023615540663401191e+01
5.023671158552169658e+01
5.023726826508839594e+01
5.023782641092936530e+01
5.023837848107019965e+01
5.023893676598866875e+01
5.023948901096979824e+01
5.024005196491877001e+01
5.024060119787851875e+01
5.024115527868271158e+01
5.024171168406804355e+01
5.024227210680643907e+01
5.024283039569854736e+01
5.024338252147038730e+01
5.024393884738286431e+01
5.024453103144963251e+01
5.024504673083622919e+01
5.024560536940892774e+01
5.024616177082062052e+01
5.024671575625737319e+01
5.024727200269698812e+01
5.024782405296961230e+01
5.024838245312373175e+01
5.024893857240677164e+01
5.024949265718460367e+01
5.025005155404408441e+01
5.025060531695683608e+01
5.025116352637608941e+01
5.025172530810038296e+01
5.025228622754414687e+01
5.025282595554987353e+01
5.025338013569513862e+01
5.025393397410710605e+01
5.025449012120564873e+01
5.025504475434620844e+01
5.025560290813446329e+01
5.025615917444228842e+01
5.025672593116760112e+01
5.025726917584736952e+01
5.025782341559727939e+01
5.025842155615488593e+01
5.025893644889195855e+01
5.025950324535369873e+01
5.026004861593246176e+01
5.026060735781987177e+01
5.026118392944336222e+01
5.026176522175470751e+01
5.026227144797643120e+01
5.026282554467518793e+01
5.026338434219360352e+01
5.026394015947978033e+01
5.026449213822682793e+01
5.026505509614944600e+01
5.026561435461044169e+01
5.026615988810856805e+01
5.026671680212020732e+01
5.026726885239283149e+01
5.026782926718394151e+01
5.026837947765986314e+01
5.026893337567647535e+01
5.026948960622151930e+01
5.027004590829213271e+01
5.027060239315032675e+01
5.027115863958994879e+01
5.027171699603398736e+01
5.027226687272389682e+01
5.027282315889994635e+01
5.027338144779205464e+01
5.027396897474924486e+01
5.027450403372446885e+01
5.027505279382069858e+01
5.027560192743937506e+01
5.027615845998128208e+01
5.027671248118083014e+01
5.027726870775222778e+01
5.027782267729441656e+01
5.027838225364685343e+01
5.027893760204315043e+01
5.027949167887369697e+01
5.028005220095316474e+01
5.028060410817464287e+01
5.028116246064504224e+01
5.028172825574874594e+01
5.028228249152501661e+01
5.028282039562861172e+01
5.028338784376780524e+01
5.028393731514612597e+01
5.028449777762094897e+01
5.028504764238993374e+01
5.028560658693313457e+01
5.028616014719009542e+01
5.028671892484029371e+01
5.028727051814396987e+01
5.028786050081252768e+01
5.028839596907297960e+01
5.028893469969431607e+01
5.028949336210886401e+01
5.029004506270090502e+01
5.029061049620310797e+01
5.029115987221400275e+01
5.029171413977940830e+01
5.029227242469787740e+01
5.029282660484314249e+01
5.029338870048523091e+01
5.029394331773121962e+01
5.029449107249578077e+01
5.029506317774454516e+01
5.029560565948486328e+01
5.029615976810455180e+01
5.029671599070231025e+01
5.029727015495300435e+01
5.029783060948054185e+01
5.029838482538858813e+01
5.029893678824107184e+01
5.029949710766474169e+01
5.030005549192428305e+01
5.030060098171234273e+01
5.030116587479908929e+01
5.030174718697865899e+01
5.030229930082956713e+01
5.030282834370930800e+01
5.030338004827499532e+01
5.030394078095753940e+01
5.030449069738388346e+01
5.030504664580027452e+01
5.030560102462768413e+01
5.030615932544072422e+01
5.030671802361806044e+01
5.030727192163467265e+01
5.030782601435979018e+01
5.030838636954625542e+01
5.030894871950149394e+01
5.030949476162592759e+01
5.031004867156346450e+01
5.031070684591929165e+01
5.031117759943008139e+01
5.031171759366988994e+01
5.031229505538940572e+01
5.031282587846120435e+01
5.031339293320973383e+01
5.031404223839442125e+01
5.031449924707412436e+01
5.031505281925201700e+01
5.031561661163966193e+01
5.031615898609161519e+01
5.031677567958831787e+01
5.031729255517323907e+01
5.031783188978830879e+01
5.031838178634643555e+01
5.031894221305847026e+01
5.031949209372202603e+01
5.032004633347193590e+01
5.032062048514683994e+01
5.032117675145467217e+01
5.032172872622808057e+01
5.032226909001668247e+01
5.032282760143279887e+01
5.032339743773142260e+01
5.032393780946731709e+01
5.032450575431187900e+01
5.032506408691406108e+01
5.032561631997426588e+01
5.032616095145543511e+01
5.032671254475911127e+01
5.032727303107579786e+01
5.032782496213913248e+01
5.032837928533554361e+01
5.032893764177958218e+01
5.032949167887370123e+01
5.033004802465438843e+01
5.033060946067174513e+01
5.033116042613983154e+01
5.033171683549880981e+01
5.033227096796035482e+01
5.033285839160283359e+01
5.033339011271794305e+01
5.033393763303756430e+01
5.033449828227360712e+01
5.033505002260208272e+01
5.033560833533604750e+01
5.033616039355595717e+01
5.033671664794285761e+01
5.033727076848347792e+01
5.033782697121302618e+01
5.033838327328363960e+01
5.033893950780232984e+01
5.033949145078658916e+01
5.034004743496576850e+01
5.034060397545496812e+01
5.034116020202636577e+01
5.034171640078226773e+01
5.034227058092753282e+01
5.034282662868499614e+01
5.034338090817133349e+01
5.034394343694051344e+01
5.034449554681778238e+01
5.034509756962458482e+01
5.034560572703679071e+01
5.034615765015283984e+01
5.034671624104181831e+01
5.034728040297826368e+01
5.034783084392547892e+01
5.034841630061467299e+01
5.034893909692764424e+01
5.034949736595153524e+01
5.035005200703938755e+01
5.035060995817184448e+01
5.035118012030919488e+01
5.035171763499577935e+01
5.035227230787277364e+01
5.035282669464746874e+01
5.035338030258814257e+01
5.035393880208333428e+01
5.035449087222416864e+01
5.035504920879999702e+01
5.035560551087061754e+01
5.035615948836008471e+01
5.035671587785085279e+01
5.035726993083953573e+01
5.035782620906829976e+01
5.035838238795598443e+01
5.035895248254140455e+01
5.035949265559514032e+01
5.036005123853683330e+01
5.036060542662938389e+01
5.036116157770156576e+01
5.036171566247939779e+01
5.036230936447779527e+01
5.036283023754755561e+01
5.036338232755660727e+01
5.036394060055415167e+01
5.036449263890584405e+01
5.036505353450775146e+01
5.036560949087142802e+01
5.036616144180297994e+01
5.036672437191009521e+01
5.036727176507314141e+01
5.036783424615860127e+01
5.036838626066843716e+01
5.036893605391184536e+01
5.036949665943781440e+01
5.037005293369293213e+01
5.037060959736506049e+01
5.037116130987803331e+01
5.037171734968821113e+01
5.037227151393890523e+01
5.037282558282216627e+01
5.037338179747263922e+01
5.037394017775853428e+01
5.037450368007024082e+01
5.037504851420720087e+01
5.037560252348581713e+01
5.037615895271301270e+01
5.037672237952550347e+01
5.037728287776311475e+01
5.037786396344503004e+01
5.037838594118753832e+01
5.037893989880879531e+01
5.037949210802714362e+01
5.038005823294322028e+01
5.038060681025186938e+01
5.038116085131962762e+01
5.038173293670018182e+01
5.038228918711344306e+01
5.038283780813217305e+01
5.038338369131088257e+01
5.038393969933191840e+01
5.038449828227361138e+01
5.038504803180694580e+01
5.038561058044433594e+01
5.038616321086883687e+01
5.038671470085780157e+01
5.038727310895919942e+01
5.038782722155253424e+01
5.038838347991307387e+01
5.038893969853719312e+01
5.038949579000473022e+01
5.039004988670349405e+01
5.039060611724853800e+01
5.039116035699844076e+01
5.039171659549077020e+01
5.039227493604024488e+01
5.039283125003179009e+01
5.039341246287028042e+01
5.039394156535466607e+01
5.039449987014134535e+01
5.039505221048990791e+01
5.039560404618580947e+01
5.039616232713063226e+01
5.039671411911646715e+01
5.039727063973744947e+01
5.039783079226811680e+01
5.039838520288467549e+01
5.039894141753514845e+01
5.039949766794840258e+01
5.040004763205845961e+01
5.040060583353042745e+01
5.040116838614145678e+01
5.040171612501144693e+01
5.040227250258127611e+01
5.040283073584238593e+01
5.040338750680287916e+01
5.040394627650578485e+01
5.040449321269989014e+01
5.040504943927128778e+01
5.040560590028762533e+01
5.040616412560144965e+01
5.040671603282292779e+01
5.040731197992960944e+01
5.040782651106516710e+01
5.040838278929392402e+01
5.040893893241882040e+01
5.040949741204579482e+01
5.041011364062627109e+01
5.041060345570246426e+01
5.041116391420364096e+01
5.041171796321869181e+01
5.041227423747380243e+01
5.041283031304677564e+01
5.041339108149210801e+01
5.041395025650660244e+01
5.041449745893478251e+01
5.041505328416824483e+01
5.041560955444971626e+01
5.041615961392720635e+01
5.041675122181574409e+01
5.041727928320566576e+01
5.041783446073532104e+01
5.041838439305623609e+01
5.041894524097442343e+01
5.041953239838282030e+01
5.042005104223887457e+01
5.042060728867848951e+01
5.042116151650746758e+01
5.042171774307886523e+01
5.042227588494618828e+01
5.042283047040303501e+01
5.042338184118271016e+01
5.042393814325332357e+01
5.042449874083201422e+01
5.042505291700363301e+01
5.042560907602310039e+01
5.042616324822107998e+01
5.042672699689865112e+01
5.042727144956588603e+01
5.042783000071843702e+01
5.042844226757685533e+01
5.042894015312194966e+01
5.042949450413386359e+01
5.043005059560140069e+01
5.043060465653737623e+01
5.043116300900776849e+01
5.043172388474146572e+01
5.043228026628494121e+01
5.043283646901448236e+01
5.043342409531275194e+01
5.043393999338150024e+01
5.043450047969817973e+01
5.043505040804544848e+01
5.043560883601506362e+01
5.043617515166600640e+01
5.043673146168391241e+01
5.043727101484934394e+01
5.043782747586568149e+01
5.043839000860850064e+01
5.043894203503926832e+01
5.043950990438461446e+01
5.044005019267400058e+01
5.044060432910919189e+01
5.044116487900416246e+01
5.044172112544377740e+01
5.044227298895518175e+01
5.044282736380895216e+01
5.044338564475377495e+01
5.044396669069926276e+01
5.044451202154159830e+01
5.044505212306976460e+01
5.044565662940343032e+01
5.044616783459981235e+01
5.044671883185704786e+01
5.044727932612101284e+01
5.044791666269302510e+01
5.044840630292892314e+01
5.044895386695861816e+01
5.044950055281321255e+01
5.045009671847025601e+01
5.045060953696568617e+01
5.045116868813832411e+01
5.045172516504923266e+01
5.045227486689885410e+01
5.045283183654149184e+01
5.045338520606358657e+01
5.045394153197606357e+01
5.045449355045954576e+01
5.045505187511444234e+01
5.045561776955922539e+01
5.045617864529291552e+01
5.045675814946492466e+01
5.045727453629175585e+01
5.045786981185277398e+01
5.045838493903477939e+01
5.045893911123275899e+01
5.045950034062067857e+01
5.046004947821299425e+01
5.046061243216196601e+01
5.046116433938344414e+01
5.046172488927841471e+01
5.046227440834045552e+01
5.046282860040664531e+01
5.046338481108347906e+01
5.046395484606424731e+01
5.046449720859527588e+01
5.046504939794540689e+01
5.046563266913096157e+01
5.046617767810821675e+01
5.046671787897745531e+01
5.046727196375528735e+01
5.046783441702525153e+01
5.046838444868723883e+01
5.046894937356312738e+01
5.046950282653173048e+01
5.047014632622401109e+01
5.047061448097228720e+01
5.047118029991785448e+01
5.047175648212432719e+01
5.047227614323298184e+01
5.047284249464670580e+01
5.047338451147079752e+01
5.047394072612126337e+01
5.047449494997660224e+01
5.047506161530812818e+01
5.047560527324676372e+01
5.047616365353266588e+01
5.047674926519393779e+01
5.047727403640747212e+01
5.047783237298329340e+01
5.047838863134384013e+01
5.047894266843795918e+01
5.047950350046157553e+01
5.048005513350168627e+01
5.048060716787973945e+01
5.048116131226221626e+01
5.048171746730804443e+01
5.048227585951487129e+01
5.048283729553222798e+01
5.048340256214142130e+01
5.048394244511921869e+01
5.048450293143590528e+01
5.048505486249923990e+01
5.048562299807866083e+01
5.048616326649983677e+01
5.048671945730845323e+01
5.048727569580078267e+01
5.048782987197240146e+01
5.048838609059651361e+01
5.048898366689682149e+01
5.048949425220489218e+01
5.049005679686864312e+01
5.049060887893040928e+01
5.049117681980133199e+01
5.049171724319457866e+01
5.049228024880091681e+01
5.049283178249994819e+01
5.049338598251343058e+01
5.049394458929698004e+01
5.049450252453485888e+01
5.049505046208699355e+01
5.049560665686924921e+01
5.049616969823837564e+01
5.049671934843063070e+01
5.049727532863617085e+01
5.049783158699671759e+01
5.049838366111119825e+01
5.049894827604293823e+01
5.049949818452198969e+01
5.050004992087681899e+01
5.050060825347900106e+01
5.050117110411326138e+01
5.050171895821889478e+01
5.050227632125218946e+01
5.050283141533533637e+01
5.050338550408681471e+01
5.050394174655278334e+01
5.050453124841054375e+01
5.050505634943644395e+01
5.050560829242070326e+01
5.050616461435954108e+01
5.050672090053558350e+01
5.050727495749791274e+01
5.050783118009567119e+01
5.050839159488678121e+01
5.050894581874211298e+01
5.050949852466582968e+01
5.051005817254384311e+01
5.051061290502548218e+01
5.051117163499196039e+01
5.051173467238744053e+01
5.051229285001754477e+01
5.051283310651778891e+01
5.051338723500569472e+01
5.051394139528274252e+01
5.051450186173121182e+01
5.051504938999811856e+01
5.051560795307159424e+01
5.051617587407429966e+01
5.051671803394953741e+01
5.051728302240371704e+01
5.051784126361211236e+01
5.051841272910436231e+01
5.051894115209579184e+01
5.051949298381805420e+01
5.052005567948023668e+01
5.052061232725779405e+01
5.052116401195526407e+01
5.052172232071558966e+01
5.052227648099263746e+01
5.052283277114232618e+01
5.052338898181915283e+01
5.052394094467162944e+01
5.052450141906738423e+01
5.052505561510722032e+01
5.052560764948527350e+01
5.052618175347645746e+01
5.052673265139262071e+01
5.052727390527725504e+01
5.052783030668894781e+01
5.052838668028513780e+01
5.052894345124562392e+01
5.052950797080993794e+01
5.053005531628926406e+01
5.053060952027638564e+01
5.053116575082142958e+01
5.053172179063161451e+01
5.053231799999873175e+01
5.053283224503199023e+01
5.053338647286097540e+01
5.053395853439966601e+01
5.053451275030771939e+01
5.053505086104075161e+01
5.053560697635014520e+01
5.053616820971171109e+01
5.053671754995981757e+01
5.053727376063664423e+01
5.053783429066340460e+01
5.053838423887888354e+01
5.053894249200821065e+01
5.053949880599975586e+01
5.054006876150766914e+01
5.054060679674148560e+01
5.054116088151931763e+01
5.054171920617421421e+01
5.054227573871612833e+01
5.054282982349396036e+01
5.054338825146357550e+01
5.054394230445225844e+01
5.054450122117996358e+01
5.054505480527878092e+01
5.054561109940210883e+01
5.054620071252187330e+01
5.054671690464019917e+01
5.054727307955423754e+01
5.054783591032028056e+01
5.054839005470275737e+01
5.054894842704137403e+01
5.054949839909871656e+01
5.055005465745925619e+01
5.055061310529708862e+01
5.055117552280425741e+01
5.055172126293182089e+01
5.055228175322214668e+01
5.055283168554306172e+01
5.055339204867680536e+01
5.055394621292749946e+01
5.055449831485748291e+01
5.055509204069773688e+01
5.055561091502507765e+01
5.055616905689239360e+01
5.055671944220861036e+01
5.055727526346842637e+01
5.055784320831298828e+01
5.055852542718251641e+01
5.055898778835932461e+01
5.055958784023921027e+01
5.056014844179153300e+01
5.056072123448053901e+01
5.056129821538925029e+01
5.056183136304219516e+01
5.056233461697896558e+01
5.056287518342335829e+01
5.056338963111241469e+01
5.056394607623418125e+01
5.056450630029042514e+01
5.056507075627644809e+01
5.056561462084452074e+01
5.056616864204406880e+01
5.056671861807505053e+01
5.056727687517801684e+01
5.056783744096755839e+01
5.056838713089624804e+01
5.056895819505055556e+01
5.056949773629506240e+01
5.057005383968353129e+01
5.057062494357426630e+01
5.057116615374882684e+01
5.057172015110651841e+01
5.057227446238199775e+01
5.057283281882603632e+01
5.057339394092559814e+01
5.057398078044255385e+01
5.057449944416681831e+01
5.057505587339401387e+01
5.057560750246047832e+01
5.057616609732310309e+01
5.057672443787257066e+01
5.057727408409118652e+01
5.057783038616180704e+01
5.057839575608571181e+01
5.057894557317097650e+01
5.057950161695480062e+01
5.058005542357762607e+01
5.058060753345489502e+01
5.058116813500722486e+01
5.058171987533569336e+01
5.058227401177088467e+01
5.058283040920893114e+01
5.058338886102040277e+01
5.058395470778147285e+01
5.058450550635655674e+01
5.058507124980290826e+01
5.058561198314031060e+01
5.058616584936778082e+01
5.058672173420588081e+01
5.058727604150772095e+01
5.058786994218826294e+01
5.058838849465052334e+01
5.058894699811935425e+01
5.058949890534083238e+01
5.059005727370580274e+01
5.059061366717021002e+01
5.059116562604904033e+01
5.059172392686208042e+01
5.059227846860885336e+01
5.059283226331074701e+01
5.059339463710784912e+01
5.059394497871399210e+01
5.059450098276138164e+01
5.059505262374877788e+01
5.059560924768447876e+01
5.059616957505544121e+01
5.059672162930170458e+01
5.059727561473846436e+01
5.059783403873443319e+01
5.059842778046925815e+01
5.059895411729812764e+01
5.059950065612792969e+01
5.060005273818969584e+01
5.060061142444610738e+01
5.060117561817169474e+01
5.060172561804453295e+01
5.060227321783701626e+01
5.060283159414927212e+01
5.060343183279037760e+01
5.060394652287165229e+01
5.060450266202290948e+01
5.060505264202753750e+01
5.060561963717142930e+01
5.060616470972696845e+01
5.060671886205673076e+01
5.060727725028991841e+01
5.060783829689025737e+01
5.060838781197865899e+01
5.060894171396891039e+01
5.060950028498967157e+01
5.061006094614664619e+01
5.061061093012492051e+01
5.061116690635681437e+01
5.061172099908193189e+01
5.061227514346440870e+01
5.061296474933624268e+01
5.061339194377263340e+01
5.061394394636154459e+01
5.061449799140294203e+01
5.061505841811497675e+01
5.061561688184738017e+01
5.061617090304692823e+01
5.061672097047169672e+01
5.061731433471043573e+01
5.061791462898254679e+01
5.061839222908020020e+01
5.061904589732488091e+01
5.061950004895528110e+01
5.062005626360575405e+01
5.062061266899108603e+01
5.062116874059041294e+01
5.062172493139902940e+01
5.062227701743443475e+01
5.062289574146270610e+01
5.062338704268137946e+01
5.062394785483677850e+01
5.062449748913446967e+01
5.062505367994308614e+01
5.062561263640721876e+01
5.062616402308146490e+01
5.062672027746836534e+01
5.062727903127670004e+01
5.062783493200937812e+01
5.062838715712229742e+01
5.062894334395726759e+01
5.062950165669123237e+01
5.063005774815876947e+01
5.063061631917953775e+01
5.063117927710215582e+01
5.063172004222870015e+01
5.063227623701095581e+01
5.063287008206049933e+01
5.063338669538497783e+01
5.063394738435745523e+01
5.063450358311335009e+01
5.063505328496297153e+01
5.063561227321624614e+01
5.063616585731506348e+01
5.063672015269597182e+01
5.063727887868881083e+01
5.063783499399821153e+01
5.063838647603988363e+01
5.063894278605778965e+01
5.063949894905090332e+01
5.064006506999333368e+01
5.064060935974121236e+01
5.064117063283920572e+01
5.064172894954681681e+01
5.064227599302927985e+01
5.064283219575882100e+01
5.064339270194371778e+01
5.064394291241963941e+01
5.064450331926345683e+01
5.064506259759266982e+01
5.064561186631520684e+01
5.064616786241531088e+01
5.064676361083984091e+01
5.064727602005005025e+01
5.064783854881922309e+01
5.064839474360147875e+01
5.064894506136576524e+01
5.064949864546458258e+01
5.065005946954091343e+01
5.065061165889104444e+01
5.065116980473200670e+01
5.065172409613926874e+01
5.065227825244267734e+01
5.065284259716669624e+01
5.065339260498682705e+01
5.065394882758458550e+01
5.065451514323552118e+01
5.065507361094157091e+01
5.065561337868372505e+01
5.065616503159205308e+01
5.065672368605931553e+01
5.065728205045063959e+01
5.065783406496048258e+01
5.065839650233586866e+01
5.065895125468571791e+01
5.065958187182744155e+01
5.066005909442901611e+01
5.066065473159154209e+01
5.066117144425709995e+01
5.066172343889872565e+01
5.066229981184005737e+01
5.066289847691853510e+01
5.066344343423843100e+01
5.066394845247268819e+01
5.066449807484944756e+01
5.066506355206171719e+01
5.066561121543248447e+01
5.066616916656494141e+01
5.066672956943511963e+01
5.066728585958480835e+01
5.066784408887227187e+01
5.066839878559112265e+01
5.066895284652709819e+01
5.066951117515564107e+01
5.067006543874740743e+01
5.067061107556025235e+01
5.067116899490356730e+01
5.067172294060389248e+01
5.067227925856908399e+01
5.067283564408619867e+01
5.067338730891545850e+01
5.067394803762435629e+01
5.067454225222270026e+01
5.067505829334258749e+01
5.067561461925506450e+01
5.067616880734761509e+01
5.067672703266143941e+01
5.067728126446406378e+01
5.067784374157587735e+01
5.067843114137649252e+01
5.067894361813863213e+01
5.067950201829274448e+01
5.068007412354151597e+01
5.068062824805577549e+01
5.068118454217911051e+01
5.068173105716705606e+01
5.068227686882018901e+01
5.068283698161442885e+01
5.068339110612869547e+01
5.068395224412282118e+01
5.068450198173523091e+01
5.068506766160329136e+01
5.068561278978983609e+01
5.068616857131322462e+01
5.068672465483347622e+01
5.068727660576502814e+01
5.068783709208170762e+01
5.068842248519261773e+01
5.068894614378611152e+01
5.068956625858942999e+01
5.069005572795867920e+01
5.069062921206156602e+01
5.069116803805033555e+01
5.069172435204188076e+01
5.069228065411250128e+01
5.069283694028854370e+01
5.069339103301366123e+01
5.069398687283197802e+01
5.069449930985768304e+01
5.069505761861800863e+01
5.069568065007527480e+01
5.069617009957631382e+01
5.069673275152842251e+01
5.069730144739151001e+01
5.069783670504887851e+01
5.069839088916778280e+01
5.069899349610010830e+01
5.069950145085652338e+01
5.070010951360066542e+01
5.070061594645182623e+01
5.070117675065993978e+01
5.070173027515411235e+01
5.070229259729385518e+01
5.070283866326014532e+01
5.070339067776998121e+01
5.070394700368245111e+01
5.070450065930684502e+01
5.070506138006846442e+01
5.070561355352401733e+01
5.070616974433263380e+01
5.070671933094660488e+01
5.070727788209914877e+01
5.070783392588297289e+01
5.070839051405588549e+01
5.070894676844279303e+01
5.070950300296147617e+01
5.071005461613336962e+01
5.071061983108520366e+01
5.071118138233820360e+01
5.071173954804738315e+01
5.071228204965591146e+01
5.071286120812098375e+01
5.071339456240335863e+01
5.071394486427307413e+01
5.071450270811716621e+01
5.071505868037541376e+01
5.071561322609583300e+01
5.071617604096730503e+01
5.071672782103220811e+01
5.071728374958038188e+01
5.071783805290858282e+01
5.071839438676833822e+01
5.071894435087839526e+01
5.071950023969014154e+01
5.072006837924321587e+01
5.072061280409494799e+01
5.072116684913635254e+01
5.072172545989354120e+01
5.072228166262308946e+01
5.072283581892649096e+01
5.072340660095214560e+01
5.072394644816716180e+01
5.072450457811355307e+01
5.072509897947311686e+01
5.072561484177906976e+01
5.072617108424504551e+01
5.072672518094380933e+01
5.072728040615717759e+01
5.072783803939819336e+01
5.072839186986287530e+01
5.072894812424977573e+01
5.072950431505839219e+01
5.073006059726079542e+01
5.073066884676615729e+01
5.073117099603017266e+01
5.073172710736592705e+01
5.073228138287861810e+01
5.073283310731252271e+01
5.073338936169942315e+01
5.073394792477289883e+01
5.073450173934300977e+01
5.073505629301071451e+01
5.073561234474182413e+01
5.073617066542307441e+01
5.073672268788019579e+01
5.073731678326924310e+01
5.073783495426177836e+01
5.073839342594146729e+01
5.073894579807917182e+01
5.073950604597727221e+01
5.074005602200826104e+01
5.074060983260472568e+01
5.074117058912913336e+01
5.074174189964930548e+01
5.074229261477788100e+01
5.074285304943720831e+01
5.074339407285054193e+01
5.074394590059916510e+01
5.074450377225875997e+01
5.074506258964538574e+01
5.074561429023742676e+01
5.074617469310760498e+01
5.074676615397135748e+01
5.074727861483891900e+01
5.074783450365066528e+01
5.074839327335357808e+01
5.074894735018412462e+01
5.074950352112452379e+01
5.075005741119385050e+01
5.075069944858550741e+01
5.075119520823160713e+01
5.075172401269276889e+01
5.075228026707966933e+01
5.075287887255350938e+01
5.075339727004369195e+01
5.075394725004831997e+01
5.075450339714686265e+01
5.075506639877955450e+01
5.075561169385910176e+01
5.075617197751999043e+01
5.075673037767410278e+01
5.075728471676508491e+01
5.075783868630727369e+01
5.075839048226674066e+01
5.075894911686579292e+01
5.075951536893844462e+01
5.076005944410960069e+01
5.076061366796493246e+01
5.076116986672083442e+01
5.076172610123952467e+01
5.076228646437326830e+01
5.076285069386164395e+01
5.076340434948603075e+01
5.076395101547241495e+01
5.076450064182281352e+01
5.076506114800771030e+01
5.076561552683512701e+01
5.076616969903309950e+01
5.076675502459207934e+01
5.076728215217590190e+01
5.076783626874287592e+01
5.076839694976806783e+01
5.076895081202189175e+01
5.076950494448343676e+01
5.077005910078684536e+01
5.077061744133631294e+01
5.077117151816685947e+01
5.077173978885014805e+01
5.077228076855341499e+01
5.077284024556477959e+01
5.077339433034261162e+01
5.077395528952281012e+01
5.077451647520065592e+01
5.077506104707718038e+01
5.077562681436538838e+01
5.077617760499318678e+01
5.077672553459803595e+01
5.077727995713551934e+01
5.077784004211425639e+01
5.077839422623316779e+01
5.077901517550150601e+01
5.077950451374054097e+01
5.078007082541783745e+01
5.078065664768219278e+01
5.078118002017338739e+01
5.078172518412272041e+01
5.078228368361791212e+01
5.078283542394638062e+01
5.078339893023173346e+01
5.078394605318705146e+01
5.078450198968251783e+01
5.078506058057148920e+01
5.078561250368753832e+01
5.078617098331451274e+01
5.078672537008921495e+01
5.078727924029032437e+01
5.078783764441808302e+01
5.078839609622955464e+01
5.078898110787073961e+01
5.078950208822886481e+01
5.079006098111470635e+01
5.079061673084894579e+01
5.079117550452550489e+01
5.079172710975011285e+01
5.079228330850601481e+01
5.079286622603734003e+01
5.079339333375295240e+01
5.079395217498143467e+01
5.079450165430704800e+01
5.079506230354309082e+01
5.079561858574549404e+01
5.079617277383804463e+01
5.079673157533009942e+01
5.079728512366612847e+01
5.079791030486424575e+01
5.079839349985122965e+01
5.079895180066426263e+01
5.079950593709945394e+01
5.080005793571471884e+01
5.080061839421590264e+01
5.080117319822311117e+01
5.080172460079192831e+01
5.080228967666626261e+01
5.080284124215443597e+01
5.080339079697926508e+01
5.080395142237345141e+01
5.080451093912124350e+01
5.080510300000508295e+01
5.080561611255009780e+01
5.080617239872614732e+01
5.080672643582025927e+01
5.080728155374526978e+01
5.080783710877100390e+01
5.080839313268661783e+01
5.080894941886266025e+01
5.080950560172399122e+01
5.081005967458089145e+01
5.081061387856801304e+01
5.081117213567097934e+01
5.081172634760538642e+01
5.081228466033935831e+01
5.081283883253733080e+01
5.081343249479929369e+01
5.081395541826883999e+01
5.081450304985046529e+01
5.081505922079086446e+01
5.081561464866002353e+01
5.081616957982381422e+01
5.081672825018564765e+01
5.081728701194127495e+01
5.081783859729766561e+01
5.081839896043141636e+01
5.081894890069961690e+01
5.081950513124466084e+01
5.082005927562713765e+01
5.082064241965611728e+01
5.082117186387380059e+01
5.082172777255376417e+01
5.082228213946024908e+01
5.082284795443217007e+01
5.082340631484985494e+01
5.082394876082738477e+01
5.082451725800832065e+01
5.082507794300715176e+01
5.082561543385187974e+01
5.082617165247599189e+01
5.082674690087636549e+01
5.082737349271774008e+01
5.082783823013305380e+01
5.082839924097061157e+01
5.082895276546478414e+01
5.082950736681620185e+01
5.083006155490875244e+01
5.083061500787734843e+01
5.083116897741953721e+01
5.083172979354858256e+01
5.083228592475255425e+01
5.083283570210139146e+01
5.083339198033014839e+01
5.083395053942998487e+01
5.083453799486160563e+01
5.083506085872650004e+01
5.083561507463455342e+01
5.083617140849431593e+01
5.083672748804092123e+01
5.083728045225143433e+01
5.083783545096715528e+01
5.083839613199234009e+01
5.083895239432652602e+01
5.083950866858164375e+01
5.084006070693333612e+01
5.084061688184738159e+01
5.084117314815521382e+01
5.084173608223597540e+01
5.084229247967402188e+01
5.084284166097641133e+01
5.084339819749196465e+01
5.084395016829172675e+01
5.084451061487197876e+01
5.084505845308304117e+01
5.084561896721522345e+01
5.084617509444554884e+01
5.084672717650731499e+01
5.084728978474934991e+01
5.084784600337346205e+01
5.084840264320373393e+01
5.084894966284434048e+01
5.084950600067774218e+01
5.085009157260258661e+01
5.085061864852904989e+01
5.085117480754852437e+01
5.085173146327336724e+01
5.085228312412898077e+01
5.085284162362416538e+01
5.085339354674021450e+01
5.085394976536432665e+01
5.085450810591380133e+01
5.085506860415140551e+01
5.085561411778132168e+01
5.085616803963979038e+01
5.085672654708226759e+01
5.085728304783503262e+01
5.085785091320673956e+01
5.085841828584671021e+01
5.085895170768102247e+01
5.085950584014256748e+01
5.086005969842275221e+01
5.086061830123265537e+01
5.086118923823038784e+01
5.086174329121907789e+01
5.086236397027969502e+01
5.086284384727478169e+01
5.086340211232503350e+01
5.086395358641942011e+01
5.086450350681941046e+01
5.086506194273631110e+01
5.086565196514129639e+01
5.086618106762568203e+01
5.086673061847686483e+01
5.086728234291076944e+01
5.086783855358759610e+01
5.086839506228764662e+01
5.086894920667012343e+01
5.086950744390487955e+01
5.087006166776021132e+01
5.087061999241510790e+01
5.087117415666580200e+01
5.087173037926356045e+01
5.087230033874512003e+01
5.087284493843714728e+01
5.087344297965367446e+01
5.087395318746566630e+01
5.087450733979542861e+01
5.087506153186162550e+01
5.087561776240666944e+01
5.087617393732070781e+01
5.087672573725382819e+01
5.087728234529495097e+01
5.087784049908319872e+01
5.087840095361073622e+01
5.087895524899165167e+01
5.087952380180358603e+01
5.088006552060445387e+01
5.088065086603164389e+01
5.088117939233779907e+01
5.088173215389251425e+01
5.088228625059127808e+01
5.088284032742182461e+01
5.088339661757151333e+01
5.088397992451985630e+01
5.088450708786646715e+01
5.088506322304407803e+01
5.088563323020935059e+01
5.088617360194523798e+01
5.088673187494278238e+01
5.088728400071462232e+01
5.088800864219665243e+01
5.088840057849883891e+01
5.088895692030588691e+01
5.088950679699579638e+01
5.089006084998448642e+01
5.089061723152796191e+01
5.089118514855702813e+01
5.089174125989278252e+01
5.089228850603103638e+01
5.089283813635508125e+01
5.089340720574060839e+01
5.089395023981730048e+01
5.089451820453007969e+01
5.089510872364044047e+01
5.089561894337336412e+01
5.089618042310078749e+01
5.089672726790110602e+01
5.089728349447250366e+01
5.089783765474955146e+01
5.089839382568995063e+01
5.089895008007685107e+01
5.089950633049011230e+01
5.090006254116693896e+01
5.090062554677327711e+01
5.090117301543553907e+01
5.090173135201136034e+01
5.090228546857834147e+01
5.090285179217656264e+01
5.090340799093246460e+01
5.090395208597183085e+01
5.090451669692993164e+01
5.090506912072499546e+01
5.090561755498250562e+01
5.090618127584457397e+01
5.090672680536906114e+01
5.090729179779688707e+01
5.090784801244736002e+01
5.090839787324269849e+01
5.090897032817204604e+01
5.090950989325840936e+01
5.091006298462549751e+01
5.091062497297922818e+01
5.091117244164149014e+01
5.091173094113667474e+01
5.091228725910186625e+01
5.091284140745798936e+01
5.091339346567789903e+01
5.091395157575607300e+01
5.091450806458791334e+01
5.091506201426188483e+01
5.091562261184056837e+01
5.091617660522460653e+01
5.091673086484273369e+01
5.091728260119756300e+01
5.091783878008524766e+01
5.091839501063029161e+01
5.091894941727320401e+01
5.091950551271438741e+01
5.092006160815557081e+01
5.092062118848164687e+01
5.092117680708567207e+01
5.092173062562942221e+01
5.092228684027989516e+01
5.092287007570266866e+01
5.092339977423350206e+01
5.092396588325500772e+01
5.092450958887736334e+01
5.092506374915441114e+01
5.092561763127644525e+01
5.092617421150207235e+01
5.092674508094787456e+01
5.092728458642959311e+01
5.092784076929092407e+01
5.092841553290684686e+01
5.092895530064900811e+01
5.092950505415598883e+01
5.093006634314854608e+01
5.093063244024912706e+01
5.093117399215698526e+01
5.093173031012216967e+01
5.093229078849156366e+01
5.093284052610397339e+01
5.093339463869730821e+01
5.093395724693934312e+01
5.093450730641682611e+01
5.093506348927815708e+01
5.093562864462534634e+01
5.093617169459660943e+01
5.093673684597015239e+01
5.093728842735290385e+01
5.093784247636794760e+01
5.093842799266179355e+01
5.093895295461018691e+01
5.093951551914214804e+01
5.094014871915181430e+01
5.094062168200810703e+01
5.094117791255315097e+01
5.094172763029734341e+01
5.094229283730189195e+01
5.094284197489420762e+01
5.094339641729990831e+01
5.094395272334416802e+01
5.094450656572977465e+01
5.094506309827168877e+01
5.094561937650044570e+01
5.094617553551992017e+01
5.094672967592875068e+01
5.094728592236836562e+01
5.094784418741861742e+01
5.094839635292689195e+01
5.094895256757736490e+01
5.094950877825419155e+01
5.095006297429402764e+01
5.095061911344528482e+01
5.095117290417353217e+01
5.095175877809524678e+01
5.095231481790542460e+01
5.095283988714218282e+01
5.095339608987172397e+01
5.095395650466283399e+01
5.095451062122980801e+01
5.095506481726964410e+01
5.095561700661976801e+01
5.095617987314859931e+01
5.095673395792643134e+01
5.095728782812754076e+01
5.095787093639373921e+01
5.095839827060699179e+01
5.095894995530446181e+01
5.095950828393300469e+01
5.096006451447804864e+01
5.096061873833338751e+01
5.096117289066314981e+01
5.096172920862833422e+01
5.096228543122609267e+01
5.096283923387527182e+01
5.096339778900146200e+01
5.096395614544550767e+01
5.096450609366099371e+01
5.096511445045471334e+01
5.096561866998672485e+01
5.096620242595672323e+01
5.096673109928767076e+01
5.096731031338374152e+01
5.096784396966298658e+01
5.096839770078658916e+01
5.096895149946212911e+01
5.096950584650039673e+01
5.097006230354308798e+01
5.097062729199727471e+01
5.097118356227874614e+01
5.097173766295114916e+01
5.097228595415751329e+01
5.097283915678659838e+01
5.097339512904485304e+01
5.097395463387171333e+01
5.097451415459315172e+01
5.097506405909856397e+01
5.097562231620153028e+01
5.097617873748143325e+01
5.097673119306564615e+01
5.097728907664616571e+01
5.097784609397252353e+01
5.097839508056640767e+01
5.097895565032958842e+01
5.097950524489085211e+01
5.098009943564732538e+01
5.098062688906987461e+01
5.098118728001912103e+01
5.098173641363779751e+01
5.098228555123011319e+01
5.098284375270207391e+01
5.098339498837788852e+01
5.098395539124806675e+01
5.098450747728347920e+01
5.098506656487782607e+01
5.098561972379684448e+01
5.098617645502090312e+01
5.098673218886057867e+01
5.098728868563969741e+01
5.098784265120823989e+01
5.098840102752049575e+01
5.098895531495411859e+01
5.098950936794280864e+01
5.099006320238113688e+01
5.099061765670776225e+01
5.099121212164561001e+01
5.099173436164856099e+01
5.099228436946869181e+01
5.099284259875615533e+01
5.099339880545934278e+01
5.099399257103602423e+01
5.099451117515563681e+01
5.099506754477818760e+01
5.099561961491902906e+01
5.099617791970570835e+01
5.099673229058583246e+01
5.099728611310322890e+01
5.099789882103602423e+01
5.099840547641118604e+01
5.099895694653193345e+01
5.099951106707255377e+01
5.100006525516509726e+01
5.100062155326207147e+01
5.100117315053940104e+01
5.100173181295394897e+01
5.100230113665262621e+01
5.100284845829010294e+01
5.100339828729629232e+01
5.100395245154698642e+01
5.100451109011967787e+01
5.100506489276885702e+01
5.100561920404434346e+01
5.100617538293202813e+01
5.100673376719156948e+01
5.100728782812754503e+01
5.100784838199615479e+01
5.100843004385630053e+01
5.100895868142445977e+01
5.100953986247380811e+01
5.101006276210149082e+01
5.101061897277831747e+01
5.101129807631174629e+01
5.101173370679219232e+01
5.101228774388631138e+01
5.101284395853678433e+01
5.101339793205261230e+01
5.101395193735758227e+01
5.101451724767684937e+01
5.101506452957789151e+01
5.101562126080195014e+01
5.101618126233418593e+01
5.101673796971638808e+01
5.101728954712550035e+01
5.101784165700276930e+01
5.101840750376383227e+01
5.101896374225616171e+01
5.101951013406117852e+01
5.102008037169774468e+01
5.102062067985534810e+01
5.102117693424224854e+01
5.102173103094101236e+01
5.102228520313898485e+01
5.102285538911819174e+01
5.102341242631276685e+01
5.102395371198654317e+01
5.102451690038045484e+01
5.102510569890340264e+01
5.102562901178995958e+01
5.102618151903152466e+01
5.102673730850219869e+01
5.102728929917017808e+01
5.102785503069559780e+01
5.102839968999226983e+01
5.102895377477010186e+01
5.102950967550277994e+01
5.103006385167439873e+01
5.103061819076538086e+01
5.103117423057555868e+01
5.103173259496688985e+01
5.103228688240051270e+01
5.103284302949905538e+01
5.103340155283610358e+01
5.103395987749100016e+01
5.103450777928034654e+01
5.103506807486215990e+01
5.103562230666478428e+01
5.103617413441340034e+01
5.103673056364059590e+01
5.103728680213292535e+01
5.103784063657124648e+01
5.103839715321858961e+01
5.103898462454478135e+01
5.103952550093332974e+01
5.104006796677906976e+01
5.104063458442688272e+01
5.104117634693781724e+01
5.104174927075703749e+01
5.104229090213775777e+01
5.104289915561675883e+01
5.104339911937713481e+01
5.104395533005396857e+01
5.104451578458149896e+01
5.104506572087606031e+01
5.104563784201939569e+01
5.104618369340896322e+01
5.104673233032226420e+01
5.104728614886601434e+01
5.104784237543741909e+01
5.104840365250905165e+01
5.104896198113759453e+01
5.104952032168706211e+01
5.105007829666137553e+01
5.105062137444814141e+01
5.105117793877919752e+01
5.105172971089680800e+01
5.105228598912557203e+01
5.105285047690073696e+01
5.105340075095494257e+01
5.105395714044571065e+01
5.105450877348582139e+01
5.105506744384765483e+01
5.105561703840891852e+01
5.105617982149124146e+01
5.105673395792643277e+01
5.105728571812311856e+01
5.105785154104232504e+01
5.105840740998586114e+01
5.105895257393519415e+01
5.105951083501179966e+01
5.106006497939427646e+01
5.106062134901682725e+01
5.106118380626042352e+01
5.106173390547434821e+01
5.106229005257288378e+01
5.106284418900807509e+01
5.106341264247894429e+01
5.106396134694417555e+01
5.106452504396438741e+01
5.106507996320724629e+01
5.106562799612681403e+01
5.106618424654006816e+01
5.106678143342335829e+01
5.106729183594385546e+01
5.106784418821334981e+01
5.106842959721883091e+01
5.106895436843236524e+01
5.106950859626134331e+01
5.107006677786509385e+01
5.107062087059021138e+01
5.107118454774220595e+01
5.107174539168675409e+01
5.107229174772898261e+01
5.107284385760625156e+01
5.107339788277943882e+01
5.107395617167154711e+01
5.107450823783874228e+01
5.107506870428721157e+01
5.107562503417332778e+01
5.107618100643158243e+01
5.107673350175221572e+01
5.107728954553603984e+01
5.107784577210744459e+01
5.107841192483901693e+01
5.107895400524139262e+01
5.107951666116714762e+01
5.108006443182627265e+01
5.108062274456024454e+01
5.108117441336313647e+01
5.108173735141754435e+01
5.108230391343434462e+01
5.108284557263056769e+01
5.108340590000152304e+01
5.108399606943130777e+01
5.108451636632283765e+01
5.108506629467010640e+01
5.108562717835108202e+01
5.108617869615554952e+01
5.108673081000645766e+01
5.108731605211893623e+01
5.108784748315811441e+01
5.108839706182480001e+01
5.108895457188288702e+01
5.108950978914896979e+01
5.109006577730178833e+01
5.109062238931655742e+01
5.109119306405385430e+01
5.109173903465271138e+01
5.109228893121083814e+01
5.109285536607106337e+01
5.109339913129806376e+01
5.109395559231440131e+01
5.109456810553868422e+01
5.109506804545720371e+01
5.109563513596852857e+01
5.109628854990005209e+01
5.109673462708791192e+01
5.109729561010996690e+01
5.109785597324371054e+01
5.109840128421783589e+01
5.109895540078480991e+01
5.109950922727584555e+01
5.110006989638010566e+01
5.110062612295151041e+01
5.110118017991383965e+01
5.110173429648081367e+01
5.110229272445042881e+01
5.110284473498662550e+01
5.110339934031168951e+01
5.110395926237106323e+01
5.110451347430547031e+01
5.110506754318873135e+01
5.110562179088592671e+01
5.110617805322011264e+01
5.110673429568608839e+01
5.110729259252548218e+01
5.110784665346145772e+01
5.110840282837549609e+01
5.110895898342132426e+01
5.110951764980951850e+01
5.111010271310806274e+01
5.111062370538711264e+01
5.111117781003316196e+01
5.111173403660456671e+01
5.111229240894317627e+01
5.111285075743992934e+01
5.111341030200322422e+01
5.111395455598831461e+01
5.111451594034830492e+01
5.111507203578948833e+01
5.111562353769938483e+01
5.111617979208628526e+01
5.111673152844111456e+01
5.111728777090708320e+01
5.111784849961598809e+01
5.111841694911321099e+01
5.111895226240157797e+01
5.111951510508855279e+01
5.112006711165110318e+01
5.112062102953593268e+01
5.112118166685104370e+01
5.112174462874730096e+01
5.112232296069463189e+01
5.112284624179203973e+01
5.112339821656544814e+01
5.112396081686019755e+01
5.112451273202896118e+01
5.112507952054341587e+01
5.112562101284662930e+01
5.112623141606648858e+01
5.112673321167628160e+01
5.112728858391444220e+01
5.112784580787023003e+01
5.112839996417363153e+01
5.112895627816518385e+01
5.112950807412465082e+01
5.113007496198018487e+01
5.113062057495117330e+01
5.113118396600087578e+01
5.113173558712005473e+01
5.113228726387023926e+01
5.113284581502278314e+01
5.113340205748875889e+01
5.113395836750666490e+01
5.113458079894383701e+01
5.113507064580917216e+01
5.113562907377878730e+01
5.113619368076324179e+01
5.113673729499181064e+01
5.113729559580485073e+01
5.113788737853368360e+01
5.113841606378555582e+01
5.113899340629577495e+01
5.113951205809910761e+01
5.114006619850794522e+01
5.114062247276306294e+01
5.114117866754531860e+01
5.114173276821772163e+01
5.114229121605555406e+01
5.114284963210423740e+01
5.114339714845021234e+01
5.114395552078882901e+01
5.114451449314753262e+01
5.114506819645563951e+01
5.114562450647353842e+01
5.114618070125580118e+01
5.114675569931666388e+01
5.114729321002960205e+01
5.114785286982854018e+01
5.114840380350748461e+01
5.114895981152852045e+01
5.114951150417327597e+01
5.115006583134333340e+01
5.115062837203343804e+01
5.115118262767791890e+01
5.115173251628876017e+01
5.115230270226796705e+01
5.115284713109334547e+01
5.115340329806009834e+01
5.115395538012186449e+01
5.115451786915460985e+01
5.115506784915923788e+01
5.115562203725178847e+01
5.115618247191111578e+01
5.115674837430318433e+01
5.115729075272877679e+01
5.115784692764282227e+01
5.115840317010879801e+01
5.115896162986755513e+01
5.115951545238495157e+01
5.116006779273350702e+01
5.116065105199813701e+01
5.116118694543838785e+01
5.116173639694849840e+01
5.116229471365610948e+01
5.116284882624943720e+01
5.116341228882471626e+01
5.116395714680353990e+01
5.116451527674993116e+01
5.116506727536519605e+01
5.116562381188074937e+01
5.116617966095606818e+01
5.116673626899719096e+01
5.116729243993759013e+01
5.116784649292628018e+01
5.116840273936589512e+01
5.116895473798116001e+01
5.116951310634613037e+01
5.117006934086482062e+01
5.117062571843464980e+01
5.117117953697840704e+01
5.117173395951589043e+01
5.117230397860209479e+01
5.117284835577011393e+01
5.117340257167816020e+01
5.117396544615427700e+01
5.117453169425328241e+01
5.117509847084681240e+01
5.117562759319941534e+01
5.117617981831232754e+01
5.117673346996307515e+01
5.117728977203368856e+01
5.117784608602524088e+01
5.117840669949849541e+01
5.117896704673766806e+01
5.117951828241348267e+01
5.118007115523020190e+01
5.118062532742818149e+01
5.118156683047612177e+01
5.118179376920064527e+01
5.118229007720947266e+01
5.118285019795099799e+01
5.118340227603912496e+01
5.118399187326431132e+01
5.118451683918635098e+01
5.118506889740626065e+01
5.118562723398208902e+01
5.118617893854776923e+01
5.118674381573995191e+01
5.118729164997736802e+01
5.118784783283869189e+01
5.118844171365102369e+01
5.118896045287450391e+01
5.118951663970947408e+01
5.119030057589213101e+01
5.119063102404276577e+01
5.119118080536524218e+01
5.119173283179600986e+01
5.119229173262913690e+01
5.119284534851710333e+01
5.119340381224949965e+01
5.119395859638849799e+01
5.119451193412145074e+01
5.119507277806599888e+01
5.119563113848368374e+01
5.119625178178151259e+01
5.119678291479746690e+01
5.119729123512903612e+01
5.119805154403050551e+01
5.119843285878499017e+01
5.119895556370417466e+01
5.119951182206471429e+01
5.120007017056147447e+01
5.120065562725066854e+01
5.120117845535278178e+01
5.120174858172734389e+01
5.120229122638702535e+01
5.120287226835886685e+01
5.120340361992518297e+01
5.120396413803100444e+01
5.120451590220133653e+01
5.120507025321324335e+01
5.120602219502131192e+01
5.120622711976368890e+01
5.120673474073409892e+01
5.120729765892028951e+01
5.120784480571747110e+01
5.120840343634287706e+01
5.120896179278691562e+01
5.120951382319132250e+01
5.121006773312886651e+01
5.121062395970026415e+01
5.121120723883311143e+01
5.121173425912856914e+01
5.121229060093561714e+01
5.121284480889638502e+01
5.121340086062749464e+01
5.121399713357289585e+01
5.121455522378285963e+01
5.121506983836491855e+01
5.121562610467275078e+01
5.121617997090022101e+01
5.121673624515533163e+01
5.121729252735773485e+01
5.121784698963165283e+01
5.121840104262034288e+01
5.121895933151245117e+01
5.121951983769734795e+01
5.122007910410562914e+01
5.122062602043151713e+01
5.122118420998255317e+01
5.122201970020930162e+01
5.122234020630518359e+01
5.122286460796991747e+01
5.122340680360794352e+01
5.122395674387613695e+01
5.122451527913411695e+01
5.122506949106852403e+01
5.122562357187270976e+01
5.122618200778961040e+01
5.122673613627751621e+01
5.122729236284892096e+01
5.122785759766896518e+01
5.122840473651886128e+01
5.122895677884419996e+01
5.122951776981354044e+01
5.123015386660893711e+01
5.123065474828084120e+01
5.123118152618408061e+01
5.123173569838206021e+01
5.123230578502019483e+01
5.123284831841786513e+01
5.123340661525726603e+01
5.123395871321360318e+01
5.123451718886693129e+01
5.123506900469462266e+01
5.123562522729238111e+01
5.123617938359578261e+01
5.123673769235610820e+01
5.123729403018951700e+01
5.123803570270538188e+01
5.123841523329416958e+01
5.123896488746007094e+01
5.123952864011128838e+01
5.124008954366048130e+01
5.124062940279642930e+01
5.124117900927861768e+01
5.124173524777094713e+01
5.124229598840077671e+01
5.124284807840982836e+01
5.124340640703837124e+01
5.124396051168442057e+01
5.124451938867569112e+01
5.124507515827814785e+01
5.124617912371953565e+01
5.124631706476211690e+01
5.124673949480056478e+01
5.124737275838852213e+01
5.124784998496373589e+01
5.124840583801269389e+01
5.124895801146825391e+01
5.124951410690943732e+01
5.125009108384450229e+01
5.125062700907389512e+01
5.125118084748586256e+01
5.125178324778874384e+01
5.125229762395223077e+01
5.125285567442575996e+01
5.125340853532155450e+01
5.125396685202916558e+01
5.125451842943827074e+01
5.125507304271062026e+01
5.125562674999237345e+01
5.125618089834848945e+01
5.125673705736796393e+01
5.125729749202728414e+01
5.125785576502482144e+01
5.125842870473861979e+01
5.125895780722300543e+01
5.125951613187790201e+01
5.126008266210556030e+01
5.126062653064727925e+01
5.126118280887603618e+01
5.126173899968465264e+01
5.126229521830876479e+01
5.126284935474395610e+01
5.126340150435765253e+01
5.126396186351776407e+01
5.126451598803202359e+01
5.126507205168406500e+01
5.126567273537317959e+01
5.126618727842966905e+01
5.126674354473750128e+01
5.126730877955754551e+01
5.126785129308700562e+01
5.126841928561528761e+01
5.126895739634831983e+01
5.126951544284820272e+01
5.127007199525833414e+01
5.127062386274337769e+01
5.127118448019027852e+01
5.127174284458160258e+01
5.127229283650716241e+01
5.127284900347391527e+01
5.127340284585952901e+01
5.127395907243092665e+01
5.127451902627944946e+01
5.127506941954295172e+01
5.127562592824300225e+01
5.127618425687153803e+01
5.127674046357472548e+01
5.127729474703470913e+01
5.127784880797068467e+01
5.127841140429178779e+01
5.127896125713984077e+01
5.127954679727554321e+01
5.128007171551386278e+01
5.128062588373820319e+01
5.128117998838424541e+01
5.128174292246500698e+01
5.128229244947433330e+01
5.128285120725631430e+01
5.128340480724970263e+01
5.128396112918854044e+01
5.128453111648559570e+01
5.128507996400197300e+01
5.128562563260395990e+01
5.128618391354878980e+01
5.128673604726791524e+01
5.128729637066523139e+01
5.128786633014679097e+01
5.128840676943460863e+01
5.128896508216858052e+01
5.128951715230941488e+01
5.129008769989013672e+01
5.129064380725224481e+01
5.129118375778197958e+01
5.129175842205683722e+01
5.129229675928751675e+01
5.129284829298655524e+01
5.129340873956680014e+01
5.129396709601084581e+01
5.129452605247497843e+01
5.129510217905044556e+01
5.129562524954477709e+01
5.129618138472239508e+01
5.129674184719721808e+01
5.129729381004969468e+01
5.129784797430038168e+01
5.129844201803207682e+01
5.129896274407704482e+01
5.129951678117116387e+01
5.130007086992263510e+01
5.130062716007232382e+01
5.130119971434275072e+01
5.130180631875991537e+01
5.130229378938675211e+01
5.130284759998321675e+01
5.130340386231740268e+01
5.130395804246266778e+01
5.130451643069584833e+01
5.130507043997446459e+01
5.130562670628229682e+01
5.130618323087692545e+01
5.130673701763153360e+01
5.130729329586029053e+01
5.130784740050633985e+01
5.130840781529744277e+01
5.130896236101786201e+01
5.130951615174611646e+01
5.131007817188898912e+01
5.131065647602081015e+01
5.131118512153625488e+01
5.131179978052774970e+01
5.131238055626551642e+01
5.131284727255503242e+01
5.131341002384821337e+01
5.131397045850754068e+01
5.131451613903045939e+01
5.131507940292358683e+01
5.131563092072804722e+01
5.131618281205495435e+01
5.131674922704696939e+01
5.131730046669642320e+01
5.131785172621409430e+01
5.131840819915135654e+01
5.131896402041117256e+01
5.131951813300450738e+01
5.132009070316950528e+01
5.132064431905746460e+01
5.132119149764378818e+01
5.132174596786499166e+01
5.132236185868580947e+01
5.132289723952611382e+01
5.132340760231018351e+01
5.132396380901336386e+01
5.132452004353205410e+01
5.132515358924865723e+01
5.132562620242436680e+01
5.132618656555811754e+01
5.132674628496170044e+01
5.132729695240656298e+01
5.132785752614339003e+01
5.132840512593587334e+01
5.132895933787028042e+01
5.132951983610789171e+01
5.133007607857386034e+01
5.133062831958135064e+01
5.133120139042536323e+01
5.133174060980478970e+01
5.133231271505356119e+01
5.133284881114959575e+01
5.133340716361999512e+01
5.133396553595860468e+01
5.133451789617538452e+01
5.133508059581120619e+01
5.133563681840896464e+01
5.133618414004643427e+01
5.133674043019612299e+01
5.133729663292567125e+01
5.133785086472828851e+01
5.133849050203959052e+01
5.133896109263102403e+01
5.133951732317606798e+01
5.134007350603739184e+01
5.134062780141830729e+01
5.134118398427963115e+01
5.134174229701360304e+01
5.134231702486673754e+01
5.134284844001134474e+01
5.134341323375701904e+01
5.134396299521128526e+01
5.134451505740483412e+01
5.134507323106129917e+01
5.134563419024149766e+01
5.134618149201074999e+01
5.134673998355865621e+01
5.134729857047398838e+01
5.134785043795903192e+01
5.134840880632400228e+01
5.134896291097005161e+01
5.134952384630839362e+01
5.135007328192393317e+01
5.135062713225682529e+01
5.135118620395660116e+01
5.135173960129419868e+01
5.135232324600220011e+01
5.135285443862279209e+01
5.135340855916341241e+01
5.135397123098373129e+01
5.135453267097473429e+01
5.135508151849111158e+01
5.135563349723815918e+01
5.135618553558985155e+01
5.135674176216125630e+01
5.135729585488637383e+01
5.135785216887791904e+01
5.135840628941853936e+01
5.135896252393722250e+01
5.135951873064040996e+01
5.136007287502288676e+01
5.136063117186228766e+01
5.136118331352869859e+01
5.136174155871073310e+01
5.136229780912399434e+01
5.136284973224004347e+01
5.136342466274897589e+01
5.136396664381027222e+01
5.136452059348424370e+01
5.136507257223129130e+01
5.136562873125076578e+01
5.136622263987859327e+01
5.136674355268478109e+01
5.136730518341064311e+01
5.136785169045130317e+01
5.136840997139612597e+01
5.136896003484726236e+01
5.136952034235000752e+01
5.137007245222727647e+01
5.137062662442524896e+01
5.137119147777557515e+01
5.137174101670583326e+01
5.137230017979939589e+01
5.137285374800364224e+01
5.137340811888376635e+01
5.137396199703216837e+01
5.137451829115549629e+01
5.137507441441218248e+01
5.137563065687815111e+01
5.137619116703669420e+01
5.137674103975295736e+01
5.137729732592900689e+01
5.137785337368647021e+01
5.137841360171636040e+01
5.137896596590677945e+01
5.137951802412668911e+01
5.138011579910914151e+01
5.138063235282898233e+01
5.138118455410003804e+01
5.138174069722493442e+01
5.138229715426762567e+01
5.138285124699275030e+01
5.138340524037678847e+01
5.138396360476811964e+01
5.138452397187550957e+01
5.138507364988326742e+01
5.138571767012278002e+01
5.138618669112523207e+01
5.138673850695292344e+01
5.138729469378789361e+01
5.138785514036814561e+01
5.138840522368749220e+01
5.138897310495376303e+01
5.138951973915099813e+01
5.139007892608642436e+01
5.139063003063201762e+01
5.139118811686833510e+01
5.139174016316732008e+01
5.139229549964269239e+01
5.139285502433776998e+01
5.139340709447860434e+01
5.139396722316742228e+01
5.139452133178711080e+01
5.139507354497909830e+01
5.139566543102264262e+01
5.139620203574498447e+01
5.139674030542373373e+01
5.139729650020599649e+01
5.139785485665003506e+01
5.139840701818466329e+01
5.139896105130513604e+01
5.139952139854430868e+01
5.140007530053456719e+01
5.140062945286432949e+01
5.140118770599364950e+01
5.140174453655878750e+01
5.140229836304982314e+01
5.140285013516744073e+01
5.140340636571248467e+01
5.140396505196888910e+01
5.140452123483022007e+01
5.140507793823878302e+01
5.140562711159387987e+01
5.140618418852488247e+01
5.140674451192219863e+01
5.140729373693466187e+01
5.140785232384999404e+01
5.140842445691426832e+01
5.140896243651707920e+01
5.140951951344808180e+01
5.141008198261260986e+01
5.141063133875528735e+01
5.141121267080306723e+01
5.141174389918645460e+01
5.141229591369629048e+01
5.141284996271133423e+01
5.141341049671173380e+01
5.141396471261978007e+01
5.141451668341954218e+01
5.141507502396901685e+01
5.141563750108083042e+01
5.141631459395090786e+01
5.141673717498779439e+01
5.141729782819747641e+01
5.141784962813059678e+01
5.141840583880742344e+01
5.141897409756978021e+01
5.141952065229416036e+01
5.142008651494980143e+01
5.142063105106353760e+01
5.142119247515996250e+01
5.142174427509307577e+01
5.142229540745417182e+01
5.142285376389821039e+01
5.142340765396753710e+01
5.142396636009216593e+01
5.142451812028885172e+01
5.142507260640461908e+01
5.142563087145487799e+01
5.142618925571441935e+01
5.142677669922510830e+01
5.142729755242665846e+01
5.142785172065099175e+01
5.142841000954310005e+01
5.142897089719772197e+01
5.142952003479003764e+01
5.143007445335388184e+01
5.143063068787257208e+01
5.143118699391683180e+01
5.143173884948094354e+01
5.143229517539342055e+01
5.143285550276438300e+01
5.143340757687886367e+01
5.143396156231562344e+01
5.143452278772989672e+01
5.143507604598998739e+01
5.143563056389491095e+01
5.143619895776112827e+01
5.143674306074778002e+01
5.143729927142461378e+01
5.143785762786865234e+01
5.143841216166813979e+01
5.143896384636560981e+01
5.143951996564864970e+01
5.144007863998412944e+01
5.144063241879145210e+01
5.144119088252385552e+01
5.144174525737762593e+01
5.144233255783716885e+01
5.144285322825113838e+01
5.144341578880946031e+01
5.144396356344223165e+01
5.144452192783355571e+01
5.144507394234339159e+01
5.144563444852828837e+01
5.144618637561798380e+01
5.144674507776895922e+01
5.144729891618092665e+01
5.144785304069519327e+01
5.144840717315673828e+01
5.144896324872970439e+01
5.144951740503311299e+01
5.145018207629521356e+01
5.145063087940216207e+01
5.145118403832118048e+01
5.145174005031585551e+01
5.145230074326197212e+01
5.145285278956095709e+01
5.145341102282205981e+01
5.145396532615026075e+01
5.145452608664830763e+01
5.145507125854491903e+01
5.145562952359517084e+01
5.145622562567393032e+01
5.145674218336741035e+01
5.145729850530624105e+01
5.145786941448847784e+01
5.145842518409093458e+01
5.145896717707316270e+01
5.145952805678049913e+01
5.146007552146911479e+01
5.146062927643458096e+01
5.146118562221526815e+01
5.146174216270446777e+01
5.146229821840922369e+01
5.146289422512054301e+01
5.146340871254603400e+01
5.146396494309107794e+01
5.146452532609303887e+01
5.146507333119710381e+01
5.146563157240549913e+01
5.146619254350662231e+01
5.146674607594808037e+01
5.146729815800984653e+01
5.146787075201670092e+01
5.146840817928314493e+01
5.146896469195683466e+01
5.146952096223831319e+01
5.147007685502369867e+01
5.147063117424647061e+01
5.147118539015452399e+01
5.147176048755645894e+01
5.147229613860448438e+01
5.147285188436508463e+01
5.147345205148061353e+01
5.147396216789881151e+01
5.147452060381571215e+01
5.147507476409275995e+01
5.147567692995071553e+01
5.147618732452392720e+01
5.147674346764882358e+01
5.147729776700337823e+01
5.147785816192627095e+01
5.147842646439870151e+01
5.147897865772247172e+01
5.147952059507370137e+01
5.148007680972417432e+01
5.148063070774078653e+01
5.148119612137476508e+01
5.148174833854039179e+01
5.148229966560999316e+01
5.148285784721374370e+01
5.148340999285380093e+01
5.148396448294321459e+01
5.148453001976012899e+01
5.148507914940515917e+01
5.148563291231791084e+01
5.148623298406600668e+01
5.148674729665120253e+01
5.148729945023854526e+01
5.148785359462102207e+01
5.148840984900792250e+01
5.148900543848673550e+01
5.148952031135559082e+01
5.149017648696899130e+01
5.149063276847203241e+01
5.149118890762328959e+01
5.149174072345098097e+01
5.149229810237884664e+01
5.149285318454106886e+01
5.149340727726618638e+01
5.149396776358286587e+01
5.149452448685963901e+01
5.149507399002710883e+01
5.149563033183415683e+01
5.149618652661641249e+01
5.149674290815989508e+01
5.149729902346928867e+01
5.149785327911376953e+01
5.149841196139653476e+01
5.149896571636200093e+01
5.149952201843261435e+01
5.150008258422215590e+01
5.150063253243764194e+01
5.150120307604471748e+01
5.150174730221430508e+01
5.150230098565419468e+01
5.150290535688399984e+01
5.150341353813806933e+01
5.150396968126297281e+01
5.150451945861180292e+01
5.150507580439249722e+01
5.150563450256983344e+01
5.150619020859400621e+01
5.150674252907435147e+01
5.150730752944946289e+01
5.150785963932673184e+01
5.150841302076975836e+01
5.150896737575531148e+01
5.150952368577321039e+01
5.151007860898971558e+01
5.151063191493351923e+01
5.151118806203206191e+01
5.151174216270446493e+01
5.151231081088383945e+01
5.151287531455357538e+01
5.151341135104497226e+01
5.151396934986114218e+01
5.151451930205027452e+01
5.151507549285888388e+01
5.151564342975616739e+01
5.151620169480641920e+01
5.151677123705545824e+01
5.151730252504349039e+01
5.151785250504811842e+01
5.151841138203938897e+01
5.151896525621414469e+01
5.151951884428660122e+01
5.152007770538330078e+01
5.152063810825347900e+01
5.152120420535405287e+01
5.152174394528071133e+01
5.152230228980382520e+01
5.152285223007201864e+01
5.152341061035792080e+01
5.152396696805953979e+01
5.152452095349629957e+01
5.152507726351419848e+01
5.152563556432723857e+01
5.152619437774022515e+01
5.152674134174982612e+01
5.152730012734730991e+01
5.152786592642465990e+01
5.152841044267018589e+01
5.152897472778956001e+01
5.152952088514963691e+01
5.153007922172546529e+01
5.153069349129994947e+01
5.153118952115377027e+01
5.153174337546030870e+01
5.153229784965515137e+01
5.153285818099975302e+01
5.153341025114059448e+01
5.153396849632262899e+01
5.153452475070953653e+01
5.153507240215937202e+01
5.153563094139099121e+01
5.153618918657302572e+01
5.153674605290095201e+01
5.153729976415634439e+01
5.153785589536030898e+01
5.153841286897659302e+01
5.153896629015604702e+01
5.153952260414759223e+01
5.154008097648620890e+01
5.154063498576481805e+01
5.154118685722350790e+01
5.154174298445384039e+01
5.154229771296183316e+01
5.154289304018020346e+01
5.154340965350468906e+01
5.154396378199259487e+01
5.154452234109242426e+01
5.154507890542348036e+01
5.154563274780909410e+01
5.154618908564249580e+01
5.154674309889475836e+01
5.154729941288630357e+01
5.154785571495691698e+01
5.154840956926345541e+01
5.154896582365036295e+01
5.154952437480290683e+01
5.155007626215616767e+01
5.155063462257385254e+01
5.155118650992711338e+01
5.155174515644709032e+01
5.155231564839680658e+01
5.155285542408625332e+01
5.155341376066208170e+01
5.155396997928619385e+01
5.155452682971954204e+01
5.155507856210072504e+01
5.155563707351684855e+01
5.155618641376495503e+01
5.155676361322402812e+01
5.155730328162511000e+01
5.155785517692565634e+01
5.155841578245163248e+01
5.155898662805557109e+01
5.155953817764918057e+01
5.156008020639419698e+01
5.156063630183538038e+01
5.156119258801142280e+01
5.156174679597219068e+01
5.156230094035466749e+01
5.156285715103149414e+01
5.156340672572454054e+01
5.156396984259287564e+01
5.156452587445576796e+01
5.156508000691732008e+01
5.156563210090001093e+01
5.156618790626525595e+01
5.156674209833145284e+01
5.156729829311370850e+01
5.156785449981689595e+01
5.156841322183608867e+01
5.156896731058756700e+01
5.156954483191172045e+01
5.157007800738016812e+01
5.157066311041513984e+01
5.157119224468866747e+01
5.157174849510192871e+01
5.157231322129567275e+01
5.157285891373952325e+01
5.157341056267420498e+01
5.157396707932154101e+01
5.157453216711680000e+01
5.157507714827855239e+01
5.157563341061274542e+01
5.157618995904922343e+01
5.157674831549326910e+01
5.157730027834574571e+01
5.157785442272822252e+01
5.157841299772262289e+01
5.157897956768671577e+01
5.157952521244684618e+01
5.158007692098617269e+01
5.158063337802887105e+01
5.158152306477229132e+01
5.158192721605301045e+01
5.158230210940043037e+01
5.158286610444386611e+01
5.158341046571731425e+01
5.158396875460942255e+01
5.158452299038569322e+01
5.158507482608159478e+01
5.158563536405563354e+01
5.158621677557627550e+01
5.158674588998158583e+01
5.158730210860570509e+01
5.158785383303960259e+01
5.158841251134872152e+01
5.158896632989247877e+01
5.158952043453852099e+01
5.159008748928705756e+01
5.159063531160354898e+01
5.159120321671168341e+01
5.159174776871999057e+01
5.159230389197667677e+01
5.159285378853480353e+01
5.159341225226719985e+01
5.159398305018742548e+01
5.159452227354049825e+01
5.159507940212885302e+01
5.159563734531402446e+01
5.159621227582295688e+01
5.159674336910247661e+01
5.159731560945510864e+01
5.159785589774449477e+01
5.159841413100560459e+01
5.159904144605000909e+01
5.159952236413955973e+01
5.160010143915812364e+01
5.160063929160435947e+01
5.160118884642918857e+01
5.160174757639567389e+01
5.160230150620142808e+01
5.160285756190617690e+01
5.160342331727346021e+01
5.160397847890853740e+01
5.160461151599884033e+01
5.160507855812708300e+01
5.160597188075383457e+01
5.160620594024658203e+01
5.160674509604771742e+01
5.160729899009069044e+01
5.160786164601643833e+01
5.160841788450876777e+01
5.160896772940953525e+01
5.160952205260594639e+01
5.161007844209670736e+01
5.161063656012217393e+01
5.161119050582249912e+01
5.161174500385920538e+01
5.161239078839619765e+01
5.161286181608836188e+01
5.161341571410496698e+01
5.161408956050873087e+01
5.161454538504282397e+01
5.161508036851883219e+01
5.161563420693079962e+01
5.161618836323420112e+01
5.161674681107203355e+01
5.161730305751164849e+01
5.161785717805226881e+01
5.161841550270716539e+01
5.161897302071253790e+01
5.161953010161717970e+01
5.162008008956909322e+01
5.162063841422398980e+01
5.162120080788930210e+01
5.162201581001281880e+01
5.162236338853836060e+01
5.162287406126657885e+01
5.162341540257136074e+01
5.162397161722183370e+01
5.162452574570973951e+01
5.162507803837458198e+01
5.162563825448354038e+01
5.162622772057851250e+01
5.162675316731134956e+01
5.162733598550160963e+01
5.162786562840143745e+01
5.162841991980870660e+01
5.162897148132324077e+01
5.162952768007914273e+01
5.163018213113149102e+01
5.163063591718673706e+01
5.163119219541549398e+01
5.163177595933278496e+01
5.163230504989623881e+01
5.163285628159840712e+01
5.163341325521469116e+01
5.163396918376286493e+01
5.163452309767405524e+01
5.163507957855860298e+01
5.163563838005065776e+01
5.163618980646133139e+01
5.163674357334772935e+01
5.163729981581369799e+01
5.163798557519912436e+01
5.163841023047765333e+01
5.163896660407384331e+01
5.163952501217524116e+01
5.164008965094884474e+01
5.164063335259755405e+01
5.164118950366973593e+01
5.164174585739771572e+01
5.164230213960011895e+01
5.164285615682602071e+01
5.164341925382613852e+01
5.164397420485814649e+01
5.164452478885650777e+01
5.164509551127751763e+01
5.164610257943471083e+01
5.164629654884338095e+01
5.164675204753875448e+01
5.164730195601781304e+01
5.164786788225173808e+01
5.164842401742934896e+01
5.164896860520045152e+01
5.164952479203542168e+01
5.165008108218511040e+01
5.165063937107721870e+01
5.165122026999791416e+01
5.165175079504648892e+01
5.165230388243993076e+01
5.165286030371984083e+01
5.165341421763102403e+01
5.165397051572799825e+01
5.165452462037404047e+01
5.165507874091466078e+01
5.165563703775406168e+01
5.165619328419367662e+01
5.165674751996994019e+01
5.165730362335840908e+01
5.165785539150238037e+01
5.165841217835744459e+01
5.165897016922632901e+01
5.165952223141987787e+01
5.166007908185323316e+01
5.166063884496688985e+01
5.166118890444437994e+01
5.166174726088841851e+01
5.166230345169703497e+01
5.166285968224207892e+01
5.166341386238733691e+01
5.166397017240524292e+01
5.166458032131195210e+01
5.166508235931396342e+01
5.166563434203465732e+01
5.166619287331899102e+01
5.166678470373153687e+01
5.166730530659357612e+01
5.166785733302434380e+01
5.166841191450755133e+01
5.166897199551264208e+01
5.166952406167983725e+01
5.167007843653360766e+01
5.167063651879628594e+01
5.167119275728861538e+01
5.167174241542816304e+01
5.167230074405669882e+01
5.167285693089167609e+01
5.167341160376866327e+01
5.167396755615870063e+01
5.167452375491460259e+01
5.167508008877436509e+01
5.167566726207733296e+01
5.167619015375773017e+01
5.167674881617228522e+01
5.167730297247568672e+01
5.167785714070002001e+01
5.167841722965240336e+01
5.167896716594695761e+01
5.167952335675557407e+01
5.168008198738098002e+01
5.168063373168309482e+01
5.168118995030720697e+01
5.168175069093704366e+01
5.168230485916137695e+01
5.168286104202270792e+01
5.168341721296310709e+01
5.168396927118301676e+01
5.168452552954355639e+01
5.168507976531982706e+01
5.168563806215922085e+01
5.168619209130604730e+01
5.168674629529316888e+01
5.168730230331421183e+01
5.168788844744364752e+01
5.168841923872629707e+01
5.168898374239604010e+01
5.168952316443125738e+01
5.169007965723673692e+01
5.169063545465469645e+01
5.169119883378346714e+01
5.169175211191177510e+01
5.169231611887614264e+01
5.169286257425944342e+01
5.169341282049814623e+01
5.169397103786468506e+01
5.169452517032623007e+01
5.169508562088012837e+01
5.169563754002253120e+01
5.169619392156600668e+01
5.169674807786941528e+01
5.169730185270309164e+01
5.169786016941070272e+01
5.169841462771098151e+01
5.169897091388702393e+01
5.169953881104787285e+01
5.170008136034012125e+01
5.170063720146814745e+01
5.170119590759277628e+01
5.170177903572718492e+01
5.170230389038722052e+01
5.170286019643148023e+01
5.170341657002767022e+01
5.170397771994272773e+01
5.170453376770019815e+01
5.170508387486140123e+01
5.170563931465149210e+01
5.170619111061095907e+01
5.170674326817194810e+01
5.170730925401051792e+01
5.170785781939824233e+01
5.170841414531071933e+01
5.170897041559219076e+01
5.170953415632247641e+01
5.171008060375849169e+01
5.171064197222391812e+01
5.171120023727416992e+01
5.171174840132395190e+01
5.171230583190917685e+01
5.171291420459747457e+01
5.171341627041498867e+01
5.171400538682937764e+01
5.171452864408492900e+01
5.171508286794026787e+01
5.171565492550531928e+01
5.171629925966262675e+01
5.171674935022989672e+01
5.171730550130208570e+01
5.171785966555277270e+01
5.171841625769933160e+01
5.171897015968958300e+01
5.171953659454981533e+01
5.172008680105209066e+01
5.172064309517542569e+01
5.172119731505711826e+01
5.172174687782923286e+01
5.172231718699137559e+01
5.172286180655161303e+01
5.172342549562453939e+01
5.172397205034891954e+01
5.172452837626139655e+01
5.172508244117101128e+01
5.172564077377319336e+01
5.172622399727503506e+01
5.172675118843714159e+01
5.172730735937754076e+01
5.172787512938181465e+01
5.172841361363728652e+01
5.172897174755732408e+01
5.172953572670618883e+01
5.173008235295613844e+01
5.173064520756403795e+01
5.173119447628656786e+01
5.173174763917923258e+01
5.173230277697245327e+01
5.173289871613184943e+01
5.173341316779454502e+01
5.173397152026494439e+01
5.173457797765731669e+01
5.173509372075398716e+01
5.173565414746602187e+01
5.173619230985641337e+01
5.173675063848495626e+01
5.173730891148249356e+01
5.173785895506541266e+01
5.173842380444208544e+01
5.173897156318028578e+01
5.173952976465225362e+01
5.174012721379597934e+01
5.174064637422561930e+01
5.174119429985682217e+01
5.174176446596781176e+01
5.174230472246805590e+01
5.174286094903946065e+01
5.174341513713201124e+01
5.174397129615147861e+01
5.174452548821766840e+01
5.174510232210159444e+01
5.174564972718556533e+01
5.174621015787124634e+01
5.174675877491633003e+01
5.174730479319890009e+01
5.174786074558893745e+01
5.174841259320577080e+01
5.174897083441416612e+01
5.174952736298243394e+01
5.175008364915847636e+01
5.175064733425776353e+01
5.175120830535888672e+01
5.175175655682881626e+01
5.175231891870498657e+01
5.175286276340484903e+01
5.175345226128896314e+01
5.175401245752970425e+01
5.175452718734741353e+01
5.175508549213409282e+01
5.175563958883285665e+01
5.175619581937790059e+01
5.175676145950953355e+01
5.175731657346089776e+01
5.175786033868789815e+01
5.175842101573944376e+01
5.175897271235783847e+01
5.175961440801620483e+01
5.176008322636286607e+01
5.176063710451126099e+01
5.176120729446411417e+01
5.176174986759821905e+01
5.176230802536010600e+01
5.176287867625554640e+01
5.176341636180877970e+01
5.176397042671839444e+01
5.176452887852986606e+01
5.176508099635442051e+01
5.176564145088195801e+01
5.176619321505229010e+01
5.176674749453862745e+01
5.176730418205261230e+01
5.176786832412084038e+01
5.176841427087784098e+01
5.176897674798965454e+01
5.176956628958384243e+01
5.177008287111917895e+01
5.177063674529393467e+01
5.177119294404983663e+01
5.177174711624781622e+01
5.177230330308278639e+01
5.177286477486292426e+01
5.177341876427332323e+01
5.177406386137008809e+01
5.177456829150517592e+01
5.177508248090744303e+01
5.177563893397648798e+01
5.177620401382446147e+01
5.177677222887675157e+01
5.177730554739634528e+01
5.177786595424016269e+01
5.177841596603393270e+01
5.177897430260976108e+01
5.177953507502873975e+01
5.178012876113255913e+01
5.178063662052154825e+01
5.178119925657907885e+01
5.178175123135248725e+01
5.178230737050374444e+01
5.178286361694335938e+01
5.178346372445424350e+01
5.178397530317306519e+01
5.178453031778335713e+01
5.178508864641189291e+01
5.178563628991445000e+01
5.178619240919748989e+01
5.178674865961075113e+01
5.178730740149816114e+01
5.178785900274912279e+01
5.178841529687245782e+01
5.178897594213485434e+01
5.178952591021855767e+01
5.179008425076802524e+01
5.179064037402471143e+01
5.179119665225346836e+01
5.179175080060959147e+01
5.179232963720957628e+01
5.179285890658696445e+01
5.179341734250386509e+01
5.179397359291712633e+01
5.179452556769053473e+01
5.179508407115936564e+01
5.179564006725946967e+01
5.179620091915130331e+01
5.179674824873606553e+01
5.179730892181396484e+01
5.179786316553751391e+01
5.179845060110092447e+01
5.179897335767746114e+01
5.179952969948450914e+01
5.180008390744526992e+01
5.180064209699630595e+01
5.180119398037592759e+01
5.180175253152847148e+01
5.180230872631072714e+01
5.180286078453063681e+01
5.180341476202011108e+01
5.180397088925043647e+01
5.180456463098526143e+01
5.180507932106653612e+01
5.180563988685607768e+01
5.180619822740554525e+01
5.180674815575282111e+01
5.180731288194656514e+01
5.180789808432260912e+01
5.180842366615931383e+01
5.180897517204284952e+01
5.180952932039896552e+01
5.181008557875951226e+01
5.181064181327819540e+01
5.181119388739268317e+01
5.181175214052200317e+01
5.181230838298797892e+01
5.181286685864130703e+01
5.181341676712035849e+01
5.181397287845611288e+01
5.181453122695287306e+01
5.181508541901906284e+01
5.181563954353332235e+01
5.181620740493138300e+01
5.181675626039505289e+01
5.181730600595474101e+01
5.181786231199900072e+01
5.181845818360646660e+01
5.181897273063659526e+01
5.181953099568684706e+01
5.182008726199467930e+01
5.182063913345336914e+01
5.182119326591491415e+01
5.182174959580103746e+01
5.182230588197707988e+01
5.182285984754562236e+01
5.182342053254445347e+01
5.182397221326827719e+01
5.182453756332397177e+01
5.182508677641551031e+01
5.182564095656076830e+01
5.182619510094324511e+01
5.182675385872523321e+01
5.182730787992477417e+01
5.182786182959874566e+01
5.182841825882594122e+01
5.182897993723551622e+01
5.182953705787658549e+01
5.183008900483449111e+01
5.183064312140147223e+01
5.183119272788365350e+01
5.183174936771392538e+01
5.183234558900197442e+01
5.183286183277765957e+01
5.183343391418456747e+01
5.183397849798202373e+01
5.183454009294509746e+01
5.183508890867233276e+01
5.183564301331838209e+01
5.183619916041691766e+01
5.183675337235133185e+01
5.183730737368265551e+01
5.183787018060684204e+01
5.183841580549876227e+01
5.183897167841593756e+01
5.183952793280283800e+01
5.184008241494496616e+01
5.184063829580942695e+01
5.184119449456532891e+01
5.184175107876459521e+01
5.184230498075485372e+01
5.184289669593174921e+01
5.184341754913329936e+01
5.184397392670313565e+01
5.184454703330993652e+01
5.184508419831593784e+01
5.184564773639043267e+01
5.184620409806569086e+01
5.184675510724385816e+01
5.184730492035547655e+01
5.184786856571833624e+01
5.184843214750289775e+01
5.184897582928339688e+01
5.184952998161315918e+01
5.185008611679077006e+01
5.185064040422439291e+01
5.185119689305623325e+01
5.185175060828526483e+01
5.185230678717295660e+01
5.185286314090092930e+01
5.185341943899790351e+01
5.185398940642674859e+01
5.185453216234842699e+01
5.185512980222701884e+01
5.185565390586852885e+01
5.185619639158248617e+01
5.185675894816716180e+01
5.185731350183486654e+01
5.185786819855372443e+01
5.185845889647801954e+01
5.185897757609685499e+01
5.185955460071564005e+01
5.186008578538894653e+01
5.186064210335413804e+01
5.186119615634282098e+01
5.186175909837086806e+01
5.186231075525283529e+01
5.186286488771438741e+01
5.186342535018921041e+01
5.186397505601247104e+01
5.186452918052673056e+01
5.186508769194285406e+01
5.186564404169718756e+01
5.186619808276494581e+01
5.186675014098485548e+01
5.186730618476867960e+01
5.186786022981007704e+01
5.186841880083083822e+01
5.186897305250167989e+01
5.186952931086222662e+01
5.187008763551712320e+01
5.187064156134923110e+01
5.187119575341542799e+01
5.187174994945526407e+01
5.187230819066365228e+01
5.187286236683527818e+01
5.187342073520024854e+01
5.187401658693949713e+01
5.187453324000041022e+01
5.187508746385574199e+01
5.187564355134963989e+01
5.187621215581894063e+01
5.187676359017689975e+01
5.187731012900670180e+01
5.187786219517389696e+01
5.187841610511144097e+01
5.187897944053013788e+01
5.187952853838602607e+01
5.188008929491043375e+01
5.188063890536626133e+01
5.188119516372680806e+01
5.188175346056620185e+01
5.188230760494867866e+01
5.188286200761795186e+01
5.188341817458470473e+01
5.188397927284241007e+01
5.188453342119852607e+01
5.188508492708206177e+01
5.188564117352167671e+01
5.188620210091273321e+01
5.188675142129262241e+01
5.188730769952137933e+01
5.188790353139241773e+01
5.188841897646586432e+01
5.188897434870401781e+01
5.188952918052673624e+01
5.189008685350417949e+01
5.189064338604609361e+01
5.189119716882705546e+01
5.189175135294596686e+01
5.189231174389521328e+01
5.189286136627197266e+01
5.189341777563095093e+01
5.189397602478663174e+01
5.189453233083089145e+01
5.189508888324101576e+01
5.189565465847650927e+01
5.189619684219360352e+01
5.189675507545471334e+01
5.189730720520019247e+01
5.189786572058995517e+01
5.189842447837193617e+01
5.189898271163304599e+01
5.189953431685765395e+01
5.190008433659871656e+01
5.190064457654953145e+01
5.190119461615880425e+01
5.190177696943283081e+01
5.190232524871826314e+01
5.190286765098571919e+01
5.190342183113098429e+01
5.190398215055465414e+01
5.190453005631764682e+01
5.190508834918340142e+01
5.190564003785451064e+01
5.190619628826777188e+01
5.190674839814504082e+01
5.190730876127879156e+01
5.190786286195119459e+01
5.190841952164967665e+01
5.190897347132364814e+01
5.190952959458033433e+01
5.191008606354395738e+01
5.191064898570378716e+01
5.191120690902074131e+01
5.191175473133723273e+01
5.191230438947677328e+01
5.191286511023839267e+01
5.191341725985208910e+01
5.191399214665094775e+01
5.191452725330988471e+01
5.191509278615315992e+01
5.191564417282740607e+01
5.191619820992151801e+01
5.191675217151642130e+01
5.191730647881825433e+01
5.191786480347315802e+01
5.191843060255050801e+01
5.191904813051223755e+01
5.191956473986307685e+01
5.192009712457657145e+01
5.192064423958460395e+01
5.192119797468185283e+01
5.192175211111704414e+01
5.192230850458145142e+01
5.192286252975463867e+01
5.192343234618504511e+01
5.192397922674815192e+01
5.192452928225199571e+01
5.192508556048075263e+01
5.192564635276794149e+01
5.192620195547739570e+01
5.192675199111302931e+01
5.192731039921442715e+01
5.192791580756504999e+01
5.192842524449030606e+01
5.192897701660792364e+01
5.192953111728032667e+01
5.193008526563644267e+01
5.193064151604970391e+01
5.193120415608088081e+01
5.193176498015721876e+01
5.193231018781661845e+01
5.193286645412445068e+01
5.193342068990071425e+01
5.193397684494654243e+01
5.193453102509180752e+01
5.193508932590484761e+01
5.193564113775889268e+01
5.193619768619537069e+01
5.193675392468770013e+01
5.193730974594752325e+01
5.193787111441294257e+01
5.193841808636982904e+01
5.193897432883580478e+01
5.193953053553899224e+01
5.194009960492451938e+01
5.194065759579340380e+01
5.194120754400888984e+01
5.194177785317103258e+01
5.194232409000396444e+01
5.194287237326304307e+01
5.194346824487050185e+01
5.194398141702016147e+01
5.194453034400940084e+01
5.194508464733759467e+01
5.194565743605296149e+01
5.194621186256408407e+01
5.194675559202830328e+01
5.194731610616047845e+01
5.194786401987075664e+01
5.194841775496800551e+01
5.194897629022598551e+01
5.194953474203745714e+01
5.195009086132049703e+01
5.195071170330047750e+01
5.195119917392730713e+01
5.195175647735595703e+01
5.195231165885925151e+01
5.195286581118901381e+01
5.195341993172963413e+01
5.195397616227467807e+01
5.195453244050343500e+01
5.195508623123168945e+01
5.195564245780308710e+01
5.195619659026463921e+01
5.195677991310755317e+01
5.195733707745869623e+01
5.195786321560542120e+01
5.195842450857162476e+01
5.195902438958486158e+01
5.195952977736791212e+01
5.196008845170339185e+01
5.196064462661743022e+01
5.196119902133941792e+01
5.196176122426986410e+01
5.196230911811192499e+01
5.196286518176396640e+01
5.196342364549636983e+01
5.196397995551426874e+01
5.196453203757604200e+01
5.196509491602579800e+01
5.196564446687698080e+01
5.196620062987009447e+01
5.196675479809443488e+01
5.196731769243876187e+01
5.196786730289458944e+01
5.196842571894327989e+01
5.196897784471511983e+01
5.196953620115915840e+01
5.197009220918019423e+01
5.197064643700917230e+01
5.197122560342153008e+01
5.197175951004028605e+01
5.197231097618738715e+01
5.197287612358729092e+01
5.197342345317204604e+01
5.197398920456568305e+01
5.197452921867370890e+01
5.197508540948231825e+01
5.197564613421757684e+01
5.197620028257369995e+01
5.197675442298253046e+01
5.197731276353200514e+01
5.197786680062611708e+01
5.197842114766438470e+01
5.197897723913192891e+01
5.197953344980875556e+01
5.198009479443232550e+01
5.198064610560734877e+01
5.198120227654774794e+01
5.198177302281062140e+01
5.198231260776519491e+01
5.198286455869674683e+01
5.198346471389134393e+01
5.198399198849995884e+01
5.198453584114710679e+01
5.198509170611699659e+01
5.198564351002375616e+01
5.198620003859202399e+01
5.198675401608149116e+01
5.198731436332067091e+01
5.198786445458730299e+01
5.198842288255691813e+01
5.198903492291768202e+01
5.198953312238057123e+01
5.199009145895639961e+01
5.199064347743988179e+01
5.199119973977406772e+01
5.199175611337025771e+01
5.199230777025222494e+01
5.199286845922470235e+01
5.199342892169952535e+01
5.199397719303767218e+01
5.199453058242797709e+01
5.199509124755859091e+01
5.199567056496938022e+01
5.199619954427083002e+01
5.199675792058308588e+01
5.199731844266255365e+01
5.199786831537882392e+01
5.199842248360315722e+01
5.199898083607355659e+01
