5.000053211847941270e+01
5.000129458506901869e+01
5.000169659058253302e+01
5.000231322844823012e+01
5.000275409619013800e+01
5.000338400204976352e+01
5.000402456521987915e+01
5.000441291332244731e+01
5.000497355461120463e+01
5.000552984476089335e+01
5.000608390967051520e+01
5.000680627425511915e+01
5.000731054147084365e+01
5.000775055885314657e+01
5.000831139087677002e+01
5.000930049419402934e+01
5.000949796438217021e+01
5.000996886491775228e+01
5.001052960157394267e+01
5.001108700434367194e+01
5.001197128693262783e+01
5.001220645904540874e+01
5.001275033553441318e+01
5.001330645879109937e+01
5.001395441691080634e+01
5.001461462577184136e+01
5.001503624518712599e+01
5.001553626060486124e+01
5.001608564058939521e+01
5.001668992837269911e+01
5.001729698975881178e+01
5.001775027910868232e+01
5.001830403804778769e+01
5.001886023680368965e+01
5.001942214965820455e+01
5.001998349428176738e+01
5.002056552569071357e+01
5.002108342250188144e+01
5.002164164384205947e+01
5.002263270219167168e+01
5.002292424440383911e+01
5.002350750764210829e+01
5.002386664152145102e+01
5.002441657384236606e+01
5.002530625263850084e+01
5.002556039094925211e+01
5.002616445620854790e+01
5.002663700183232720e+01
5.002719554503758559e+01
5.002796427806218560e+01
5.002830611864725796e+01
5.002885975440343458e+01
5.002941844065983901e+01
5.002997028430302606e+01
5.003064805269241333e+01
5.003108394543330206e+01
5.003163681030273580e+01
5.003219300905863776e+01
5.003274930318196567e+01
5.003331482013066278e+01
5.003386469284693305e+01
5.003441621065140055e+01
5.003501028219859137e+01
5.003591835498809814e+01
5.003612980047861925e+01
5.003673561414083082e+01
5.003728055556614862e+01
5.003774940967559814e+01
5.003861175775527670e+01
5.003888103564580092e+01
5.003941813707351827e+01
5.004009861151377692e+01
5.004052834510802938e+01
5.004130168358484809e+01
5.004167850017547892e+01
5.004219501018523886e+01
5.004275127251943189e+01
5.004330744345983106e+01
5.004404968420664801e+01
5.004443034728367934e+01
5.004497408072153775e+01
5.004553039471308296e+01
5.004608451128005697e+01
5.004671999216079570e+01
5.004719908634821479e+01
5.004775582154591973e+01
5.004831195274989142e+01
5.004935942490895684e+01
5.004952662785847650e+01
5.004997739394505629e+01
5.005053775310516073e+01
5.005108437935511034e+01
5.005191552241642938e+01
5.005231312513351583e+01
5.005277392864227437e+01
5.005330720742543349e+01
5.005386542876561151e+01
5.005466753244400024e+01
5.005497391223907755e+01
5.005564425786336358e+01
5.005608171621958746e+01
5.005663797855377339e+01
5.005734047492344985e+01
5.005776319503784322e+01
5.005836752255757460e+01
5.005886076688766195e+01
5.005941499869028632e+01
5.005999048153559272e+01
5.006055063009262085e+01
5.006109066804250318e+01
5.006168205340703281e+01
5.006274647712707804e+01
5.006285339196522699e+01
5.006331109603245721e+01
5.006386303106943814e+01
5.006441692908605035e+01
5.006528785626093736e+01
5.006554450591405470e+01
5.006608807245890347e+01
5.006665800015131396e+01
5.006720589001973565e+01
5.006800460418065057e+01
5.006833771864572924e+01
5.006887299617131504e+01
5.006941711107889859e+01
5.006997326215108046e+01
5.007069532871246054e+01
5.007110040187835409e+01
5.007164831161499308e+01
5.007219858566919868e+01
5.007275235652923584e+01
5.007331684033076158e+01
5.007389782667159750e+01
5.007441899379094252e+01
5.007497297922770230e+01
5.007596263885498189e+01
5.007616502046585083e+01
5.007663970788319574e+01
5.007719801664352133e+01
5.007775013049443658e+01
5.007858351071675429e+01
5.007910630702972554e+01
5.007943588495254517e+01
5.007998667160669726e+01
5.008054002523422099e+01
5.008128715356190952e+01
5.008163929780324253e+01
5.008219331105549799e+01
5.008275161186853808e+01
5.008330788215001661e+01
5.008396330674489150e+01
5.008441833257675313e+01
5.008497234185536939e+01
5.008553082942962931e+01
5.008608704010645596e+01
5.008667803208033575e+01
5.008725390831629198e+01
5.008774933417637953e+01
5.008830554087956699e+01
5.008924986521402900e+01
5.008945246140162055e+01
5.008997219403584467e+01
5.009052873452504429e+01
5.009109877745310513e+01
5.009197261730830064e+01
5.009223295450210856e+01
5.009276731411615913e+01
5.009331406752268379e+01
5.009386174678802206e+01
5.009458034833271967e+01
5.009497200250625326e+01
5.009552612304687358e+01
5.009608691136042324e+01
5.009664620955785352e+01
5.009737018346786641e+01
5.009778267542521490e+01
5.009830967585245531e+01
5.009886594613393385e+01
5.009942013820012363e+01
5.010016379356384419e+01
5.010059006611506049e+01
5.010111373265583978e+01
5.010164924860000468e+01
5.010264934698740547e+01
5.010284990072250366e+01
5.010330724318821893e+01
5.010386153459548808e+01
5.010443157752354892e+01
5.010524674256642896e+01
5.010553443431854248e+01
5.010617824395497877e+01
5.010664266745249762e+01
5.010721255938211982e+01
5.010794864892959311e+01
5.010836360454559468e+01
5.010891165733337260e+01
5.010941958427429199e+01
5.010997159481048868e+01
5.011066029071808003e+01
5.011108844677607266e+01
5.011164006789525160e+01
5.011219629844029555e+01
5.011275069713592245e+01
5.011343003511429117e+01
5.011386543512344360e+01
5.011441928545634283e+01
5.011500880320866713e+01
5.011592216094334873e+01
5.011616628567377774e+01
5.011666289965311449e+01
5.011720064878463887e+01
5.011775476137797369e+01
5.011864645878473823e+01
5.011896483103434008e+01
5.011942150990168443e+01
5.011997759342193604e+01
5.012053168614705356e+01
5.012129839658737041e+01
5.012164013783137051e+01
5.012219634056091166e+01
5.012275257507960191e+01
5.012331092357635498e+01
5.012402567466099867e+01
5.012442799806594707e+01
5.012497742573420112e+01
5.012553165753682549e+01
5.012608790397644043e+01
5.012666750748952182e+01
5.012719617287317675e+01
5.012775243123372348e+01
5.012830857435861986e+01
5.012936281760533319e+01
5.012951745589574415e+01
5.013002937634785638e+01
5.013053144613901679e+01
5.013110698461532877e+01
5.013192638158798076e+01
5.013219596942266065e+01
5.013279877901076986e+01
5.013331261475880751e+01
5.013386259873708184e+01
5.013463131984075005e+01
5.013503127098083212e+01
5.013552916447321905e+01
5.013608743747075636e+01
5.013664143880208002e+01
5.013737704356511671e+01
5.013776076634724888e+01
5.013838326136271206e+01
5.013887495994568155e+01
5.013996437390645156e+01
5.014016110897064493e+01
5.014063311417897495e+01
5.014108282327651978e+01
5.014167451858520508e+01
5.014258925914764120e+01
5.014279764095942227e+01
5.014331433375676284e+01
5.014386421839396490e+01
5.014441831111908243e+01
5.014528942902882847e+01
5.014563558499018114e+01
5.014608927567800123e+01
5.014664105176925801e+01
5.014719944397608486e+01
5.014792279402414721e+01
5.014831436872482584e+01
5.014896410306294428e+01
5.014942045211792276e+01
5.014997440576553345e+01
5.015071409145991055e+01
5.015109121004740445e+01
5.015164525508880899e+01
5.015219939152400030e+01
5.015276519060135030e+01
5.015335765679677138e+01
5.015386866331100180e+01
5.015442019701004028e+01
5.015497832298278524e+01
5.015603431860606065e+01
5.015620834032694830e+01
5.015664265950520928e+01
5.015727421840031752e+01
5.015776981115341471e+01
5.015863252878189371e+01
5.015895169973373413e+01
5.015946235259374220e+01
5.015997180541356215e+01
5.016053009033203125e+01
5.016133160193761142e+01
5.016167670488357544e+01
5.016220320065816196e+01
5.016275503635406352e+01
5.016331544717152724e+01
5.016406367222467821e+01
5.016442193190256660e+01
5.016498241821924609e+01
5.016554306348164971e+01
5.016610483725865777e+01
5.016668000221252299e+01
5.016719658374786661e+01
5.016775274276733398e+01
5.016834057172139438e+01
5.016930959224701070e+01
5.016948882341385030e+01
5.017003002564112535e+01
5.017054595549901563e+01
5.017108385165532525e+01
5.017205233573913858e+01
5.017229639689127652e+01
5.017275692224502848e+01
5.017337965170542446e+01
5.017397576967875494e+01
5.017458415428797736e+01
5.017498446305592807e+01
5.017553389867146763e+01
5.017608610391616963e+01
5.017664612929026191e+01
5.017731714248657227e+01
5.017777980168660434e+01
5.017834073305130005e+01
5.017887139717738165e+01
5.017941931486129903e+01
5.018005073070526123e+01
5.018056707779566494e+01
5.018109004497527792e+01
5.018173365195592339e+01
5.018265249331792432e+01
5.018284624020258633e+01
5.018331957260767950e+01
5.018386960426966681e+01
5.018442111412684170e+01
5.018525654077529907e+01
5.018562115033467563e+01
5.018609833319981561e+01
5.018669604063033773e+01
5.018720021247863627e+01
5.018809405565261983e+01
5.018837480942408291e+01
5.018887944221496866e+01
5.018942298491796095e+01
5.018997519413630215e+01
5.019059594074884956e+01
5.019109649260838779e+01
5.019164386590321669e+01
5.019219555854797221e+01
5.019275389909743978e+01
5.019332722425460958e+01
5.019386421839396206e+01
5.019442045291264520e+01
5.019501419067383097e+01
5.019597491423289171e+01
5.019636257092157905e+01
5.019667090972264845e+01
5.019722900390625142e+01
5.019775399367014757e+01
5.019866042137145712e+01
5.019896896680196363e+01
5.019942910671234415e+01
5.019997886419296407e+01
5.020053093830744473e+01
5.020131857792536323e+01
5.020164556105931553e+01
5.020224567651748515e+01
5.020275392134984571e+01
5.020332801342010498e+01
5.020395598808924120e+01
5.020442673762639174e+01
5.020497870842616095e+01
5.020553287665049425e+01
5.020608466466267572e+01
5.020665996869404779e+01
5.020719713767369541e+01
5.020775583187739244e+01
5.020831404924392416e+01
5.020931160449981689e+01
5.020958818991979200e+01
5.020998276472091959e+01
5.021070566574732652e+01
5.021108704408009515e+01
5.021200538476308139e+01
5.021220127344131612e+01
5.021278252998988023e+01
5.021331378221511699e+01
5.021387430826823106e+01
5.021463512976963983e+01
5.021503038009007724e+01
5.021553667783737041e+01
5.021608657439549717e+01
5.021664468050003194e+01
5.021732772588730143e+01
5.021775522629420152e+01
5.021830714941025064e+01
5.021886341969172207e+01
5.021941961447397773e+01
5.022005316416422716e+01
5.022054824431737075e+01
5.022110483646392964e+01
5.022164686918258525e+01
5.022258453766504971e+01
5.022283984820047920e+01
5.022331777016322008e+01
5.022386826674143379e+01
5.022442176739374986e+01
5.022529680331548008e+01
5.022556335926056192e+01
5.022609042326609341e+01
5.022671966552734091e+01
5.022720291614532329e+01
5.022791740496953139e+01
5.022831319570541098e+01
5.022886538108189569e+01
5.022942148049672539e+01
5.022997581164042202e+01
5.023059585889180312e+01
5.023109565178553026e+01
5.023165593544641894e+01
5.023220282793045044e+01
5.023276621500651373e+01
5.023338261047999254e+01
5.023386700550715034e+01
5.023442361752191943e+01
5.023499195178349908e+01
5.023595267136891351e+01
5.023624653021494879e+01
5.023671721220016195e+01
5.023720046281814433e+01
5.023775671323140557e+01
5.023877333005269463e+01
5.023921722173690796e+01
5.023943521181742256e+01
5.023997939825058268e+01
5.024053567250569330e+01
5.024131080309550157e+01
5.024181283712387369e+01
5.024222321112950596e+01
5.024283154805501539e+01
5.024331276019414361e+01
5.024396285613377700e+01
5.024442990223566596e+01
5.024497936169306200e+01
5.024553353389104160e+01
5.024608550866445000e+01
5.024672532876332554e+01
5.024719986120859971e+01
5.024775636990865024e+01
5.024834415515263686e+01
5.024924783309300835e+01
5.024946318070093554e+01
5.024999018510182935e+01
5.025053738355636312e+01
5.025109040737152100e+01
5.025196648041407599e+01
5.025220742623011461e+01
5.025289986530939501e+01
5.025332871278126845e+01
5.025386646191279283e+01
5.025458783308665289e+01
5.025497456789016582e+01
5.025553313096364150e+01
5.025608926614125238e+01
5.025665487051010416e+01
5.025736645460128926e+01
5.025775938034057333e+01
5.025831636190414287e+01
5.025892093578974595e+01
5.025942022005717291e+01
5.026001103321711128e+01
5.026054189602533739e+01
5.026113773187001499e+01
5.026180564562479702e+01
5.026266636053721015e+01
5.026286220153172479e+01
5.026331417560577108e+01
5.026386827627818121e+01
5.026443404356638922e+01
5.026526739597320415e+01
5.026555404265721450e+01
5.026614315112431797e+01
5.026666282812754361e+01
5.026720143556595133e+01
5.026798048019409038e+01
5.026831390460332472e+01
5.026898060242334765e+01
5.026944509744644307e+01
5.026998467445373819e+01
5.027069927851358955e+01
5.027109909454981818e+01
5.027164509296417094e+01
5.027220337390899374e+01
5.027275312344233527e+01
5.027343246936798238e+01
5.027387474377950127e+01
5.027442212104797647e+01
5.027498104572296000e+01
5.027591539223988804e+01
5.027614683707555088e+01
5.027664889494577949e+01
5.027720319032668783e+01
5.027781798442205030e+01
5.027863028446833482e+01
5.027888525327046665e+01
5.027942608992258755e+01
5.027998227675755771e+01
5.028053639332453173e+01
5.028125520944595195e+01
5.028165111939112109e+01
5.028220094839731757e+01
5.028275476296742852e+01
5.028331535259882656e+01
5.028398211002350138e+01
5.028442168633143439e+01
5.028499368429184102e+01
5.028553832372029575e+01
5.028610207239786689e+01
5.028668804168701456e+01
5.028720076084137247e+01
5.028777276674906460e+01
5.028831522862116543e+01
5.028929075400034776e+01
5.028960495392481533e+01
5.028999633789062784e+01
5.029053599834442423e+01
5.029109871784846320e+01
5.029191929896672519e+01
5.029220265944798740e+01
5.029275888204574585e+01
5.029331511259078979e+01
5.029386706749598090e+01
5.029469836552937778e+01
5.029510149161021104e+01
5.029553585449854580e+01
5.029608989159266486e+01
5.029664409557978644e+01
5.029732121229172037e+01
5.029777329762776361e+01
5.029831074476241781e+01
5.029886905749638970e+01
5.029942530393600464e+01
5.030003805557886665e+01
5.030053567886352539e+01
5.030109194119771132e+01
5.030165244738260810e+01
5.030263969103495469e+01
5.030281503995259840e+01
5.030331683953603061e+01
5.030387095212936543e+01
5.030442307392755907e+01
5.030529597600300917e+01
5.030555675029754781e+01
5.030610319375991679e+01
5.030664787689844530e+01
5.030719992717106948e+01
5.030791879892349527e+01
5.030831660032272623e+01
5.030890793005625738e+01
5.030957077741622641e+01
5.031004569133122573e+01
5.031071275870005621e+01
5.031115208069483202e+01
5.031165180603662890e+01
5.031220814784367690e+01
5.031275811592738023e+01
5.031342254877090170e+01
5.031386845111846640e+01
5.031442477703094340e+01
5.031498305400212701e+01
5.031595600446065220e+01
5.031621382236480855e+01
5.031664760907491285e+01
5.031719939708709433e+01
5.031775798797607280e+01
5.031865377028783115e+01
5.031889803409576700e+01
5.031942453781763902e+01
5.031998749574025709e+01
5.032053704659143989e+01
5.032144078016280986e+01
5.032166040341059698e+01
5.032229706048965312e+01
5.032275781234105239e+01
5.032331608136495049e+01
5.032411832412083896e+01
5.032449523210525655e+01
5.032497856616974019e+01
5.032561806837717455e+01
5.032609705527623589e+01
5.032669244607289727e+01
5.032721300919850904e+01
5.032776420513788906e+01
5.032834917704264655e+01
5.032930968602498467e+01
5.032949911355972006e+01
5.032999489704767626e+01
5.033053661187489780e+01
5.033109333515167094e+01
5.033203026056289531e+01
5.033223235209782587e+01
5.033276360432306973e+01
5.033331564664840840e+01
5.033386772076288906e+01
5.033463865121205316e+01
5.033498652378717964e+01
5.033555275996526035e+01
5.033609269857406332e+01
5.033664900064468384e+01
5.033730109135309760e+01
5.033775918483733847e+01
5.033831540346145772e+01
5.033887224594752041e+01
5.033943058649698798e+01
5.034000993569691929e+01
5.034054894844690864e+01
5.034109674294789727e+01
5.034164878527323594e+01
5.034258832534154493e+01
5.034288451671600484e+01
5.034331946372985556e+01
5.034386744101842481e+01
5.034446604649225776e+01
5.034525070190429830e+01
5.034553612073262485e+01
5.034609225193659654e+01
5.034665606419245165e+01
5.034720253944396973e+01
5.034799025456110400e+01
5.034835437536239766e+01
5.034888361295064385e+01
5.034942551453908521e+01
5.034997733434041578e+01
5.035060021877288960e+01
5.035109219153721938e+01
5.035166008869806831e+01
5.035220640103022305e+01
5.035275638103485107e+01
5.035338338613509990e+01
5.035389606157938402e+01
5.035442533890406480e+01
5.035497953097025459e+01
5.035591447353363037e+01
5.035609824657440470e+01
5.035664582252502441e+01
5.035720226764679097e+01
5.035776059627532675e+01
5.035885122617085585e+01
5.035905784765879645e+01
5.035943490664164557e+01
5.035998145739237231e+01
5.036056685447692871e+01
5.036129998366038052e+01
5.036172313690185831e+01
5.036228763659794794e+01
5.036278094847997266e+01
5.036331678628921793e+01
5.036402069330215170e+01
5.036446415583292691e+01
5.036502913236618184e+01
5.036553742090860908e+01
5.036609365145365302e+01
5.036668805281320971e+01
5.036720401048660278e+01
5.036775597731272569e+01
5.036831636826197212e+01
5.036931235392888340e+01
5.036949793895085747e+01
5.036998362143834385e+01
5.037053725719452046e+01
5.037109781503677652e+01
5.037192062139511251e+01
5.037234776020049765e+01
5.037276843786239766e+01
5.037331422170003492e+01
5.037388432423274054e+01
5.037477458715439127e+01
5.037504126628240186e+01
5.037556629975636469e+01
5.037609333992004679e+01
5.037664744853973531e+01
5.037732004721959100e+01
5.037779045502345099e+01
5.037831820646921699e+01
5.037887034018834242e+01
5.037943324247996202e+01
5.038003668387730727e+01
5.038054107030232842e+01
5.038109106620152744e+01
5.038168061574300083e+01
5.038265144427617059e+01
5.038285557826360161e+01
5.038331364393233969e+01
5.038387222290039347e+01
5.038442855278650967e+01
5.038535930713018018e+01
5.038563015460967875e+01
5.038609290520350470e+01
5.038664931853612217e+01
5.038729673226674066e+01
5.038798842430114888e+01
5.038833243052165045e+01
5.038886990944544664e+01
5.038943445285161005e+01
5.038998244206110400e+01
5.039065748055775629e+01
5.039110670487085741e+01
5.039165106614430556e+01
5.039220524231593146e+01
5.039275702635447374e+01
5.039332808653513496e+01
5.039386972983677992e+01
5.039442592064539639e+01
5.039498222668965610e+01
5.039595711628596320e+01
5.039613685210545668e+01
5.039664670626322618e+01
5.039720475673675537e+01
5.039775924285252984e+01
5.039870297114054409e+01
5.039890709320704332e+01
5.039942587614059732e+01
5.039998201529184740e+01
5.040054035981496128e+01
5.040131308635076124e+01
5.040164422988891602e+01
5.040220704873402724e+01
5.040275680621464716e+01
5.040331733624140753e+01
5.040398596525191977e+01
5.040459639628728183e+01
5.040502973397573072e+01
5.040554010868072510e+01
5.040611089468002604e+01
5.040665931701660440e+01
5.040720671812693610e+01
5.040775878032048496e+01
5.040835255781809821e+01
5.040925877888997064e+01
5.040953705708185595e+01
5.041008171240488878e+01
5.041053783893585205e+01
5.041109408934911329e+01
5.041195866266886583e+01
5.041229616006215508e+01
5.041284604469935005e+01
5.041332623958587789e+01
5.041387102206547866e+01
5.041470012267430434e+01
5.041498578786850260e+01
5.041553765535354614e+01
5.041609399716059414e+01
5.041664803822835239e+01
5.041743653615315424e+01
5.041778767903645786e+01
5.041836434602737427e+01
5.041887501080830702e+01
5.041942920287450391e+01
5.042004008293152140e+01
5.042053961753845215e+01
5.042109380563100274e+01
5.042164810101191108e+01
5.042277909517288492e+01
5.042303568522135748e+01
5.042337270180384223e+01
5.042387264966964722e+01
5.042442485491434923e+01
5.042525378863016527e+01
5.042553712129593180e+01
5.042609767119089526e+01
5.042664757966995381e+01
5.042720365524291992e+01
5.042802062034606791e+01
5.042836678425471320e+01
5.042889061768849501e+01
5.042942673762639316e+01
5.042999024788538520e+01
5.043071566820144369e+01
5.043110112349192065e+01
5.043165473540624077e+01
5.043220372597376411e+01
5.043276209831238077e+01
5.043338449796041090e+01
5.043387889067331997e+01
5.043443289597828993e+01
5.043499131600061958e+01
5.043598692814509121e+01
5.043611037731170654e+01
5.043669532537460043e+01
5.043723051150639947e+01
5.043777358531951904e+01
5.043866109053293911e+01
5.043898256222406928e+01
5.043970758914947794e+01
5.043998473485310541e+01
5.044053911765416132e+01
5.044132006963094028e+01
5.044164927005768106e+01
5.044220345020293905e+01
5.044276180267333842e+01
5.044332207838694160e+01
5.044404718875885152e+01
5.044457562764485914e+01
5.044499510924021735e+01
5.044554330507914131e+01
5.044609708388646396e+01
5.044667657216390211e+01
5.044720526933669902e+01
5.044776151577631396e+01
5.044831337134043281e+01
5.044930301109949511e+01
5.044949684143066548e+01
5.044998434782028340e+01
5.045054750045140679e+01
5.045109727780024400e+01
5.045191969871520854e+01
5.045220987002054613e+01
5.045276302496592535e+01
5.045331965287526543e+01
5.045387802124023580e+01
5.045462797880172445e+01
5.045498206615447856e+01
5.045553595225016608e+01
5.045609212319056525e+01
5.045664834181467739e+01
5.045725671847661431e+01
5.045776290098826422e+01
5.045831511020660542e+01
5.045887370109558390e+01
5.045943243106206211e+01
5.046002148787180630e+01
5.046054712136586318e+01
5.046109650929768975e+01
5.046165059407552178e+01
5.046263813177744595e+01
5.046297775904337612e+01
5.046339177290598599e+01
5.046388560533523560e+01
5.046442769765853598e+01
5.046528584957123087e+01
5.046569628318150791e+01
5.046609621445337979e+01
5.046664828856786045e+01
5.046720452308655069e+01
5.046798553466796733e+01
5.046832653681437364e+01
5.046887115240097188e+01
5.046942737499873033e+01
5.046998125712077155e+01
5.047067828575769965e+01
5.047137117385864258e+01
5.047165711323420112e+01
5.047220433950424479e+01
5.047276278734207011e+01
5.047333982785542617e+01
5.047387075424194336e+01
5.047442915042241651e+01
5.047498340606689737e+01
5.047595901489258097e+01
5.047612568934758315e+01
5.047664964993794712e+01
5.047720635732014927e+01
5.047776473363240513e+01
5.047868766784667827e+01
5.047887868086497321e+01
5.047943536837895806e+01
5.047998533248901509e+01
5.048053737481435377e+01
5.048127979437510504e+01
5.048164756298065470e+01
5.048222489754358833e+01
5.048276237646738451e+01
5.048332059780756964e+01
5.048400475184122627e+01
5.048449768622716505e+01
5.048498320976893439e+01
5.048553919792175293e+01
5.048609123229980611e+01
5.048669122060140069e+01
5.048720566431681078e+01
5.048776224056879869e+01
5.048839540084203037e+01
5.048925451437632006e+01
5.048955767552057949e+01
5.048998487393061652e+01
5.049054124355316020e+01
5.049109303156534878e+01
5.049195782343546313e+01
5.049229741891225132e+01
5.049275992314020556e+01
5.049331378539402948e+01
5.049388281106948995e+01
5.049470156033833490e+01
5.049500982364018853e+01
5.049553893804549887e+01
5.049609735409418931e+01
5.049664931694666592e+01
5.049729121128718390e+01
5.049778230985005933e+01
5.049831802050272955e+01
5.049887220859527304e+01
5.049942833582560553e+01
5.050008486111958916e+01
5.050058861970901347e+01
5.050122623443603231e+01
5.050165126323700093e+01
5.050264292160670010e+01
5.050286013682683262e+01
5.050331573088963921e+01
5.050386961698531962e+01
5.050442581971486078e+01
5.050536359945932929e+01
5.050556561946869039e+01
5.050610603491465156e+01
5.050667210419972974e+01
5.050721412102381436e+01
5.050791169802347724e+01
5.050844031969706549e+01
5.050887825091680128e+01
5.050943019390106059e+01
5.050998423099517964e+01
5.051064267953236708e+01
5.051111552715301656e+01
5.051165080865224155e+01
5.051220514774322368e+01
5.051276323795318746e+01
5.051335731744766377e+01
5.051387146711349629e+01
5.051442780097325880e+01
5.051500248114268032e+01
5.051591933170954718e+01
5.051609876950581679e+01
5.051665064493815294e+01
5.051721700032552320e+01
5.051776307423909174e+01
5.051861731608708794e+01
5.051895894209543769e+01
5.051950684785843038e+01
5.051998360554377143e+01
5.052053996324539042e+01
5.052124798297882080e+01
5.052165254751841417e+01
5.052221295038859239e+01
5.052282962401707778e+01
5.052332119544347222e+01
5.052402948935826288e+01
5.052443135579427036e+01
5.052498995065688803e+01
5.052555620272953973e+01
5.052613326708475938e+01
5.052678631941477505e+01
5.052720863024394049e+01
5.052776741584141718e+01
5.052831897338231215e+01
5.052928326924642022e+01
5.052947303056716777e+01
5.052998127937316752e+01
5.053054190079371466e+01
5.053109804391861104e+01
5.053191663821538526e+01
5.053222737312317037e+01
5.053284982840219897e+01
5.053331678311030117e+01
5.053388392527897821e+01
5.053463555177052768e+01
5.053499166568120415e+01
5.053553945223490729e+01
5.053609577814737719e+01
5.053664999008178427e+01
5.053730829159418647e+01
5.053776652415593418e+01
5.053836864630381598e+01
5.053888791004816738e+01
5.053943528731664259e+01
5.054002123673756586e+01
5.054069567918777750e+01
5.054109775622685419e+01
5.054183555444081577e+01
5.054263937870661749e+01
5.054283429781595771e+01
5.054332255125045492e+01
5.054387259880702032e+01
5.054443096717198358e+01
5.054544749259948588e+01
5.054562913576761929e+01
5.054609742959340224e+01
5.054665811061859415e+01
5.054720794757206903e+01
5.054803078969319330e+01
5.054836419026057115e+01
5.054887241522471442e+01
5.054943063259124614e+01
5.054998694658279135e+01
5.055072450637817383e+01
5.055109937985738355e+01
5.055165558258692471e+01
5.055223898092905443e+01
5.055277039210001533e+01
5.055342632532119751e+01
5.055391391913096300e+01
5.055443469285965108e+01
5.055498940547307285e+01
5.055597852865854946e+01
5.055617864926656324e+01
5.055664896567662225e+01
5.055720728635787964e+01
5.055783793926239156e+01
5.055889923175175937e+01
5.055902438958485590e+01
5.055943864583969116e+01
5.055999077955881660e+01
5.056055665413538946e+01
5.056135709683100288e+01
5.056176367600758681e+01
5.056220963001251079e+01
5.056276352802912299e+01
5.056332956155141289e+01
5.056394217411676806e+01
5.056444201469421529e+01
5.056499820550282465e+01
5.056555109024047567e+01
5.056661962270736410e+01
5.056681960821151733e+01
5.056725302139918199e+01
5.056776547034581171e+01
5.056831714312235704e+01
5.056931085586548136e+01
5.056947478453318467e+01
5.057002997398376465e+01
5.057054032484690254e+01
5.057109862168629633e+01
5.057202408313751363e+01
5.057223868767420782e+01
5.057276529073715210e+01
5.057332567373911303e+01
5.057387786308924404e+01
5.057459454933802334e+01
5.057511581182480143e+01
5.057554239829381260e+01
5.057610477209091471e+01
5.057665909528732584e+01
5.057738644282023444e+01
5.057776306470235284e+01
5.057832810481389174e+01
5.057887767155965264e+01
5.057943166494369791e+01
5.058000976244608893e+01
5.058054425319036085e+01
5.058110036055246894e+01
5.058165671428044874e+01
5.058270027637481547e+01
5.058285735050836962e+01
5.058337744871775499e+01
5.058387281894683696e+01
5.058443118731180732e+01
5.058530411720276021e+01
5.058557911713918287e+01
5.058609579801559164e+01
5.058665188550948955e+01
5.058720861673354818e+01
5.058801707824071059e+01
5.058832121690114292e+01
5.058889803489049086e+01
5.058944015105565484e+01
5.059062510331471429e+01
5.059077276786168653e+01
5.059110846519470073e+01
5.059165420929591050e+01
5.059221090078354166e+01
5.059276452859242568e+01
5.059343545436858847e+01
5.059387749830882086e+01
5.059443124135335523e+01
5.059498735268910963e+01
5.059596856037775581e+01
5.059641233285267958e+01
5.059668134848276821e+01
5.059720811446507582e+01
5.059776445229848463e+01
5.059867727756500244e+01
5.059889206091563096e+01
5.059943307638168619e+01
5.059998525381088541e+01
5.060054133733113702e+01
5.060126441717147827e+01
5.060176438490550055e+01
5.060230979124705186e+01
5.060277256568272719e+01
5.060332018534342780e+01
5.060397885640462334e+01
5.060445914268493794e+01
5.060498499075571743e+01
5.060554356177647861e+01
5.060609708627065118e+01
5.060667937596638666e+01
5.060723148981730191e+01
5.060777298609415453e+01
5.060832495292027744e+01
5.060930774609247607e+01
5.060959955453872539e+01
5.060999257961908881e+01
5.061054328282673964e+01
5.061109929879506097e+01
5.061192225217818930e+01
5.061221921443939209e+01
5.061279143889745313e+01
5.061332004865010248e+01
5.061387420495351108e+01
5.061463053226471231e+01
5.061498910586039557e+01
5.061555258433023852e+01
5.061612262328466016e+01
5.061665504376093594e+01
5.061733088890711230e+01
5.061783988475799845e+01
5.061832593679427816e+01
5.061887631416320943e+01
5.061943654616673882e+01
5.062011232376098491e+01
5.062055928707123087e+01
5.062109889189402168e+01
5.062165532112121724e+01
5.062265519301096361e+01
5.062290316025416104e+01
5.062337595621745123e+01
5.062387810945510580e+01
5.062443222204844062e+01
5.062529294490813925e+01
5.062558213472366475e+01
5.062610553105672295e+01
5.062665500243505079e+01
5.062722142140070503e+01
5.062794005076090542e+01
5.062836298942566060e+01
5.062887582381566176e+01
5.062944570382435927e+01
5.062998614708582323e+01
5.063075073162714546e+01
5.063119201262792046e+01
5.063166438341140463e+01
5.063222684860229350e+01
5.063278330961863105e+01
5.063357552289962626e+01
5.063396354913711406e+01
5.063443178335825934e+01
5.063498802582422798e+01
5.063592556715011739e+01
5.063619221448898600e+01
5.063665256500244283e+01
5.063721308310826430e+01
5.063776719172795282e+01
5.063865439891814901e+01
5.063893603086471273e+01
5.063947818676630419e+01
5.063998781442641928e+01
5.064054168065388950e+01
5.064130627711613641e+01
5.064165912469228203e+01
5.064221465984980597e+01
5.064276249011357578e+01
5.064332109689712524e+01
5.064397914807001655e+01
5.064446465969085409e+01
5.064498755931854390e+01
5.064554171164830620e+01
5.064609805742899340e+01
5.064670422871907363e+01
5.064721082448959066e+01
5.064777102073033888e+01
5.064835826158523702e+01
5.064931023120880127e+01
5.064950188398361064e+01
5.065017260313034342e+01
5.065055799881617560e+01
5.065109759966532721e+01
5.065205003420511787e+01
5.065226045846939229e+01
5.065276656945546563e+01
5.065332252581914219e+01
5.065387906630834181e+01
5.065459574460983561e+01
5.065503104527791578e+01
5.065555225213368828e+01
5.065610612233479770e+01
5.065666017134984145e+01
5.065730197827021186e+01
5.065783099730809624e+01
5.065832257270812988e+01
5.065887873172759726e+01
5.065943297545115342e+01
5.066001400152842393e+01
5.066054823795954576e+01
5.066109960079192831e+01
5.066165378491083970e+01
5.066262034972508843e+01
5.066291890939076836e+01
5.066333287556965814e+01
5.066387874285380377e+01
5.066443076133727885e+01
5.066532239913940572e+01
5.066563075383503900e+01
5.066610345840454244e+01
5.066665550072988111e+01
5.066721190214157389e+01
5.066805175145466933e+01
5.066832646528879991e+01
5.066889297962188721e+01
5.066944196224212504e+01
5.066998875935872348e+01
5.067068919738133559e+01
5.067109921375910631e+01
5.067176374991734633e+01
5.067220989465713643e+01
5.067277009089787754e+01
5.067340360085169237e+01
5.067388051748275757e+01
5.067449693679809286e+01
5.067502826054890619e+01
5.067610318660736368e+01
5.067631229162216044e+01
5.067665744622548374e+01
5.067721579869588311e+01
5.067776551246642924e+01
5.067869884967804239e+01
5.067896724541981968e+01
5.067948404153187880e+01
5.067998816967010356e+01
5.068054233789443686e+01
5.068125658432642666e+01
5.068166115681330552e+01
5.068221129973729688e+01
5.068276749451955254e+01
5.068332150777180800e+01
5.068399483362833990e+01
5.068444038232167514e+01
5.068498822848002305e+01
5.068554655710855883e+01
5.068610495328903198e+01
5.068677993615468580e+01
5.068722596565882554e+01
5.068777365684509562e+01
5.068832334677378526e+01
5.068929512898127143e+01
5.068949179649352743e+01
5.068999490737915181e+01
5.069054650068282797e+01
5.069110056161880351e+01
5.069191712141036987e+01
5.069223837057749193e+01
5.069277138710022257e+01
5.069332331418991089e+01
5.069388184944788378e+01
5.069471065600713189e+01
5.069500455856323384e+01
5.069564412434895928e+01
5.069616289536158149e+01
5.069665666421254713e+01
5.069733378489812026e+01
5.069777726332346646e+01
5.069832108815511162e+01
5.069892972310383783e+01
5.069942905505498487e+01
5.070002899567285937e+01
5.070054616530736524e+01
5.070109769503275743e+01
5.070169065793355401e+01
5.070258348782856928e+01
5.070285846789678175e+01
5.070332300265629755e+01
5.070389740467071249e+01
5.070443536837895948e+01
5.070529592831929477e+01
5.070562943617503038e+01
5.070610357125600132e+01
5.070665415128072340e+01
5.070721253951390395e+01
5.070792703231175835e+01
5.070832700332005771e+01
5.070887712240219258e+01
5.070943521261214926e+01
5.071000185410181871e+01
5.071063293615976875e+01
5.071109980742136969e+01
5.071165384848912794e+01
5.071221023797988892e+01
5.071276835203170918e+01
5.071339145501454482e+01
5.071388512849807739e+01
5.071443499724070136e+01
5.071498888731002808e+01
5.071554121573765883e+01
5.071619574626286919e+01
5.071666961510975824e+01
5.071722383896509712e+01
5.071776825586955084e+01
5.071876413424809726e+01
5.071914134820302422e+01
5.071948488950729228e+01
5.071999114751815796e+01
5.072054541905720981e+01
5.072129366795221728e+01
5.072178066968918131e+01
5.072221615314483500e+01
5.072276585896809564e+01
5.072332205375035841e+01
5.072396410306294712e+01
5.072449915806452481e+01
5.072498857975006104e+01
5.072555166482925415e+01
5.072611092329024984e+01
5.072689086596171393e+01
5.072723043759663852e+01
5.072776577472686910e+01
5.072836563587188863e+01
5.072925319671630717e+01
5.072954343557357504e+01
5.072999513546626105e+01
5.073054507970810079e+01
5.073109883467356696e+01
5.073195327520370768e+01
5.073231124480565057e+01
5.073277407487233148e+01
5.073332399129867554e+01
5.073387917280197001e+01
5.073458941380182807e+01
5.073504850864410542e+01
5.073555893103281988e+01
5.073610990047454550e+01
5.073667300542195591e+01
5.073735107183456705e+01
5.073777314027150709e+01
5.073832177718480096e+01
5.073887804349263320e+01
5.073943631251653130e+01
5.074003659486770346e+01
5.074055112600326822e+01
5.074111654361089307e+01
5.074165908892949517e+01
5.074270271857579218e+01
5.074283427794774326e+01
5.074332542022069248e+01
5.074387822945912774e+01
5.074443403085072646e+01
5.074531496365865024e+01
5.074554876486460131e+01
5.074613188505172445e+01
5.074665451844533237e+01
5.074720866680145548e+01
5.074796108404795092e+01
5.074834249019622945e+01
5.074888193209965692e+01
5.074945175250370966e+01
5.074999684492747321e+01
5.075064875284830634e+01
5.075110469659169610e+01
5.075166302522023187e+01
5.075221663713455200e+01
5.075276905695597662e+01
5.075339427391688218e+01
5.075390249888102545e+01
5.075443367958068563e+01
5.075503119627634874e+01
5.075603158871332710e+01
5.075625872214634882e+01
5.075666075150171963e+01
5.075721273819605273e+01
5.075777099132537984e+01
5.075864148934682163e+01
5.075888973871867194e+01
5.075943764448165751e+01
5.075998959541320943e+01
5.076054573853810581e+01
5.076131432453791348e+01
5.076166377067566060e+01
5.076221472024917603e+01
5.076276878515879076e+01
5.076334373553594048e+01
5.076403175195058282e+01
5.076443330844243462e+01
5.076499166091283399e+01
5.076554800271988199e+01
5.076609759728113858e+01
5.076669784784316874e+01
5.076727484862009732e+01
5.076778097550074165e+01
5.076832271814346598e+01
5.076928710937500000e+01
5.076944355567296441e+01
5.077005592981974047e+01
5.077054975827535088e+01
5.077110389471054219e+01
5.077203281720479566e+01
5.077229133447011122e+01
5.077277032931645806e+01
5.077332460482914911e+01
5.077388806343078897e+01
5.077464338143666822e+01
5.077503745158513482e+01
5.077554640769958638e+01
5.077610128323237149e+01
5.077665985425313266e+01
5.077730605204899916e+01
5.077783069213231215e+01
5.077832207282384047e+01
5.077888532479604322e+01
5.077994102636973395e+01
5.078018243710199897e+01
5.078056565920511645e+01
5.078111311197280742e+01
5.078169526259104316e+01
5.078258881568908834e+01
5.078278681834538588e+01
5.078332629601160875e+01
5.078387818733850878e+01
5.078443879286448492e+01
5.078528471787770826e+01
5.078554969231287686e+01
5.078615980545679776e+01
5.078665955861409742e+01
5.078721374670664801e+01
5.078796368837356567e+01
5.078832799593607916e+01
5.078887585798899096e+01
5.078943420251210483e+01
5.078999272982279223e+01
5.079068919022878248e+01
5.079110313653946207e+01
5.079165937900543071e+01
5.079221148093541416e+01
5.079278850158055292e+01
5.079336731036504204e+01
5.079388250509897773e+01
5.079443454345067011e+01
5.079499245882034586e+01
5.079595499436060635e+01
5.079622387488682733e+01
5.079665897687276299e+01
5.079721528291702271e+01
5.079776733716328607e+01
5.079875919024149766e+01
5.079901169538497641e+01
5.079945770899454516e+01
5.079999225934346185e+01
5.080054641564687046e+01
5.080143394470214702e+01
5.080171513557434082e+01
5.080221306085586264e+01
5.080276925563812540e+01
5.080332340796788770e+01
5.080397801001866753e+01
5.080443799495697021e+01
5.080499947865803989e+01
5.080554864009221205e+01
5.080610233942667975e+01
5.080675880114237231e+01
5.080724444389343120e+01
5.080777134100596015e+01
5.080832755168278680e+01
5.080936500231425157e+01
5.080969217618306288e+01
5.081009817918141636e+01
5.081054407358169556e+01
5.081110507249832153e+01
5.081203217506408976e+01
5.081221758127212240e+01
5.081276904344558432e+01
5.081332526604334276e+01
5.081388168732325283e+01
5.081463769674301290e+01
5.081502914826075568e+01
5.081554603179295526e+01
5.081610649029413906e+01
5.081666054725646831e+01
5.081728767951329218e+01
5.081777093410492085e+01
5.081836941639582506e+01
5.081889061133066576e+01
5.081943967739741197e+01
5.082011912663777764e+01
5.082063961426417364e+01
5.082116460005442349e+01
5.082166242202122675e+01
5.082270233233769829e+01
5.082283784945806104e+01
5.082336211204528809e+01
5.082396241426467753e+01
5.082451437711715414e+01
5.082525588671366279e+01
5.082554373343785414e+01
5.082610396146774434e+01
5.082666003306706415e+01
5.082724353075027324e+01
5.082803071737289713e+01
5.082832860151926724e+01
5.082888311147689819e+01
5.082956428527832315e+01
5.082999104261398315e+01
5.083063124418258383e+01
5.083115784327188891e+01
5.083166411320368638e+01
5.083221722443898472e+01
5.083277455170949111e+01
5.083349953492482598e+01
5.083389473756154331e+01
5.083444215854009229e+01
5.083502861658732286e+01
5.083603054682414069e+01
5.083623710076014390e+01
5.083666628599166870e+01
5.083721382617950724e+01
5.083776818513869955e+01
5.083864110310872064e+01
5.083888877232869419e+01
5.083959310452143399e+01
5.083999511798222670e+01
5.084054722785949565e+01
5.084136604865391718e+01
5.084166157245635986e+01
5.084221613804499640e+01
5.084277846415837843e+01
5.084332422415415209e+01
5.084396649201710972e+01
5.084443868398666666e+01
5.084499682188034342e+01
5.084555134375889907e+01
5.084610533316929804e+01
5.084676345984141221e+01
5.084721368551254272e+01
5.084777184724807597e+01
5.084832595189412530e+01
5.084929066101710049e+01
5.084950156211853312e+01
5.085006242195765225e+01
5.085054892698924078e+01
5.085110503037770258e+01
5.085198212067286505e+01
5.085221972465514995e+01
5.085277427434921549e+01
5.085333556731541904e+01
5.085388002395630025e+01
5.085470903317133917e+01
5.085511327584584507e+01
5.085554883877436083e+01
5.085610260168711250e+01
5.085666113297144619e+01
5.085725917021433418e+01
5.085784247716267714e+01
5.085836949348449565e+01
5.085888033707936273e+01
5.085943825244903849e+01
5.086001847982406332e+01
5.086054626305897841e+01
5.086124016841252882e+01
5.086169621944427632e+01
5.086258599360783705e+01
5.086283374230067267e+01
5.086332551240921163e+01
5.086388384103774740e+01
5.086444069941838819e+01
5.086528817812601488e+01
5.086556937297185499e+01
5.086610454320907593e+01
5.086666500965754523e+01
5.086721500555674425e+01
5.086791915496190342e+01
5.086832535664240851e+01
5.086888582309087070e+01
5.086943783362706739e+01
5.086999198595682969e+01
5.087065333127975464e+01
5.087111605803171699e+01
5.087166062990824145e+01
5.087223377625147691e+01
5.087277096509933472e+01
5.087337325811385824e+01
5.087388147115707682e+01
5.087443732817967401e+01
5.087499184211095127e+01
5.087598142226536879e+01
5.087617182334263788e+01
5.087666045824686734e+01
5.087721438010533603e+01
5.087778057654698927e+01
5.087858811219533095e+01
5.087891692717870029e+01
5.087947457234064785e+01
5.087999360958735195e+01
5.088054782946904453e+01
5.088132692178090366e+01
5.088166241248448785e+01
5.088223526080449233e+01
5.088277267217635824e+01
5.088333111604054437e+01
5.088394748369852749e+01
5.088443696101506220e+01
5.088509953419367804e+01
5.088555403947830058e+01
5.088610150814056254e+01
5.088681056102117140e+01
5.088725782632828043e+01
5.088777236938476278e+01
5.088834064006805136e+01
5.088923302888870381e+01
5.088944593270619521e+01
5.088999309539794780e+01
5.089054736296336046e+01
5.089110362529754639e+01
5.089192038774490356e+01
5.089228780666987006e+01
5.089279977083206319e+01
5.089332853555679037e+01
5.089388045469920030e+01
5.089458244244257656e+01
5.089509932994842245e+01
5.089556806484858242e+01
5.089610325098037436e+01
5.089666441281636367e+01
5.089737213055293097e+01
5.089777422746022495e+01
5.089833259979884161e+01
5.089888892571131151e+01
5.089943636655807779e+01
5.090009671847025885e+01
5.090055111646652364e+01
5.090110520521799486e+01
5.090166140794754313e+01
5.090262197653452603e+01
5.090280135075251167e+01
5.090332822004953783e+01
5.090388447443644537e+01
5.090443865060806417e+01
5.090543016592661729e+01
5.090563476483027472e+01
5.090611181259155416e+01
5.090666962067286505e+01
5.090722277959187636e+01
5.090807013909022061e+01
5.090837013324101434e+01
5.090896346569061137e+01
5.090943804581959853e+01
5.090999464193979662e+01
5.091059660116831509e+01
5.091110703945160054e+01
5.091166330178578647e+01
5.091221959193547519e+01
5.091277758677800591e+01
5.091337363322575982e+01
5.091396310726801744e+01
5.091444750626882154e+01
5.091502354542414110e+01
5.091591933170954576e+01
5.091614433526992656e+01
5.091665890216827250e+01
5.091721720695495890e+01
5.091777343750000284e+01
5.091862963835398403e+01
5.091888806422551284e+01
5.091943999926249376e+01
5.091999414364497056e+01
5.092054841915766161e+01
5.092124811808267992e+01
5.092166075309117446e+01
5.092221514383951586e+01
5.092278066476185927e+01
5.092333151896794874e+01
5.092394849856694350e+01
5.092449608643849501e+01
5.092499600648879721e+01
5.092554833094278877e+01
5.092610417604446127e+01
5.092671131292978970e+01
5.092721611261367798e+01
5.092777519226073935e+01
5.092832944790522021e+01
5.092932903766632080e+01
5.092957300345103278e+01
5.092999808390935357e+01
5.093055023749669630e+01
5.093110398451486986e+01
5.093192313114801806e+01
5.093229626019795830e+01
5.093277307351430494e+01
5.093333123127619189e+01
5.093388548692067275e+01
5.093462835152944024e+01
5.093509581883748183e+01
5.093555625279744703e+01
5.093612167437871108e+01
5.093668024937311856e+01
5.093733256657917963e+01
5.093777697086333944e+01
5.093832908868789389e+01
5.093888515631358160e+01
5.093943703969319614e+01
5.094009559949238763e+01
5.094056197404861308e+01
5.094110385974248345e+01
5.094169524113337388e+01
5.094258482853571479e+01
5.094282693862915323e+01
5.094332884947458950e+01
5.094388491312663092e+01
5.094443901777267314e+01
5.094529988368352491e+01
5.094557060003280924e+01
5.094611224333445421e+01
5.094666923284530924e+01
5.094721835454304681e+01
5.094794754981994345e+01
5.094832645257314141e+01
5.094888287385304437e+01
5.094944111506143969e+01
5.094999531110127577e+01
5.095062213341395108e+01
5.095116394360859857e+01
5.095165973504384027e+01
5.095222248236338203e+01
5.095277646382649550e+01
5.095335978269577026e+01
5.095388550360997471e+01
5.095444498062133931e+01
5.095500719547271729e+01
5.095595130920410298e+01
5.095610974629720147e+01
5.095666172504424907e+01
5.095722464720407885e+01
5.095777196089427008e+01
5.095865352551142280e+01
5.095894037882487027e+01
5.095945737759272021e+01
5.096000682512919155e+01
5.096055122216542799e+01
5.096149696509043281e+01
5.096169534921646260e+01
5.096221364736557291e+01
5.096277723709741991e+01
5.096333027283350958e+01
5.096392609675725538e+01
5.096444265445073540e+01
5.096499677101770942e+01
5.096555266777674120e+01
5.096613587935765821e+01
5.096679448286692349e+01
5.096723423798879082e+01
5.096777361631393433e+01
5.096833281914393154e+01
5.096925487120946485e+01
5.096945362488428799e+01
5.097003191709518433e+01
5.097055276632308818e+01
5.097111128568649008e+01
5.097195485432942519e+01
5.097226515213648668e+01
5.097277568181355889e+01
5.097332987387974867e+01
5.097389229536056376e+01
5.097458817958831645e+01
5.097504843076070102e+01
5.097555012305577549e+01
5.097610443830490112e+01
5.097665848731994487e+01
5.097731895844141548e+01
5.097777547836303569e+01
5.097832954724629673e+01
5.097888792753219889e+01
5.097947130997975762e+01
5.098006949027379164e+01
5.098055065075556769e+01
5.098110660314559794e+01
5.098166052103042745e+01
5.098264824151992514e+01
5.098288015127182149e+01
5.098332738081614224e+01
5.098388371070225844e+01
5.098444650173187398e+01
5.098537313540776239e+01
5.098564109802246236e+01
5.098617690404255853e+01
5.098666267792383877e+01
5.098721887667974073e+01
5.098795018990834649e+01
5.098832925955454698e+01
5.098888963858286871e+01
5.098944642941157213e+01
5.099000053008397515e+01
5.099065421024958056e+01
5.099110627174377441e+01
5.099166460831960279e+01
5.099222510655720697e+01
5.099277043342590332e+01
5.099333933591842793e+01
5.099388357003530103e+01
5.099444907506306635e+01
5.099504741032918531e+01
5.099596249659855829e+01
5.099616870482762465e+01
5.099667926629384596e+01
5.099721615711847988e+01
5.099777479171753214e+01
5.099864562749862529e+01
5.099895649353663174e+01
5.099958762725194106e+01
5.099999964237213135e+01
5.100055181980133057e+01
5.100131850242614462e+01
5.100169943173726494e+01
5.100221834580103319e+01
5.100277660687764580e+01
5.100332837899525629e+01
5.100396000146865561e+01
5.100443916320800497e+01
5.100499736467997280e+01
5.100555148919423232e+01
5.100665326913198072e+01
5.100676223834355483e+01
5.100721624294916978e+01
5.100777227481206211e+01
5.100833275715510240e+01
5.100929324626922323e+01
5.100949148734410699e+01
5.101000741322835097e+01
5.101058485110601026e+01
5.101110759576161513e+01
5.101198633909225322e+01
5.101222429672876757e+01
5.101277630726496426e+01
5.101333252191543721e+01
5.101388881206512593e+01
5.101462306976318217e+01
5.101523038546244493e+01
5.101555747985840128e+01
5.101610713402430264e+01
5.101666159232457431e+01
5.101730972528457642e+01
5.101791162888208930e+01
5.101833241383234707e+01
5.101888656616210938e+01
5.102001988887786865e+01
5.102021627028783257e+01
5.102063242594400805e+01
5.102111184199650751e+01
5.102166330019633023e+01
5.102258636156717841e+01
5.102284391323725288e+01
5.102334810495376871e+01
5.102389796972274638e+01
5.102445678710937216e+01
5.102531297206878946e+01
5.102562969923019409e+01
5.102626663446426392e+01
5.102672593990961758e+01
5.102721956968307637e+01
5.102806294759114536e+01
5.102843435208002631e+01
5.102896322409311836e+01
5.102950698137283325e+01
5.102999650637308804e+01
5.103077560663223267e+01
5.103110882441202989e+01
5.103166512250900411e+01
5.103222342332204420e+01
5.103277775049209453e+01
5.103334871530532979e+01
5.103389688332875807e+01
5.103444008827209188e+01
5.103499840497970297e+01
5.103595246871312696e+01
5.103614708582560411e+01
5.103666917085647725e+01
5.103721890449524068e+01
5.103777335087458056e+01
5.103858787616093906e+01
5.103891709248225084e+01
5.103944861491520868e+01
5.104000035127003798e+01
5.104055442412694532e+01
5.104132725795110304e+01
5.104182309309641852e+01
5.104222771326701036e+01
5.104278186162312636e+01
5.104341681798299390e+01
5.104399806261062622e+01
5.104444187084833828e+01
5.104499595959980951e+01
5.104555260340372769e+01
5.104612671931584345e+01
5.104679621855417793e+01
5.104722139835357808e+01
5.104777710437774374e+01
5.104835403760274204e+01
5.104929177363713677e+01
5.104951247771580825e+01
5.104999808470407885e+01
5.105056659380594652e+01
5.105122486750284594e+01
5.105195411443710185e+01
5.105221849282582269e+01
5.105277452071507582e+01
5.105333105723062914e+01
5.105389167865117628e+01
5.105458900531132826e+01
5.105499967734019151e+01
5.105555589199066446e+01
5.105611211856206211e+01
5.105666894515355381e+01
5.105738761027654249e+01
5.105777506828307821e+01
5.105833755731582357e+01
5.105888490676879599e+01
5.105944113334020074e+01
5.106007732152939127e+01
5.106056621472041002e+01
5.106116594076156900e+01
5.106166172424952521e+01
5.106268897453944078e+01
5.106288923422495429e+01
5.106336614290873399e+01
5.106388911803563246e+01
5.106444325844447008e+01
5.106531184116999356e+01
5.106578067143757949e+01
5.106616820096969889e+01
5.106666805744171000e+01
5.106722002029418661e+01
5.106794929107029901e+01
5.106833460330962993e+01
5.106890305678049913e+01
5.106944927771886000e+01
5.106999707619349493e+01
5.107063678503036641e+01
5.107110722462336128e+01
5.107169713179270332e+01
5.107221976915995043e+01
5.107277887264887539e+01
5.107338013251622755e+01
5.107388861576716010e+01
5.107444252570470411e+01
5.107500115633011006e+01
5.107609687646230157e+01
5.107617823680241997e+01
5.107672777175903178e+01
5.107723772525787354e+01
5.107779273589451918e+01
5.107865835030873569e+01
5.107896118958790765e+01
5.107944229841232442e+01
5.108000890811284478e+01
5.108055281639099121e+01
5.108135502338409140e+01
5.108176313241322930e+01
5.108222661018371724e+01
5.108278257846832560e+01
5.108333690166473673e+01
5.108396828571955695e+01
5.108456323146820210e+01
5.108502994775771811e+01
5.108555259704589702e+01
5.108611110448837422e+01
5.108684496879577353e+01
5.108722134033838813e+01
5.108777757088343208e+01
5.108832970460255751e+01
5.108928385178248277e+01
5.108950835466384888e+01
5.108999604384104742e+01
5.109055231412251885e+01
5.109110636711120890e+01
5.109192546208699781e+01
5.109243803024291708e+01
5.109277857939402168e+01
5.109333173831304009e+01
5.109388347466786939e+01
5.109476292133331299e+01
5.109503168662389072e+01
5.109555912415186896e+01
5.109611077308655069e+01
5.109666497707367228e+01
5.109726342360178819e+01
5.109777936538060317e+01
5.109833152294159220e+01
5.109888776540756083e+01
5.109944660663605021e+01
5.110012309153874810e+01
5.110062903960545810e+01
5.110110817352930468e+01
5.110172062714894281e+01
5.110276465813318936e+01
5.110292421181996758e+01
5.110348123709361090e+01
5.110388745466867988e+01
5.110444143613179335e+01
5.110530009269714213e+01
5.110557291905085009e+01
5.110610797802607408e+01
5.110673055251439223e+01
5.110722066561380927e+01
5.110798104604085523e+01
5.110836436351140577e+01
5.110888717969258721e+01
5.110944348573684692e+01
5.110999965270359979e+01
5.111063524881998887e+01
5.111111015876134189e+01
5.111166413227716987e+01
5.111222035487492832e+01
5.111277683178583686e+01
5.111352237065633375e+01
5.111389737923939691e+01
5.111444526910781860e+01
5.111499733527501377e+01
5.111611413160959927e+01
5.111666951179504537e+01
5.111722453435262281e+01
5.111778080860774054e+01
5.111858464479446695e+01
5.111896192630131708e+01
5.111944320201873637e+01
5.111999741395314345e+01
5.112056024471918647e+01
5.112128728230793939e+01
5.112166391213735039e+01
5.112222014268239434e+01
5.112277874151865831e+01
5.112333056926727437e+01
5.112400343020757276e+01
5.112449709177017354e+01
5.112499712308247979e+01
5.112555349270503058e+01
5.112611627578735352e+01
5.112676600615183276e+01
5.112722417513529649e+01
5.112778455416361822e+01
5.112835951248804633e+01
5.112930949131647651e+01
5.112958062489827427e+01
5.112999917666117256e+01
5.113055330514907837e+01
5.113111366033554361e+01
5.113195114930470453e+01
5.113234514792760166e+01
5.113278007904688849e+01
5.113333640495935839e+01
5.113388842741648688e+01
5.113465313911437704e+01
5.113500088850657477e+01
5.113555300235748291e+01
5.113610924879709785e+01
5.113666538397470873e+01
5.113735915819803779e+01
5.113777784506479662e+01
5.113833469549815192e+01
5.113889060815175469e+01
5.113944235642750868e+01
5.114002162218093872e+01
5.114056114753087456e+01
5.114111107587814331e+01
5.114166529178619669e+01
5.114263631502787177e+01
5.114289666414261148e+01
5.114334069887797085e+01
5.114388578335444180e+01
5.114444436232248847e+01
5.114532189766566006e+01
5.114571097691853652e+01
5.114616765975952006e+01
5.114667177200317383e+01
5.114723016421000068e+01
5.114796315431594564e+01
5.114832938114802374e+01
5.114889005819956225e+01
5.114945793946584018e+01
5.115001043478648057e+01
5.115064010620117330e+01
5.115112456480662217e+01
5.115168143908182685e+01
5.115222330093384073e+01
5.115279362996419366e+01
5.115339837471643847e+01
5.115389386415481709e+01
5.115444390376408990e+01
5.115502105951308920e+01
5.115591678619384908e+01
5.115616528987884237e+01
5.115666925907135010e+01
5.115722309350967123e+01
5.115777927637100220e+01
5.115864380200704176e+01
5.115888953208923340e+01
5.115944364468256822e+01
5.115999983946482388e+01
5.116055420239766249e+01
5.116125638087590488e+01
5.116166876157124932e+01
5.116222288608550883e+01
5.116279969612757128e+01
5.116338324944178595e+01
5.116395835081736010e+01
5.116444576183955206e+01
5.116509751081466817e+01
5.116555403868357388e+01
5.116611436208089003e+01
5.116676040887832499e+01
5.116723738511403496e+01
5.116789734363555908e+01
5.116833510398864604e+01
5.116929134925206313e+01
5.116954782803853163e+01
5.117000383138656616e+01
5.117055587371190484e+01
5.117111447652180800e+01
5.117192110220591417e+01
5.117223201195398730e+01
5.117278879483540521e+01
5.117333768606185629e+01
5.117389307419458788e+01
5.117459987799326626e+01
5.117504327694575039e+01
5.117556105852126791e+01
5.117610959609349663e+01
5.117666371266047065e+01
5.117729498147964762e+01
5.117777619759241503e+01
5.117836403449376093e+01
5.117889308134714810e+01
5.117945244709650865e+01
5.118023072083791192e+01
5.118057638009388910e+01
5.118110731045405259e+01
5.118170965512593540e+01
5.118276392221450521e+01
5.118287848234176352e+01
5.118333462079365859e+01
5.118389088312785162e+01
5.118445383310317709e+01
5.118531371752420966e+01
5.118559670845667853e+01
5.118614900906880649e+01
5.118666776021321851e+01
5.118731680711110243e+01
5.118798080285390029e+01
5.118833846251170172e+01
5.118888614972432549e+01
5.118944239219029413e+01
5.118999858697255689e+01
5.119082568486531670e+01
5.119112185637155932e+01
5.119166535933812412e+01
5.119222176472346320e+01
5.119277778069178453e+01
5.119338012536366733e+01
5.119389805396397719e+01
5.119444441000620571e+01
5.119500075181325371e+01
5.119598220984141079e+01
5.119622581402460781e+01
5.119668543338775635e+01
5.119722386995951524e+01
5.119778243700663012e+01
5.119863410790761549e+01
5.119892545143763130e+01
5.119944226741790771e+01
5.120000044504801195e+01
5.120055458545684957e+01
5.120137361685434740e+01
5.120167120297750074e+01
5.120223606824875162e+01
5.120279137690862115e+01
5.120333399375279981e+01
5.120393779675166002e+01
5.120444620450337680e+01
5.120500049988428515e+01
5.120555669864018711e+01
5.120611943403879707e+01
5.120677583217620565e+01
5.120724405845006544e+01
5.120777732133865356e+01
5.120833363533019877e+01
5.120930649836858350e+01
5.120951276620228754e+01
5.121000047127405708e+01
5.121055870850880609e+01
5.121111952463785855e+01
5.121191698312759399e+01
5.121223735014597622e+01
5.121277937889099263e+01
5.121334480444590298e+01
5.121388946771621420e+01
5.121459392706552904e+01
5.121500431299209311e+01
5.121559381087620721e+01
5.121611258586247573e+01
5.121666676203410162e+01
5.121736673116684102e+01
5.121778555313746040e+01
5.121833341121673300e+01
5.121890215078989428e+01
5.121944784323374478e+01
5.122011044025421000e+01
5.122056053876876547e+01
5.122116457621256558e+01
5.122167663971583096e+01
5.122259158293406500e+01
5.122281705538431851e+01
5.122333324750264438e+01
5.122390741507212653e+01
5.122446476221084311e+01
5.122527059713999620e+01
5.122556851704915459e+01
5.122611637910207349e+01
5.122667068243026733e+01
5.122722481091817315e+01
5.122811430295308099e+01
5.122835603555043349e+01
5.122896398305893229e+01
5.122944320042928013e+01
5.123000589609146260e+01
5.123064127763112197e+01
5.123112496932347426e+01
5.123166649341582968e+01
5.123222237825393677e+01
5.123278285264969156e+01
5.123342003424962599e+01
5.123389324744542250e+01
5.123444503943125738e+01
5.123502636750539097e+01
5.123592026631037299e+01
5.123614960114161221e+01
5.123666841983795450e+01
5.123722229003906392e+01
5.123778259356816278e+01
5.123862434625625895e+01
5.123889287312825758e+01
5.123944924672444756e+01
5.124000142018000048e+01
5.124056213299433438e+01
5.124139324426651143e+01
5.124167098204294746e+01
5.124222396214803155e+01
5.124277803897857808e+01
5.124333429336547852e+01
5.124398634831110400e+01
5.124444471597671225e+01
5.124500087896982592e+01
5.124555731614430698e+01
5.124611125389734667e+01
5.124676585197448730e+01
5.124723644256592081e+01
5.124778235356013312e+01
5.124834106365839403e+01
5.124929979642232070e+01
5.124956568479537822e+01
5.125036535263061666e+01
5.125057169993718276e+01
5.125111112991968554e+01
5.125203212896983018e+01
5.125249691406885688e+01
5.125292170445124640e+01
5.125333623488744195e+01
5.125389248132705688e+01
5.125461759964625230e+01
5.125509019295374458e+01
5.125555468797684000e+01
5.125611801147461222e+01
5.125676295359929213e+01
5.125732999642689691e+01
5.125778208176294726e+01
5.125835201740265035e+01
5.125889214277267314e+01
5.125945286750793173e+01
5.126013412475585795e+01
5.126070681413014540e+01
5.126111282507578437e+01
5.126166897217432705e+01
5.126265039443969584e+01
5.126290288368861070e+01
5.126333357890447218e+01
5.126390118201573642e+01
5.126445304552714077e+01
5.126525729099909512e+01
5.126557802756627069e+01
5.126611759265264112e+01
5.126667842467625746e+01
5.126722532510757446e+01
5.126792623202005927e+01
5.126833773851394938e+01
5.126888981660206923e+01
5.126944816509882941e+01
5.127000647783279419e+01
5.127078566551208638e+01
5.127111484607060987e+01
5.127166879177093506e+01
5.127222721974055020e+01
5.127277909119924004e+01
5.127340832948684834e+01
5.127389165163040019e+01
5.127444579998652330e+01
5.127500626643498549e+01
5.127601267894109327e+01
5.127623145580291464e+01
5.127675242424011515e+01
5.127722917397817071e+01
5.127778791983921991e+01
5.127859208583831929e+01
5.127899879217147827e+01
5.127957246700922411e+01
5.128000394900639947e+01
5.128055612643559869e+01
5.128136433362961100e+01
5.128167273600896436e+01
5.128223563035329136e+01
5.128278100887934698e+01
5.128333930571874077e+01
5.128398944139480875e+01
5.128463935057322232e+01
5.128500172297160020e+01
5.128556011915206625e+01
5.128611631393432901e+01
5.128673955599467149e+01
5.128725159962971958e+01
5.128778504927952753e+01
5.128841834465662686e+01
5.128925575017929361e+01
5.128945594231287686e+01
5.129006382624308458e+01
5.129055984417597358e+01
5.129111878077188891e+01
5.129203270673751547e+01
5.129250572125116747e+01
5.129278068939844815e+01
5.129333471457163540e+01
5.129389077822367682e+01
5.129458033243815152e+01
5.129510978062947402e+01
5.129556186596552436e+01
5.129612016677856445e+01
5.129667427539825297e+01
5.129732328653335571e+01
5.129779841899871684e+01
5.129833879470825053e+01
5.129890178839365689e+01
5.129944702386855937e+01
5.130001357396443495e+01
5.130055743853251471e+01
5.130111786524454942e+01
5.130167395671208652e+01
5.130264871915181146e+01
5.130290848016738892e+01
5.130334061781565680e+01
5.130389265219370287e+01
5.130444680452346518e+01
5.130524892807007120e+01
5.130563454230626519e+01
5.130611561934153286e+01
5.130667174657185825e+01
5.130722918113072950e+01
5.130795104503631876e+01
5.130834067265192999e+01
5.130889673233032511e+01
5.130944864352544244e+01
5.131000504493713521e+01
5.131067143281300957e+01
5.131119369268417074e+01
5.131166944503784322e+01
5.131223251422246534e+01
5.131278159618377543e+01
5.131334472099940314e+01
5.131396320263544908e+01
5.131444648106892714e+01
5.131503607829412061e+01
5.131592576503753378e+01
5.131615905364354546e+01
5.131667145490646220e+01
5.131722555557886523e+01
5.131778805255889608e+01
5.131864221890767652e+01
5.131896475156148085e+01
5.131944844722747945e+01
5.132000258366267076e+01
5.132058763901392950e+01
5.132129600048065043e+01
5.132167573372522895e+01
5.132222539186477661e+01
5.132278364499409662e+01
5.132333779732386603e+01
5.132397553920745992e+01
5.132444820006688246e+01
5.132502921422322828e+01
5.132556259234745966e+01
5.132611472606659220e+01
5.132670430739720757e+01
5.132736481825510566e+01
5.132778143088022915e+01
5.132833756208420084e+01
5.132936450242996074e+01
5.132953799962997721e+01
5.133000413974126275e+01
5.133055597146351801e+01
5.133111427227655810e+01
5.133191843032837198e+01
5.133222255706787251e+01
5.133278170824051045e+01
5.133334176540374472e+01
5.133389163017272949e+01
5.133461877107620097e+01
5.133500415881474765e+01
5.133555583159128588e+01
5.133611410458882318e+01
5.133666825294494629e+01
5.133728082180023478e+01
5.133778504133224629e+01
5.133833933671315464e+01
5.133888915777206563e+01
5.133944971164067539e+01
5.134003935654958184e+01
5.134059757391612067e+01
5.134112384716669908e+01
5.134172224601109491e+01
5.134270792802174554e+01
5.134289143880208428e+01
5.134333706696828159e+01
5.134389534791310439e+01
5.134444743394851685e+01
5.134537071386973395e+01
5.134562056859333978e+01
5.134611686468124248e+01
5.134667035738627305e+01
5.134723207950592183e+01
5.134797822634379116e+01
5.134850769440333096e+01
5.134889527956644883e+01
5.134944940010706915e+01
5.135001955827077325e+01
5.135067148208618448e+01
5.135112971862157139e+01
5.135168850819270148e+01
5.135223055283228888e+01
5.135278257528941026e+01
5.135337255398432177e+01
5.135389508803685743e+01
5.135445351998011176e+01
5.135500760078430460e+01
5.135598250627517558e+01
5.135617629686991137e+01
5.135666995445887295e+01
5.135722619692484869e+01
5.135779405037562384e+01
5.135867302417754843e+01
5.135896350542704170e+01
5.135944878657658563e+01
5.136000715096791680e+01
5.136055951913197504e+01
5.136132191816965786e+01
5.136166752179463657e+01
5.136223025321960733e+01
5.136278229157129971e+01
5.136334470113118300e+01
5.136397017240524576e+01
5.136445713837941440e+01
5.136501530011494765e+01
5.136556557814279955e+01
5.136611533562342657e+01
5.136671077013015463e+01
5.136729661623636645e+01
5.136791076262792188e+01
5.136834034522374282e+01
5.136929862101872857e+01
5.136961952050526747e+01
5.137000477711359991e+01
5.137056107918421333e+01
5.137111517588297716e+01
5.137192560831705634e+01
5.137231526772180956e+01
5.137278606096903388e+01
5.137334200143813945e+01
5.137389221986134658e+01
5.137459208170572822e+01
5.137500658830006728e+01
5.137556906541188795e+01
5.137612193822860718e+01
5.137667743364969652e+01
5.137728980779647969e+01
5.137778357267379903e+01
5.137834206819534444e+01
5.137889831860859857e+01
5.137945253451665195e+01
5.138008350928624424e+01
5.138061296542485223e+01
5.138111710151036249e+01
5.138167120218277262e+01
5.138271242380142212e+01
5.138289209206899244e+01
5.138333735466003560e+01
5.138390279610951694e+01
5.138445022900899062e+01
5.138533001740773187e+01
5.138557498852411953e+01
5.138615220785140991e+01
5.138667507568995063e+01
5.138723355531692505e+01
5.138797324498494135e+01
5.138836230436960761e+01
5.138891224066416186e+01
5.138945429722468106e+01
5.139001267751057611e+01
5.139065187772114740e+01
5.139115010499953939e+01
5.139178245067596151e+01
5.139229990243912027e+01
5.139278317689895914e+01
5.139337457815805976e+01
5.139389574925105109e+01
5.139445618391037129e+01
5.139505128463109429e+01
5.139603114922841343e+01
5.139625916481018209e+01
5.139683070182800151e+01
5.139722454150517450e+01
5.139778719743092950e+01
5.139866003195444932e+01
5.139896428585052490e+01
5.139945176839828633e+01
5.140000793536503920e+01
5.140068293412526401e+01
5.140149760246276855e+01
5.140174135367075792e+01
5.140223086675008091e+01
5.140278365612029887e+01
5.140333905617396226e+01
5.140398071606954034e+01
5.140445158481598042e+01
5.140500571727752543e+01
5.140566604534785000e+01
5.140611825386682909e+01
5.140676819483439175e+01
5.140723480780919630e+01
5.140778681039810039e+01
5.140835318565368794e+01
5.140929307937621928e+01
5.140956608851750786e+01
5.141001230875651373e+01
5.141056854327519687e+01
5.141111572583516676e+01
5.141202833652496196e+01
5.141236387093861993e+01
5.141294924418131274e+01
5.141334315141042310e+01
5.141396371523538988e+01
5.141467196544011387e+01
5.141500719388326246e+01
5.141556142965952603e+01
5.141611752510070943e+01
5.141667178869247579e+01
5.141727849245071269e+01
5.141778224309285150e+01
5.141833855708440382e+01
5.141889673868815436e+01
5.141944884061813070e+01
5.142003849744796895e+01
5.142056547005971368e+01
5.142111519972483080e+01
5.142168606519699381e+01
5.142263397773106703e+01
5.142280156215031894e+01
5.142337807416915751e+01
5.142389216025670606e+01
5.142444838682810371e+01
5.142528800169626635e+01
5.142556507984797065e+01
5.142611710230509203e+01
5.142667122681935865e+01
5.142722762028376593e+01
5.142794012228647915e+01
5.142833811442057623e+01
5.142889427344004361e+01
5.142945256630579820e+01
5.143000458478927328e+01
5.143071955442428589e+01
5.143111724853515909e+01
5.143176308075587144e+01
5.143224192063014044e+01
5.143279596567153789e+01
5.143342322905858310e+01
5.143390090862909858e+01
5.143445020516713129e+01
5.143500676552454820e+01
5.143595247666041104e+01
5.143614866733550883e+01
5.143667333920796381e+01
5.143722517093022617e+01
5.143778345982233446e+01
5.143859004577000604e+01
5.143889840046564643e+01
5.143945676485697760e+01
5.144029002189635946e+01
5.144071909983952651e+01
5.144130237102508829e+01
5.144171671470006402e+01
5.144222919146219652e+01
5.144278318087260260e+01
5.144334176778793477e+01
5.144397536118825087e+01
5.144446801741917596e+01
5.144500598907470845e+01
5.144556252559026177e+01
5.144611643950144497e+01
5.144671688079834126e+01
5.144722923040389873e+01
5.144778325160344679e+01
5.144837507406870714e+01
5.144925827185313238e+01
5.144954169591267856e+01
5.145002893209457540e+01
5.145056661367416240e+01
5.145111653804779195e+01
5.145192482074102003e+01
5.145229577223459927e+01
5.145278334617614746e+01
5.145334431727727065e+01
5.145389548142750868e+01
5.145465388695399156e+01
5.145501498778661187e+01
5.145556220610936293e+01
5.145612057844797960e+01
5.145668139855067125e+01
5.145736655394236436e+01
5.145778927405675063e+01
5.145833675463994439e+01
5.145889740784962640e+01
5.145946464141209731e+01
5.146004576683044718e+01
5.146056194305420206e+01
5.146111783186594835e+01
5.146166992187500000e+01
5.146263266801834391e+01
5.146285143693287978e+01
5.146334103345871114e+01
5.146389709711074545e+01
5.146445336341857768e+01
5.146532458861668857e+01
5.146577215194702148e+01
5.146611807346344136e+01
5.146667426029841153e+01
5.146723041534423970e+01
5.146798646847407355e+01
5.146834088166554722e+01
5.146889704068501459e+01
5.146945103009542066e+01
5.147000726858775010e+01
5.147059301137924336e+01
5.147111788193384996e+01
5.147168105443318353e+01
5.147223935921986993e+01
5.147279127438863355e+01
5.147335328261057441e+01
5.147389694054921705e+01
5.147445090214411323e+01
5.147504876454671319e+01
5.147603625853856357e+01
5.147624513308207383e+01
5.147678205569584975e+01
5.147724440495173326e+01
5.147778851985931681e+01
5.147863688071569044e+01
5.147892654736836704e+01
5.147945079406102309e+01
5.148004652261734293e+01
5.148056339422861782e+01
5.148132205406825079e+01
5.148184212843577257e+01
5.148223606348037862e+01
5.148278604745864584e+01
5.148334240516026483e+01
5.148400079409281460e+01
5.148445278406143188e+01
5.148500900268554403e+01
5.148556736310322890e+01
5.148611935774485460e+01
5.148670508861541606e+01
5.148723877271016391e+01
5.148778389294942315e+01
5.148836274941762525e+01
5.148925942579905524e+01
5.148946022590001093e+01
5.149000875949859335e+01
5.149056494633357062e+01
5.149111907084783013e+01
5.149203165769576884e+01
5.149224098523458082e+01
5.149279668331146098e+01
5.149335174163182671e+01
5.149389626185099189e+01
5.149471079905827509e+01
5.149500861167907573e+01
5.149556492567062094e+01
5.149617526928583544e+01
5.149667283693949571e+01
5.149737123648325365e+01
5.149778767029444282e+01
5.149834467172622965e+01
5.149890098969141405e+01
5.149945228497187344e+01
5.150003144741058492e+01
5.150056017239888462e+01
5.150111846526463921e+01
5.150168937444686890e+01
5.150258769194284980e+01
5.150288565556208198e+01
5.150338170528412007e+01
5.150390023787816318e+01
5.150445622603098883e+01
5.150530632336934644e+01
5.150557282765706191e+01
5.150612080891927036e+01
5.150667744477589594e+01
5.150723326206207275e+01
5.150804315408070977e+01
5.150836406151453417e+01
5.150889968474705682e+01
5.150945172309875630e+01
5.151000798543294223e+01
5.151081256866454794e+01
5.151112518707910937e+01
5.151167898178100302e+01
5.151223069429397583e+01
5.151279721260070943e+01
5.151344150304794312e+01
5.151389765739440918e+01
5.151446102857589437e+01
5.151501216888427592e+01
5.151592041254043863e+01
5.151615759134292460e+01
5.151668838262558126e+01
5.151723275581995409e+01
5.151778920888900615e+01
5.151858286460240777e+01
5.151909954547882364e+01
5.151948711077372423e+01
5.152000771760940268e+01
5.152056814829508369e+01
5.152142432928085469e+01
5.152177202304203973e+01
5.152223031123479302e+01
5.152278476953506470e+01
5.152334074576695855e+01
5.152401290734609063e+01
5.152445763349533081e+01
5.152500755389531406e+01
5.152558381557464884e+01
5.152612483501434326e+01
5.152674484252929688e+01
5.152724412282307753e+01
5.152779835462570190e+01
5.152834074099858697e+01
5.152925546964009840e+01
5.152945923805236816e+01
5.153001384735107138e+01
5.153057003021240234e+01
5.153112402757008681e+01
5.153195473353068223e+01
5.153230344851811395e+01
5.153279279470443441e+01
5.153336359659830634e+01
5.153389898141224990e+01
5.153461565176645820e+01
5.153512715101241781e+01
5.153557768265406480e+01
5.153613758484522833e+01
5.153668125470479566e+01
5.153733111222584995e+01
5.153779307206471572e+01
5.153834280570347914e+01
5.153891468842824253e+01
5.153945263226827223e+01
5.154008244276046469e+01
5.154057993888854838e+01
5.154111944834391323e+01
5.154167334636052544e+01
5.154264247020085321e+01
5.154294632275899346e+01
5.154334187904994025e+01
5.154390312433243082e+01
5.154448812802632318e+01
5.154525328874588297e+01
5.154556939999262255e+01
5.154611932436625210e+01
5.154667770465214716e+01
5.154723175366719801e+01
5.154803800185521112e+01
5.154835270643233969e+01
5.154904392560322890e+01
5.154945021073023526e+01
5.155000859896342291e+01
5.155060243606567383e+01
5.155111883083979052e+01
5.155168914000193325e+01
5.155223360459009996e+01
5.155279455582300585e+01
5.155347740252812372e+01
5.155390545129775859e+01
5.155445646047591879e+01
5.155504797299703057e+01
5.155610861778259135e+01
5.155636495351791382e+01
5.155677086512248053e+01
5.155729803641636977e+01
5.155780153274535849e+01
5.155862886508305820e+01
5.155890430212021158e+01
5.155946094592412265e+01
5.156000807285308696e+01
5.156056671142577841e+01
5.156129583517710557e+01
5.156169784466425909e+01
5.156224027474721083e+01
5.156279630263646396e+01
5.156334133148193644e+01
5.156403590043385776e+01
5.156445608933766778e+01
5.156502554416656636e+01
5.156557985146840650e+01
5.156612275044123095e+01
5.156679324309030932e+01
5.156724526882171489e+01
5.156778926452000889e+01
5.156834982236226494e+01
5.156933153867721842e+01
5.156957091093063639e+01
5.157000790834426596e+01
5.157056395212809008e+01
5.157123094399769769e+01
5.157204523483912340e+01
5.157231008609135614e+01
5.157278909683227397e+01
5.157334342400233140e+01
5.157389728625615533e+01
5.157474550008773662e+01
5.157501008907954088e+01
5.157557773987452521e+01
5.157612028121948100e+01
5.157667654355366693e+01
5.157732714414596842e+01
5.157790565888087286e+01
5.157834531863530714e+01
5.157891534169515069e+01
5.157994389533996582e+01
5.158004511197407993e+01
5.158056602875391405e+01
5.158112000226974203e+01
5.158168678681055752e+01
5.158258873224258423e+01
5.158282312949498305e+01
5.158338315884272163e+01
5.158389908075332642e+01
5.158445324500402052e+01
5.158529096841812134e+01
5.158576969305673998e+01
5.158616359631220405e+01
5.158667627573013448e+01
5.158723224798838203e+01
5.158791784842809136e+01
5.158839186429977275e+01
5.158889894088109429e+01
5.158946687777837070e+01
5.159001564979553223e+01
5.159064663251241001e+01
5.159124476114909186e+01
5.159168654680252075e+01
5.159224062363306729e+01
5.159278847376505439e+01
5.159338646729786859e+01
5.159406974315643168e+01
5.159445511897404657e+01
5.159501799742380967e+01
5.159595961968103950e+01
5.159618649880091112e+01
5.159667996168136739e+01
5.159736312230428013e+01
5.159778802394866659e+01
5.159858379761377734e+01
5.159890253941217964e+01
5.159945466518401958e+01
5.160001099507014288e+01
5.160056936740875244e+01
5.160145746866862027e+01
5.160170796712239394e+01
5.160223602453867642e+01
5.160278786818186347e+01
5.160334204037984307e+01
5.160400672356287544e+01
5.160445677042007162e+01
5.160501096645990771e+01
5.160556716918945597e+01
5.160612335602442613e+01
5.160676685969034594e+01
5.160723372697830058e+01
5.160778573354085097e+01
5.160836471716562812e+01
5.160942323207855509e+01
5.160957188606262491e+01
5.161001537243524950e+01
5.161056902408599711e+01
5.161112325986226068e+01
5.161196893056233392e+01
5.161225268046061387e+01
5.161281697750091269e+01
5.161334603627522455e+01
5.161390021642048964e+01
5.161464825471242079e+01
5.161501259803772257e+01
5.161556470394134521e+01
5.161612092653910366e+01
5.161667924324671475e+01
5.161728545824686876e+01
5.161779174009959092e+01
5.161834411621093466e+01
5.161890209913254068e+01
5.161945407787958828e+01
5.162004579305649088e+01
5.162059090534845751e+01
5.162113217910130913e+01
5.162167743444442891e+01
5.162277166048685473e+01
5.162295633951823248e+01
5.162336436510086202e+01
5.162390826145807665e+01
5.162445608774820727e+01
5.162531462907791280e+01
5.162558249235153340e+01
5.162612273295720655e+01
5.162669108708699639e+01
5.162723713318506924e+01
5.162795179287592617e+01
5.162849547863006450e+01
5.162889937162399434e+01
5.162945580879847540e+01
5.163001839319864672e+01
5.163061095078786167e+01
5.163112918933232720e+01
5.163167877197265909e+01
5.163223719994227423e+01
5.163278906345367147e+01
5.163345175584156976e+01
5.163404500087101923e+01
5.163445774714151781e+01
5.163502652645111368e+01
5.163596366643905355e+01
5.163613263765970629e+01
5.163667948643366401e+01
5.163723251024882188e+01
5.163779076337814189e+01
5.163870717684427802e+01
5.163895154794057163e+01
5.163945518334706719e+01
5.164001174370447700e+01
5.164069697459538588e+01
5.164131786028544013e+01
5.164176748196283739e+01
5.164223231474558418e+01
5.164279058774312148e+01
5.164334496657053819e+01
5.164402423699696953e+01
5.164445934693018359e+01
5.164501164754231866e+01
5.164556353092193319e+01
5.164611944754918227e+01
5.164673902988433696e+01
5.164723214705784926e+01
5.164778848091761176e+01
5.164834455649057787e+01
5.164930348793665615e+01
5.164951134920120523e+01
5.165002805391947760e+01
5.165056959788004320e+01
5.165112836360931681e+01
5.165192378759384439e+01
5.165223639408747403e+01
5.165279033581416002e+01
5.165334667762120802e+01
5.165390079021453573e+01
5.165482779343923170e+01
5.165502005418141351e+01
5.165557198524474813e+01
5.165612362225850518e+01
5.165667535861333448e+01
5.165726712942123555e+01
5.165782984495162822e+01
5.165838177204132364e+01
5.165890477101007860e+01
5.165945897897084649e+01
5.166009017229080058e+01
5.166070461273193359e+01
5.166112802426020068e+01
5.166169601678848267e+01
5.166258552869160781e+01
5.166284594535827779e+01
5.166334689458211216e+01
5.166389805078506470e+01
5.166445871591567851e+01
5.166528635819752679e+01
5.166582743724187310e+01
5.166621280511220249e+01
5.166667736371358188e+01
5.166723560094833090e+01
5.166792794863383165e+01
5.166835233767827162e+01
5.166890435616175381e+01
5.166945846875508863e+01
5.167001108725865777e+01
5.167063158353169428e+01
5.167116258541742724e+01
5.167168803612391059e+01
5.167223315238952353e+01
5.167278720537821357e+01
5.167336113055547031e+01
5.167389969428380425e+01
5.167446304957071845e+01
5.167501459121704244e+01
5.167595793008804606e+01
5.167613729635874620e+01
5.167669781843821397e+01
5.167724699576695713e+01
5.167778944969177246e+01
5.167858070135116577e+01
5.167889986038208150e+01
5.167945615847905572e+01
5.168001449902852329e+01
5.168056616783142232e+01
5.168130048116048414e+01
5.168167701164881578e+01
5.168223927815755303e+01
5.168280013004938667e+01
5.168334741195042881e+01
5.168402496576309346e+01
5.168445795377095209e+01
5.168503684997558878e+01
5.168557044267654277e+01
5.168612420956294073e+01
5.168670456012090142e+01
5.168723708788554205e+01
5.168779110511143671e+01
5.168835761149724561e+01
5.168925125598907755e+01
5.168946166833242017e+01
5.169005517164865893e+01
5.169056815703709873e+01
5.169113107522328932e+01
5.169197423060735019e+01
5.169224230051040792e+01
5.169284720818201606e+01
5.169334509770075670e+01
5.169390346606572706e+01
5.169458017746607226e+01
5.169504505395889282e+01
5.169557210604349962e+01
5.169612427949905253e+01
5.169668053785959927e+01
5.169733317693074781e+01
5.169779075781504218e+01
5.169834916989008633e+01
5.169890541235606207e+01
5.169946164687474521e+01
5.170008659760157599e+01
5.170057208538055704e+01
5.170112822453180712e+01
5.170176337162653368e+01
5.170264685153961182e+01
5.170289881626764839e+01
5.170334481000899984e+01
5.170390298366546489e+01
5.170445704062779413e+01
5.170525072813033773e+01
5.170556529362996656e+01
5.170616353352864536e+01
5.170668976306914999e+01
5.170723428328832227e+01
5.170801078478495327e+01
5.170843209822972852e+01
5.170890059073766309e+01
5.170945716301600470e+01
5.171002007325490268e+01
5.171060508886973395e+01
5.171112999518712172e+01
5.171168417533238681e+01
5.171223823229471606e+01
5.171279010772705220e+01
5.171340115467707221e+01
5.171391136248906406e+01
5.171445679664611816e+01
5.171502970059712823e+01
5.171591924826304165e+01
5.171613434950510424e+01
5.171672389109929213e+01
5.171723589499791274e+01
5.171780097484588623e+01
5.171863164107004707e+01
5.171896917422612461e+01
5.171946086088816230e+01
5.172001332441966071e+01
5.172057329416274740e+01
5.172131317853927612e+01
5.172173801263173232e+01
5.172223571538925313e+01
5.172278990348180372e+01
5.172334607839584208e+01
5.172405864795049268e+01
5.172445659240086968e+01
5.172501477003097392e+01
5.172557830015818325e+01
5.172612936099370273e+01
5.172671645482380853e+01
5.172723974784215528e+01
5.172779175440470567e+01
5.172842716773350702e+01
5.172925218343734599e+01
5.172956484556198120e+01
5.173001263936360772e+01
5.173057079315185547e+01
5.173112275600433208e+01
5.173191441694895332e+01
5.173223555882771763e+01
5.173281277418136881e+01
5.173334584236145162e+01
5.173390189806620043e+01
5.173482488393783285e+01
5.173509598970413492e+01
5.173557061751683506e+01
5.173612470229466709e+01
5.173667893012364516e+01
5.173732067743937080e+01
5.173779359658558974e+01
5.173838942050933554e+01
5.173890593449274888e+01
5.173946686188379829e+01
5.174002116918563843e+01
5.174056835571924751e+01
5.174112461407979424e+01
5.174169134696324335e+01
5.174283296664555820e+01
5.174294361273447862e+01
5.174350337584813531e+01
5.174390370448430332e+01
5.174445747534434048e+01
5.174537663062413628e+01
5.174575996001561151e+01
5.174612664381663052e+01
5.174668909708658759e+01
5.174723488092422485e+01
5.174791885614395426e+01
5.174841404358546271e+01
5.174889905850092475e+01
5.174945736328761114e+01
5.175001389185587897e+01
5.175069078207015849e+01
5.175116360187530518e+01
5.175168470939000542e+01
5.175225306351979526e+01
5.175279505650202339e+01
5.175342220465342535e+01
5.175390123128890707e+01
5.175446573893228930e+01
5.175503806670506890e+01
5.175609909296035482e+01
5.175620893239975118e+01
5.175668228467305454e+01
5.175724095503489508e+01
5.175779067277908041e+01
5.175858860015868856e+01
5.175910321474075459e+01
5.175949478546778693e+01
5.176001335779825752e+01
5.176057193676630419e+01
5.176130309502283922e+01
5.176175119082132881e+01
5.176223405996958604e+01
5.176279733975728448e+01
5.176334855953852099e+01
5.176396742264429918e+01
5.176445702314376973e+01
5.176501354376475206e+01
5.176557386716206821e+01
5.176612373987833848e+01
5.176681118806202875e+01
5.176723837455113397e+01
5.176779917875925463e+01
5.176834884087244859e+01
5.176930701335270868e+01
5.176969627936681206e+01
5.177001094818115234e+01
5.177057130336761759e+01
5.177112989425658895e+01
5.177196234067280756e+01
5.177224936882655015e+01
5.177280367215474399e+01
5.177334853410720683e+01
5.177392051219940328e+01
5.177458596229553223e+01
5.177501310904820997e+01
5.177557383378346856e+01
5.177612751324971185e+01
5.177678192853927897e+01
5.177734497785568379e+01
5.177779844999313497e+01
5.177834631601969306e+01
5.177890671491623209e+01
5.177996491193771078e+01
5.178021909793218214e+01
5.178057777484257684e+01
5.178112717072168891e+01
5.178171488841374526e+01
5.178269588549931512e+01
5.178290529648462837e+01
5.178335666656494141e+01
5.178390643994013232e+01
5.178445868492126181e+01
5.178532505432765021e+01
5.178563783168792867e+01
5.178614404598872056e+01
5.178668334484100200e+01
5.178723738193512105e+01
5.178794988393783427e+01
5.178834791978200514e+01
5.178890616099040045e+01
5.178946044047673780e+01
5.179001670678456293e+01
5.179070017735163134e+01
5.179112489620844428e+01
5.179168112277984903e+01
5.179223936001459805e+01
5.179279129505157186e+01
5.179349561532338697e+01
5.179390366872151930e+01
5.179445782502492079e+01
5.179502036968867174e+01
5.179616426229476644e+01
5.179640713135401597e+01
5.179683119853337558e+01
5.179723706642786851e+01
5.179779131015141758e+01
5.179869935115178237e+01
5.179891066948572842e+01
5.179946960210800455e+01
5.180001430908838955e+01
5.180057190259297784e+01
5.180126184622447028e+01
5.180168492794037149e+01
5.180223699013392036e+01
5.180279503663381035e+01
5.180334554910659506e+01
5.180395140250524122e+01
5.180445948839187764e+01
5.180501174529393182e+01
5.180557866493860786e+01
5.180613316694895332e+01
5.180673332214355753e+01
5.180724101861317621e+01
5.180779723723729546e+01
5.180834935903548910e+01
5.180943475564320977e+01
5.180969715913136753e+01
5.181004345019658075e+01
5.181056766907374111e+01
5.181112623612086310e+01
5.181191788117090624e+01
5.181229101419448568e+01
5.181279294490813925e+01
5.181335120995839105e+01
5.181390541791915894e+01
5.181474460363388346e+01
5.181503033638000488e+01
5.181557193994522237e+01
5.181612613201141215e+01
5.181668234666188511e+01
5.181732632319132392e+01
5.181779465277989516e+01
5.181835825443268106e+01
5.181890924374262397e+01
5.181946545839309692e+01
5.182001960674922003e+01
5.182057379484176352e+01
5.182112788359324185e+01
5.182171122233072680e+01
5.182259076833724976e+01
5.182280362844467447e+01
5.182335149447123257e+01
5.182390047709147041e+01
5.182445880174636699e+01
5.182529878218968378e+01
5.182558052937189785e+01
5.182612775166829522e+01
5.182668404579162313e+01
5.182724579572677470e+01
5.182802965243657667e+01
5.182842980623244955e+01
5.182890912294387675e+01
5.182946105003357218e+01
5.183001725276311333e+01
5.183066525061925489e+01
5.183113178809483657e+01
5.183168189128240044e+01
5.183225047190983759e+01
5.183279418547947870e+01
5.183339223464329848e+01
5.183391094605128302e+01
5.183446079889933600e+01
5.183501977920532511e+01
5.183595998684565131e+01
5.183616914749145366e+01
5.183672241767247613e+01
5.183725582758585659e+01
5.183779403368632188e+01
5.183865456581115438e+01
5.183892117738723471e+01
5.183946271737416822e+01
5.184001491069793843e+01
5.184057108958562310e+01
5.184128983815511305e+01
5.184168741305668959e+01
5.184225138028462965e+01
5.184279584884643555e+01
5.184335012833277290e+01
5.184405794143676616e+01
5.184464182456334669e+01
5.184503735701242988e+01
5.184559971094131470e+01
5.184661474625269761e+01
5.184683794577916416e+01
5.184724584420521865e+01
5.184797508319218906e+01
5.184837963183721143e+01
5.184925610224406256e+01
5.184946665366490492e+01
5.185002504587173178e+01
5.185063114563624254e+01
5.185112896362940660e+01
5.185203324953715054e+01
5.185224314928054667e+01
5.185283093849817959e+01
5.185334947506586900e+01
5.185390586455662998e+01
5.185470800797144619e+01
5.185516424973805982e+01
5.185557469129562236e+01
5.185612884759903096e+01
5.185668505827585761e+01
5.185736062924067369e+01
5.185783287684122911e+01
5.185834951798121040e+01
5.185890574852625434e+01
5.185946196317672729e+01
5.186011245648066392e+01
5.186057650645573602e+01
5.186112865209579326e+01
5.186168484687804892e+01
5.186262034972508417e+01
5.186283445755640997e+01
5.186334723234176636e+01
5.186390555699666294e+01
5.186446175575256490e+01
5.186525100866953863e+01
5.186557265122731764e+01
5.186613310178120884e+01
5.186678258975346978e+01
5.186723881959915161e+01
5.186792593002319052e+01
5.186835090716679986e+01
5.186890751918156894e+01
5.186946426232655938e+01
5.187001791397730699e+01
5.187062354882558424e+01
5.187118024428685459e+01
5.187168236573537428e+01
5.187224065462748257e+01
5.187279690504074381e+01
5.187338247696558824e+01
5.187396358251571371e+01
5.187456349929173882e+01
5.187502193450927734e+01
5.187598203023274834e+01
5.187630315224329536e+01
5.187670132319132676e+01
5.187729682127634590e+01
5.187779442071914815e+01
5.187861522833506456e+01
5.187890965541203769e+01
5.187946126461029195e+01
5.188001303672790243e+01
5.188057134946187432e+01
5.188129053910573418e+01
5.188168843189875190e+01
5.188224292198817267e+01
5.188279419740040765e+01
5.188335500160852831e+01
5.188397841056188042e+01
5.188446991443633749e+01
5.188512951135635376e+01
5.188558611869812154e+01
5.188612978855768887e+01
5.188678441842397149e+01
5.188729852437973022e+01
5.188779404163360454e+01
5.188837750752767164e+01
5.188941972653071133e+01
5.188960082928339546e+01
5.189007321596145772e+01
5.189057335456212172e+01
5.189117721716562670e+01
5.189194426933924120e+01
5.189228656291961528e+01
5.189288134177525791e+01
5.189335666894912436e+01
5.189391507307688300e+01
5.189461706082025927e+01
5.189503180980682373e+01
5.189557532469431322e+01
5.189612717231114658e+01
5.189668354988098287e+01
5.189727789958318027e+01
5.189780779282251899e+01
5.189837073087691977e+01
5.189894836346308438e+01
5.189947271347045898e+01
5.190008545716603550e+01
5.190075848897298272e+01
5.190121397574742446e+01
5.190169159571329516e+01
5.190269774198532104e+01
5.190295236905415521e+01
5.190339792172114386e+01
5.190390623013178839e+01
5.190446248451868883e+01
5.190535603364308770e+01
5.190561099449793403e+01
5.190612664222717143e+01
5.190668305158614970e+01
5.190723939736684400e+01
5.190792050361633159e+01
5.190835199753443163e+01
5.190890591144561483e+01
5.190947328011194628e+01
5.191001851161320957e+01
5.191066622336705194e+01
5.191116425991058492e+01
5.191168721914291240e+01
5.191224102576573785e+01
5.191332881053288872e+01
5.191354130506515219e+01
5.191390359401702881e+01
5.191446180343628214e+01
5.191502927144368584e+01
5.191595764160156534e+01
5.191614735921223911e+01
5.191668670972187982e+01
5.191723872820536201e+01
5.191779532432556010e+01
5.191858276526133409e+01
5.191903074185053413e+01
5.191946190992991461e+01
5.192002234458923482e+01
5.192057203451792446e+01
5.192132240533828735e+01
5.192183054685592936e+01
5.192223886251449727e+01
5.192279508908589492e+01
5.192335342566172329e+01
5.192395572264989312e+01
5.192446375290553107e+01
5.192501792907714986e+01
5.192557406425476074e+01
5.192613243659337030e+01
5.192674096028009956e+01
5.192725340127945088e+01
5.192780669132868354e+01
5.192835992972056403e+01
5.192930711110432895e+01
5.192956581513087144e+01
5.193009893099466723e+01
5.193069663047790385e+01
5.193123015562693467e+01
5.193203445275624830e+01
5.193224526643753336e+01
5.193284225861231818e+01
5.193335058291753370e+01
5.193390475511550619e+01
5.193459312121073168e+01
5.193501968383789347e+01
5.193557153542836602e+01
5.193612999916076944e+01
5.193668620586394979e+01
5.193734877506891934e+01
5.193783210515975668e+01
5.193835074106852545e+01
5.193890678087870327e+01
5.193946328560511461e+01
5.194030290047327725e+01
5.194057575464248799e+01
5.194113196531931465e+01
5.194168826738993516e+01
5.194262187083562310e+01
5.194280511140823364e+01
5.194335071245829027e+01
5.194390896558761739e+01
5.194446304241816392e+01
5.194525045156478882e+01
5.194557751814524238e+01
5.194613430897394579e+01
5.194668475389480733e+01
5.194723760684330927e+01
5.194798143704732496e+01
5.194834802150726460e+01
5.194890880982081427e+01
5.194946479399998651e+01
5.195001912117004395e+01
5.195064228375752435e+01
5.195113149881363057e+01
5.195168786048888876e+01
5.195224668184916084e+01
5.195279613733291768e+01
5.195339472293854044e+01
5.195391737222671225e+01
5.195446476538975844e+01
5.195505849123001241e+01
5.195592563549677578e+01
5.195618314345677646e+01
5.195669143199920370e+01
5.195723958810170728e+01
5.195779591401417719e+01
5.195861927668253344e+01
5.195890830755233480e+01
5.195946218570073682e+01
5.196002086798350206e+01
5.196057287851969164e+01
5.196129168669382636e+01
5.196168684164683071e+01
5.196224567095438829e+01
5.196279774109522265e+01
5.196335164705912035e+01
5.196402690410614156e+01
5.196446201006571641e+01
5.196502064466476156e+01
5.196557894150416246e+01
5.196613306204478278e+01
5.196671461661656366e+01
5.196736428737640523e+01
5.196783305406570719e+01
5.196835592190424791e+01
5.196937259038289625e+01
5.196976706584294448e+01
5.197003560463587490e+01
5.197057658036549554e+01
5.197112881342570034e+01
5.197192257642745972e+01
5.197230801184971938e+01
5.197282256682714063e+01
5.197335143089294718e+01
5.197395997047424032e+01
5.197469927469889228e+01
5.197509747743606567e+01
5.197557657162348477e+01
5.197613278230031142e+01
5.197668474515278803e+01
5.197726815541584955e+01
5.197779935995738043e+01
5.197835150957107686e+01
5.197890981038411695e+01
5.197946579853693549e+01
5.198006597757339620e+01
5.198057399590810235e+01
5.198113040129343432e+01
5.198172212839126871e+01
5.198289709488550869e+01
5.198302877346674933e+01
5.198349727392196939e+01
5.198391580184300409e+01
5.198446785608927456e+01
5.198532870213190904e+01
5.198558673858642720e+01
5.198613239924112861e+01
5.198668630123138712e+01
5.198724278211593486e+01
5.198791784048080444e+01
5.198837196429570184e+01
5.198896158536275180e+01
5.198946315050125122e+01
5.199002183675766275e+01
5.199066036542256342e+01
5.199113220771153721e+01
5.199168847799300863e+01
5.199224689404169908e+01
5.199279668331146098e+01
5.199341548681259439e+01
5.199390685160954462e+01
5.199446305831273207e+01
5.199502168496449883e+01
5.199595076640446933e+01
5.199616365035375054e+01
5.199668825864792154e+01
5.199724880854288500e+01
5.199780817429224555e+01
5.199862992366154657e+01
5.199911103248596334e+01
