-8.130387210326996961e-01
-8.127613757102911674e-01
-8.125593212501220908e-01
-8.124203338531756913e-01
-8.123325689792961768e-01
-8.122850777540787659e-01
-8.122681157761445503e-01
-8.223589901658043821e-01
-8.306129141843561214e-01
-8.371532483720982576e-01
-8.368656658594801900e-01
-8.314620984122860214e-01
-8.266999169592753605e-01
-8.226356257430538221e-01
-8.241076724875148196e-01
-8.305658538525505508e-01
-8.306293279321258494e-01
-8.257830481570627157e-01
-8.265085395261304591e-01
-8.223238859081826169e-01
-8.188857579561158451e-01
-8.209934779192610277e-01
-8.280409469710395820e-01
-8.338966394844771202e-01
-8.433346493025953849e-01
-8.507981484625566360e-01
-8.565054941586537351e-01
-8.606993802107461011e-01
-8.636260204567346443e-01
-8.655212005701049538e-01
-8.666014664804361223e-01
-8.670591009488137768e-01
-8.670598603454787723e-01
-8.667426905160909856e-01
-8.662208237183327553e-01
-8.655837939275056181e-01
-8.649000102156553238e-01
-8.642196085666802308e-01
-8.635773686360660450e-01
-8.629955377050362308e-01
-8.624864514405538030e-01
-8.620548809266719292e-01
-8.670350512754024797e-01
-8.711469037022376849e-01
-8.744299800337218542e-01
-8.769565316310664604e-01
-8.888148421622391604e-01
-8.982839997980193170e-01
-9.099409233866240232e-01
-9.188080165440415392e-01
-9.210535596886376686e-01
-9.263595329189810990e-01
-9.356099344507906590e-01
-9.425085230365043421e-01
-9.474039413468242632e-01
-9.506446388567577621e-01
-9.525607099502819697e-01
-9.534521625915237664e-01
-9.535822701717975303e-01
-9.531748219644790021e-01
-9.524142540320480466e-01
-9.514478013605568441e-01
-9.503889612618845462e-01
-9.534018795645781141e-01
-9.556956991253434675e-01
-9.573746787781732825e-01
-9.642367866863121861e-01
-9.696610566992648339e-01
-9.680520034894246617e-01
-9.760044003091751241e-01
-9.726065167365237629e-01
-9.790316435759901514e-01
-9.783058237114580225e-01
-9.773841047926633552e-01
-9.763759648231568056e-01
-9.753606897093280992e-01
-9.800161377067616586e-01
-9.818620805516972139e-01
-9.887820624404952685e-01
-9.886216129882137160e-01
-9.882006271303127587e-01
-9.931999361363691436e-01
-9.915095758729650655e-01
-9.954594708515921431e-01
-9.985219335086388259e-01
-1.000803734195736983e+00
-1.002419953011193465e+00
-1.003485866579416630e+00
-1.004111048631622705e+00
-1.004395399535344069e+00
-1.004426795161259545e+00
-1.004280037954351945e+00
-1.004016803771155653e+00
-1.003686304118652561e+00
-1.003326420146981590e+00
-1.002965106965476583e+00
-1.002621910013634654e+00
-1.002309475864203936e+00
-1.002034975729270361e+00
-1.001801389954319443e+00
-1.001608625658485074e+00
-1.001454457744628934e+00
-1.001335296442507961e+00
-1.001246793201050700e+00
-1.001184301973878643e+00
-1.001143215548780496e+00
-1.001119197258178772e+00
-1.001108327757392891e+00
-9.974471394264449176e-01
-9.944311651168558086e-01
-9.977795863709616464e-01
-9.948918143381860757e-01
-9.925637647069789349e-01
-9.965441674949695461e-01
-9.999504203646532030e-01
-1.008665021490587677e+00
-1.015805408861585990e+00
-1.021449893764378336e+00
-1.025737628524307610e+00
-1.028842649567221823e+00
-1.037050393042152852e+00
-1.037239970263074351e+00
-1.043002866016502495e+00
-1.047292259266790815e+00
-1.050319462997008069e+00
-1.058538431523196266e+00
-1.064825654169837543e+00
-1.069418092026394929e+00
-1.072576118208236284e+00
-1.074561462599326944e+00
-1.075621645566523288e+00
-1.082374588332562393e+00
-1.087480245800896750e+00
-1.091157170079935401e+00
-1.096971860175691482e+00
-1.107629679184559679e+00
-1.115768770322496328e+00
-1.121728275635304417e+00
-1.125859710267933966e+00
-1.135052720707985463e+00
-1.141906621976538361e+00
-1.146761062768064665e+00
-1.149960544925428430e+00
-1.158510268984509040e+00
-1.167731299451258975e+00
-1.171650191461260038e+00
-1.174058223841828230e+00
-1.175277991509707576e+00
-1.175600183090252049e+00
-1.175277141027046612e+00
-1.174520387067288674e+00
-1.166719920781642106e+00
-1.160062665597997755e+00
-1.161269741030469538e+00
-1.162319976229878815e+00
-1.166102268612415171e+00
-1.162483720620073546e+00
-1.166113164120646584e+00
-1.162456459777757800e+00
-1.166008525922484829e+00
-1.168926556161578034e+00
-1.171252615469616343e+00
-1.179674971882767931e+00
-1.186457142162506528e+00
-1.191734411613101230e+00
-1.195680319865692898e+00
-1.198486648370558738e+00
-1.200348057742816943e+00
-1.208239713691400929e+00
-1.214338627217415700e+00
-1.218855692355672815e+00
-1.228926768799821101e+00
-1.236672002390008851e+00
-1.242369882069367160e+00
-1.246328349190240825e+00
-1.248858505319436318e+00
-1.257302422070120773e+00
-1.263622949047527477e+00
-1.268118103763982818e+00
-1.273283088515810180e+00
-1.276786955535222479e+00
-1.278965566416231825e+00
-1.280118217432794303e+00
-1.287504289025243942e+00
-1.288078807743488152e+00
-1.287998928813367083e+00
-1.294351625589308830e+00
-1.301040343505315056e+00
-1.305983744727299722e+00
-1.309483085363606580e+00
-1.310014716320621941e+00
-1.311763650195702180e+00
-1.319531237347269848e+00
-1.325496011213400438e+00
-1.335064129386307252e+00
-1.342489263519352161e+00
-1.354984477275296362e+00
-1.364646761961966881e+00
-1.371786396564723676e+00
-1.383900155151411404e+00
-1.400169672119065289e+00
-1.413704632076194567e+00
-1.423504981774729616e+00
-1.430204643547518639e+00
-1.441562321649218603e+00
-1.450514790292010581e+00
-1.456534812259502099e+00
-1.467270951750495378e+00
-1.474899355363215703e+00
-1.487582904646222559e+00
-1.496731800054646344e+00
-1.502997003240777785e+00
-1.506963560295362159e+00
-1.509144151085253016e+00
-1.509978716932241394e+00
-1.509837397902514811e+00
-1.508599655767168812e+00
-1.506994550694088719e+00
-1.512172366712418725e+00
-1.516102025579305401e+00
-1.518576262498700258e+00
-1.520219961759482707e+00
-1.521182585857838721e+00
-1.529132906133230607e+00
-1.535277231059577474e+00
-1.539838884651572926e+00
-1.543060085674526016e+00
-1.545181344680641500e+00
-1.553536536936786172e+00
-1.559903246059199056e+00
-1.564553837918229995e+00
-1.574854908446098101e+00
-1.582683744938576664e+00
-1.588382441106061860e+00
-1.592453955801612420e+00
-1.594914457967666843e+00
-1.596231210663997091e+00
-1.596685231893412604e+00
-1.596516703013260763e+00
-1.588842310355032428e+00
-1.582205823100536257e+00
-1.576640884331187653e+00
-1.572114405049934271e+00
-1.561473669720785162e+00
-1.552985856320933777e+00
-1.546443750618153867e+00
-1.541600342544778846e+00
-1.530846794562713553e+00
-1.522857527040070158e+00
-1.517038091432265867e+00
-1.505495344450521022e+00
-1.496708834568128976e+00
-1.490331565766291888e+00
-1.478807581668125204e+00
-1.470959635189409198e+00
-1.465576088963605805e+00
-1.462169652262276909e+00
-1.460302811637217202e+00
-1.459595417815013230e+00
-1.458939694477737081e+00
-1.451927118417217999e+00
-1.446673198394722082e+00
-1.435836385120034864e+00
-1.426515686005253913e+00
-1.419509793848868107e+00
-1.407319526378184138e+00
-1.398107629390296314e+00
-1.391482582377367327e+00
-1.379825334548290927e+00
-1.371251915292177603e+00
-1.365282428836125828e+00
-1.361441031079421382e+00
-1.350560607878978692e+00
-1.342489066454938484e+00
-1.336824255042791343e+00
-1.333151457349164515e+00
-1.331070478069009244e+00
-1.323013307335479727e+00
-1.310028074410884313e+00
-1.300256588502358923e+00
-1.293226358134870191e+00
-1.281424465420862191e+00
-1.272783198091763213e+00
-1.257596641680620797e+00
-1.246158594542511766e+00
-1.237945345961721344e+00
-1.232419537719029012e+00
-1.222138918649063655e+00
-1.214838569085193720e+00
-1.203147588966050119e+00
-1.194715697679797239e+00
-1.179474295291121688e+00
-1.168081349322802165e+00
-1.153280223977414032e+00
-1.142473455587847742e+00
-1.131908571571529798e+00
-1.117907896112102950e+00
-1.107772835247313070e+00
-1.100873597689665306e+00
-1.086650082591586353e+00
-1.079728061803533423e+00
-1.065481520044518904e+00
-1.055105613087484517e+00
-1.047971837993248556e+00
-1.037134079974606493e+00
-1.025786724034634556e+00
-1.017718269183139235e+00
-1.006130475447488237e+00
-9.939049337371020920e-01
-9.850943303195617284e-01
-9.791536337428398129e-01
-9.755439478897890426e-01
-9.737603994814678643e-01
-9.775370195308291654e-01
-9.876791483397562299e-01
-9.966289689180258815e-01
-1.004274456339780297e+00
-1.014534667659136247e+00
-1.022732383567240166e+00
-1.029083902428050923e+00
-1.033833428263344345e+00
-1.037230810858887464e+00
-1.039516930762005575e+00
-1.040914545484849407e+00
-1.041623013052124014e+00
-1.041815767160405137e+00
-1.041639742912349398e+00
-1.031269253188934698e+00
-1.022521871965579088e+00
-1.011497992585226768e+00
-1.002566493988019669e+00
-9.893810331242969269e-01
-9.791202826206639731e-01
-9.714495337811972497e-01
-9.556666723651129347e-01
-9.435707637869680253e-01
-9.346963421494055568e-01
-9.226126720345930732e-01
-9.093740105893025616e-01
-8.996752096894795603e-01
-8.824877646630020500e-01
-8.696195078001475176e-01
-8.548182374187590638e-01
-8.392571524699219410e-01
-8.224934914315283896e-01
-8.158155764132618559e-01
-8.014120075198160054e-01
-7.910890121096836314e-01
-7.841670043216064645e-01
-7.799880992133761959e-01
-7.779459263398741387e-01
-7.668854209022921697e-01
-7.588993056224683231e-01
-7.534786040580069288e-01
-7.450386921075327074e-01
-7.336856956913805350e-01
-7.254051969494604846e-01
-7.147987031943944247e-01
-7.016015845290903830e-01
-6.861324801902163317e-01
-6.745557126003371984e-01
-6.557566562140160205e-01
-6.416689037528958695e-01
-6.316257095243031916e-01
-6.205460049097490938e-01
-6.130470496721971418e-01
-6.084046576817332408e-01
-5.998405464797289532e-01
-5.836779706181127736e-01
-5.716604402468402624e-01
-5.529039127376564888e-01
-5.389763781002190335e-01
-5.227071487882222200e-01
-5.108814765469620323e-01
-4.992160586342002659e-01
-4.913198494465009780e-01
-4.799088524305621384e-01
-4.753752020003423340e-01
-4.696689395964905867e-01
-4.596277127904280224e-01
-4.525536227979578552e-01
-4.479328175204908558e-01
-4.353222270102776736e-01
-4.260839496760662204e-01
-4.128562660529735417e-01
-4.002232517991981542e-01
-3.843469833917507739e-01
-3.726603675545010486e-01
-3.618764628516153437e-01
-3.476825718857343706e-01
-3.374911385964700639e-01
-3.236990972059334837e-01
-3.137776195746617702e-01
-3.070696766654441578e-01
-2.959676698416278118e-01
-2.810745832825189972e-01
-2.700976339248017943e-01
-2.624561660594966206e-01
-2.503717460785239712e-01
-2.417341764629552525e-01
-2.342436168661292673e-01
-2.222425351964596452e-01
-2.064572046946542283e-01
-1.934050901306307857e-01
-1.855862852700136401e-01
-1.805811613849905850e-01
-1.692980062624538373e-01
-1.613427073437128101e-01
-1.489027219132434965e-01
-1.399303570063148427e-01
-1.275502228391967030e-01
-1.185018372328801028e-01
-1.049248675774527850e-01
-9.495658788656502480e-02
-8.061701935175258349e-02
-7.012363258450959869e-02
-5.538807368637477246e-02
-4.467107021124938626e-02
-2.980034347330740019e-02
-1.150131333598092276e-02
1.969512654526939244e-03
1.135378465492653532e-02
2.494666395141154069e-02
3.450260935582161181e-02
4.074411021123935939e-02
5.188669178761551315e-02
5.961852912301557339e-02
7.208681440037389976e-02
8.097434467625008736e-02
9.439191492487131185e-02
1.040564828525700758e-01
1.106084274527161515e-01
1.220932423427403268e-01
1.302463266857485369e-01
1.356598381373326223e-01
1.473722200648084346e-01
1.559381296058091060e-01
1.606185598416940419e-01
1.719624730244444510e-01
1.876802415414864367e-01
1.994464052819584499e-01
2.152268653992008840e-01
2.268220025256568739e-01
2.348974312249498819e-01
2.492683834434779033e-01
2.597898340991486865e-01
2.650453011149112026e-01
2.699531459754964668e-01
2.800711003062079651e-01
2.872158573142868931e-01
2.919077559874556638e-01
3.019209452163655882e-01
3.162851152668773036e-01
3.293430279522797655e-01
3.389213196564717645e-01
3.527286006819241315e-01
3.655079910348684180e-01
3.819315437338894892e-01
3.940514019209684360e-01
4.025107987387850361e-01
4.049129889935474402e-01
4.054708842414509462e-01
4.047348663597241103e-01
4.031480854064497521e-01
4.080040472673813756e-01
4.181760613395848480e-01
4.257736911067397934e-01
4.379303579278517322e-01
4.470057386955361700e-01
4.567319594707219821e-01
4.704154735743046878e-01
4.806522312240062433e-01
4.979469995251848413e-01
5.110740270897826676e-01
5.205911885615381873e-01
5.372751748070889732e-01
5.394566769287547636e-01
5.500950705456646439e-01
5.576124959657617897e-01
5.688838339074722139e-01
5.768794193804563930e-01
5.925558427620645219e-01
6.042070376179774494e-01
6.167707622880059803e-01
6.319403161525135593e-01
6.429857680426194211e-01
6.611635609457241491e-01
6.805040076497317347e-01
7.052231667997760356e-01
7.236427350675178616e-01
7.417837632860601049e-01
7.547365033872703854e-01
7.740617654678988435e-01
7.879867262493953639e-01
7.973928222240816988e-01
8.029524582456029069e-01
8.056341029135749565e-01
8.062163989223541938e-01
8.104234821995027760e-01
8.126867134960883421e-01
8.132252672005144678e-01
8.127986980623157498e-01
8.165570253605001216e-01
8.189869001136845794e-01
8.203985793092509748e-01
8.260689805503838024e-01
8.302726454142359547e-01
8.332423918893655523e-01
8.351993271639402971e-01
8.414959919362902108e-01
8.462858314058990805e-01
8.550524037498186125e-01
8.618368708450191429e-01
8.769169278299518977e-01
8.887019776333301424e-01
9.031788806657985447e-01
9.243557335128202990e-01
9.406489882465204344e-01
9.627719550237958668e-01
9.793333961620801498e-01
9.911352583262704741e-01
9.990009606376785145e-01
1.005957381485647950e+00
1.010139652006028399e+00
1.012126052880702343e+00
1.014845331548624774e+00
1.015971861372750196e+00
1.015888740952117342e+00
1.018997419842413876e+00
1.020817150106759552e+00
1.021641425328474240e+00
1.028283670374869896e+00
1.037141174239587293e+00
1.050354880745392849e+00
1.060485561504306951e+00
1.067934488273537319e+00
1.073125618893569833e+00
1.083194758642293198e+00
1.090617171826266718e+00
1.092515673126020381e+00
1.093147246821806862e+00
1.099555331828698801e+00
1.097440197843388532e+00
1.095057615256317396e+00
1.089174191052203478e+00
1.077347514485534674e+00
1.067496999636414312e+00
1.059538928477848696e+00
1.046840706452783376e+00
1.036927251330812982e+00
1.023128642904551633e+00
1.008744898966052128e+00
9.978145393185231526e-01
9.795803468918506951e-01
9.656556381942617007e-01
9.494180523962225671e-01
9.331168055695351349e-01
9.152116306882798202e-01
9.021503002961631656e-01
8.826696889481692176e-01
8.683797405676929593e-01
8.479462365324103024e-01
8.329797054548098156e-01
8.226139697093606262e-01
8.105930555192760734e-01
8.025940553401615940e-01
7.977830581918643471e-01
7.850193532254036155e-01
7.811764159699317034e-01
7.794295467576494163e-01
7.687405002659047915e-01
7.610366176856464548e-01
7.558311748688797405e-01
7.526496528801779329e-01
7.455559624984594569e-01
7.461524989491407078e-01
7.475375807440137743e-01
7.387835580638213440e-01
7.322155636475458085e-01
7.275147712443965631e-01
7.187206612054907184e-01
7.121460233296434961e-01
6.968079316437050252e-01
6.790932915687214466e-01
6.654222229122923604e-01
6.553360143839370711e-01
6.483111077298133740e-01
6.499450765388683493e-01
6.524548187191056003e-01
6.554352159452457860e-01
6.585823987866569196e-01
6.616782032043562189e-01
6.645748412197833854e-01
6.731118599207632780e-01
6.801559555566769610e-01
6.858044120094690665e-01
6.901962567141850524e-01
6.830076503242865638e-01
6.768427553882377934e-01
6.658745483053870595e-01
6.568891768460175529e-01
6.392857947260990326e-01
6.252788703243269408e-01
6.083778727640507533e-01
5.953279763172770744e-01
5.752120636954793920e-01
5.599320670354788199e-01
5.488368948902966338e-01
5.373781882762496132e-01
5.295597609619806523e-01
5.246478173619986141e-01
5.219906733072849914e-01
5.109661626482964181e-01
5.030718226631045731e-01
4.912878881148570187e-01
4.826993759115265625e-01
4.669039982258114119e-01
4.551426671326428419e-01
4.436511344754479058e-01
4.290680102368840121e-01
4.184752108213323218e-01
4.083259352598391789e-01
4.014575871906327365e-01
3.906290699772971831e-01
3.803656982232077599e-01
3.732858366030538111e-01
3.687489723972274813e-01
3.687053100151127527e-01
3.631228182855033015e-01
3.593687184625231623e-01
3.571031273885993951e-01
3.517518949376070569e-01
3.479723733510606820e-01
3.385723093430559327e-01
3.314100264211263802e-01
3.238482439638774579e-01
3.113858940668821074e-01
3.020061111663225883e-01
2.881376052927335785e-01
2.685652157878108959e-01
2.538044952375497765e-01
2.377140758062881165e-01
2.258524452415409112e-01
2.102641459981569039e-01
1.989311776943678556e-01
1.911991035405313788e-01
1.864078241811712999e-01
1.839321381443725922e-01
1.757296893318835984e-01
1.688557384155795482e-01
1.643976940946163534e-01
1.618338558221104062e-01
1.533300705033027178e-01
1.472475298511575215e-01
1.357771697520129273e-01
1.272510876913803823e-01
1.138090105686249132e-01
1.037589591084857599e-01
8.915543920885493634e-02
7.828879760981211078e-02
7.060540093410905271e-02
6.554912354269371022e-02
6.259244741936575984e-02
6.125613528203643909e-02
6.066448038043059654e-02
6.145075762401841502e-02
6.278149660165732726e-02
6.394436357691946071e-02
5.791752714454090345e-02
5.335508320939674753e-02
4.268827286110177255e-02
3.417068690200864012e-02
2.063550206605158088e-02
1.033641633265358628e-02
2.808335174171006088e-03
-9.763595662575008660e-03
-2.649159487296759430e-02
-3.923987731499822829e-02
-4.853088791763560117e-02
-6.221434363581135329e-02
-7.220225025877557989e-02
-7.908304903320573231e-02
-8.343291250419682115e-02
-8.516433625966857157e-02
-9.269851175642940255e-02
-9.787194121586839657e-02
-1.082858299907807353e-01
-1.158770973833029849e-01
-1.281960029059223682e-01
-1.372969102260139795e-01
-1.507119480302507863e-01
-1.606133815493322459e-01
-1.687547285289012766e-01
-1.743445383949451255e-01
-1.778407660203447094e-01
-1.809740514758966246e-01
-1.826338608211861558e-01
-1.831524073344481529e-01
-1.915171368866668278e-01
-1.963792983454457630e-01
-2.085035126571699315e-01
-2.178163703146818175e-01
-2.320057569206692705e-01
-2.427181610769704179e-01
-2.504237345470918807e-01
-2.648887412491454096e-01
-2.757255647180389957e-01
-2.907460465746622980e-01
-3.017917171649640018e-01
-3.167155873857236958e-01
-3.275128690292112843e-01
-3.253032745352546495e-01
-3.245323638286985446e-01
-3.299398692490460583e-01
-3.334612190423098532e-01
-3.354878345529981321e-01
-3.363693540487189271e-01
-3.339465474802578715e-01
-3.384126995699208162e-01
-3.415894323700732205e-01
-3.505878090876195508e-01
-3.574267233107237818e-01
-3.691708837975877788e-01
-3.807533587556846122e-01
-3.962111503980818572e-01
-4.080039962568127176e-01
-4.232100100016207289e-01
-4.345102315442948004e-01
-4.456077787303203142e-01
-4.535337151837781633e-01
-4.653051507019734245e-01
-4.770628861518060315e-01
-4.821389058805978234e-01
-4.884222361140060364e-01
-4.989037777120080008e-01
-5.063831451261897598e-01
-5.113695265765627607e-01
-5.207289966972423745e-01
-5.273257120551981814e-01
-5.416639258016853198e-01
-5.523984976262348301e-01
-5.662216944993219148e-01
-5.802775217675663066e-01
-5.966392141963811069e-01
-6.128418510550870391e-01
-6.306862091601732612e-01
-6.495467467745417167e-01
-6.631985184339108663e-01
-6.827074600666458437e-01
-6.968842157082293376e-01
-7.120823686468542579e-01
-7.226024459652827803e-01
-7.293635735922321395e-01
-7.384339537271424891e-01
-7.490349883471563164e-01
-7.562661991606539624e-01
-7.658726198009260244e-01
-7.723676886927280938e-01
-7.763803029447126081e-01
-7.834003074047893866e-01
-7.881121809459106231e-01
-7.960077090839552394e-01
-8.015936969682779800e-01
-8.154099547755899735e-01
-8.312102613055919464e-01
-8.480827571085631789e-01
-8.606742432717519042e-01
-8.798329379935702077e-01
-8.940584261167252578e-01
-9.040971994784597898e-01
-9.106965194680695097e-01
-9.158895856990150186e-01
-9.187869970700287547e-01
-9.198962274553448282e-01
-9.241596428890119785e-01
-9.266789775031291088e-01
-9.337804023543265775e-01
-9.388283203043069625e-01
-9.465124713159014380e-01
-9.579976342834565228e-01
-9.665926895335856806e-01
-9.829693344490696427e-01
-9.953789984812331237e-01
-1.004383012861900681e+00
-1.004355903664843730e+00
-1.007081768089666207e+00
-1.008337649651152024e+00
-1.012310726666362903e+00
-1.018483132331738705e+00
-1.022754264267779156e+00
-1.031401109387536597e+00
-1.034297039164147947e+00
-1.035987679579145393e+00
-1.036746403757853541e+00
-1.036811572718570051e+00
-1.036386111630370088e+00
-1.035638220316011937e+00
-1.031104918069721599e+00
-1.027091253930040082e+00
-1.029771975774259829e+00
-1.031990624198653617e+00
-1.030028763299613459e+00
-1.028289670622887009e+00
-1.036962319207667349e+00
-1.037708107812128189e+00
-1.044511068171584789e+00
-1.053582615488272367e+00
-1.067056106238457147e+00
-1.077604475053442812e+00
-1.088959074518243364e+00
-1.103828041435886975e+00
-1.115054505797619111e+00
-1.129711865048976582e+00
-1.140639277139816610e+00
-1.157957119747484942e+00
-1.170825845071252758e+00
-1.186621023023664012e+00
-1.198159095434857102e+00
-1.206122811265318617e+00
-1.211176007618419703e+00
-1.213934045808190643e+00
-1.217454185284635448e+00
-1.225967083529338364e+00
-1.231934027605008808e+00
-1.238163512061974725e+00
-1.248971506462314585e+00
-1.256862704151563204e+00
-1.262332137197377246e+00
-1.265843140387859389e+00
-1.274537516456744957e+00
-1.280851177935180996e+00
-1.285172485951875609e+00
-1.294680171488865161e+00
-1.294873835760885106e+00
-1.294183612579847820e+00
-1.292913034789758608e+00
-1.291304661815518173e+00
-1.282730596280549529e+00
-1.275413953168106795e+00
-1.269356224991763593e+00
-1.264491684742976574e+00
-1.258541742420583587e+00
-1.256098802259149272e+00
-1.254448103343292376e+00
-1.246722596245743775e+00
-1.238457978236841672e+00
-1.225381442389801512e+00
-1.215201053374610263e+00
-1.207579152469991701e+00
-1.199566127273658411e+00
-1.193764284326225500e+00
-1.183146447528763190e+00
-1.172482298465569617e+00
-1.157881725670572459e+00
-1.146884797972208547e+00
-1.139005244327215394e+00
-1.133728345142033467e+00
-1.123950709657707270e+00
-1.117052363574802865e+00
-1.112511692370000471e+00
-1.100097369775003830e+00
-1.084442387867523561e+00
-1.072744965567108411e+00
-1.064405045521672921e+00
-1.058829924906938391e+00
-1.055464701542117911e+00
-1.050226787609571000e+00
-1.040599835494840253e+00
-1.033637836864337523e+00
-1.028903712581090035e+00
-1.025973807817704753e+00
-1.024456727415819390e+00
-1.024004571702940014e+00
-1.018123547188268141e+00
-1.010075552330063520e+00
-9.979316455433318023e-01
-9.846819370461629140e-01
-9.704285173393679687e-01
-9.534730845897977369e-01
-9.406334347468500168e-01
-9.313715403227336154e-01
-9.146734886485398119e-01
-9.022728934046115867e-01
-8.877481213369344815e-01
-8.669482270366701826e-01
-8.515209185220081745e-01
-8.301918440061122340e-01
-8.091630105821339125e-01
-7.940047983011144783e-01
-7.784871643794574192e-01
-7.624053484933082103e-01
-7.510397680847931134e-01
-7.436015913165057167e-01
-7.287986524066982774e-01
-7.183258855326327685e-01
-7.065875382335711219e-01
-6.986861702973518051e-01
-6.881374213694939623e-01
-6.809648939969400461e-01
-6.765320143874340442e-01
-6.637747180944081338e-01
-6.545579460955853746e-01
-6.378719794134559695e-01
-6.211914651133447762e-01
-6.030549626269654517e-01
-5.897495717401530779e-01
-5.743195692381013462e-01
-5.530565198161225826e-01
-5.373120785631013696e-01
-5.262385656597092787e-01
-5.189982678199129840e-01
-5.083580287905671291e-01
-5.011900206337422947e-01
-4.968395817231234801e-01
-4.880976615138634678e-01
-4.786942476990561079e-01
-4.722776143113225356e-01
-4.682702398038995906e-01
-4.561800538945584016e-01
-4.474028102860001521e-01
-4.346847118033514423e-01
-4.156247554248122533e-01
-4.013035325888623106e-01
-3.842125053702969417e-01
-3.647746727719243243e-01
-3.503263876158471124e-01
-3.331383664148823698e-01
-3.112961086358079221e-01
-2.952407504661191950e-01
-2.697870842768328448e-01
-2.507963841737623767e-01
-2.300787137737223542e-01
-2.078799408073463972e-01
-1.918424962940807887e-01
-1.809870095728989270e-01
-1.743410408431100844e-01
-1.622987680481111639e-01
-1.469895519528119365e-01
-1.289073729556935444e-01
-1.159628516349373584e-01
-9.982440122556557327e-02
-8.098613505221829989e-02
-5.992906934591513135e-02
-4.460010189764052058e-02
-2.657456369874089397e-02
-6.302612063189494407e-03
8.263266060363649856e-03
2.559636158809319717e-02
4.524053901329727623e-02
5.924709209258094411e-02
7.608243083107124605e-02
9.527105595532403548e-02
1.163391411012510979e-01
1.388372325365914151e-01
1.550054380919667629e-01
1.732726391643040209e-01
1.859652938696880753e-01
1.955792310733039940e-01
2.014506201306589528e-01
2.043717023124953514e-01
2.035319582406673877e-01
2.102546248797902972e-01
2.219234913974124090e-01
2.303336574179843943e-01
2.433355950805247137e-01
2.600336683934354465e-01
2.723796961697870778e-01
2.882165698023002598e-01
2.996938990083632959e-01
3.145975886841612112e-01
3.321939165944092220e-01
3.449440988858625268e-01
3.579689989475527412e-01
3.694206372853334752e-01
3.811854092341935285e-01
3.891416858104783660e-01
4.005486302735212778e-01
4.083949070117440794e-01
4.197137068961083184e-01
4.276126131433504174e-01
4.356467232674139378e-01
4.472636624134251893e-01
4.494255767881647490e-01
4.592726097965644794e-01
4.695370371305918056e-01
4.770257316964279237e-01
4.854684394878319154e-01
4.978381694267681734e-01
5.133446957762453078e-01
5.248751253054577681e-01
5.329965016835187530e-01
5.483277368098058435e-01
5.596179397389402510e-01
5.674733213764755480e-01
5.826645873713292012e-01
5.938054972082306149e-01
6.075628240565901228e-01
6.155894856974153395e-01
6.311544029493011410e-01
6.381867001791043936e-01
6.424513588542479781e-01
6.490570840060492230e-01
6.532715089955473120e-01
6.661544342861932533e-01
6.863529342699014046e-01
7.018182323007815526e-01
7.181332575528251994e-01
7.301455787462999281e-01
7.441533577297225754e-01
7.540020391641156783e-01
7.659657221347143663e-01
7.741111566795314536e-01
7.845557945840827552e-01
7.915575430446254446e-01
8.063265603100039369e-01
8.170147960021214573e-01
8.243506080552364113e-01
8.393454598491062457e-01
8.551089490285080918e-01
8.720516493072605346e-01
8.844771135166372700e-01
8.988026646555192789e-01
9.193634355028504901e-01
9.390337345893748910e-01
9.592609532095285330e-01
9.780979267566064506e-01
9.953909760538007800e-01
1.007342793978936335e+00
1.009041981345259131e+00
1.008583941147232821e+00
1.000807623116252820e+00
9.933007496740449138e-01
9.863609737293304036e-01
9.706406475660859234e-01
9.574786981497315219e-01
9.427380187714288207e-01
9.253299975970016300e-01
9.061984017930180269e-01
8.914780992842270546e-01
8.761908568093682570e-01
8.550760332535758401e-01
8.390222360709042038e-01
8.273665718635342392e-01
8.194075297776602929e-01
8.096481552571255236e-01
7.980181675196436064e-01
7.899368725133906199e-01
7.797722068048533739e-01
7.678390626935104324e-01
7.546275781271158944e-01
7.452945268735352569e-01
7.391145753495673709e-01
7.400836502901578795e-01
7.421100545308166874e-01
7.447706327036034413e-01
7.477354062064239804e-01
7.507570030549544082e-01
7.489011072994037344e-01
7.425784156766804811e-01
7.376767903716308084e-01
7.340258331616620335e-01
7.314404864816878016e-01
7.297351511074969821e-01
7.241035595302489636e-01
7.146683075734707735e-01
7.073637169215120091e-01
7.064505174556979794e-01
7.063028485812051782e-01
7.067036626414585632e-01
7.028907298912508983e-01
7.001395015632192464e-01
6.937828564381582908e-01
6.836380108891391139e-01
6.714715844230572106e-01
6.622087313396406438e-01
6.554212688866014602e-01
6.465729334032050968e-01
6.347843040900501554e-01
6.260074646895480432e-01
6.142454806672336121e-01
6.072261453532453723e-01
5.970205275886353302e-01
5.896773127665794201e-01
5.847026341332068888e-01
5.816332946686749716e-01
5.744025692153963414e-01
5.692834622618627716e-01
5.659172943369441544e-01
5.639591811695545687e-01
5.630918427174582686e-01
5.630342811215831578e-01
5.577396394223059772e-01
5.538432713401328922e-01
5.511385931265098126e-01
5.434842038105249795e-01
5.340842712099695966e-01
5.209693916340545350e-01
5.108816396279749483e-01
5.001074107188268059e-01
4.894354180743047955e-01
4.783957578690345436e-01
4.642438879128658602e-01
4.537402313749636651e-01
4.370939183952016194e-01
4.247632264561893578e-01
4.033778807749524020e-01
3.871666489034191194e-01
3.689430263144566347e-01
3.531663566892213613e-01
3.355300165894670172e-01
3.229013268067089104e-01
3.144222978861193063e-01
3.092758211736297280e-01
2.980261436602387182e-01
2.923544527098842494e-01
2.871720558442509841e-01
2.795484809407366988e-01
2.725769091921459442e-01
2.613555538364544795e-01
2.465483081365977824e-01
2.355503298820138536e-01
2.209972592892766041e-01
2.020669969698620783e-01
1.880425999004198268e-01
1.713309115877661437e-01
1.592391158487234115e-01
1.509895614568876887e-01
1.458412732858573868e-01
1.431184720934353116e-01
1.353788304360317163e-01
1.302014043954988765e-01
1.270840633762324590e-01
1.195106330456128241e-01
1.141598625655140253e-01
1.036331009203528275e-01
8.937864923888971802e-02
7.122530605256005565e-02
5.725693642495155444e-02
3.969160519299030909e-02
2.642700630341510148e-02
9.905122580352365702e-03
-9.226697963727881202e-03
-3.037609735474933181e-02
-4.579850741012125859e-02
-6.364378612142584934e-02
-7.682604180790764126e-02
-8.575424050228908079e-02
-9.188767176722745234e-02
-9.522413231933413158e-02
-9.638607082094208245e-02
-1.033970760512354925e-01
-1.079775202567885284e-01
-1.180813337016635156e-01
-1.327750290713778369e-01
-1.436900083294270214e-01
-1.600012919896207642e-01
-1.796794251146285326e-01
-1.944537300293580628e-01
-2.124270946295185869e-01
-2.254954697776734296e-01
-2.418072097131815923e-01
-2.533975035708473378e-01
-2.683615468491469258e-01
-2.860271634504127913e-01
-2.986601241395974160e-01
-3.142181155951138116e-01
-3.251278714141045967e-01
-3.322768004492790972e-01
-3.388966653505280924e-01
-3.498053653454080703e-01
-3.573713446471722399e-01
-3.691144013793214995e-01
-3.842527105460800119e-01
-4.020031808921300520e-01
-4.149841738799058266e-01
-4.306106465191608113e-01
-4.417445240213437874e-01
-4.556662503677122444e-01
-4.717609724311901953e-01
-4.832260211099950187e-01
-4.909398328951546375e-01
-5.051951573319573008e-01
-5.120011159749879859e-01
-5.160671410528423486e-01
-5.119994378043866146e-01
-5.074811755631776222e-01
-5.028801665690008083e-01
-4.984589033329580587e-01
-4.943928059041027279e-01
-4.845916326607102587e-01
-4.700844273149384911e-01
-4.581681153856687061e-01
-4.487186596099184133e-01
-4.415134287392186163e-01
-4.362717324970952770e-01
-4.261318001759031304e-01
-4.184887897068567675e-01
-4.130124761014315471e-01
-4.026551890229468356e-01
-3.949357291195054742e-01
-3.894861735554742133e-01
-3.859211508865123541e-01
-3.838658617449668409e-01
-3.829748962747701047e-01
-3.760973828453135770e-01
-3.710495208224890984e-01
-3.649101953182600777e-01
-3.605760037574912147e-01
-3.577121326443910565e-01
-3.560114629627439964e-01
-3.483881815145422056e-01
-3.426670204391060182e-01
-3.385704530093380793e-01
-3.289378535438667317e-01
-3.216113511132840941e-01
-3.093148311722642152e-01
-2.928734758172852892e-01
-2.801775300105993072e-01
-2.707982675765030489e-01
-2.551664190330134030e-01
-2.436163007930283175e-01
-2.283261533485414496e-01
-2.099356435315613556e-01
-1.890270338496307101e-01
-1.734306701102306114e-01
-1.550480368882474203e-01
-1.343551053657405792e-01
-1.192114493145153276e-01
-1.087565522686047004e-01
-1.021329155810466460e-01
-9.780477458983205530e-02
-8.858105517439374132e-02
-8.253610108617004393e-02
-7.115280898659603892e-02
-5.602117943396067723e-02
-4.505605651524624555e-02
-3.034557324380759979e-02
-1.256761635860836890e-02
5.113425141067828861e-04
1.658835735175956394e-02
2.808996442264222182e-02
4.254281402390791555e-02
5.265059749628142605e-02
5.969820924662183614e-02
7.088882828797293811e-02
8.558613215915000794e-02
9.628106900408628377e-02
1.105020971000518770e-01
1.276107430726389769e-01
1.333005138148437574e-01
1.432630008041047009e-01
1.568447056444255416e-01
1.665678372849586086e-01
1.798960826455444639e-01
1.893971631834305835e-01
2.038830614029154553e-01
2.144542884712667963e-01
2.285054182180989990e-01
2.386075818543424987e-01
2.454159085967366760e-01
2.563185049520226855e-01
2.706034375970614025e-01
2.809056911734153505e-01
2.945332535824070064e-01
3.108013159113713897e-01
3.225860835091052259e-01
3.306714097992886625e-01
3.380420350082724568e-01
3.427285296219384492e-01
3.517577707418129140e-01
3.604050406354597502e-01
3.663930321794550693e-01
3.792861226370587424e-01
3.888901748658979418e-01
4.021982401612234082e-01
4.213288040877520846e-01
4.388633510100834467e-01
4.519574296847093109e-01
4.710152861893046605e-01
4.916971039266273547e-01
5.133237986165484212e-01
5.327353359099145091e-01
5.466474720292695544e-01
5.622173393708700395e-01
5.728478485121807351e-01
5.815949370957116393e-01
5.867430715447381484e-01
5.951042834784825430e-01
6.003154321235325552e-01
6.031244746515989075e-01
6.041522127003614573e-01
6.095987723156801597e-01
6.074441088117066290e-01
6.048247946639916384e-01
6.020160707721740057e-01
6.031391396286350792e-01
6.037109335340326011e-01
6.096217136852937202e-01
6.239574155724376681e-01
6.410004292486906063e-01
6.542746476252716548e-01
6.740330607411008090e-01
6.945421253180973364e-01
7.144669368309887192e-01
7.293484905078686520e-01
7.446456412845745554e-01
7.553347229409973496e-01
7.625868787568825802e-01
7.720359378839214415e-01
7.731164936950511990e-01
7.777763143585360028e-01
7.803970353759293044e-01
7.868665597488480046e-01
7.911400160736435927e-01
7.990352505070145162e-01
8.100595634604036421e-01
8.181274474185712409e-01
8.293802204627065411e-01
8.485889188792270499e-01
8.632455522992894537e-01
8.739235448622482139e-01
8.861697275982987065e-01
9.007203613175841506e-01
9.098458448753790062e-01
9.157204455735048487e-01
9.295991174496996967e-01
9.439050947962391858e-01
9.540556834222506666e-01
9.750653308464060087e-01
9.845630159180155383e-01
9.906700195907115480e-01
9.941928185875331669e-01
9.899977232591320453e-01
9.817217176680105295e-01
9.741295757071964934e-01
9.617310139292239990e-01
9.513629560262593099e-01
9.333316694833676541e-01
9.187943714459868572e-01
9.020425505171806302e-01
8.891824255595403015e-01
8.700532758555497015e-01
8.606849470707302885e-01
8.542560390543239013e-01
8.502298446812921462e-01
8.383117436378035858e-01
8.248598811792053898e-01
8.148578661158529801e-01
7.978362628723330019e-01
7.800596023831029013e-01
7.620942786473535735e-01
7.439690960989138180e-01
7.261632230020134138e-01
7.037155762103280976e-01
6.873334731725596614e-01
6.663365081967577153e-01
6.512305605080207505e-01
6.450577982414472666e-01
6.378747958585905264e-01
6.297674830213590980e-01
6.248024467605962640e-01
6.261772860438568067e-01
6.191981984816921081e-01
6.145501055865825180e-01
6.117673052138912215e-01
6.048697807340306376e-01
6.000247818720930715e-01
5.874004820243552416e-01
5.778561604689387288e-01
5.651950751555541164e-01
5.521274859495619580e-01
5.461104563220049446e-01
5.363992439089670938e-01
5.294694335324432455e-01
5.248752754309304880e-01
5.099456220431928255e-01
4.985351204766184097e-01
4.839179180097279431e-01
4.633136348443704922e-01
4.477136685107152569e-01
4.269074084979658235e-01
4.087506493820722842e-01
3.893689904188710749e-01
3.663792419723908012e-01
3.431900368277673863e-01
3.264220287170092050e-01
3.083250211576449296e-01
2.870137741659473107e-01
2.651879022929333196e-01
2.495821636971466972e-01
2.256433278263292319e-01
2.067463732864684989e-01
1.869576531620880111e-01
1.663430728608872311e-01
1.517824943450161168e-01
1.353804622997623053e-01
1.173157488122522629e-01
9.779548854189457074e-02
8.394438488811006849e-02
6.740170421601510142e-02
5.608825642504022824e-02
4.896884862690042972e-02
4.511579673578935967e-02
4.372324358406354250e-02
3.729333990639194241e-02
2.668977134105698923e-02
1.899142502832762425e-02
7.117612593635858076e-03
-8.399657249310354956e-03
-2.669782592424008172e-02
-4.713174092592775644e-02
-6.229152621944344936e-02
-7.982078350678079026e-02
-9.242656697030926516e-02
-1.077418698900376448e-01
-1.185210487478653985e-01
-1.332360378668768774e-01
-1.437134148034131531e-01
-1.585512551272703075e-01
-1.692462726858432465e-01
-1.846241264711065977e-01
-1.958117493115456575e-01
-2.104251132471846031e-01
-2.294729760587121969e-01
-2.435809047504340352e-01
-2.623858203192537264e-01
-2.832981283890980695e-01
-3.056770344139150275e-01
-3.219219458363828945e-01
-3.399928310951978450e-01
-3.594280408963206330e-01
-3.756891318291333270e-01
-3.936433920276765086e-01
-4.158168387382894515e-01
-4.318522298929383663e-01
-4.427423106163910216e-01
-4.526990931680081598e-01
-4.655773785432604228e-01
-4.808714445981265850e-01
-5.016035410562569297e-01
-5.167283452145259304e-01
-5.335812654595417648e-01
-5.492172720483814441e-01
-5.664449973959009288e-01
-5.847746932862838420e-01
-6.037580864465491581e-01
-6.230149271884873885e-01
-6.364500441517508822e-01
-6.509577744355563578e-01
-6.662519604181502686e-01
-6.766332697579502398e-01
-6.831653745445550596e-01
-6.964884372920069344e-01
-7.057880720711313671e-01
-7.163691987081416412e-01
-7.236282679947971808e-01
-7.380601883493316251e-01
-7.486169149904008391e-01
-7.607582587264212215e-01
-7.745348797158462251e-01
-7.894716983661673737e-01
-8.053293058443956598e-01
-8.219927453180937427e-01
-8.442908475731391027e-01
-8.609079469300552345e-01
-8.828369917112056653e-01
-9.033306959414126869e-01
-9.278919607522977397e-01
-9.456515581455857689e-01
-9.578136102264681595e-01
-9.713116235321448411e-01
-9.802988435743589246e-01
-9.916037273418011333e-01
-9.990859200744748314e-01
-9.996045937520674496e-01
-1.008428100622478230e+00
-1.014341862965032703e+00
-1.024137497184291812e+00
-1.031010370746147986e+00
-1.045583034447077342e+00
-1.056345890546185995e+00
-1.070366061669555835e+00
-1.080599251605994571e+00
-1.091070277081639395e+00
-1.098209766782908048e+00
-1.112530364001832694e+00
-1.129447735118356277e+00
-1.141893763490931857e+00
-1.160181783510373599e+00
-1.173552568863336809e+00
-1.192200295226779172e+00
-1.212382866639805545e+00
-1.236216885999352533e+00
-1.253705064342920394e+00
-1.272667068089782250e+00
-1.286172329585415497e+00
-1.293267297359363521e+00
-1.299098246052584393e+00
-1.295292065058624376e+00
-1.297425057455508624e+00
-1.291156891446942012e+00
-1.285000756883950990e+00
-1.274560808176339100e+00
-1.265700593396562379e+00
-1.256246624679934643e+00
-1.255144831436605823e+00
-1.254466603681821946e+00
-1.251926153246926132e+00
-1.252231051100363368e+00
-1.252692172638480761e+00
-1.253237884185851136e+00
-1.253813652675881851e+00
-1.261113541634441226e+00
-1.265033279153006340e+00
-1.268185537778223404e+00
-1.270624601202890780e+00
-1.267662949531376260e+00
-1.265046051969992646e+00
-1.256017737088727326e+00
-1.248680370625522951e+00
-1.242891892750106475e+00
-1.238473359111356364e+00
-1.235230831732240686e+00
-1.226376278059037483e+00
-1.223751312640002364e+00
-1.215460174264994420e+00
-1.209121076171083775e+00
-1.204483108184839724e+00
-1.198703547274332593e+00
-1.197133996228682218e+00
-1.189846241438092811e+00
-1.184463691731767687e+00
-1.177973170088683963e+00
-1.163838281290275889e+00
-1.152785708466890435e+00
-1.144505652034051968e+00
-1.138625067941094304e+00
-1.134747354943790976e+00
-1.128999900074212359e+00
-1.131707861739386312e+00
-1.134707127552425643e+00
-1.137748233539806142e+00
-1.134174059546108504e+00
-1.125163605924205390e+00
-1.111892164535318361e+00
-1.098479864462204025e+00
-1.081968749630142002e+00
-1.069352782888344233e+00
-1.054030239933116508e+00
-1.039192616330740115e+00
-1.022283339258519774e+00
-1.006093012015773613e+00
-9.844754975703382538e-01
-9.681510697991364545e-01
-9.465451639632885827e-01
-9.305023805777882240e-01
-9.092103221292532345e-01
-8.936297526293733862e-01
-8.727622512934912757e-01
-8.529182684049716467e-01
-8.332390393416119201e-01
-8.143515631927967791e-01
-8.010258849972107242e-01
-7.923368729434774327e-01
-7.821362732792905836e-01
-7.757954284632188058e-01
-7.621099885909534688e-01
-7.579943576112130321e-01
-7.513786987005174334e-01
-7.475052020485252191e-01
-7.404662233595350473e-01
-7.311519399474211145e-01
-7.247135053474653699e-01
-7.107154992946036476e-01
-7.003759575823991224e-01
-6.877193041685042418e-01
-6.686380721219383760e-01
-6.542081000974641070e-01
-6.339793635271320227e-01
-6.131770022383612462e-01
-5.937379749059527034e-01
-5.738209826653254408e-01
-5.533863776961776004e-01
-5.385106886704178475e-01
-5.221739291961968732e-01
-5.044208498788451678e-01
-4.917373913532208096e-01
-4.768579675012749597e-01
-4.665324351889965637e-01
-4.533420706762028018e-01
-4.443056076197577919e-01
-4.387071855838107215e-01
-4.289865843701912151e-01
-4.194400331511223268e-01
-4.062663708878408997e-01
-3.899688259967373227e-01
-3.682771309432695261e-01
-3.522136952842800373e-01
-3.338088489273043358e-01
-3.133999448043638392e-01
-2.912976220683562989e-01
-2.751080019133276267e-01
-2.565719303625335623e-01
-2.434186061798382372e-01
-2.255656685632319025e-01
-2.130962265313733894e-01
-1.975772408986684603e-01
-1.780655120323457741e-01
-1.642309087985496241e-01
-1.476342831788381993e-01
-1.286727820465414229e-01
-1.077290207538752487e-01
-8.516563329081483502e-02
-6.132082298410290733e-02
-4.397013611379718689e-02
-3.205974473557837712e-02
-2.456770003756703069e-02
-2.055067994155423960e-02
-1.167096120001920312e-02
-6.061332824410792242e-03
4.485116996581606230e-03
1.170946200801337156e-02
2.358108326101171492e-02
3.929968882401269070e-02
5.808761660958139394e-02
7.191292905132407043e-02
8.890681694658209011e-02
1.011676847915321531e-01
1.176233898944176737e-01
1.295859058774768702e-01
1.450802308352012737e-01
1.488439212918830634e-01
1.575946569468016367e-01
1.632961823219496456e-01
1.665658760518575754e-01
1.752981725331537177e-01
1.727018550193106794e-01
1.767436319386348487e-01
1.791597624802376831e-01
1.803349293844194179e-01
1.805951601789721472e-01
1.873249034523725154e-01
1.922983110562592746e-01
1.957996837264761592e-01
2.051438327469776723e-01
2.122213901239007328e-01
2.243457502501615686e-01
2.404796985000665632e-01
2.527872865158353743e-01
2.686493745397946498e-01
2.892404505679351256e-01
3.027999607900244694e-01
3.212559038587816662e-01
3.349058259787047742e-01
3.535725079770468682e-01
3.673635937852497424e-01
3.863170495590115827e-01
4.097871738417429022e-01
4.274455589638401776e-01
4.400200701368994771e-01
4.582059295193690041e-01
4.712581077279498487e-01
4.799675246777119764e-01
4.886678133444235517e-01
4.904517820939033879e-01
4.968471799061224825e-01
5.042203478104796410e-01
5.155310448301939630e-01
5.299903563938379580e-01
5.404155152684759766e-01
5.475139016985040019e-01
5.582454481957555004e-01
5.758472407877019972e-01
5.889083605650345943e-01
6.083646309171057975e-01
6.287968759729927193e-01
6.540364162776377555e-01
6.820777253923084871e-01
7.034404191527471317e-01
7.294871664236792785e-01
7.487296909933416345e-01
7.728239019856490977e-01
7.901977400878237301e-01
8.071764748022390856e-01
8.185082355555072242e-01
8.253390438067813584e-01
8.231928905864401846e-01
8.245648508253731190e-01
8.241286612862914751e-01
8.221113116623124384e-01
8.194788355241749978e-01
8.213654910949960142e-01
8.222669808959139903e-01
8.177613469290596626e-01
8.136325042366897575e-01
8.051932283607057261e-01
7.980674402037598592e-01
7.922310867813642243e-01
7.876042933072405772e-01
7.791183224169035970e-01
7.723957589463464890e-01
7.672640136597383975e-01
7.534022499536695561e-01
7.425059465153399652e-01
7.294730845815815545e-01
7.150204546769872715e-01
7.043406825911581182e-01
7.021832868512781767e-01
6.962227520849953999e-01
6.968137582635006710e-01
6.937320990058752912e-01
6.821590884067734173e-01
6.734265464896922460e-01
6.628424731987980767e-01
6.496625163506523082e-01
6.398183458429981263e-01
6.272252468882236753e-01
6.139176000566786140e-01
5.985241026534243725e-01
5.871080237671926216e-01
5.732459634166366946e-01
5.594417275424647951e-01
5.495892659580712269e-01
5.370390679123910882e-01
5.281405524209896729e-01
5.222684395186352191e-01
5.223129031737343553e-01
5.139723586537849886e-01
5.116312742044102357e-01
5.010070607887200378e-01
4.931903447790146888e-01
4.813934368617072135e-01
4.629464770822264708e-01
4.489413814088543120e-01
4.292201551179473107e-01
4.080017236378965517e-01
3.895030755194666128e-01
3.671323742719927452e-01
3.509517949122877845e-01
3.398219418159369454e-01
3.261646975151692995e-01
3.168335914755495697e-01
3.175428955207146853e-01
3.197527355526181836e-01
3.228870852542538028e-01
3.199779987761233180e-01
3.205764335134595466e-01
3.151636991302901869e-01
3.024213900247527675e-01
2.858050274105969901e-01
2.729093812037719502e-01
2.564495478279822382e-01
2.370798657976076473e-01
2.153978724192584515e-01
1.975989653198353402e-01
1.778077941999181011e-01
1.553153040931398721e-01
1.320728709400020850e-01
1.152598792403962680e-01
9.679398518327397838e-02
8.386318261151815001e-02
7.542985577824534715e-02
7.054861496462416781e-02
6.886371367129950904e-02
6.207178666287593849e-02
5.077485656174296480e-02
4.305151751492752865e-02
3.070862492259229803e-02
1.443706228843422146e-02
-4.999513993221960106e-03
-2.663990735522725473e-02
-4.263351356580891149e-02
-6.063857146686113531e-02
-8.039838062452386858e-02
-9.446180059028841391e-02
-1.046393291953910953e-01
-1.181381413701627636e-01
-1.274289166076025825e-01
-1.342490431987026778e-01
-1.453666848032066916e-01
-1.541421692910813768e-01
-1.671917276986238932e-01
-1.851770155901977244e-01
-1.986989471189031242e-01
-2.156621081770127013e-01
-2.279895641342024604e-01
-2.437373608994355401e-01
-2.622093883179881235e-01
-2.827248313265660062e-01
-3.046622876212745634e-01
-3.274852631446301121e-01
-3.438369603477480219e-01
-3.617593623754666865e-01
-3.741257080496671605e-01
-3.887419054536260798e-01
-3.985921640227139129e-01
-4.046731553544560267e-01
-4.050430167637719681e-01
-4.102260293469812691e-01
-4.067173430274140244e-01
-4.027010723071438036e-01
-3.921136587686500086e-01
-3.827735330404331560e-01
-3.747848155717130592e-01
-3.681539833408216111e-01
-3.653247252078783980e-01
-3.724179587730407359e-01
-3.718657548844437333e-01
-3.809466210633427607e-01
-3.954375092773354528e-01
-4.102407863107080388e-01
-4.290102152461379159e-01
-4.505953112547254058e-01
-4.773820383967446457e-01
-4.980510539153515381e-01
-5.198687760938895952e-01
-5.396233090263080623e-01
-5.602862227332596756e-01
-5.813477709837561180e-01
-6.023972753184880791e-01
-6.274307191269650197e-01
-6.512947818216408002e-01
-6.726851470509985775e-01
-6.933224612921369268e-01
-7.130856708088231244e-01
-7.313823674215547133e-01
-7.439481022754186323e-01
-7.570963408401070183e-01
-7.656009252423460199e-01
-7.755291813077811458e-01
-7.866687041080261400e-01
-7.890413291071118884e-01
-7.943083323254327421e-01
-8.022758428087389815e-01
-8.075796433739708124e-01
-8.159354402061804734e-01
-8.266523844455875292e-01
-8.397128500599317924e-01
-8.596592259588482499e-01
-8.748373692798951939e-01
-8.858428491358170120e-01
-8.979182835513227490e-01
-9.119789894077831027e-01
-9.322365947072448478e-01
-9.514625501890257020e-01
-9.753243061046233953e-01
-9.927801767268603639e-01
-1.014752313801721595e+00
-1.034146413695891109e+00
-1.047650123536327138e+00
-1.059112423691701110e+00
-1.060451117454245917e+00
-1.059677280324968551e+00
-1.063570150478613918e+00
-1.065485812083757367e+00
-1.068697875774198724e+00
-1.070373523201604060e+00
-1.070855835988731908e+00
-1.076899111437039869e+00
-1.084707299566519234e+00
-1.096956755869562539e+00
-1.106286863892340433e+00
-1.119733354687808546e+00
-1.129873543602205155e+00
-1.147032875031074095e+00
-1.159909770148268127e+00
-1.169123631195532198e+00
-1.184962327550813876e+00
-1.196492283225425668e+00
-1.211300151427652683e+00
-1.224477612953522865e+00
-1.233664576696861470e+00
-1.239646081647613141e+00
-1.247637290400398724e+00
-1.252962204218684317e+00
-1.256128319769487911e+00
-1.259847842437888721e+00
-1.254983772218699167e+00
-1.257010457703819029e+00
-1.251175179772064272e+00
-1.252691764104043148e+00
-1.253584512147568830e+00
-1.253996479000301756e+00
-1.254052093575824367e+00
-1.251596437945886153e+00
-1.258544063711264371e+00
-1.264118985572168619e+00
-1.275399060899142123e+00
-1.291365146433564259e+00
-1.305922876737835026e+00
-1.324025032655652856e+00
-1.344923906407010428e+00
-1.360850202217961602e+00
-1.379613758383714917e+00
-1.393492604464118934e+00
-1.403229319397922392e+00
-1.403583388106089958e+00
-1.395261222473430873e+00
-1.387291359416574554e+00
-1.379979742624522165e+00
-1.373500632537959065e+00
-1.361023532304339145e+00
-1.350774737866923036e+00
-1.334128157980025042e+00
-1.320781147692613899e+00
-1.312258615316329369e+00
-1.304291161244139463e+00
-1.291762013600771919e+00
-1.280333807710717586e+00
-1.265004306617319330e+00
-1.253442903090760119e+00
-1.235976781856490625e+00
-1.222782024356599218e+00
-1.209069324679256541e+00
-1.199410732234159838e+00
-1.193052804347896068e+00
-1.189302744628108366e+00
-1.187548134296427138e+00
-1.177966291450416758e+00
-1.171092921756293759e+00
-1.157031429471528039e+00
-1.139859968643346821e+00
-1.120426137268715872e+00
-1.102659067935411796e+00
-1.083108765342800428e+00
-1.065234237186393873e+00
-1.045898878929085951e+00
-1.025667511252203790e+00
-1.001147663698157775e+00
-9.730764515038939910e-01
-9.480295191258564236e-01
-9.194443518271306903e-01
-8.983491538594162718e-01
-8.732334107933081846e-01
-8.496539216281583373e-01
-8.227442923176729872e-01
-7.982823975654707027e-01
-7.710100021947432491e-01
-7.468222647840757622e-01
-7.201220796081071462e-01
-7.014453323590877920e-01
-6.792355799993149423e-01
-6.583987831587663209e-01
-6.398208319076467143e-01
-6.118617575337138570e-01
-5.915908587486172765e-01
-5.717867977045629768e-01
-5.520831302997211143e-01
-5.322026376974395845e-01
-5.119406791960308123e-01
-4.941457543098233263e-01
-4.755992814875305008e-01
-4.529625037281843625e-01
-4.271812898388631652e-01
-4.087589265385118686e-01
-3.896602711902588112e-01
-3.697834136047686293e-01
-3.490760740235727688e-01
-3.275263963351568997e-01
-3.122513800337447520e-01
-2.950722636588036796e-01
-2.740638064091311943e-01
-2.520621070208124426e-01
-2.364713160769063016e-01
-2.188651517640265443e-01
-1.994293951506482809e-01
-1.858034767724241476e-01
-1.695210761271563893e-01
-1.508806713103025832e-01
-1.302070501879488695e-01
-1.145565706206919110e-01
-1.041317294559582773e-01
-9.035742543271085836e-02
-7.312246700699698287e-02
-6.118445589750987068e-02
-4.611965940758766536e-02
-2.840733100870651562e-02
-1.583090501975714659e-02
-1.390599002535353179e-04
1.817017402841347717e-02
3.860967765427214538e-02
5.382958782434665856e-02
7.182056108007484063e-02
9.209741105806990014e-02
1.075753640140781897e-01
1.258487502474103792e-01
1.388907861770656282e-01
1.550701919145460739e-01
1.663210941207675653e-01
1.721998873648449280e-01
1.824848602057342895e-01
1.964729731786420963e-01
2.046564702456146190e-01
2.167722761967421086e-01
2.320754974284793271e-01
2.481192994807701613e-01
2.661747124290829714e-01
2.790652568327836036e-01
2.944130796247403925e-01
3.117021030818227789e-01
3.262319232819310688e-01
3.364879681819834545e-01
3.496601261051457410e-01
3.588611203213203371e-01
3.736650018019984643e-01
3.843877316873629546e-01
4.007300502258259733e-01
4.191315457057458449e-01
4.419569967279921574e-01
4.590924745580498012e-01
4.808212461052285835e-01
4.968228266593652798e-01
5.176630867763118982e-01
5.364750382031491238e-01
5.537858098055894462e-01
5.700491687118083295e-01
5.773148515782140500e-01
5.810624756811449965e-01
5.821127037898999879e-01
5.812061336297994485e-01
5.895715518027327962e-01
6.015425677762797907e-01
6.163018333401344417e-01
6.330508142836515084e-01
6.510764600520647649e-01
6.754685911116974362e-01
6.932137091575247823e-01
7.109640887739850923e-01
7.331155521921467466e-01
7.491038581253043338e-01
7.650380083894082750e-01
7.807395592563884934e-01
7.916983787433561348e-01
7.988250405193362269e-01
8.030980822069243574e-01
8.098152820054662637e-01
8.091845952191438762e-01
8.073342862651815555e-01
8.047107881337981494e-01
8.116659488414073031e-01
8.167371661634867941e-01
8.153338352566638081e-01
8.236457382811654959e-01
8.353170475166981079e-01
8.546825350497334606e-01
8.698832622006331672e-01
8.859688046179859944e-01
9.080617810572076953e-01
9.246228994938359147e-01
9.349605399345156664e-01
9.457350261297052807e-01
9.527699335560607663e-01
9.529592837777834946e-01
9.517719671230728817e-01
9.456724906980097378e-01
9.341652120009245053e-01
9.199560819091222585e-01
8.981305544880953118e-01
8.747796449401286090e-01
8.509530724123790524e-01
8.325620820539064715e-01
8.091187531417752821e-01
7.963970066405294812e-01
7.777963608040564525e-01
7.641732935574220287e-01
7.449126130141551227e-01
7.308678748297526839e-01
7.166267124909795339e-01
7.068742992888477072e-01
7.007247458727307032e-01
6.920931782376625874e-01
6.767916458694313020e-01
6.614373624372021920e-01
6.408821076533860461e-01
6.202200428899657947e-01
6.011582424958938908e-01
5.818848118094610555e-01
5.680413859852890823e-01
5.586933053178539943e-01
5.471512234540227837e-01
5.394319176666397819e-01
5.323714100793248694e-01
5.185260776190505627e-01
5.023854607595135136e-01
4.809317686616996212e-01
4.617398242999062319e-01
4.415945726552983341e-01
4.241402182713838176e-01
4.056275477234749793e-01
3.899285003386392390e-01
3.793078891587937651e-01
3.663229833919050549e-01
3.552274381494815447e-01
3.439808673939186434e-01
3.364445622386971202e-01
3.254211158120516867e-01
3.113100086412625700e-01
2.945184575576864638e-01
2.754501430478690782e-01
2.544953363534470103e-01
2.304006584230517962e-01
2.126168876231142590e-01
1.932684981494692256e-01
1.713837809505995846e-01
1.488961897679503821e-01
1.259335404612120790e-01
1.095351766971761620e-01
9.161549612426433953e-02
7.234321887160088949e-02
5.885824118759108714e-02
4.345314038683678604e-02
3.287501326842034999e-02
1.917980193767943042e-02
2.777534451989360775e-03
-1.616881675470316360e-02
-2.989226465586702908e-02
-4.648944297310864116e-02
-6.548079058543421205e-02
-8.637502675118802209e-02
-1.006407496347379027e-01
-1.172188677375292087e-01
-1.276199359922056686e-01
-1.409394745950030003e-01
-1.556065090530018846e-01
-1.597884848322312923e-01
-1.682321734389291557e-01
-1.735579559071549482e-01
-1.764626340159367590e-01
-1.842884993092273049e-01
-1.895474790845448343e-01
-2.008284722711688453e-01
-2.158800617112006659e-01
-2.355291010176217004e-01
-2.573785405783226565e-01
-2.807010792915223263e-01
-2.981712309953674644e-01
-3.172880405435729578e-01
-3.375695879258946430e-01
-3.520784066966493597e-01
-3.708139100395408949e-01
-3.841808960064232448e-01
-3.995229918104334921e-01
-4.100735328675360059e-01
-4.195754360759593737e-01
-4.319598187039652704e-01
-4.467191067462670251e-01
-4.570758626952671211e-01
-4.732135561883190622e-01
-4.848333220649294617e-01
-4.988377704921260758e-01
-5.086189983195197328e-01
-5.149591849631984797e-01
-5.220510736666645890e-01
-5.264753805477140336e-01
-5.348585968317876027e-01
-5.441572281524718058e-01
-5.604638126143719479e-01
-5.727783071517852376e-01
-5.915929412719032054e-01
-6.116864721271968452e-01
-6.323872062178480524e-01
-6.575007155853336283e-01
-6.816274567459834621e-01
-6.990703000873244033e-01
-7.110208761134076960e-01
-7.284637811985203992e-01
-7.406476241388397774e-01
-7.485642104355666460e-01
-7.531148611549284277e-01
-7.598939920153917615e-01
-7.639421419827698845e-01
-7.658545880416213203e-01
-7.661636563640638053e-01
-7.653297154698106564e-01
-7.637379199510969663e-01
-7.616996017403788732e-01
-7.542582828943453777e-01
-7.476787351339779786e-01
-7.420582556447086198e-01
-7.374134823144770090e-01
-7.282833757160587229e-01
-7.209212525552798345e-01
-7.152047429862707917e-01
-7.109550810871106963e-01
-6.984569077964271067e-01
-6.889199056750157091e-01
-6.717911644599617871e-01
-6.587367989070808116e-01
-6.491524288644084928e-01
-6.367549868015101033e-01
-6.219062599653475409e-01
-6.108159820545780994e-01
-5.929623771454641812e-01
-5.735719350628736279e-01
-5.552039888539359591e-01
-5.418462883583365919e-01
-5.228604547938400238e-01
-5.091340887076101218e-01
-4.997541937689267133e-01
-4.842755094536086435e-01
-4.670594023464211819e-01
-4.546636854949630546e-01
-4.398656870506230110e-01
-4.229104917528112573e-01
-4.040426552013147710e-01
-3.835038064096842891e-01
-3.615297222677653632e-01
-3.359099659929771775e-01
-3.100297698975513772e-01
-2.819288828460133622e-01
-2.544540325656314828e-01
-2.275288216326536439e-01
-1.996066308364630171e-01
-1.798400402519766406e-01
-1.643447949324907675e-01
-1.547971279240432096e-01
-1.428169277283617422e-01
-1.354453793817231855e-01
-1.247526294541425607e-01
-1.111053877059473560e-01
-1.017316986499734455e-01
-8.956564673215150485e-02
-7.415434554936028988e-02
-5.598258785989140840e-02
-3.554809376240797292e-02
-2.044657078407730033e-02
-2.775080901370241548e-03
1.688970318097915424e-02
3.089571063007001683e-02
4.697610449285916090e-02
6.488388639964881577e-02
7.739364207193433209e-02
9.239825486908848085e-02
1.034134376776612019e-01
1.106311752377864277e-01
1.216643675506776656e-01
1.291208525451039701e-01
1.405368310571077917e-01
1.494759156877312201e-01
1.623578869840067718e-01
1.715987868835222585e-01
1.847169544253877138e-01
2.010119354710804274e-01
2.129114052038769689e-01
2.279762876603694810e-01
2.455523187894459447e-01
2.582792356719116889e-01
2.669870086604728687e-01
2.724594830334698958e-01
2.773068560022731166e-01
2.799297882526865511e-01
2.808453718760246520e-01
2.872932080226764384e-01
2.984062116058607828e-01
3.065718663754906093e-01
3.122590538952336736e-01
3.159251717335824772e-01
3.179944263749059363e-01
3.277499974540354355e-01
3.350370250063336997e-01
3.468726233054302277e-01
3.557133361407838201e-01
3.685966526348285477e-01
3.781162365124073332e-01
3.912989737864940309e-01
4.009178448168144726e-01
4.103530483406658824e-01
4.169549608056666301e-01
4.276303214583827561e-01
4.382351200010567993e-01
4.522461324124982252e-01
4.688923923210721600e-01
4.874275266665581974e-01
5.044441740156384579e-01
5.229786585992777237e-01
5.400630875307661505e-01
5.523978300610528080e-01
5.607418211031771627e-01
5.718335700125631860e-01
5.890842012400271388e-01
6.016232255687786745e-01
6.102144128751545438e-01
6.213790954024974722e-01
6.345966621232055349e-01
6.437809416465851697e-01
6.483826424218430695e-01
6.507460162665633652e-01
6.514069517496040573e-01
6.508339244879440821e-01
6.480443262847682684e-01
6.507151829539342680e-01
6.523355890548000469e-01
6.633673461155327189e-01
6.719638409693101666e-01
6.887220503216232581e-01
7.073649401426701511e-01
7.318869390758843130e-01
7.506483795277857363e-01
7.747121288553080465e-01
7.926690781053402635e-01
8.054455601350913874e-01
8.189066066658771126e-01
8.327856338249062240e-01
8.421678544820769829e-01
8.579113883930584716e-01
8.690283328421198883e-01
8.773069791427950959e-01
8.825581685860490744e-01
8.853974837968164868e-01
8.919324592633156579e-01
9.018260537579305680e-01
9.191997458813916388e-01
9.427110496621704527e-01
9.607291185590633997e-01
9.841378433864013120e-01
1.001526225804981962e+00
1.023893301739005501e+00
1.040104052307295968e+00
1.057552824524546908e+00
1.066237522695339779e+00
1.077864278151273503e+00
1.085594199564549278e+00
1.090138804967838215e+00
1.092182864296803890e+00
1.085633334244542336e+00
1.085691151699003321e+00
1.084808169871995798e+00
1.086857076933329669e+00
1.094594315512563254e+00
1.100350282155946102e+00
1.111181396956189005e+00
1.122715017818918470e+00
1.131306077674939958e+00
1.137419067790755189e+00
1.144581380990391750e+00
1.149493711295256571e+00
1.155562272526558187e+00
1.156746557238626849e+00
1.156939489758418427e+00
1.146900833767811267e+00
1.138094649911684186e+00
1.130607890837745488e+00
1.124435538324893846e+00
1.109716092595227410e+00
1.104389360233403394e+00
1.100494508865077492e+00
1.097821605970712655e+00
1.096154651076475250e+00
1.088626427098445149e+00
1.082935951692036491e+00
1.082334232659017959e+00
1.078916213227765208e+00
1.070079142085532897e+00
1.059753194882859795e+00
1.051827997136940862e+00
1.035777558419311184e+00
1.023287478556281105e+00
1.007596847675843454e+00
9.917549916090580009e-01
9.736425035194108402e-01
9.601920114614647117e-01
9.401753370510621544e-01
9.253092345687137232e-01
9.042233500493471743e-01
8.886492328330291013e-01
8.670786382610943255e-01
8.512666062605750428e-01
8.295898324776511679e-01
8.085744989303060848e-01
7.878789226740237073e-01
7.676761471123293434e-01
7.532883036095525675e-01
7.385562493748465407e-01
7.230277043456322383e-01
7.065441003369642425e-01
6.900509540039748702e-01
6.726108018468702765e-01
6.493956149695847557e-01
6.324636926557982708e-01
6.144432268204800263e-01
5.973622642025944174e-01
5.791269083014716212e-01
5.663545260185132157e-01
5.580791852556401533e-01
5.492744322588034578e-01
5.373430205883149569e-01
5.293398672667417593e-01
5.138556876830788767e-01
4.959991077651577651e-01
4.793885767713299551e-01
4.607399146796538059e-01
4.472701138093371220e-01
4.380978528877732536e-01
4.393721397993279876e-01
4.351041173157530473e-01
4.329550639920236588e-01
4.222053202613327283e-01
4.114313639301090397e-01
3.968635593512921389e-01
3.791273182976420131e-01
3.587562054294426428e-01
3.433951984725933659e-01
3.226998843764394831e-01
3.002388474214845449e-01
2.815269491128356005e-01
2.591681821065123792e-01
2.342779712553677562e-01
2.164432554588020530e-01
1.958164475050798714e-01
1.827255460676269205e-01
1.729886940974707521e-01
1.602134180181347123e-01
1.527581574625229699e-01
1.413963227190286887e-01
1.265900789964142792e-01
1.096138987405697041e-01
9.706239801289084923e-02
8.100095900468584631e-02
6.196104013853842574e-02
4.049566466389542541e-02
2.466569655689165863e-02
6.082092096835189921e-03
-1.442676238214790629e-02
-3.643276893601266053e-02
-5.955401890166989176e-02
-8.345831273006787399e-02
-1.070792473124566602e-01
-1.308029131864161254e-01
-1.474578130880579430e-01
-1.654594953420998049e-01
-1.764278628729356591e-01
-1.897824014533204817e-01
-1.984513444294206952e-01
-2.034950490471505447e-01
-2.124805203648385543e-01
-2.182067701124479342e-01
-2.228971686123331075e-01
-2.321127766603621190e-01
-2.401237531614652809e-01
-2.523573891640815692e-01
-2.699498125509049995e-01
-2.901796828816467499e-01
-3.122804702145207667e-01
-3.355525297261463535e-01
-3.593988495721860410e-01
-3.859967114947859823e-01
-4.121162494630401518e-01
-4.310380942363052359e-01
-4.503244390896978810e-01
-4.666901556845277632e-01
-4.839637387881978725e-01
-4.990980402188376353e-01
-5.092976770675654574e-01
-5.252127786247065000e-01
-5.399948186206893208e-01
-5.602933245304104748e-01
-5.751652554830579689e-01
-5.915142706591298705e-01
-6.070515801681027890e-01
-6.178057903770440840e-01
-6.351062767371361550e-01
-6.534132287088501023e-01
-6.710268594343755666e-01
-6.893353547116874980e-01
-7.128182873936078634e-01
-7.354562962851407537e-01
-7.518828435264308663e-01
-7.626828399963198057e-01
-7.743046152776381641e-01
-7.916169215984506513e-01
-8.036470550051757478e-01
-8.162720488384351825e-01
-8.297382622012980935e-01
-8.389957466029401845e-01
-8.546253371674058519e-01
-8.613253971959881072e-01
-8.705632544324343192e-01
-8.767481132186576431e-01
-8.859446813808773413e-01
-8.922768940428106310e-01
-8.962230334320345770e-01
-8.982588183446721386e-01
-8.988311481714504891e-01
-9.041291482447111338e-01
-9.064278138158867737e-01
-9.075105861792137629e-01
-9.134830462101325432e-01
-9.236282933675262763e-01
-9.357526199104173603e-01
-9.508607617651726462e-01
-9.684691170208510336e-01
-9.881735388367273165e-01
-1.007280247445553556e+00
-1.021434483041403274e+00
-1.041597753289022599e+00
-1.059979248406407448e+00
-1.079456244707228674e+00
-1.096773628472077267e+00
-1.108801977426988605e+00
-1.119936897518335250e+00
-1.127277705688818354e+00
-1.131573976687135552e+00
-1.133508664379964337e+00
-1.133684445591220946e+00
-1.135709017876821436e+00
-1.142962089200900477e+00
-1.148017867087695931e+00
-1.160857314360023596e+00
-1.177135289731586321e+00
-1.196230893983899701e+00
-1.220118029889989630e+00
-1.245081874071008787e+00
-1.263893681836083527e+00
-1.284383432075505649e+00
-1.306295384838921603e+00
-1.329391084999990813e+00
-1.347899544272544325e+00
-1.360688705137210075e+00
-1.370302280829237107e+00
-1.377327428229825346e+00
-1.381048443946842452e+00
-1.382354785659865026e+00
-1.381956714376420203e+00
-1.380414718235843718e+00
-1.371434448544882390e+00
-1.361930695766760735e+00
-1.352120254222827223e+00
-1.343736644470780339e+00
-1.329932793495226306e+00
-1.311877314161856489e+00
-1.297520502344084559e+00
-1.279708997011725025e+00
-1.266121115500023819e+00
-1.256192989042188124e+00
-1.242631762136661822e+00
-1.230489607486045411e+00
-1.215135006139233642e+00
-1.203907897097886703e+00
-1.189560652295048149e+00
-1.176580469152055386e+00
-1.163633777109654543e+00
-1.151773185368765162e+00
-1.143548662651852510e+00
-1.138299115609072709e+00
-1.132384136923815898e+00
-1.128771744130458998e+00
-1.120463175951322388e+00
-1.105014007444328206e+00
-1.093357612418587088e+00
-1.075108765096345342e+00
-1.054933928178855229e+00
-1.039880252013558382e+00
-1.022959977519718899e+00
-1.000863037042612591e+00
-9.805335985786469699e-01
-9.596798511972228773e-01
-9.329361225195353935e-01
-9.135011973497564330e-01
-8.956122049852811573e-01
-8.777415055532237220e-01
-8.654631930372270743e-01
-8.530124749888212676e-01
-8.347650612020232064e-01
-8.217325411449890593e-01
-8.028859124018247195e-01
-7.893479850367299822e-01
-7.700438151209068049e-01
-7.561603773165244124e-01
-7.365883450497294760e-01
-7.170840488545539015e-01
-6.983515493974503663e-01
-6.795414501831704701e-01
-6.617323906937829792e-01
-6.436220444172958688e-01
-6.309301487713564471e-01
-6.167552795740389726e-01
-6.071267636641545229e-01
-5.992841716353922710e-01
-5.946227142180041669e-01
-5.924999019994362515e-01
-5.817165278243136006e-01
-5.741855727928767417e-01
-5.628646861764670106e-01
-5.507613962682986752e-01
-5.317265512773357017e-01
-5.176540748467828301e-01
-5.077479122336021611e-01
-4.976306610947518472e-01
-4.809162989596724724e-01
-4.590647320222802641e-01
-4.430513629428249889e-01
-4.222946016714894668e-01
-4.044952840915905234e-01
-3.855826047458605910e-01
-3.721251419779270098e-01
-3.630714287323717482e-01
-3.664432721989412389e-01
-3.734257923578496730e-01
-3.805656697068087180e-01
-3.808438663255493406e-01
-3.790640798210875850e-01
-3.714659737704864018e-01
-3.589536819345324759e-01
-3.491897046912058045e-01
-3.350167978282569958e-01
-3.171868297401956305e-01
-3.034434425455097006e-01
-2.841515287685822955e-01
-2.626332031334426276e-01
-2.393861152010139381e-01
-2.132684552155035274e-01
-1.868258330717398330e-01
-1.590861072454219372e-01
-1.319045140418253492e-01
-1.115643905824299509e-01
-8.378297507752163753e-02
-6.387059182730570051e-02
-4.339283614603428596e-02
-2.234887615134750760e-02
-7.706836155529472876e-03
8.687058570528760626e-03
1.987501210046072053e-02
3.386057762682592731e-02
5.032942686949559707e-02
6.228300838046241239e-02
7.734668540336731013e-02
9.507417367233861327e-02
1.149729914898514060e-01
1.375457031253697338e-01
1.541553728243476584e-01
1.742381240676134091e-01
1.961095000297536917e-01
2.118784112555971433e-01
2.298677553036332366e-01
2.515144036838841135e-01
2.744338603063216642e-01
2.908328942017475160e-01
3.114224905636644447e-01
3.259931683373191724e-01
3.428367004483190428e-01
3.542762358273772172e-01
3.685457951776118790e-01
3.851405232580000781e-01
4.035386229459985152e-01
4.194358265601825231e-01
4.303980556997488716e-01
4.405928713949929243e-01
4.471185710808658342e-01
4.506989852608025426e-01
4.520071290718234991e-01
4.586490465150625528e-01
4.628587555255236907e-01
4.651520202785359714e-01
4.625210412769467094e-01
4.595103356955663187e-01
4.563997405045838729e-01
4.533842370130061195e-01
4.505919124424240252e-01
4.548991320393354076e-01
4.582622994624232504e-01
4.674891817840538533e-01
4.813099204375619333e-01
4.920743951418853346e-01
5.065981742837724067e-01
5.238883468204234006e-01
5.369262759705235588e-01
5.562262372507018604e-01
5.708011654254276923e-01
5.912555101001349955e-01
6.107275577102639907e-01
6.311174272652093631e-01
6.562585629065081916e-01
6.852730833654249176e-01
7.070716652862190088e-01
7.280957152347243833e-01
7.428364313697185528e-01
7.527912199424346973e-01
7.585312235257012370e-01
7.611212978427411846e-01
7.616674325552075242e-01
7.556284564799438108e-01
7.495027325475794866e-01
7.436283029885710771e-01
7.382253435816865661e-01
7.283437315159920766e-01
7.199854822048992187e-01
7.078968846398611126e-01
6.936153833185771944e-01
6.823324288827012918e-01
6.694332478102521522e-01
6.542883134109348520e-01
6.386885199298724114e-01
6.175780908380575918e-01
5.999205402261228448e-01
5.867944974011454207e-01
5.717354645221703890e-01
5.608467970074233477e-01
5.498244816793538270e-01
5.364289316751955639e-01
5.234782125790353735e-01
5.084671676619760827e-01
4.916281458941258453e-01
4.793951287340429968e-01
4.647796094804006461e-01
4.513126688574831125e-01
4.327458359922899955e-01
4.130217109535834208e-01
3.922900602003662751e-01
3.771759744741147724e-01
3.667771890242643718e-01
3.602135926923251130e-01
3.566694771840526190e-01
3.488518831185067892e-01
3.438707476842672861e-01
3.344957406349811091e-01
3.190703661707130490e-01
3.009831876734214706e-01
2.787822632033700732e-01
2.622538363653474924e-01
2.590413396185293760e-01
2.513398907356640954e-01
2.465145861147362005e-01
2.370869674214337586e-01
2.306018185586380387e-01
2.110965236589719130e-01
1.894114337686891858e-01
1.730815975065020940e-01
1.532539690061658355e-01
1.319329951975627413e-01
1.164133006634047174e-01
9.808131522729546248e-02
8.519737096672397314e-02
7.722302996583607637e-02
6.564306255559748671e-02
5.782889855625694686e-02
4.645283161777413738e-02
3.149868574907555008e-02
1.353467971931010538e-02
-6.809260586974952290e-03
-2.874277280328318973e-02
-5.180793779772630003e-02
-7.508959939506798520e-02
-9.171214378841430204e-02
-1.105226724486843004e-01
-1.237521362504145905e-01
-1.324116264695767153e-01
-1.442885675435874315e-01
-1.600439382353404660e-01
-1.781214789447147506e-01
-1.980236093720344481e-01
-2.208008860510997096e-01
-2.444906431563613758e-01
-2.686457400281736518e-01
-2.928954515172974560e-01
-3.169515493782844029e-01
-3.340081982434492947e-01
-3.518939141003447624e-01
-3.704243984949884272e-01
-3.920374995995246081e-01
-4.073436447485205836e-01
-4.174785147736519431e-01
-4.297666628846812387e-01
-4.376926660669002711e-01
-4.421888521003536354e-01
-4.470368371255259987e-01
-4.494569335720051129e-01
-4.530834623932256111e-01
-4.643489737860189148e-01
-4.759162015555065128e-01
-4.908869185345960950e-01
-5.056176260975975278e-01
-5.165546865270744803e-01
-5.344448682264169026e-01
-5.478286559932170618e-01
-5.636988530673068265e-01
-5.813641484742492205e-01
-6.044305634496001112e-01
-6.274753702896312957e-01
-6.441115238558473566e-01
-6.600038131852939971e-01
-6.824641626015711671e-01
-7.040830815168568346e-01
-7.192849953404681917e-01
-7.293569681210279043e-01
-7.406651602216178798e-01
-7.529841975221709394e-01
-7.658816863420709886e-01
-7.746568920308797290e-01
-7.801427881258401476e-01
-7.830706917196486039e-01
-7.938751189929587060e-01
-8.015090157938640214e-01
-8.115773736343270262e-01
-8.286355472030099145e-01
-8.461804001401405095e-01
-8.644760324079658886e-01
-8.825212778330817631e-01
-9.054244843489952510e-01
-9.223350158594343373e-01
-9.342176159951640635e-01
-9.420024716374452156e-01
-9.465436871463085433e-01
-9.485983655410982207e-01
-9.447603413961450647e-01
-9.444336051195455495e-01
-9.391068846375660861e-01
-9.395932224982216363e-01
-9.452045428342316091e-01
-9.552835151809607739e-01
-9.631940621567958161e-01
-9.793233814168941231e-01
-9.919087769117418407e-01
-1.011484151775999374e+00
-1.026407037628443319e+00
-1.043635051184881757e+00
-1.056370469722927696e+00
-1.075298560356827693e+00
-1.095712568342415150e+00
-1.110753744268192289e+00
-1.124432197658746801e+00
-1.140317517981527917e+00
-1.161086322503060764e+00
-1.192242567104535356e+00
-1.215541092012594193e+00
-1.238998415033456091e+00
-1.264832856469645828e+00
-1.285385842978411297e+00
-1.306176937790797909e+00
-1.327329565652320742e+00
-1.342123613140477234e+00
-1.343420646144370956e+00
-1.349026808192337112e+00
-1.351707696670520598e+00
-1.352182422044760912e+00
-1.351075351675266489e+00
-1.341942896758329784e+00
-1.333448292624260567e+00
-1.318916704383908067e+00
-1.306715338305988627e+00
-1.296781513175632172e+00
-1.282117770687421832e+00
-1.268517607853667295e+00
-1.251180650399292382e+00
-1.235468433138085853e+00
-1.216725398565125182e+00
-1.202539740759198672e+00
-1.192310247641142684e+00
-1.185396076095851736e+00
-1.174454628570126946e+00
-1.160232184058172633e+00
-1.150027587988097677e+00
-1.136623988911428462e+00
-1.127133866015046504e+00
-1.120825005228424320e+00
-1.117033607923314520e+00
-1.115176411037259729e+00
-1.114753885853978943e+00
-1.105904574055768252e+00
-1.096191813121003999e+00
-1.088973809563224870e+00
-1.083908809554156472e+00
-1.070801136758204430e+00
-1.060815527560290850e+00
-1.043533206197421626e+00
-1.030294052872291477e+00
-1.010384593069792558e+00
-9.890280865345500994e-01
-9.627449953414312089e-01
-9.385504409621965305e-01
-9.145965399666328155e-01
-8.866502705409589069e-01
-8.661173470503855665e-01
-8.518471376715558430e-01
-8.426896290375094356e-01
-8.269794401230107228e-01
-8.111193119566625365e-01
-7.947471180916835243e-01
-7.781086567780751695e-01
-7.557517443453689587e-01
-7.343579616312688740e-01
-7.134523057776095412e-01
-6.878822219872476884e-01
-6.645986372659007380e-01
-6.421800528762151572e-01
-6.219658870569739761e-01
-6.019870671280643792e-01
-5.715519507094276586e-01
-5.490807123793970401e-01
-5.268665152094105242e-01
-5.009870220533616525e-01
-4.824813139651342730e-01
-4.599848669692163661e-01
-4.343761043873357597e-01
-4.094732423426736823e-01
-3.849784157490485637e-01
-3.580267846466680393e-01
-3.413657170390813622e-01
-3.233711131588383747e-01
-3.089192114897718611e-01
-2.925695198676074860e-01
-2.816527249667983845e-01
-2.678292817948286775e-01
-2.494712536734036146e-01
-2.293314687809053787e-01
-2.076518616307796439e-01
-1.920769944421225617e-01
-1.741503007239630918e-01
-1.541596258344095638e-01
-1.324059001264190627e-01
-1.083659965992009866e-01
-8.364456195555591833e-02
-5.886496918307204673e-02
-3.330781467466836787e-02
-1.485119012125601934e-02
5.264410473334590890e-03
1.911802328844425247e-02
3.559292002013147993e-02
5.436437925193637888e-02
6.688689446093176727e-02
8.225922220241477234e-02
1.000527145927339046e-01
1.123734035867132164e-01
1.277202657879761283e-01
1.455983836784355834e-01
1.581822866361586311e-01
1.737700035089631001e-01
1.918337258788722632e-01
2.134110062260652363e-01
2.364566208899883115e-01
2.533035404841701421e-01
2.721004015779344698e-01
2.924082964467273893e-01
3.138063305970686390e-01
3.359130230069113932e-01
3.583989375870266780e-01
3.742855399396873839e-01
3.942404586909611375e-01
4.083154180793147070e-01
4.175709020811304573e-01
4.259801272782386405e-01
4.340353336080258195e-01
4.456585160963313363e-01
4.535745698636615142e-01
4.685626593101208659e-01
4.794173752243711117e-01
4.934872545579711556e-01
5.138051349794556799e-01
5.288787191688963940e-01
5.460171744130588589e-01
5.622293641929003716e-01
5.737161644387851478e-01
5.919671896351321738e-01
6.051825000339992044e-01
6.141522215422207109e-01
6.242111872994536848e-01
6.371402804893440130e-01
6.523166558237519785e-01
6.678187572273028838e-01
6.849401827380078300e-01
7.030834831296107756e-01
7.268117323251798156e-01
7.441902494347011343e-01
7.615606891595616545e-01
7.792704045742252505e-01
7.971019025775178957e-01
8.153031742484031508e-01
8.226235101178988041e-01
8.317393751192347917e-01
8.429842319953393392e-01
8.613298795571596722e-01
8.806058001497821808e-01
9.056462587132875219e-01
9.243343995539516911e-01
9.484535243130305382e-01
9.660390536466418876e-01
9.824610173609158448e-01
9.935150018113324544e-01
1.004415478598541300e+00
1.015157529425237959e+00
1.015608683526671552e+00
1.015763925923598876e+00
1.014530761536152959e+00
1.012453713261075361e+00
1.009919575137837811e+00
1.009331236632254436e+00
1.004645314328591610e+00
1.000319382113773470e+00
9.905967016999684960e-01
9.727133292097873696e-01
9.522894624357826077e-01
9.303940823442696795e-01
9.079183467672777841e-01
8.909016316515097067e-01
8.785099195713619302e-01
8.654930607130171261e-01
8.562938258673618019e-01
8.502409435577235053e-01
8.420923705806871995e-01
8.314929138925304386e-01
8.189757657491016918e-01
8.100706004089903711e-01
7.993132103930749022e-01
7.917425554955113132e-01
7.868015500488018121e-01
7.839609635430304646e-01
7.777623959118038499e-01
7.786456347957607660e-01
7.803067628483968399e-01
7.774188567317688037e-01
7.756350893692079973e-01
7.747235680081548947e-01
7.744732897885767686e-01
7.746997934329024060e-01
7.752476946161597215e-01
7.710161858327151396e-01
7.678183716340019060e-01
7.603931441358119381e-01
7.497715125421159366e-01
7.368263857542223239e-01
7.269539038187918800e-01
7.144740888188069183e-01
7.050814278933270618e-01
6.938843617955532395e-01
6.804174455021548829e-01
6.607232237072797609e-01
6.457622624693835078e-01
6.348732075145411269e-01
6.177727914224956374e-01
6.052219899761654975e-01
5.907800764668924565e-01
5.804176077069771456e-01
5.676180616888091279e-01
5.548740850956455084e-01
5.400382927543430078e-01
5.258775065824896622e-01
5.159472297481944025e-01
5.000999810737423168e-01
4.887732735393128802e-01
4.782291003257486128e-01
4.710600699444909001e-01
4.666500650217961788e-01
4.581583291260626911e-01
4.460460689262335521e-01
4.278182079041989994e-01
4.048077797936029398e-01
3.809626251694910870e-01
3.540538632977403566e-01
3.341213253013264328e-01
3.178710114648071183e-01
3.003653024667831684e-01
2.882902301312051385e-01
2.758422231740671471e-01
2.657274284691748534e-01
2.460095778348101447e-01
2.316050766949329098e-01
2.148951530749398930e-01
1.948403231617836795e-01
1.804095906718701237e-01
1.638216979919173699e-01
1.453719626725737957e-01
1.322106822895461331e-01
1.234254560907970255e-01
1.112740467145798551e-01
9.618317726129177458e-02
8.552584248070416173e-02
7.158923329757360676e-02
5.486429413629489993e-02
3.584245007715392006e-02
1.499482996774270660e-02
-7.242846150177006948e-03
-3.026855312060683367e-02
-4.679235699684203276e-02
-6.486050759986428105e-02
-7.791085784411144743e-02
-8.649663839169763335e-02
-9.840662951171896822e-02
-1.070444512960559980e-01
-1.263657581726944645e-01
-1.416118962659274061e-01
-1.595693385700724942e-01
-1.809777924169724272e-01
-2.111975016395599702e-01
-2.411602869891353862e-01
-2.703843890226329538e-01
-3.007122725261766050e-01
-3.297657962990190317e-01
-3.530525012581839928e-01
-3.692011563214501191e-01
-3.822232839310573116e-01
-3.971093493916499906e-01
-4.067047739798583805e-01
-4.120572465548912877e-01
-4.241705156948283317e-01
-4.390473069285316665e-01
-4.561231353484178630e-01
-4.748234650454299377e-01
-4.981902140049365713e-01
-5.152188497327407912e-01
-5.334210457027299679e-01
-5.563070337357451933e-01
-5.790720061970542343e-01
-6.013833373267361004e-01
-6.230149432076970140e-01
-6.495471087359631079e-01
-6.782241612306398881e-01
-6.987950241178825239e-01
-7.128418108422578392e-01
-7.217379014423669359e-01
-7.266541286987741044e-01
-7.383047805068216896e-01
-7.460119256610964200e-01
-7.603394534296934459e-01
-7.753336082339397084e-01
-7.910873595485443666e-01
-8.125655931263880971e-01
-8.387492965661430544e-01
-8.584902161255881792e-01
-8.827546274012106897e-01
-9.105867562142305749e-01
-9.368048260805964533e-01
-9.600048758711788865e-01
-9.861820899694745401e-01
-1.004744020646138658e+00
-1.023160590158863403e+00
-1.045351265925308359e+00
-1.063632881229911842e+00
-1.076192324809038148e+00
-1.084032800359043147e+00
-1.081674789551462901e+00
-1.084051470553095253e+00
-1.090791003139471860e+00
-1.098245668229820726e+00
-1.109532898468406525e+00
-1.117496365411501102e+00
-1.125888501040720246e+00
-1.138064702576599752e+00
-1.156419202565136084e+00
-1.179508070939532027e+00
-1.203401522352339992e+00
-1.230311435980916412e+00
-1.252410620638701788e+00
-1.268053995291709368e+00
-1.278533394283351443e+00
-1.284967623814758264e+00
-1.288306945151107552e+00
-1.287434116174029253e+00
-1.291894724875398026e+00
-1.294382070043243349e+00
-1.295343669767615058e+00
-1.301961627394118581e+00
-1.313466102523800361e+00
-1.322160084926899293e+00
-1.335374682795541057e+00
-1.346923388285344192e+00
-1.355241502226565142e+00
-1.369293389008267026e+00
-1.379518600212558566e+00
-1.386588052458795683e+00
-1.391123612068010384e+00
-1.393680216544394002e+00
-1.401581402814339850e+00
-1.407134308195677086e+00
-1.410766603204609781e+00
-1.406021253042815999e+00
-1.401362000438015620e+00
-1.388933868963553087e+00
-1.378314777408252256e+00
-1.362653998579448800e+00
-1.350004695838259883e+00
-1.333296476419505883e+00
-1.320335800722559849e+00
-1.308852593968016675e+00
-1.300400413117769327e+00
-1.287698073316095648e+00
-1.278379338052301861e+00
-1.265130547239772252e+00
-1.253282223025797837e+00
-1.237979045674511669e+00
-1.219992263357519091e+00
-1.197463849428239469e+00
-1.173878325733832995e+00
-1.153483404678058211e+00
-1.132061781190512928e+00
-1.113383657757282208e+00
-1.093605977705268018e+00
-1.076110387847601935e+00
-1.057435273303241274e+00
-1.044343947806156692e+00
-1.025733425679018040e+00
-1.006315155190169452e+00
-9.824283289492420357e-01
-9.590466624018171293e-01
-9.380568199989284262e-01
-9.128834883775788223e-01
-8.946393098060489990e-01
-8.717587903706899288e-01
-8.498770782813966918e-01
-8.191287220930567603e-01
-7.964224135778527058e-01
-7.752286245900213979e-01
-7.553102900065018499e-01
-7.417738078651110456e-01
-7.284025977366632709e-01
-7.144522016843453116e-01
-7.005646877837559128e-01
-6.811240025282749855e-01
-6.629485007144848563e-01
-6.403013949122510207e-01
-6.199940395856048392e-01
-6.000718451825403088e-01
-5.802033203829162211e-01
-5.623698492286861583e-01
-5.477851111350497959e-01
-5.379353153310053592e-01
-5.257278567564869221e-01
-5.112512905644008843e-01
-4.946386069565809063e-01
-4.760560675794243135e-01
-4.624809991845295620e-01
-4.463633597221592364e-01
-4.247431417830322964e-01
-4.059265535647542666e-01
-3.758210006848325957e-01
-3.510335402999216203e-01
-3.265588841505411288e-01
-3.000388941849529978e-01
-2.813039341812342276e-01
-2.599447302450568209e-01
-2.436002009888427189e-01
-2.262002549018966580e-01
-2.145330674593015630e-01
-2.073468553506510048e-01
-1.968151606384849206e-01
-1.832771393486958278e-01
-1.670906570283641202e-01
-1.486221227603476969e-01
-1.282372555316808604e-01
-1.124908500530139577e-01
-9.469045185986701973e-02
-7.516115177152116189e-02
-5.421644408664727521e-02
-3.215135617489517372e-02
-9.237225814924254763e-03
1.428208527536223293e-02
3.819257848231294439e-02
6.231111947700940235e-02
8.648512442699241021e-02
1.105910862165404573e-01
1.285433514150349232e-01
1.476540934878232125e-01
1.607999753564186562e-01
1.702606409612841265e-01
1.840716875763319660e-01
1.948196652515796767e-01
2.089910035012527700e-01
2.114259512335256996e-01
2.188280242868960723e-01
2.323695174663198415e-01
2.494880840481119577e-01
2.673677545041879267e-01
2.800837669135856078e-01
2.980379590438755333e-01
3.158053120580364137e-01
3.377785140327571600e-01
3.607408496290513966e-01
3.842026209734976661e-01
4.010176934380220715e-01
4.124150884663055905e-01
4.261517940307737451e-01
4.352659245429373325e-01
4.472468379444536346e-01
4.551801489264493128e-01
4.695241820194748783e-01
4.797000323796272170e-01
4.927669875164326641e-01
5.081317701283258881e-01
5.226144169684829865e-01
5.390731872604204167e-01
5.509087650404487224e-01
5.627129998234352559e-01
5.807933327559782200e-01
6.001366105198044920e-01
6.184757156528418731e-01
6.376932937305679339e-01
6.674830075571229759e-01
6.953002113699635611e-01
7.108298252155234032e-01
7.261639501202702407e-01
7.315047557686561452e-01
7.285272196901324548e-01
7.288088463173765241e-01
7.275525254190085001e-01
7.155854090352918861e-01
7.047858740958039547e-01
6.900451301168299967e-01
6.689864597417236602e-01
6.465946813861480624e-01
6.288346094712150558e-01
6.095979228086586543e-01
5.891415671829769440e-01
5.697901735822679115e-01
5.496080282809439055e-01
5.347006958763802498e-01
5.242805575533759921e-01
5.114540495016337562e-01
5.026124267057892059e-01
4.970458274803979393e-01
4.974552225103177072e-01
4.992559218704502033e-01
5.019495140778467146e-01
4.987707456629943970e-01
4.968831056125107004e-01
4.960117438465865281e-01
4.959039562000460144e-01
4.832856489042869352e-01
4.698820111966348634e-01
4.529151197715703958e-01
4.330618904115755008e-01
4.079199379827349592e-01
3.887213888238740811e-01
3.650802461201445581e-01
3.452013524440791237e-01
3.220285882505007358e-01
2.966102630932652140e-01
2.784542529853677451e-01
2.660946418472964758e-01
2.582770289194797897e-01
2.473054879899461156e-01
2.401696954151675278e-01
2.293804910420138565e-01
2.220881092828275172e-01
2.108791905064695271e-01
2.030560295398140536e-01
1.898897672007868742e-01
1.736925963849003107e-01
1.550047847494053777e-01
1.411669588484678606e-01
1.314372167105852807e-01
1.190333774410374801e-01
1.102927191882214775e-01
9.690298182788614767e-02
8.045026725793347211e-02
6.850608980308847684e-02
5.333162038480110390e-02
3.548261802064689441e-02
2.250232535934926226e-02
1.359804385722340747e-02
8.056582723055205619e-03
-2.039273627360449481e-03
-1.606743807533717039e-02
-3.336296956079842779e-02
-5.364750854406086233e-02
-7.613272601441578580e-02
-1.001983252043652239e-01
-1.243809293258513193e-01
-1.418197744512790237e-01
-1.607863718554864985e-01
-1.796778526595450565e-01
-1.925920828449239064e-01
-2.021946906481979500e-01
-2.079770360955113251e-01
-2.176398745535497170e-01
-2.254037799276027432e-01
-2.370891540607098502e-01
-2.520736183294312038e-01
-2.697000560304865235e-01
-2.825583233533095484e-01
-2.981712809267922371e-01
-3.159454556050897978e-01
-3.376287735049849914e-01
-3.602210757274997288e-01
-3.832412208798006148e-01
-3.999099859449897210e-01
-4.113275713427786417e-01
-4.277020428117854767e-01
-4.391553920876534178e-01
-4.528439070241800923e-01
-4.714872061796766545e-01
-4.849510793809570508e-01
-4.974219117608089658e-01
-5.120524250435252167e-01
-5.258053919527576614e-01
-5.452268362630274812e-01
-5.695270051448604320e-01
-5.938159273608389910e-01
-6.158291409484510925e-01
-6.435414682711827483e-01
-6.739148436240761653e-01
-6.960831332030430474e-01
-7.216283471650827286e-01
-7.450526572017351912e-01
-7.663931741867784364e-01
-7.807998457020473015e-01
-7.947700376693619395e-01
-8.085519206608251519e-01
-8.225140428093115075e-01
-8.369648225313531809e-01
-8.521267581229029497e-01
-8.681559672192497024e-01
-8.841304381271019031e-01
-8.952399027184355651e-01
-9.081077108183007729e-01
-9.271803464999502919e-01
-9.453291669868810754e-01
-9.641555523060268973e-01
-9.816656046698238880e-01
-9.999430043642903998e-01
-1.016661187621034745e+00
-1.038019898275305497e+00
-1.062960636808435000e+00
-1.080916179086628848e+00
-1.096411502499530677e+00
-1.106653451450109404e+00
-1.119033796080606935e+00
-1.127174120546125868e+00
-1.131970622025751494e+00
-1.137575086558008763e+00
-1.140721285709117128e+00
-1.148413754494310712e+00
-1.160165444490250719e+00
-1.168777940366206636e+00
-1.174685952700271541e+00
-1.187906894992146301e+00
-1.197592980070346647e+00
-1.213701340964334907e+00
-1.232389936360700489e+00
-1.253169757647704552e+00
-1.268658028900005119e+00
-1.288651811354276422e+00
-1.310107059592549250e+00
-1.325741854151199162e+00
-1.345150631803127883e+00
-1.365870878423151469e+00
-1.387693202804433978e+00
-1.403415130502542851e+00
-1.421109847520825031e+00
-1.433484694761280487e+00
-1.448568928863815941e+00
-1.458137574348144394e+00
-1.472001759630248374e+00
-1.481510856530035669e+00
-1.494654371563577167e+00
-1.503718592501200213e+00
-1.516656885418630640e+00
-1.533155848562621770e+00
-1.552062561696401666e+00
-1.565753117255783478e+00
-1.582220195196587076e+00
-1.600964182882874232e+00
-1.614472088655650950e+00
-1.630682936953773199e+00
-1.648577003454987588e+00
-1.668096029461727525e+00
-1.682019289657662231e+00
-1.697333124809319305e+00
-1.707778875984223621e+00
-1.721017693163556572e+00
-1.731086304047576574e+00
-1.737677107031748047e+00
-1.748124848532316644e+00
-1.756483316523292260e+00
-1.768680430214726762e+00
-1.778807542152314403e+00
-1.785855523505763820e+00
-1.797161390918251778e+00
-1.805193952983486394e+00
-1.810483679131635215e+00
-1.813559279849552786e+00
-1.808027376533202890e+00
-1.800830199908148188e+00
-1.795848536111479543e+00
-1.784371393024057451e+00
-1.774672197691020692e+00
-1.759727812664587221e+00
-1.746433467391256045e+00
-1.736176779353879152e+00
-1.728556858587203982e+00
-1.723156641579674186e+00
-1.719572288545607286e+00
-1.710497564861066744e+00
-1.696858763166043449e+00
-1.686486741685403912e+00
-1.678183682784096797e+00
-1.665554092579016432e+00
-1.656289068579047452e+00
-1.649824887165616039e+00
-1.638769423290222571e+00
-1.630766179375915836e+00
-1.618433896297921892e+00
-1.602527315194628876e+00
-1.583847252241933345e+00
-1.562674642482877019e+00
-1.546638460001281024e+00
-1.535080445467888799e+00
-1.520247680155520920e+00
-1.509741534989594625e+00
-1.496300607399293714e+00
-1.479460492998475818e+00
-1.460305174923334004e+00
-1.439382774208110227e+00
-1.417191340009180012e+00
-1.394165806825995002e+00
-1.369281210174191354e+00
-1.342599817780032678e+00
-1.322842154343439880e+00
-1.300265606791164652e+00
-1.277111834953832403e+00
-1.251448868414939186e+00
-1.225925689569991262e+00
-1.203472499958363473e+00
-1.181462513763676725e+00
-1.157092730559517335e+00
-1.133550265367827325e+00
-1.107737134898267195e+00
-1.089432490252676411e+00
-1.067656489381807905e+00
-1.052476125536494500e+00
-1.032914233050684860e+00
-1.009436681256909107e+00
-9.925696772512732080e-01
-9.711645010560191471e-01
-9.457987316427350910e-01
-9.170752848170167226e-01
-8.913674470469920008e-01
-8.671076900004315302e-01
-8.395232002810226746e-01
-8.198180876096174963e-01
-8.012935799824838501e-01
-7.839021228617160109e-01
-7.622653609051160961e-01
-7.424821697061324555e-01
-7.244210998562490289e-01
-7.071122553948530065e-01
-6.910001809550755381e-01
-6.748937213324077700e-01
-6.597117881020494456e-01
-6.440415169915288951e-01
-6.235998576162794516e-01
-6.032280694491158890e-01
-5.827257392176995454e-01
-5.619403564867562206e-01
-5.370872304520641904e-01
-5.126218706309926265e-01
-4.947906636485848164e-01
-4.761486285230986937e-01
-4.598867080311415112e-01
-4.455024655695254410e-01
-4.360741480211649534e-01
-4.237937386268888496e-01
-4.088485714002751958e-01
-3.885633135332666743e-01
-3.739932540550745532e-01
-3.544059034820592480e-01
-3.334495594812159069e-01
-3.089918798156097157e-01
-2.842348017077094280e-01
-2.592086599588003804e-01
-2.339362322636839853e-01
-2.068979409713718187e-01
-1.802901954601521251e-01
-1.528896685872338512e-01
-1.190411900121060018e-01
-9.441722150759646048e-02
-7.015960418858058212e-02
-4.611002951902420932e-02
-2.215747709683579814e-02
1.768925351220751452e-03
2.570690612240089656e-02
4.966774512321525670e-02
7.311186719568785186e-02
8.856661053802294958e-02
9.815410372915711612e-02
1.032867431488737608e-01
1.051254382273316690e-01
1.046128674909800882e-01
1.093953380643344353e-01
1.119088136620534080e-01
1.058441446389679630e-01
9.980057185505741835e-02
1.016857619115858480e-01
1.027332055046004111e-01
1.101518178121989600e-01
1.166807181834548235e-01
1.287565794934302232e-01
1.382006836160727392e-01
1.535665913929202819e-01
1.655387109638482013e-01
1.817359768003361520e-01
2.012433379917526466e-01
2.231815559479022326e-01
2.467589331346760062e-01
2.693473270736665981e-01
2.855369784920942511e-01
3.055196106410005275e-01
3.197803161937762262e-01
3.293518962014954088e-01
3.443149534173219894e-01
