-5.291672211162901096e-01
-5.266007492594910744e-01
-5.251103618611951962e-01
-5.210369233834555303e-01
-5.216210699991432609e-01
-5.226034298222614893e-01
-5.203922147020776379e-01
-5.223090201578426406e-01
-5.301134820534938452e-01
-5.366820659751754263e-01
-5.420450599229644784e-01
-5.520959378062137990e-01
-5.600227684775431758e-01
-5.660689647757206622e-01
-5.705001079730813718e-01
-5.772526923862479897e-01
-5.879299305387624131e-01
-5.960739646882139420e-01
-5.982203652950754957e-01
-5.936683952765491323e-01
-5.892928731027533562e-01
-5.852689629099413482e-01
-5.817004004626887825e-01
-5.786358564860544229e-01
-5.704319445331551552e-01
-5.637054418958298285e-01
-5.583715257576900015e-01
-5.542965664108647772e-01
-5.513193698297442769e-01
-5.457338425272133531e-01
-5.415893120049048992e-01
-5.386562359717779191e-01
-5.459227412149347813e-01
-5.522840767162517928e-01
-5.576814419421594060e-01
-5.621242143308562422e-01
-5.656688114360852726e-01
-5.720388514878113062e-01
-5.827563722610034080e-01
-5.912193299987427153e-01
-5.976599467895771234e-01
-6.079097534431097127e-01
-6.156206757302226107e-01
-6.211713688865343475e-01
-6.249366699545847448e-01
-6.272684772885254167e-01
-6.284844871121944010e-01
-6.288624939603080222e-01
-6.286385659967373973e-01
-6.280078672191585776e-01
-6.310635729741492783e-01
-6.332940040657946135e-01
-6.348248720071926199e-01
-6.412177145233903808e-01
-6.461483816153535953e-01
-6.498020299858960902e-01
-6.523754944195678807e-01
-6.581786773973322680e-01
-6.625619307433273653e-01
-6.657139165389314162e-01
-6.678338459715814635e-01
-6.744570552791085971e-01
-6.794227970970818653e-01
-6.872778222450276475e-01
-6.932249923497365574e-01
-6.975187960164027645e-01
-7.004268255595852422e-01
-7.022112632786513542e-01
-7.031160760972670065e-01
-7.033590492390440208e-01
-7.083456112860496701e-01
-7.068476192490470433e-01
-7.104134388461289529e-01
-7.130089386837983323e-01
-7.147980419700653565e-01
-7.159357597550581875e-01
-7.165628800925488706e-01
-7.168031794813323199e-01
-7.212192480020586105e-01
-7.297316258264503475e-01
-7.364194150878763390e-01
-7.414864843651636228e-01
-7.451598773786028973e-01
-7.476706319187333971e-01
-7.492404027194078386e-01
-7.500727323875157060e-01
-7.503479503047066901e-01
-7.502208287915942408e-01
-7.498202681865291375e-01
-7.492504108259409046e-01
-7.485926973977972132e-01
-7.429232312445294140e-01
-7.381425638528194000e-01
-7.342403309097980113e-01
-7.311622963202211167e-01
-7.288258579821471628e-01
-7.219673956629218958e-01
-7.217548950957428655e-01
-7.219202439542040661e-01
-7.223395516174385689e-01
-7.229130219045172279e-01
-7.235630930581701259e-01
-7.288234003219122847e-01
-7.332579752515475668e-01
-7.368762335320954149e-01
-7.448669685075177682e-01
-7.511885820659023327e-01
-7.607934155675495358e-01
-7.682893582413421463e-01
-7.788176845387611014e-01
-7.869217907460288597e-01
-7.928794422115568175e-01
-7.970056165460093212e-01
-7.996238061597249480e-01
-8.111319361683743123e-01
-8.198929975814115423e-01
-8.262675865363480199e-01
-8.306385859153284645e-01
-8.285590908223667839e-01
-8.260631033070191531e-01
-8.287296662117145107e-01
-8.304882160198147067e-01
-8.315085297338409287e-01
-8.374216517650535652e-01
-8.419688956192893370e-01
-8.453008090451895606e-01
-8.475937106698901990e-01
-8.490315323739503484e-01
-8.497922410786533653e-01
-8.500386956081603662e-01
-8.605299757264632809e-01
-8.688064235555303938e-01
-8.808887916847332189e-01
-8.902685379869438309e-01
-8.972505929404868130e-01
-9.081588006914969036e-01
-9.209843012105745075e-01
-9.305316950079448590e-01
-9.372956143804214157e-01
-9.417700956665479017e-01
-9.505727715788760968e-01
-9.568829558647055089e-01
-9.611109095816129377e-01
-9.636565246581626498e-01
-9.648905121614477221e-01
-9.588777290393570851e-01
-9.533509390413644757e-01
-9.423238125868539372e-01
-9.287169094394031044e-01
-9.236594995541962394e-01
-9.137871247602041835e-01
-9.061024259914211010e-01
-9.003444563946537693e-01
-8.962299276010706750e-01
-8.934752924345888969e-01
-8.811602706018134556e-01
-8.716237444596637296e-01
-8.645293263478929235e-01
-8.595123997375859748e-01
-8.562084811473524848e-01
-8.542727630705263531e-01
-8.533925429773639992e-01
-8.425706714319751711e-01
-8.342477209198326804e-01
-8.281080185959459605e-01
-8.186155212605913389e-01
-8.059663114693941255e-01
-7.964511807563792178e-01
-7.842130425705965413e-01
-7.751084715845364403e-01
-7.633488297932530253e-01
-7.492467927904589153e-01
-7.444902718587484980e-01
-7.361777428400338996e-01
-7.304798780795589419e-01
-7.269147048123478783e-01
-7.250301751311849507e-01
-7.244198598635348540e-01
-7.196212391322992508e-01
-7.105964698180057271e-01
-7.097296817331560925e-01
-7.097578676556319799e-01
-6.996499641327071917e-01
-6.871319430471193312e-01
-6.718101146286511449e-01
-6.555197640463390485e-01
-6.373485726357580594e-01
-6.132462821596300628e-01
-5.949284360946530681e-01
-5.713075954924319300e-01
-5.537788707276309896e-01
-5.312776083996031407e-01
-5.149054667296839582e-01
-4.971809495447052640e-01
-4.846555907830076837e-01
-4.764082485150615831e-01
-4.649963794842248976e-01
-4.506858341036514837e-01
-4.405549756110338500e-01
-4.339204284143833856e-01
-4.301077399187485106e-01
-4.253581310466783005e-01
-4.159620534293015925e-01
-4.094837486239417679e-01
-3.984472549581201672e-01
-3.835002160044254094e-01
-3.696009868553833400e-01
-3.525170234598791197e-01
-3.327788513961966732e-01
-3.157172172733782034e-01
-2.963782755870920660e-01
-2.751350705568500477e-01
-2.576693333543174091e-01
-2.454896424034473945e-01
-2.303892690336435400e-01
-2.199430471058396730e-01
-2.117119362199268995e-01
-2.067828683785544186e-01
-2.043627511110195361e-01
-1.953300158107456053e-01
-1.892401977607403030e-01
-1.854706268618460108e-01
-1.765406997310974280e-01
-1.702222233671624174e-01
-1.660392582544722995e-01
-1.565844684619435156e-01
-1.496938713524404996e-01
-1.439364767556225999e-01
-1.401606914689768058e-01
-1.379441582848233150e-01
-1.369182901421399645e-01
-1.367691832057047474e-01
-1.372356149494644573e-01
-1.381053141515315996e-01
-1.392102419676706226e-01
-1.335238559883682452e-01
-1.290972410082014132e-01
-1.257822693897920896e-01
-1.234175355138054098e-01
-1.148929072511593041e-01
-1.082531460288365111e-01
-9.629776535355638600e-02
-8.702579528479237325e-02
-8.012073966856037011e-02
-6.820896063735126802e-02
-5.182870019354890445e-02
-3.947320933311804225e-02
-3.053472306352178478e-02
-2.441681332694289885e-02
-1.366164962978300146e-02
-5.954930869243035829e-03
-7.619021560263394832e-04
2.416455132367767433e-03
1.090823904725612969e-02
1.708602238812417795e-02
2.128582014752455898e-02
2.386462227383279178e-02
3.218558481537048266e-02
3.828655366863720211e-02
4.250384533080509009e-02
5.223578049490384956e-02
6.651577926723328815e-02
8.440492444484526402e-02
1.050335801825197368e-01
1.206482143903389037e-01
1.319575457212995850e-01
1.406686699019217279e-01
1.533937312017563670e-01
1.624470413929428592e-01
1.684424939810114097e-01
1.719768780007933096e-01
1.736015623534037378e-01
1.821352870375168020e-01
1.811011766464307726e-01
1.792514051806508579e-01
1.769237247099675336e-01
1.743843811060106219e-01
1.790569231423917440e-01
1.825437725351206630e-01
1.850173165043953460e-01
1.938419097122265899e-01
2.006559324308396786e-01
2.143879810856994528e-01
2.251338129648536857e-01
2.332102507843161199e-01
2.461451880434610828e-01
2.558360737065339396e-01
2.698499784559151848e-01
2.731660072576738152e-01
2.817911793941978438e-01
2.898952157324852230e-01
2.934162061474068217e-01
2.974187871741273970e-01
2.998008529806384104e-01
3.009157601796306203e-01
3.081827721034653411e-01
3.134774152647890055e-01
3.171170962105294144e-01
3.264504918115262999e-01
3.310009157434858906e-01
3.432659585619390885e-01
3.525538776147887354e-01
3.661054937301735368e-01
3.762343609832075053e-01
3.929212336582674769e-01
4.122255387854032449e-01
4.333334192999818146e-01
4.490757806159826337e-01
4.635029655753390987e-01
4.737457718647417604e-01
4.903417865542554210e-01
5.024581602576709827e-01
5.107719717985863550e-01
5.159673248795726419e-01
5.214232559687650426e-01
5.244582345768369347e-01
5.293320555940095318e-01
5.384937068207189537e-01
5.473671139344189474e-01
5.572297665202867734e-01
5.702426261205877367e-01
5.797370439448235047e-01
5.921724461289514796e-01
6.108288721202004279e-01
6.248223551815299537e-01
6.446213173038177757e-01
6.594118269805019361e-01
6.797576252038293187e-01
7.001880755725401473e-01
7.196451282366944646e-01
7.389447302192156952e-01
7.575043600673223576e-01
7.707611783982861731e-01
7.796026775372162376e-01
7.848849451405750521e-01
7.924182659042779964e-01
7.970170546800683375e-01
7.941874864616250695e-01
7.956203440897595680e-01
7.957401717858788581e-01
7.898157648683140630e-01
7.893251919516229842e-01
7.833453484370941355e-01
7.780905938140552092e-01
7.736167390704741242e-01
7.699201734048588541e-01
7.669570581119997676e-01
7.646584173067187962e-01
7.678658409334253587e-01
7.706874834865113932e-01
7.781968821325015995e-01
7.843155446325422719e-01
7.891468384926059176e-01
7.928306847954152969e-01
7.955244739694855571e-01
7.973892389423057336e-01
8.034994176409987476e-01
8.081328538176670850e-01
8.115085151901747507e-01
8.186076310114285270e-01
8.239279492860168697e-01
8.281704359318476927e-01
8.358367245465078144e-01
8.415927014120959671e-01
8.457189999904570765e-01
8.438855467424523082e-01
8.516703101767283401e-01
8.576320100508805222e-01
8.673676551457519812e-01
8.748509765783843983e-01
8.803406126682535859e-01
8.841298908264868528e-01
8.809760725183072294e-01
8.777380945019986891e-01
8.746157420490050516e-01
8.717401826579455060e-01
8.691884504502916942e-01
8.724270219347722843e-01
8.750486019917712577e-01
8.770987808795562835e-01
8.786400427905255439e-01
8.797434833741415439e-01
8.804824029612414726e-01
8.809276396154386291e-01
8.811444246727415663e-01
8.811905016857672912e-01
8.811152411760138081e-01
8.809594990133634562e-01
8.807559963022431049e-01
8.805300356055023592e-01
8.803004064981042598e-01
8.800803691427172559e-01
8.798786358032347765e-01
8.797002961544500010e-01
8.795476528937349325e-01
8.794209499589520362e-01
8.793189872699319620e-01
8.792396240647962768e-01
8.791801782940086296e-01
8.791377327864091651e-01
8.791093605424485924e-01
8.790922819774281693e-01
8.790839665842073991e-01
8.790821905886571086e-01
8.790850609477225408e-01
8.790910146529736791e-01
8.790988008725850733e-01
8.791074520777745205e-01
8.791162490135090435e-01
8.791246832233313713e-01
8.791324198423965397e-01
8.791392625363316782e-01
8.791451217816724784e-01
8.791499871453223314e-01
8.791539038105592452e-01
8.791569532982785873e-01
8.791592381265840306e-01
8.791608700220862049e-01
8.791619612262963068e-01
8.791626184157792512e-01
8.791629387630028880e-01
8.791630076954753958e-01
8.791628979555260459e-01
8.791626696152009535e-01
8.791623707553321010e-01
8.791620385711419461e-01
8.791617007164354014e-01
8.791613767429684589e-01
8.791610795300903725e-01
8.791608166321798201e-01
8.791605914977330682e-01
8.791604045347598539e-01
8.791602540129629384e-01
8.791601368046643161e-01
8.791600489743933711e-01
8.791599862319658953e-01
8.791599442666531150e-01
8.791599189808965154e-01
8.791599066417842279e-01
8.791599039672587379e-01
8.791599081623445722e-01
8.791599169186656848e-01
8.791599283884327098e-01
8.791599411420243371e-01
8.791599541163915843e-01
8.791599665597905622e-01
8.791599779768771716e-01
8.791599880769536135e-01
8.791599967271367388e-01
8.791600039114246812e-01
8.791600096960359156e-01
8.791600142009320384e-01
8.791600175771657755e-01
8.791600199894566980e-01
8.791600216033520487e-01
8.791600225762389309e-01
8.791600230515157488e-01
8.791600231552761935e-01
8.791600229949118050e-01
8.791600226591285150e-01
8.791600222189354108e-01
8.791600217292824260e-01
8.791600212310367590e-01
8.791600207531004019e-01
8.791600203145264469e-01
8.791600199264985038e-01
8.791600195941386975e-01
8.791600193180733047e-01
8.791600190957677974e-01
8.791600189226227435e-01
8.791600187928388932e-01
8.791600187000918609e-01
8.791600186380252868e-01
8.791600186005933404e-01
8.791600185822858737e-01
8.791600185782612042e-01
8.791600185843922999e-01
8.791600185972684445e-01
8.791600186141625972e-01
8.791600186329626698e-01
8.791600186520960314e-01
8.791600186704521258e-01
8.791600186872994271e-01
8.791600187022066137e-01
8.791600187149771761e-01
8.791600187255852461e-01
8.791600187341281902e-01
8.791600187407826450e-01
8.791600187457723203e-01
8.791600187493381346e-01
8.791600187517245590e-01
8.791600187531655175e-01
8.791600187538700650e-01
8.791600187540254963e-01
8.791600187537907951e-01
8.791600187532975230e-01
8.791600187526489307e-01
8.736580781687997010e-01
8.746604509463697941e-01
8.755961773240759083e-01
8.709591541281925808e-01
8.726806647759380864e-01
8.742229843591484695e-01
8.755590876688451596e-01
8.766808248649146096e-01
8.775937607449119104e-01
8.783128032218828762e-01
8.788586227006293106e-01
8.792548245956421926e-01
8.795258077730996327e-01
8.796952230412543594e-01
8.797849370737097496e-01
8.798144065069984920e-01
8.798003722504210700e-01
8.797567931958865106e-01
8.796949497328804268e-01
8.796236593680045734e-01
8.795495583289448804e-01
8.794774136606333670e-01
8.794104396417093961e-01
8.793506002180548897e-01
8.792988855686508787e-01
8.792555559819492661e-01
8.792203500747730605e-01
8.791926572009111096e-01
8.791716558471976972e-01
8.791564210673188384e-01
8.736441919556213742e-01
8.746400777667389104e-01
8.755723420717110850e-01
8.764112368569236811e-01
8.771408512041498629e-01
8.777558058438676980e-01
8.782583806412005423e-01
8.887466634828666834e-01
9.029067962170985728e-01
9.143166738183059472e-01
9.231897529665694657e-01
9.298133367764166435e-01
9.387953844197803877e-01
9.511821943753203668e-01
9.605072846083109184e-01
9.712766291678777142e-01
9.790351045722951451e-01
9.843182011805426956e-01
9.935600894435332453e-01
1.000200405355370137e+00
1.004677856974243833e+00
1.007411041622874315e+00
1.008783219462497271e+00
1.009133305216722398e+00
1.008751684823681050e+00
1.007879676468807606e+00
1.012786500922575605e+00
1.016467337780672775e+00
1.019091068931707200e+00
1.020833474682154796e+00
1.028082608041903212e+00
1.040004233910464926e+00
1.049416232272663008e+00
1.060171701023036039e+00
1.068193671707818648e+00
1.080371333935769229e+00
1.089484785462813354e+00
1.095972126600747831e+00
1.100282475464193332e+00
1.109458182677257598e+00
1.119351154852596508e+00
1.126452715583464492e+00
1.131253619843142211e+00
1.134213207874863238e+00
1.135744266242342926e+00
1.129615132608596362e+00
1.123968975373749846e+00
1.118951539558870278e+00
1.114630499635485883e+00
1.111016829588726385e+00
1.108081982067291360e+00
1.099367044993359910e+00
1.092421056569647497e+00
1.090354433545917434e+00
1.089066749803506262e+00
1.085107930915450325e+00
1.085474377620871955e+00
1.086113955475436432e+00
1.080755345423522140e+00
1.076630162460656237e+00
1.067521068173688636e+00
1.060472502732588751e+00
1.055202099251984826e+00
1.051428331597084043e+00
1.043010668040669664e+00
1.030904910534220287e+00
1.018202584569782410e+00
1.011028592794239067e+00
8.588246433792352530e-01
8.612707144610234344e-01
8.606105989639821763e-01
8.596461855822853382e-01
8.518294468140884534e-01
8.385592230125441526e-01
8.302294863427016613e-01
8.122193951848281079e-01
8.003128212809969000e-01
7.811426574483558705e-01
7.677390516707081058e-01
7.584933578898871431e-01
7.471459765290163757e-01
7.392205639249455063e-01
7.293781155856478016e-01
7.174561148490510298e-01
7.089509330486739591e-01
6.935161909732860952e-01
6.821475046244157570e-01
6.687780342889255714e-01
6.548848191395394425e-01
6.408382207491858384e-01
6.253930266274670968e-01
6.143050218614058977e-01
6.068177941612252768e-01
5.965394848271777795e-01
5.856822390738369855e-01
5.762155674946318751e-01
5.660232657196597739e-01
5.531377609935388406e-01
5.402785637656610795e-01
5.252088645401400413e-01
5.142682485061675912e-01
5.007000782830146601e-01
4.877156852081847571e-01
4.786397425082773438e-01
4.665756591813596810e-01
4.581208481381937592e-01
4.463703072906681779e-01
4.380686210417459314e-01
4.233710880888059691e-01
4.155090587461571783e-01
4.104282264908147848e-01
4.010705712652788968e-01
3.945594207919935759e-01
3.837771880221072518e-01
3.760196691989703410e-01
3.708161492173958074e-01
3.609088556452719754e-01
3.538147249023928520e-01
3.490839672101229141e-01
3.462668058628282086e-01
3.474370115378846435e-01
3.492880965799969317e-01
3.515224622637869167e-01
3.539066172699640855e-01
3.562669793895847370e-01
3.584828632703318529e-01
3.578466695828512734e-01
3.574354310687044567e-01
3.502667367032881174e-01
3.445230114268869048e-01
3.400695437363883133e-01
3.367450035367112182e-01
3.250555581589291698e-01
3.159487288905842295e-01
3.090950299955472769e-01
2.972225256309264374e-01
2.881833753996694281e-01
2.795829859389999950e-01
2.754211655166076689e-01
2.709435273802469624e-01
2.681155755230142379e-01
2.665691913955583470e-01
2.659870832961410692e-01
2.661020988391959996e-01
2.666943928686074106e-01
2.675873775569024282e-01
2.686430287475607415e-01
2.697569202452767545e-01
2.639963163710272731e-01
2.593988085881167027e-01
2.558568887633472233e-01
2.532398801647111064e-01
2.514074786931306260e-01
2.502199544358332250e-01
2.495453827296161275e-01
2.492643444537407937e-01
2.405918918383083138e-01
2.337700099434492085e-01
2.371360180100732240e-01
2.333841537698828628e-01
2.305854289474384977e-01
2.286032952051066935e-01
2.343007571233177710e-01
2.322691572401438531e-01
2.377439638492635510e-01
2.353714028056135277e-01
2.334398618420654437e-01
2.319186029337887422e-01
2.307642256256858815e-01
2.299268324747321124e-01
2.293547010651397766e-01
2.289976408150551368e-01
2.288092411553872552e-01
2.287482226909829386e-01
2.217346003141653643e-01
2.231186121383370580e-01
2.244523421790436402e-01
2.256805246404074428e-01
2.267703692119644732e-01
2.277064186685580083e-01
2.284860623166304894e-01
2.291157456130521464e-01
2.296078637249843180e-01
2.299782928570546225e-01
2.302444932252309950e-01
2.304241078171516133e-01
2.305339785552664722e-01
2.305895038715404244e-01
2.306042672722687925e-01
2.305898739218703586e-01
2.305559406491339836e-01
2.305101933844349027e-01
2.304586343812504712e-01
2.304057493281397306e-01
2.303547314111473732e-01
2.303077054318680705e-01
2.302659401884548096e-01
2.231948236687848475e-01
2.244530389431702577e-01
2.256287676290267274e-01
2.266849696130006642e-01
2.276022212976516190e-01
2.283743633860488842e-01
2.290047773267862574e-01
2.224656644718912002e-01
2.170809257559374039e-01
2.198554470076046208e-01
2.223283228035553005e-01
2.244607390737687336e-01
2.262437942036141791e-01
2.276897817269789570e-01
2.288250397063247288e-01
2.296842618757861665e-01
2.303061177434835294e-01
2.236963685141371005e-01
2.252487741603954596e-01
2.265869939030913383e-01
2.277055601682165253e-01
2.286122778256183263e-01
2.222855520628077564e-01
2.170589408659604480e-01
2.128768963080314158e-01
2.096451570350787996e-01
2.072473641864658322e-01
2.055579454682427976e-01
2.044516401743865508e-01
2.038101326144599046e-01
2.020698875125710448e-01
2.023150254195820175e-01
2.083002525059165499e-01
2.132936773804570141e-01
2.173461335657924653e-01
2.205408587519490649e-01
2.229785121089593591e-01
2.179001272343477069e-01
2.204102083655501421e-01
2.223871778197821225e-01
2.238910130227063089e-01
2.181284929376714476e-01
2.132643611510434134e-01
2.161732875063759884e-01
2.186546933302386808e-01
2.207081318350556653e-01
2.223556632877119466e-01
2.236338943119962064e-01
2.177091399416299922e-01
2.127507447816499031e-01
2.156386332143951368e-01
2.181339238305051165e-01
2.202242744040270317e-01
2.150293009670631861e-01
2.176302632236888357e-01
2.129198799869904679e-01
2.090641053320951848e-01
2.060085525947183971e-01
2.106010643868037047e-01
2.145458618996392008e-01
2.109253980800731565e-01
2.079362707331593452e-01
2.124677750481418492e-01
2.078995691728362516e-01
2.056301354748630850e-01
2.107545093109191026e-01
2.081757799082852856e-01
2.129581215094478175e-01
2.085558838561145656e-01
2.132362674452950024e-01
2.102395411007695891e-01
2.077167732325075900e-01
2.056586529430699528e-01
2.109495790592164077e-01
2.084583492186851128e-01
2.133028058508452673e-01
2.172825557128434948e-01
2.120604806982226975e-01
2.160155696139072212e-01
2.192370077068235279e-01
2.149030149517487942e-01
2.112012841116057693e-01
2.081370888461440138e-01
2.125980417780974907e-01
2.079784944965217264e-01
2.056673513388433960e-01
2.038648016724455836e-01
2.025130248071176364e-01
2.001417137177980976e-01
2.066451853622868207e-01
2.052510106753075991e-01
2.041110935344268018e-01
2.101212040999431707e-01
2.150827914896926707e-01
2.121538688927124827e-01
2.164897848783506884e-01
2.130455095466197157e-01
2.085998466355285519e-01
2.132661046082415801e-01
2.087849772205361276e-01
2.050949900643825874e-01
2.021433987698191270e-01
1.998557013686494965e-01
1.981464673570938473e-01
1.969270887827787586e-01
1.961111706222276041e-01
2.037805018370821841e-01
2.102696918026154549e-01
2.087386444030265853e-01
2.073150938715053737e-01
2.060426467031446496e-01
2.049440723445956625e-01
2.040260107225582153e-01
2.032833072159079268e-01
2.027027980883444602e-01
2.022664552678108407e-01
2.019538736967805281e-01
2.017441393676977501e-01
2.016171504728252462e-01
2.015544806607718620e-01
2.015398766549754139e-01
2.001481843876020683e-01
2.004473046722501373e-01
2.007429986617241813e-01
1.996192657447111163e-01
1.987341238593596238e-01
1.980592221984820434e-01
1.975643153290229659e-01
1.972194326087484129e-01
1.969962867333974188e-01
1.968691357310405898e-01
1.968152522080319766e-01
1.981741993477479369e-01
1.993365359868501940e-01
1.989111771209823853e-01
1.985427549280254222e-01
1.996115382034080454e-01
2.004932344946073197e-01
2.011964337914633472e-01
2.017367474148432649e-01
2.021339754856201765e-01
2.009931888966363100e-01
2.014249960228338132e-01
2.003546965681552994e-01
1.994659407010359597e-01
1.987490425459954579e-01
1.981883008570688443e-01
1.977647950602248184e-01
1.974583946592081141e-01
1.972491625556676009e-01
1.984815168576830047e-01
1.995380210281880728e-01
2.004148652183774804e-01
2.011187453349934096e-01
2.016636196159204975e-01
2.020679008963861545e-01
2.023521547852515923e-01
2.025373205871756621e-01
2.026434269337857863e-01
2.012681044368462846e-01
2.001222980806882656e-01
1.923378417746763880e-01
1.860357135540904316e-01
1.810886903265604975e-01
1.704858595156684142e-01
1.621565318630198149e-01
1.489608554869630286e-01
1.387394324866197959e-01
1.311318732691664213e-01
1.257486443052622249e-01
1.152554550856812465e-01
1.074811685779959447e-01
1.020167150914021992e-01
9.845335333781690679e-02
9.640464883752319913e-02
8.852423933577502346e-02
8.277137528169142833e-02
7.178784998042697651e-02
6.353295346537213284e-02
5.761981485459344299e-02
4.660696438684941434e-02
3.817197088599910693e-02
3.227951643800563986e-02
2.844016602130849947e-02
2.621314398038721016e-02
1.831304486200924231e-02
5.703864508681766310e-03
-3.822584572844123230e-03
-1.071312622702347284e-02
-2.244373471717708846e-02
-3.818449151261460450e-02
-5.015845504855676040e-02
-6.584244294710583922e-02
-7.749656740853994030e-02
-9.271251308105754596e-02
-1.038018305484911252e-01
-1.184103107718810222e-01
-1.289046498561385867e-01
-1.429326556441083973e-01
-1.598309148007110991e-01
-1.720927622045833605e-01
-1.805003471474877497e-01
-1.857971123115220724e-01
-1.954804851907852026e-01
-2.034543417725374059e-01
-2.087356641470119456e-01
-2.118413677856041399e-01
-2.201398137535695021e-01
-2.259267497492107868e-01
-2.296524192102993300e-01
-2.386057796787746099e-01
-2.467575761245921484e-01
-2.594600281466155067e-01
-2.689585276195531893e-01
-2.845621084019314129e-01
-3.032628893277991011e-01
-3.242212233311692060e-01
-3.399158102550330351e-01
-3.511119453727924444e-01
-3.652846676258441061e-01
-3.751971755000931275e-01
-3.882278220137458380e-01
-3.972546813795045928e-01
-4.030548679973109394e-01
-4.091217497570311945e-01
-4.192763701341444271e-01
-4.263702666983963940e-01
-4.309566175369672347e-01
-4.399694070968995785e-01
-4.462571688550722726e-01
-4.566535797156099363e-01
-4.672425251992984307e-01
-4.748962079278964410e-01
-4.896660978213978055e-01
-5.070101554028887403e-01
-5.200048851357061963e-01
-5.353906364829881248e-01
-5.501945049600882598e-01
-5.668933498285313455e-01
-5.848904428020906821e-01
-6.018462346911851446e-01
-6.157329043970831695e-01
-6.292748190722232682e-01
-6.385992553528309079e-01
-6.445091856572978672e-01
-6.532896895859137132e-01
-6.589785527112896890e-01
-6.622393540274409407e-01
-6.679342038261796288e-01
-6.769576795581185857e-01
-6.832965522249209167e-01
-6.918652660281169320e-01
-6.979374928256034671e-01
-7.118491747441046957e-01
-7.276124306523905627e-01
-7.441260158568000493e-01
-7.615936279524799790e-01
-7.744467693364229799e-01
-7.933455766843742207e-01
-8.072400578187735043e-01
-8.169311556607141700e-01
-8.231969092956703538e-01
-8.267560244180863771e-01
-8.235007437359294080e-01
-8.195627054608357609e-01
-8.153502154111275102e-01
-8.111671796973375370e-01
-8.072266202328982621e-01
-7.985680856826645746e-01
-7.913526835354677269e-01
-7.805149211482971250e-01
-7.717960634156411093e-01
-7.598761456130894709e-01
-7.505229583524115622e-01
-7.386352643990808930e-01
-7.296987899816257395e-01
-7.232861049878290816e-01
-7.189644132540482513e-01
-7.109261262241657331e-01
-7.005149255062754765e-01
-6.928941618919918222e-01
-6.831214213948998415e-01
-6.761456466372127716e-01
-6.659511053497668698e-01
-6.542755633391860171e-01
-6.402190989900699014e-01
-6.297750945477049722e-01
-6.223900277038177942e-01
-6.175209165986647042e-01
-6.089235078227891451e-01
-6.028739733956040014e-01
-5.949725468597553135e-01
-5.895272831660969270e-01
-5.860687991401316577e-01
-5.841684509666581482e-01
-5.834483460052538595e-01
-5.835852412092128461e-01
-5.784666617651034182e-01
-5.747646050391719275e-01
-5.722517270537096357e-01
-5.707052011788344981e-01
-5.661268243708037495e-01
-5.628417978118789300e-01
-5.606212771467513623e-01
-5.592521630086462192e-01
-5.644134987402096293e-01
-5.689510110211055682e-01
-5.670280534939700079e-01
-5.655187260804919180e-01
-5.643764182724997358e-01
-5.635497923074674897e-01
-5.629867015896856675e-01
-5.626370337802806265e-01
-5.587834971596921108e-01
-5.499112410417701380e-01
-5.428240808393158812e-01
-5.373502454436549503e-01
-5.332861082380706552e-01
-5.210306941738584996e-01
-5.115163466319874175e-01
-5.043997883500144219e-01
-4.900828025488797035e-01
-4.792019233150899282e-01
-4.652119394127303131e-01
-4.547373344394298744e-01
-4.443395045236282481e-01
-4.370373480919811371e-01
-4.261375663077107134e-01
-4.183211381420668395e-01
-4.068799520346197962e-01
-3.985761608096103359e-01
-3.929068772127208842e-01
-3.893808938451506219e-01
-3.812298441926829096e-01
-3.754681429941335580e-01
-3.628469095658408694e-01
-3.534720316331065870e-01
-3.404255421359645428e-01
-3.372338159450960493e-01
-3.293185595756129569e-01
-3.238427434230157775e-01
-3.138572017933858316e-01
-3.066000451256352122e-01
-3.016388411039541140e-01
-2.985471123824330331e-01
-2.883588944438322255e-01
-2.809028534177306913e-01
-2.822776965389786064e-01
-2.842715877763022370e-01
-2.865869330496606526e-01
-2.890028623260281204e-01
-2.913620575081410369e-01
-2.935587163989992199e-01
-2.890773745642876147e-01
-2.855056236306450224e-01
-2.762532820645482445e-01
-2.688720067331740182e-01
-2.566118082575652437e-01
-2.469974438720938803e-01
-2.381356294109677751e-01
-2.250791972845014310e-01
-2.152464576032133703e-01
-2.015364292091685883e-01
-1.913089661627720428e-01
-1.840435193674474501e-01
-1.725494884672267304e-01
-1.642122149767599737e-01
-1.585178026991047595e-01
-1.549675524609290811e-01
-1.463724141546536295e-01
-1.335078653830683582e-01
-1.230719596843494745e-01
-1.089549832844589616e-01
-9.857422319320652271e-02
-9.131905249287175508e-02
-7.990942167885339842e-02
-7.843278350423621426e-02
-7.840257562224350885e-02
-7.937835150029037834e-02
-8.100244849775828371e-02
-8.299264377678960969e-02
-8.570728163106955400e-02
-8.774705286344119948e-02
-8.295925429302974941e-02
-7.922234868476230041e-02
-7.641392221026355180e-02
-6.768062613695313701e-02
-6.083139387080693794e-02
-4.892479813644978748e-02
-3.968229800800404661e-02
-2.586771419708511210e-02
-8.832850911415057737e-03
4.229315589349136317e-03
2.055220113962974438e-02
3.945171484794962602e-02
5.358448258906345352e-02
7.036174366930381119e-02
8.253851845109294594e-02
9.756249270255468176e-02
1.149043522595729616e-01
1.274195401800226612e-01
1.359289597966224505e-01
1.412118604779009079e-01
1.449419623291099413e-01
1.533047700323213469e-01
1.589482096523531229e-01
1.690838437593285004e-01
1.829580764413005767e-01
1.931534602429867409e-01
2.002467919744617131e-01
2.048064042510981952e-01
2.073626394157317421e-01
2.083904505150762088e-01
2.083008456603752112e-01
2.074385976914638885e-01
1.994408524553084039e-01
1.990305733472690353e-01
1.984344481329607390e-01
1.977405482994583075e-01
1.970152651416912093e-01
1.963064214474516955e-01
1.969726348352138778e-01
1.974708982258979173e-01
1.978240261648969156e-01
1.980560311824264286e-01
1.981904839054098311e-01
1.968917716026461484e-01
1.957961283961662247e-01
1.948985872403357078e-01
1.941850675537390991e-01
1.936361558273311800e-01
1.932298727370176383e-01
1.929436406267883708e-01
1.940612732254134443e-01
1.937099507024608869e-01
2.014512413415900927e-01
2.078396507757924727e-01
2.114985104969759888e-01
2.156642850182095561e-01
2.254855159249360419e-01
2.249836965060474370e-01
2.307200964808207022e-01
2.349854163670044294e-01
2.445507293990707431e-01
2.518590511239557905e-01
2.654312437465329300e-01
2.759468920972458772e-01
2.837751918801483253e-01
2.893144889959562427e-01
2.994151945917533642e-01
3.068088918921210162e-01
3.119318566926296832e-01
3.152065566940120966e-01
3.234038231613405312e-01
3.314821869275332844e-01
3.373203273597076279e-01
3.476600523466566450e-01
3.552953909129721310e-01
3.542785581608765000e-01
3.501979015402891804e-01
3.461680216654383635e-01
3.423869059212281130e-01
3.389770584041382762e-01
3.360032408827458017e-01
3.334874080465803914e-01
3.314209926166875597e-01
3.297748065504937376e-01
3.285068593895947853e-01
3.338763830702751179e-01
3.320660826181800473e-01
3.390677195335869420e-01
3.448564411263697060e-01
3.494866261060460833e-01
3.530579751312989956e-01
3.620301458086554458e-01
3.690365494831977511e-01
3.743038103726181731e-01
3.780829132074643439e-01
3.806276558484098516e-01
3.821798918784702348e-01
3.829601653261420768e-01
3.831624841397089920e-01
3.829521683131702492e-01
3.824658989795413078e-01
3.818132676382102186e-01
3.810792744150499622e-01
3.865564101535718944e-01
3.909012852478725986e-01
4.030026764868346323e-01
4.126654492163919219e-01
4.201135100554460600e-01
4.256209977421518964e-01
4.294825863048172820e-01
4.319915301707899502e-01
4.334243849076384603e-01
4.340312429311683484e-01
4.340303537158223257e-01
4.336060947910074237e-01
4.267636946875688064e-01
4.208620469341399772e-01
4.159323771058760499e-01
4.030137697537194974e-01
3.926518190325960500e-01
3.846108207601623974e-01
3.786030763974617130e-01
3.680357795803614884e-01
3.663282906914806514e-01
3.656807038884286598e-01
3.595022872819155779e-01
3.613109937071576905e-01
3.570615620343848828e-01
3.540259582220639523e-01
3.519986102461396538e-01
3.507824345661831877e-01
3.438169549967233785e-01
3.384609181928031063e-01
3.345169775511078747e-01
3.295606063490164050e-01
3.196149292388885677e-01
3.120210411311103993e-01
3.064569129602758846e-01
3.025927603990903325e-01
3.001111862612120262e-01
2.987200073260711797e-01
2.981596223840288218e-01
2.917632981841007389e-01
2.869490291460017328e-01
2.834942968440581357e-01
2.811716874466587690e-01
2.862585381896782799e-01
2.908607869767312337e-01
2.884144075246437566e-01
2.930151468237920387e-01
2.904567512810241059e-01
2.883933109846834597e-01
2.867842928510604406e-01
2.855773382580850672e-01
2.847145804977566641e-01
2.841373825865121105e-01
2.837896997968134549e-01
2.836202903573490364e-01
2.770589960908247384e-01
2.717676187828470535e-01
2.676444249723988200e-01
2.579612113871789791e-01
2.503388322258153220e-01
2.362945549191257655e-01
2.254470544467201965e-01
2.107507565215451795e-01
1.929561997279951591e-01
1.727253971908062624e-01
1.506359776919790061e-01
1.263251102872473552e-01
1.082549303175073252e-01
9.543603114478704796e-02
8.021565037735101100e-02
7.011181065646221455e-02
5.683863954004952923e-02
4.731078966720070333e-02
4.126581266649198554e-02
3.120505284663521728e-02
2.445310040500547899e-02
2.035161804919916051e-02
1.830623016417876059e-02
1.791818341863704589e-02
1.848643655916992756e-02
2.655091005223120249e-02
3.403764761339700406e-02
3.356013761658260819e-02
4.038633632933241735e-02
3.905417137990996324e-02
3.795155999171662131e-02
3.731908903834901814e-02
3.683095994157459252e-02
3.622146508072288107e-02
2.896981992678560047e-02
1.644989463947266195e-02
6.288438696367970593e-03
-8.335588123645765180e-03
-1.966198385354922529e-02
-3.486926993157912769e-02
-4.637904586023133824e-02
-5.472307720341040849e-02
-6.043506028627998461e-02
-5.769202329085754144e-02
-5.403554223727757844e-02
-5.027621371183221832e-02
-4.664387317444962378e-02
-4.329117129264514752e-02
-4.030935277379699144e-02
-3.774233873029331221e-02
-4.262441377799319753e-02
-4.635900872004006246e-02
-4.964688803655570304e-02
-5.185033570822916715e-02
-6.021701374561172493e-02
-6.681347709989715611e-02
-7.183595832285072369e-02
-8.222444026407149664e-02
-9.022981129003038170e-02
-9.616251168007416972e-02
-1.070228225057039406e-01
-1.159856707908908380e-01
-1.217779916797232520e-01
-1.323263257047910813e-01
-1.467312359428856183e-01
-1.586114783301699749e-01
-1.673568458439915752e-01
-1.800937789817476098e-01
-1.960656888117335850e-01
-2.079359667549924851e-01
-2.229093908746702102e-01
-2.337791661821175815e-01
-2.412303654338305847e-01
-2.409971385510041308e-01
-2.378765813796035467e-01
-2.342501336644435828e-01
-2.304639762248923418e-01
-2.282972184204292709e-01
-2.327368075033431349e-01
-2.360803135327298463e-01
-2.384766280506944724e-01
-2.467463809184207157e-01
-2.531506707614332718e-01
-2.579159340248435850e-01
-2.678946272317805910e-01
-2.839486108037081458e-01
-2.964778975657735849e-01
-3.058739369665244290e-01
-3.125806964689217260e-01
-3.235871939035148692e-01
-3.315770272457372325e-01
-3.370510391867636013e-01
-3.404901543614802240e-01
-3.423351977589168538e-01
-3.365156886243612089e-01
-3.309885194266248831e-01
-3.259570133171560968e-01
-3.215374881089501091e-01
-3.177788776997856335e-01
-3.146802377246502580e-01
-3.122057797105761701e-01
-3.102973123317931403e-01
-3.088841572358742571e-01
-3.078907397105803412e-01
-3.072421341005853179e-01
-3.068678798823314402e-01
-3.132644133465070091e-01
-3.185951361158412265e-01
-3.293957550729977868e-01
-3.380267841842319321e-01
-3.447060278090621210e-01
-3.584315337732306705e-01
-3.691768001907151930e-01
-3.836196581064539313e-01
-3.945860099813438548e-01
-3.999050760462601328e-01
-4.058356094000339365e-01
-4.159352618907630195e-01
-4.232473912765044588e-01
-4.310650313965547209e-01
-4.427208419656141203e-01
-4.513163602306196065e-01
-4.664749374947876337e-01
-4.839808119313124823e-01
-5.003830096685164541e-01
-5.185693206867236782e-01
-5.319892918765258827e-01
-5.413688493248225431e-01
-5.474344024273332110e-01
-5.508702781166054940e-01
-5.522932889894920372e-01
-5.463502586298698560e-01
-5.463489392837630465e-01
-5.456160909816456517e-01
-5.444138477315025870e-01
-5.429490746347054309e-01
-5.472685271317692113e-01
-5.504956801139504474e-01
-5.527996121755474057e-01
-5.543447971948372022e-01
-5.588936425583945766e-01
-5.681356387368403649e-01
-5.810712126726972349e-01
-6.005527496347367045e-01
-6.101979163927018224e-01
-6.227267555514047759e-01
-6.359931826045404080e-01
-6.458295079271949568e-01
-6.581878414433806057e-01
-6.670802028819796670e-01
-6.730978115804508999e-01
-6.821133321974987007e-01
-6.926336890554413150e-01
-7.053351986512409466e-01
-7.189849392155862606e-01
-7.289839531761291846e-01
-7.409465402044274063e-01
-7.540576251937982644e-01
-7.635228976134272871e-01
-7.699358027539796590e-01
-7.787584010337507134e-01
-7.895436934736840273e-01
-7.971942519416589379e-01
-8.069960127409566697e-01
-8.137959397207206180e-01
-8.231476552630397903e-01
-8.297171793418613994e-01
-8.385735442171750043e-01
-8.447172251901610140e-01
-8.537767370312216997e-01
-8.602114887990904846e-01
-8.592914421240703815e-01
-8.575727480015027382e-01
-8.509217185196336075e-01
-8.448374470781860879e-01
-8.394710350598114657e-01
-8.348912063664277738e-01
-8.260507988744471009e-01
-8.189408195901567433e-01
-8.134030783371327678e-01
-8.045339019046834350e-01
-7.976517704571274292e-01
-7.925258092622301520e-01
-7.889006645598873879e-01
-7.865172875595999313e-01
-7.802848373962951722e-01
-7.708423245147987268e-01
-7.686002468703670987e-01
-7.672584147120661280e-01
-7.667437310234752612e-01
-7.668417475595110666e-01
-7.673669419871186337e-01
-7.679925553704834984e-01
-7.688124779691750676e-01
-7.697279183093858057e-01
-7.654464606315932729e-01
-7.620112466036725873e-01
-7.539932263768388543e-01
-7.420592220987277665e-01
-7.380860116444377672e-01
-7.354013761449451625e-01
-7.287247988422843603e-01
-7.238461526106598765e-01
-7.204713063187500044e-01
-7.183138235990784715e-01
-7.122623187542971301e-01
-7.022993100638879049e-01
-6.947285943237195838e-01
-6.835281884740309621e-01
-6.646555411579631034e-01
-6.441067258264243645e-01
-6.221785496574049334e-01
-5.948711896627710827e-01
-5.676063477948365410e-01
-5.430222798603776546e-01
-5.185808695017934955e-01
-4.838857357641328516e-01
-4.578946266909951213e-01
-4.293133386741716517e-01
-4.019703528990468122e-01
-3.727604591229003450e-01
-3.424703917797780051e-01
-3.117774317130830308e-01
-2.832556545789908231e-01
-2.544898463999432092e-01
-2.275302008995307990e-01
-2.088589820789155116e-01
-1.884751766698531394e-01
-1.680064481818290822e-01
-1.541989012563227401e-01
-1.387221462121057680e-01
-1.216132187863783187e-01
-1.092167346287373775e-01
-9.453820115432765014e-02
-7.835036711703469159e-02
-6.707442662335649786e-02
-5.276974125075639677e-02
-3.581354055688690252e-02
-1.661759369902382488e-02
-2.778617582145814779e-03
6.611617276016001910e-03
1.242170591613533936e-02
1.537138585045116912e-02
1.613383688600000809e-02
1.531001386008723486e-02
1.341407209344702700e-02
1.086822893030481296e-02
8.004954595290936226e-03
1.252594722695232754e-02
1.579328823407322169e-02
1.801289531449823400e-02
1.938518443470238495e-02
2.009532002185054900e-02
2.030752842349747844e-02
2.758885845553704641e-02
3.326164051802127375e-02
3.724038582030297917e-02
4.767707474060722816e-02
6.267350004778338146e-02
7.419885906921219743e-02
8.274440810229855003e-02
9.667092328361626130e-02
1.144455792383927140e-01
1.279878802341374300e-01
1.450779327935602936e-01
1.577564878258208569e-01
1.666937006789042108e-01
1.797314470612449977e-01
1.889877113093545447e-01
1.951304006282985615e-01
2.002332352025566475e-01
2.017120322430461243e-01
2.032457468418964464e-01
2.092207692773138117e-01
2.132276117995091091e-01
2.156648522514985622e-01
2.239803918229210655e-01
2.300572418130477637e-01
2.342701396447992579e-01
2.369736905393577953e-01
2.384904491431660833e-01
2.391046333079649422e-01
2.443012919702507446e-01
2.480233993441713913e-01
2.505463402543257612e-01
2.588990784127356282e-01
2.652205436281847017e-01
2.698199193475951940e-01
2.729945765289443216e-01
2.816776434994481271e-01
2.882129828201078769e-01
2.949287612976458917e-01
2.998261947443272568e-01
3.098550133134789775e-01
3.240529094115820463e-01
3.348859678418949493e-01
3.493638649863413104e-01
3.601499584516558716e-01
3.742672482692315228e-01
3.871792052702902609e-01
4.029430040130865809e-01
4.145288955825943145e-01
4.225985724805871868e-01
4.340873098867363833e-01
4.450831100462928624e-01
4.590416292906218665e-01
4.691217303589352294e-01
4.853536022397728633e-01
5.034409207828520749e-01
5.167271076952768549e-01
5.294861148699212539e-01
5.384041593441599716e-01
5.441432850069030103e-01
5.473423267041530593e-01
5.485884992449716613e-01
5.484001274856755703e-01
5.472183310917291266e-01
5.514571267340337979e-01
5.542310681925952665e-01
5.498398051882993354e-01
5.456515777228800879e-01
5.418265316469166315e-01
5.384574163928415036e-01
5.355847547946697151e-01
5.332103627900925957e-01
5.277355016529052811e-01
5.269215612061599607e-01
5.203045965201118506e-01
5.115360160562558711e-01
5.046814601815734491e-01
4.995143477448633629e-01
4.957887137926864085e-01
4.932586392000410935e-01
4.854762661423492887e-01
4.795521469233183787e-01
4.720233942874965116e-01
4.602166576702726442e-01
4.512102735966989631e-01
4.446249347110249328e-01
4.307569827135315776e-01
4.203112295176978375e-01
4.127769652565425051e-01
4.012531933623602054e-01
3.901543644197931204e-01
3.758011903928839548e-01
3.676854352424667738e-01
3.597451649357306103e-01
3.479316662293028273e-01
3.393940141935538612e-01
3.270029553133795286e-01
3.179840961130599997e-01
3.030320890269253553e-01
2.920659511246355144e-01
2.777606507376564338e-01
2.673701695885395413e-01
2.535180758687993752e-01
2.435175318788089793e-01
2.299326449595917587e-01
2.201588909329772470e-01
2.120934885884691035e-01
2.083770702552383280e-01
2.066413976987631074e-01
1.994970957350403751e-01
1.932756676589209022e-01
1.823379745429067889e-01
1.743708024740604490e-01
1.620045169220021286e-01
1.528968253994957838e-01
1.396309946974878535e-01
1.229256822624686940e-01
1.104114395948549987e-01
9.451302488064672325e-02
8.284270032867580014e-02
7.474361550528585418e-02
6.956550144425555082e-02
6.669883277110999487e-02
6.559559814442850190e-02
6.578006838524741440e-02
6.685228264863263270e-02
6.145728552539186929e-02
5.764807506882330124e-02
5.514589128529268081e-02
5.368692186747536788e-02
5.303192111569443590e-02
5.297155392251395867e-02
4.595637891950787868e-02
4.758851402426023114e-02
4.239711135988688540e-02
3.849698855814853715e-02
2.859651865718837449e-02
2.115327040056813601e-02
1.547910580257960689e-02
1.146818705384733406e-02
2.072264080014818433e-03
1.730116236272838393e-03
2.119340205730457782e-03
3.001741717031602974e-03
4.183940581392597835e-03
5.514149563058845516e-03
6.877893113854893770e-03
8.193069867871383138e-03
9.404745798009761515e-03
1.726491110192629463e-02
2.381830592992995044e-02
2.905987391115538720e-02
3.310851221873623018e-02
3.611038122310827880e-02
3.822306638997452488e-02
4.649447861335387344e-02
5.292317582194328018e-02
5.772824356121741829e-02
6.114873229210049388e-02
7.030331603442796506e-02
7.727584160350442488e-02
8.922149994362005287e-02
1.051562163855210841e-01
1.173559537542314679e-01
1.322113665905619850e-01
1.440811506474761750e-01
1.593088749483959621e-01
1.771884659383973215e-01
1.904309789807503428e-01
2.063810316552343593e-01
2.244530518284433285e-01
2.375957866340596691e-01
2.531290117149409546e-01
2.705501371081353579e-01
2.848946509912611003e-01
3.013445509692671553e-01
3.130834749638902181e-01
3.272589310352655989e-01
3.371169607048725148e-01
3.434617487699618277e-01
3.470333680169706003e-01
3.570661973573407977e-01
3.640345434140221936e-01
3.684824024775819051e-01
3.709263693690836305e-01
3.718363553302725943e-01
3.716242037066339599e-01
3.643027420876046030e-01
3.576142972189291225e-01
3.517259751307315607e-01
3.467119714571016420e-01
3.425767672717032752e-01
3.328029843082656036e-01
3.249360444107201040e-01
3.209977176135048182e-01
3.247977395638252940e-01
3.283819116708504016e-01
3.405541827224189966e-01
3.532204497417528177e-01
3.703378515406343663e-01
3.840845638354928315e-01
4.041579398731098838e-01
4.264734650663859483e-01
4.500982403117732566e-01
4.742556143277105729e-01
4.983464010614890860e-01
5.158295436465152317e-01
5.278882369841564337e-01
5.415860788535937775e-01
5.543503914093921292e-01
5.629200576971618020e-01
5.681301249966965727e-01
5.765572407490349160e-01
5.857561970182126876e-01
5.919242737779868424e-01
5.956413929056654233e-01
6.071998299217209460e-01
6.213307520652033844e-01
6.373376218024693340e-01
6.490550597599278326e-01
6.614619175467675305e-01
6.702683387369346990e-01
6.760921446491117148e-01
6.795232149415291190e-01
6.811007279557705907e-01
6.758193287311075048e-01
6.705168044222531432e-01
6.611136774110875081e-01
6.530262196079719139e-01
6.462810936881678847e-01
6.351623894977275198e-01
6.262067194383075242e-01
6.192404287547814690e-01
6.082113081139526312e-01
5.996821883510505824e-01
5.933687999656233059e-01
5.889494025556896162e-01
5.800674461415932237e-01
5.734755246223776082e-01
5.688515704672825191e-01
5.658590421650551150e-01
5.641707702055942519e-01
5.674198559220084981e-01
5.707260063698722519e-01
5.738952276822917309e-01
5.767972206094188481e-01
5.793549151854691104e-01
5.815334676078353082e-01
5.854319695853474892e-01
5.926272437181860919e-01
5.983714092595978640e-01
6.088473960087407155e-01
6.271931493855333883e-01
6.372831315207196923e-01
6.604294414460567531e-01
6.781875200616358512e-01
6.958916207997201120e-01
7.144152927652458462e-01
7.379669563229801499e-01
7.606624634802018337e-01
7.821475575573707539e-01
8.026564450676827445e-01
8.172708198844680361e-01
8.368623853673430313e-01
8.507988429423638532e-01
8.601065713761697484e-01
8.710055179827478344e-01
8.781457415356528351e-01
8.910502254440019199e-01
9.052911560347342013e-01
9.195116746416182041e-01
9.169882181161780332e-01
9.175016432328281235e-01
9.166300225282483227e-01
9.148291348000858747e-01
9.180519912547558947e-01
9.299504409078477307e-01
9.348735309979129271e-01
9.381616690358958177e-01
9.459781804597084953e-01
9.619425806815180557e-01
9.743378538763217689e-01
9.896861714996346704e-01
1.005244838561911269e+00
1.016681786911623142e+00
1.024644318695275835e+00
1.029774318736537797e+00
1.028902056367110296e+00
1.020718989206433225e+00
1.023186647901626500e+00
1.024583687625037820e+00
1.021358125572442876e+00
1.022052775284057358e+00
1.022282827697864160e+00
1.022179602313840974e+00
1.021851188118423792e+00
1.021384037456451122e+00
1.020845210702336914e+00
1.020284918414620101e+00
1.019739126489918934e+00
1.019232072257700628e+00
1.018778596461645591e+00
1.018386235770108783e+00
1.018057048440727197e+00
1.017789165697406073e+00
1.017578075581420549e+00
1.007412747191273272e+00
1.009127681653279485e+00
1.010753914073099224e+00
1.002200269608399807e+00
1.005339984412497945e+00
1.004253915114201590e+00
1.003503184510763813e+00
1.006971409140634099e+00
1.009924619284925384e+00
1.008472537536539537e+00
1.011158133919310309e+00
1.003257155712226290e+00
9.967515325893899769e-01
1.001671105113232763e+00
9.958299436452292541e-01
9.972853090312838731e-01
1.002645044951994802e+00
1.007136302502271707e+00
1.006896213200066725e+00
1.006602474790667889e+00
1.010208185144737092e+00
1.002987611994664352e+00
1.003146924874879442e+00
1.003329842959667539e+00
9.973133971451260127e-01
1.002589657909739307e+00
9.969154589835904634e-01
1.002407458042579691e+00
1.007000750594884142e+00
1.010730825867093952e+00
1.009803849475810589e+00
1.008875844293306123e+00
1.007995771532406160e+00
1.007195828163008233e+00
1.006494494467505163e+00
1.009840269449835848e+00
1.012548217588168153e+00
1.014673386754020967e+00
1.026293886301706593e+00
1.031848987026987352e+00
1.039746498580428113e+00
1.045742275203732419e+00
1.050113107203514140e+00
1.053133167097741740e+00
1.064830208567765446e+00
1.073822066473790970e+00
1.080478830367313403e+00
1.094760977060306395e+00
1.105609288290090531e+00
1.119873460234120266e+00
1.133577614635246533e+00
1.143584074389367267e+00
1.150529844199543295e+00
1.155006246994033869e+00
1.157544083131412105e+00
1.158607137657731379e+00
1.152245088906025838e+00
1.146322667780037108e+00
1.138119052230079475e+00
1.131069758323879793e+00
1.118906017505756134e+00
1.115321742172096231e+00
1.112711435696273732e+00
1.110922702711722332e+00
1.109804562804839634e+00
1.099721646208753345e+00
1.088418570689148490e+00
1.079487465345567498e+00
1.066378541205921682e+00
1.056345069866935438e+00
1.045374492607377803e+00
1.027194833363837878e+00
1.006931511450197991e+00
9.854459197773350887e-01
9.653072776369694408e-01
9.342362245473396776e-01
9.049603281095269791e-01
8.732255410446160271e-01
8.498807135795882761e-01
8.282360289800586584e-01
8.033333808899110196e-01
7.807915841724709649e-01
7.652834883892777329e-01
7.455260120877814645e-01
7.273639648847528560e-01
7.099427779563018959e-01
6.936938023300058820e-01
6.775139903668815355e-01
6.569034898109253895e-01
6.367215465207813896e-01
6.183126669190353031e-01
5.998959685930034258e-01
5.926872163514262937e-01
5.890192113957424258e-01
5.880011758878554984e-01
5.831694802587075177e-01
5.806354749844172547e-01
5.740456342933608624e-01
5.659885368847383802e-01
5.545865457032645995e-01
5.426735500256678613e-01
5.281363100134657262e-01
5.140038246675278089e-01
4.977994137374550654e-01
4.798217302105449722e-01
4.665257122733874606e-01
4.479604920807194191e-01
4.281446399824186955e-01
4.136091989371013522e-01
3.971401896490247552e-01
3.854117821913733977e-01
3.750728978920392365e-01
3.619860122053222273e-01
3.529819000163252340e-01
3.407673698532527329e-01
3.257338905462516809e-01
3.149180727863383211e-01
2.988878631873390646e-01
2.893700375076559972e-01
2.744853042329407078e-01
2.571270028112575545e-01
2.445098557441132137e-01
2.290454964129307047e-01
2.180207953763231288e-01
2.037947916368436641e-01
1.937560548889203371e-01
1.858751840891201823e-01
1.741783137935271064e-01
1.661299050924331944e-01
1.610251531045558959e-01
1.582247256783100298e-01
1.513462670377414554e-01
1.457150684905190730e-01
1.352301891339260376e-01
1.206875221796419595e-01
1.090477638458462462e-01
9.454324609376207889e-02
8.324785403090584346e-02
6.847453787989499219e-02
5.122176744033035689e-02
3.838481192786780127e-02
2.217580169433053250e-02
1.059407919365251693e-02
-4.347726369752669129e-03
-2.208415142433017841e-02
-4.205581053813967074e-02
-5.671001363328476153e-02
-6.687211759692579527e-02
-8.038694477345842415e-02
-8.970878020967165689e-02
-1.019085134520714142e-01
-1.101554852347250701e-01
-1.229724274055867816e-01
-1.320095405062096106e-01
-1.379361693011715850e-01
-1.482781223761759914e-01
-1.623208711078241162e-01
-1.725005037014266662e-01
-1.862925588495991658e-01
-1.962061410854849530e-01
-2.029106401623390621e-01
-2.152762969780110947e-01
-2.310077552848204263e-01
-2.426145138206718954e-01
-2.574875537761907029e-01
-2.749468843095883575e-01
-2.963692803256001707e-01
-3.190189622420422921e-01
-3.423384294829481256e-01
-3.593795475564627306e-01
-3.737126830431012348e-01
-3.899269726840195460e-01
-4.011885117791038624e-01
-4.083996867545631737e-01
-4.096140597479798195e-01
-4.152394716416436538e-01
-4.183597960831744178e-01
-4.196031380101308272e-01
-4.257046252037763878e-01
-4.325354487803472203e-01
-4.343555698501631035e-01
-4.378126362917451608e-01
-4.398783138466144660e-01
-4.408602047022291970e-01
-4.472118103971638448e-01
-4.579795053663280324e-01
-4.692150124414389278e-01
-4.838086755032600106e-01
-5.008932414366260577e-01
-5.171376039973951677e-01
-5.351931649620342846e-01
-5.579930695172874433e-01
-5.809114204717868990e-01
-6.034509196818971244e-01
-6.237420894687580875e-01
-6.383383277942291656e-01
-6.535755988659126547e-01
-6.639490954628534114e-01
-6.704249963181605487e-01
-6.686159743398193411e-01
-6.654696158646845605e-01
-6.615482728370002397e-01
-6.572884688544574638e-01
-6.476071619951037084e-01
-6.390535402206788396e-01
-6.277165837220903821e-01
-6.224328377221653996e-01
-6.143408759663038232e-01
-6.024334322975875011e-01
-5.930911443253187310e-01
-5.822658012372228242e-01
-5.684606943712553484e-01
-5.579827885557544498e-01
-5.445483837884363965e-01
-5.251536064357555933e-01
-5.071013721681869590e-01
-4.878595466298865091e-01
-4.736496555862581559e-01
-4.546362043365543837e-01
-4.347386167057298856e-01
-4.202180355930065225e-01
-4.101941550786789570e-01
-3.976191738936001308e-01
-3.802215021185815225e-01
-3.677129678124364531e-01
-3.529452803362285174e-01
-3.425482298957092109e-01
-3.293577391756865591e-01
-3.201589073885844350e-01
-3.077596451957325119e-01
-2.991078201298027484e-01
-2.915774140451607988e-01
-2.803911208296183677e-01
-2.660713766891162901e-01
-2.474393039059732402e-01
-2.337536494051413172e-01
-2.241967748762816459e-01
-2.179895788214614161e-01
-2.144222955434627043e-01
-2.063073004238853425e-01
-2.008649052274122937e-01
-1.975695234190153471e-01
-1.893383288305763301e-01
-1.835432156263261394e-01
-1.731024682228019529e-01
-1.654515825120312922e-01
-1.524179284662816602e-01
-1.361450191805109178e-01
-1.239757896556761274e-01
-1.086186981590011591e-01
-9.735074264486986984e-02
-8.283247221439982155e-02
-6.563050361727174042e-02
-5.969123881885862737e-02
-5.637596170248260208e-02
-5.506212370531082811e-02
-5.521162105827914779e-02
-5.637294863455166727e-02
-5.817832749834384032e-02
-5.362218598777968026e-02
-5.042134807604914393e-02
-4.833445131459135347e-02
-4.040259724686423581e-02
-3.437650454684315626e-02
-2.325451380701415438e-02
-7.991370482766102512e-03
1.052286707699146007e-02
2.473925971447576977e-02
4.195104276413386124e-02
6.148863226027856399e-02
7.603914271962919358e-02
8.635762381154132861e-02
9.319365553060210416e-02
9.725071600527646076e-02
1.058437831429046572e-01
1.116142851090233812e-01
1.217780016492495676e-01
1.289526931838229640e-01
1.403010196462286530e-01
1.484676432125189294e-01
1.605841732219874807e-01
1.770755534171961632e-01
1.894799619361819953e-01
2.115212529301846445e-01
2.281790513982748791e-01
2.418142029735115273e-01
2.514138744971003980e-01
2.559304285033974224e-01
2.580299192968309452e-01
2.583462473734172704e-01
2.508908998653645028e-01
2.438025423688356952e-01
2.373438264751757121e-01
2.316645419800420491e-01
2.202457836378191036e-01
2.108476069741800352e-01
2.033584135926842507e-01
1.975981619499380670e-01
1.933488074697138348e-01
1.903776619696118111e-01
1.884544406842152409e-01
1.940157308352472576e-01
1.989861747786465518e-01
2.113090970781688060e-01
2.281964538586014335e-01
2.484660674070160447e-01
2.645053628349627317e-01
2.767482797696350083e-01
2.857035951153457098e-01
2.983868178236572799e-01
3.076009023583454738e-01
3.139293707522736732e-01
3.179268141179489859e-01
3.200982421877474060e-01
3.208882502706387196e-01
3.206769188528328929e-01
3.197802679716987839e-01
3.205723105498603509e-01
3.271918249165313153e-01
3.322202318196056936e-01
3.381280953683187818e-01
3.513840040742550741e-01
3.683987766149048326e-01
3.843211734099651888e-01
4.059233799107730967e-01
4.293020440112393921e-01
4.502581299860388686e-01
4.724510141490336768e-01
4.987077418775525128e-01
5.182666105214959185e-01
5.357996383996621592e-01
5.543290596274701443e-01
5.671999887944465524e-01
5.754181827936541982e-01
5.861469097363143366e-01
5.928773421943933641e-01
5.964959240565992360e-01
6.038144986509973444e-01
6.142250533569015847e-01
6.370750805454069576e-01
6.597271040916444784e-01
6.861719794266804007e-01
7.110370906317244888e-01
7.387605304647185678e-01
7.637785663186404950e-01
7.867944021289405843e-01
8.080216188688129630e-01
8.276439554076568950e-01
8.462777781342590844e-01
8.643882270260284661e-01
8.770000986362338491e-01
8.948329880665816249e-01
9.226172058576609381e-01
9.490730324111749105e-01
9.784547079280037085e-01
1.009895879692057852e+00
1.038997343608301316e+00
1.066237828126304521e+00
1.095365004099771333e+00
1.116094301402778433e+00
1.129851763686129607e+00
1.147544145025313878e+00
1.161941981324577267e+00
1.170853238664890661e+00
1.182056520264591404e+00
1.188937081939120288e+00
1.192472318592964431e+00
1.209095327952272925e+00
1.214490063954778432e+00
1.217216732438775928e+00
1.224487447725307376e+00
1.222616860241449999e+00
1.219887945738785451e+00
1.216705018897763280e+00
1.213372130033659069e+00
1.203635776526227108e+00
1.195336466119080843e+00
1.188467099478229816e+00
1.180326214186442568e+00
1.170121311491701732e+00
1.168522594249231439e+00
1.161391905967518845e+00
1.162333396451388889e+00
1.163618221546427023e+00
1.156005368388829169e+00
1.152860950237564630e+00
1.147900342099129833e+00
1.144228868172560531e+00
1.135353863566226140e+00
1.134832476318268890e+00
1.125677619853752809e+00
1.118599878503378608e+00
1.113363078953913732e+00
1.109700001778614498e+00
1.107336400723243797e+00
1.106008644579907774e+00
1.105475557532830333e+00
1.102326749715774268e+00
1.093774451235442813e+00
1.083830865916678210e+00
1.076127297816118933e+00
1.070424695224636569e+00
1.066441140655033815e+00
1.057512586367198804e+00
1.040962522199843088e+00
1.028173228280944818e+00
1.018693402201017673e+00
1.005868378043113243e+00
9.965524642527265886e-01
9.870212475945935315e-01
9.378014825854836811e-01
8.993833097752503836e-01
8.731960558976836762e-01
8.497771058427597834e-01
8.239137005364772781e-01
8.105674880521956949e-01
8.021230545582960225e-01
7.975094875139268069e-01
7.910714607405346932e-01
7.875944580970364317e-01
7.815630098627006639e-01
7.731875507909469203e-01
7.676067817522910230e-01
7.595221861753027603e-01
7.490614780085107505e-01
7.369427367579677313e-01
7.230790815129857219e-01
7.031518872944051424e-01
6.827603384347163962e-01
6.674499904034133513e-01
6.509604736568926908e-01
6.291581647538945221e-01
6.130065168105127693e-01
5.918389541693966915e-01
5.705377365226322883e-01
5.513696704737887089e-01
5.283039633716981598e-01
5.056867600521692818e-01
4.800545801793061340e-01
4.616026915563959943e-01
4.398107062582834459e-01
4.154781475513775746e-01
4.009339607771940095e-01
3.825818191190930584e-01
3.699994369917012360e-01
3.556582598167368214e-01
3.396192227484549075e-01
3.198169042246936655e-01
3.057143672183770811e-01
2.963052670015056123e-01
2.860134654457731074e-01
2.774657118731322925e-01
2.655829174194961340e-01
2.574852470470165855e-01
2.457257027439945229e-01
2.307821655058412968e-01
2.199880505971327782e-01
2.058028954068806815e-01
1.887271521551840969e-01
1.692526680312522736e-01
1.478466286639847915e-01
1.320380723622440744e-01
1.067553569487516008e-01
8.076132755651888040e-02
5.399401923323532415e-02
2.751980674245801950e-02
1.426164627915005312e-03
-2.424365485500090678e-02
-4.242591813224527719e-02
-5.448948924059671128e-02
-6.126534106253433976e-02
-6.479183798085985657e-02
-5.857783455560938712e-02
-5.165464328174329545e-02
-5.160110341248569377e-02
-5.020424107462173602e-02
-4.859539445935023849e-02
-5.361771988182773008e-02
-5.723145924329120504e-02
-6.667907578783660583e-02
-8.090877190897005633e-02
-9.891198275962809205e-02
-1.127966974785648002e-01
-1.300350811830248698e-01
-1.498474453884368618e-01
-1.658108766666166467e-01
-1.843945318336819295e-01
-2.049773112548582965e-01
-2.201143183023426264e-01
-2.375046739679682606e-01
-2.634184450134766653e-01
-2.844992494884892587e-01
-3.064202648543270513e-01
-3.221666830498977063e-01
-3.350962704597744146e-01
-3.502552672427545755e-01
-3.672441879311176827e-01
-3.856398958499211993e-01
-3.985552250623791704e-01
-4.162793508338684667e-01
-4.288264321000869739e-01
-4.370954710506735896e-01
-4.514096061458126030e-01
-4.614232511253071323e-01
-4.775276822090124274e-01
-5.017833227260268814e-01
-5.259698524397937724e-01
-5.496416499104643805e-01
-5.763095401332566370e-01
-5.957147236324660255e-01
-6.188344870315438673e-01
-6.409394652832129946e-01
-6.607044250002420682e-01
-6.798920979937050912e-01
-7.028538241615641669e-01
-7.243943662153998764e-01
-7.440709373814732297e-01
-7.675074077680893447e-01
-7.940674052970542185e-01
-8.133330222784026509e-01
-8.362900756061921737e-01
-8.525171423185362585e-01
-8.729772021966900608e-01
-8.915743268717046810e-01
-9.095988371491774416e-01
-9.219207305366347027e-01
-9.351818035956788178e-01
-9.479413226877065890e-01
-9.619000789458714840e-01
-9.713502581502866384e-01
-9.732255846561950197e-01
-9.729370297480531837e-01
-9.711271157987534375e-01
-9.723475873470621700e-01
-9.723154014573635040e-01
-9.772651494632551561e-01
-9.806020912858633976e-01
-9.924659273782856506e-01
-1.001492871121613781e+00
-1.014078322476440253e+00
-1.033332203027760299e+00
-1.054263751162901830e+00
-1.079910671539641598e+00
-1.102599822440355704e+00
-1.125518947999754715e+00
-1.145157465710268108e+00
-1.165311672948335930e+00
-1.179601949516493997e+00
-1.198057606974583855e+00
-1.210966827670857171e+00
-1.232272301064777587e+00
-1.247785433265966359e+00
-1.265003776972595695e+00
-1.283773533390615951e+00
-1.303923001643336077e+00
-1.325270269320331318e+00
-1.349182232342161170e+00
-1.373355146089603407e+00
-1.398908867026426472e+00
-1.424041736718206552e+00
-1.448809097133002100e+00
-1.473939251986090104e+00
-1.491008797990917012e+00
-1.509579572245939749e+00
-1.528866949433396849e+00
-1.542037391316614325e+00
-1.557101834295625320e+00
-1.567096993411650985e+00
-1.573075657875353306e+00
-1.582848147984724951e+00
-1.595999918810164564e+00
-1.612048729357180354e+00
-1.630484892012139531e+00
-1.650803977271273926e+00
-1.671830091379788108e+00
-1.693693737906595942e+00
-1.710286783841699743e+00
-1.728551927011044764e+00
-1.748152493273926078e+00
-1.768760664860398180e+00
-1.783396637784143257e+00
-1.794646671542794891e+00
-1.801796145624094958e+00
-1.805677676111976826e+00
-1.807052804671422042e+00
-1.806592675394497860e+00
-1.804868566303098554e+00
-1.802350224733821893e+00
-1.792565707811778930e+00
-1.783861150045338073e+00
-1.770868917643836582e+00
-1.758626643468689021e+00
-1.750081483465675714e+00
-1.742210125842505342e+00
-1.736333889499186212e+00
-1.725113248387697862e+00
-1.715556419279816946e+00
-1.708603542912963791e+00
-1.703797600474782126e+00
-1.694663112612324163e+00
-1.687103789917930197e+00
-1.674854555024361424e+00
-1.665718547569445818e+00
-1.659836087451307840e+00
-1.648390217889493137e+00
-1.633013598830691082e+00
-1.614489112165236939e+00
-1.593526607329720957e+00
-1.577742148940310507e+00
-1.559486934910759182e+00
-1.539455922446980818e+00
-1.518088835023793770e+00
-1.495763101413661866e+00
-1.472797934363349048e+00
-1.455404163065814549e+00
-1.436464457141204853e+00
-1.415225922518534407e+00
-1.399803886301512312e+00
-1.382465021774507363e+00
-1.356734336964089405e+00
-1.337885894259700281e+00
-1.318085646622125129e+00
-1.297601948190136412e+00
-1.276679992890356719e+00
-1.249029723300187467e+00
-1.226807369899012956e+00
-1.204769612766645404e+00
-1.189346622863343583e+00
-1.170389255121976335e+00
-1.154466369646495183e+00
-1.131111716249834753e+00
-1.105030207466011660e+00
-1.076567030866862229e+00
-1.049554525451792841e+00
-1.020559712350909143e+00
-9.995732339917211551e-01
-9.755614250823682054e-01
-9.472606005880903624e-01
-9.174730151288873481e-01
-8.908281826949741022e-01
-8.679107645722539122e-01
-8.522450462878419231e-01
-8.326702750149258536e-01
-8.096607303905253294e-01
-7.886470004982896187e-01
-7.641359063645342120e-01
-7.367259523567342150e-01
-7.070337877191273934e-01
-6.756609311867207701e-01
-6.530082872070828159e-01
-6.334614636244521035e-01
-6.149883545400111062e-01
-5.970334326909247924e-01
-5.811965075668461544e-01
-5.613609036477433811e-01
-5.418396516464263346e-01
-5.283652351208254494e-01
-5.137355087363526529e-01
-4.978513750736741628e-01
-4.869570585111822059e-01
-4.705958617182908199e-01
-4.528508550536591848e-01
-4.308084969508578776e-01
-4.083367301693219265e-01
-3.827708830980620647e-01
-3.575763094469961434e-01
-3.303378012847983936e-01
-3.040159939126989563e-01
-2.764679303500023888e-01
-2.501188119579937919e-01
-2.314982271836432126e-01
-2.123559506507983752e-01
-1.994381099480360131e-01
-1.833669973545462017e-01
-1.659424577085446550e-01
-1.472463116804052508e-01
-1.342646178815538605e-01
-1.190470939294694386e-01
-1.018239251252184285e-01
-8.979115768584056134e-02
-7.506458396901094510e-02
-6.542085898884963946e-02
-5.230507005878903826e-02
-3.589502730239590989e-02
-1.721560534697919032e-02
3.278035324231209913e-03
2.516514666781688447e-02
4.806897255671116476e-02
7.116057164708022853e-02
9.446108321138479980e-02
1.117409938517877066e-01
1.304158103421704240e-01
1.433755255604489687e-01
1.585472555447746679e-01
1.756138057524445628e-01
1.942332045615777769e-01
2.087473059010473975e-01
2.254083234211625708e-01
2.438217791716317251e-01
2.617805629645291177e-01
2.760779513739335389e-01
2.923307918886144385e-01
3.101513705431904189e-01
3.313877962530156207e-01
3.532755804557807799e-01
3.690387769500531601e-01
3.861052293504072530e-01
4.068701362390434451e-01
4.217698869407586759e-01
4.409783527218902321e-01
4.546788726525814450e-01
4.699983003316545727e-01
4.804423311661965013e-01
4.869421688381552205e-01
4.936470459409749711e-01
5.036192563210946105e-01
5.102288851870144804e-01
5.141376784114723986e-01
5.255573633782326670e-01
5.397709436060433852e-01
5.501052374443620163e-01
5.571972471162121021e-01
5.713618286687116576e-01
5.817203733867843951e-01
5.947094839704712976e-01
6.039563357259013499e-01
6.101299723443525114e-01
6.178925314546447334e-01
6.173305126607092630e-01
6.156844385866349079e-01
6.133559920212037220e-01
6.065793689451399739e-01
6.004854625499853604e-01
5.951906019450066143e-01
5.848168418611857655e-01
5.724312887092416480e-01
5.625998185910361382e-01
5.490410799690810251e-01
5.349046321150270344e-01
5.181299722647629835e-01
5.053549634493974541e-01
4.927111681853810765e-01
4.775062455304976972e-01
4.663457269602713229e-01
4.493095238288038473e-01
4.368032079929404787e-01
4.280712600054048522e-01
4.161242479982107945e-01
4.077082894327934692e-01
4.021963847342591158e-01
3.926184396357839113e-01
3.769267825043651765e-01
3.653150179172235390e-01
3.571523080686807017e-01
3.453101151077297981e-01
3.368712533882824989e-01
3.224583712817126191e-01
3.054036767115455575e-01
2.948212522348743203e-01
2.788907814641099492e-01
2.605686419633201911e-01
2.453751370708117108e-01
2.295523904959508865e-01
2.113743987148355430e-01
1.967543444043917678e-01
1.798274822070267120e-01
1.678253622848366877e-01
1.529977783574953953e-01
1.426443030016175673e-01
1.290440963025945020e-01
1.126562659362204677e-01
9.393928997871614506e-02
7.333449620040410899e-02
5.826586211427176032e-02
4.084317973521756073e-02
2.146141749349039785e-02
7.552943185046290253e-03
-1.799183294043604775e-03
-1.443065230304907409e-02
-2.298775968202626530e-02
-3.525763051354702249e-02
-5.069035253165043997e-02
-6.127650403368112286e-02
-7.564475736002962414e-02
-8.583544778616358784e-02
-9.954679968996038575e-02
-1.092198572210252294e-01
-1.225251974618954964e-01
-1.319000199485271807e-01
-1.370921536711615651e-01
-1.398569827776607877e-01
-1.408157043927442675e-01
-1.404836098933102129e-01
-1.383353784062144598e-01
-1.358519375683686636e-01
-1.341668818357326654e-01
-1.323545540840294077e-01
-1.305463481676052417e-01
-1.288345762963079011e-01
-1.264209404296532391e-01
-1.243777734408932911e-01
-1.226965300509619272e-01
-1.221693680102593493e-01
-1.217894433635207108e-01
-1.215330368344651468e-01
-1.146067252311653295e-01
-1.082224974506373893e-01
-1.032307472296445372e-01
-9.946374502061328116e-02
-9.003020664280136920e-02
-8.270192976785573080e-02
-7.050738546579471411e-02
-5.438905405640359625e-02
-4.193302269202914268e-02
-3.268314732977883885e-02
-2.615219012884484329e-02
-2.185788542787170385e-02
-1.261138935422656537e-02
-5.967209611995594187e-03
-1.486059278963614005e-03
7.994140690864126597e-03
1.488510767484618746e-02
2.635092857232912422e-02
3.482438904604712171e-02
4.076763646142067543e-02
4.463630149833952565e-02
4.685691803705682723e-02
5.454576135854383168e-02
6.006984128232639719e-02
7.051735610546217004e-02
7.828069173571527983e-02
8.376886716566023239e-02
8.738607465731496049e-02
9.620509685855993531e-02
1.026416297931114219e-01
1.070837498499843665e-01
1.099057144688098120e-01
1.114524713678690659e-01
1.120306258212511175e-01
1.119042084321406616e-01
1.179568354017244136e-01
1.224809483562694368e-01
1.323437416631949581e-01
1.399026600390245179e-01
1.454643320912480942e-01
1.503462834069677623e-01
1.593110729836570982e-01
1.659526053031425974e-01
1.706360906482726758e-01
1.737169929541653168e-01
1.689612398479301003e-01
1.578430367324050732e-01
1.483014068451411482e-01
1.403636209408110069e-01
1.339639191610313418e-01
1.356069314498211664e-01
1.372859446942329420e-01
1.389013380106256523e-01
1.479811878428387573e-01
1.555788946171672293e-01
1.617291962001292660e-01
1.732236878238311295e-01
1.822987517837095783e-01
1.891994896538864435e-01
1.942158660789758962e-01
2.043045813612636152e-01
2.118730678841633797e-01
2.187600531042326324e-01
2.303175373861019448e-01
2.390100172084768104e-01
2.518730082966322836e-01
2.548232801294136873e-01
2.544683696968699227e-01
2.615751097913376899e-01
2.582984001910910710e-01
2.565952249773693072e-01
2.529217780843495689e-01
2.495137811324972255e-01
2.464682769823156594e-01
2.454658830778293499e-01
2.511487623977755046e-01
2.557765485863900956e-01
2.659844566117093301e-01
2.741004921612246736e-01
2.803317355819356926e-01
2.914199730397815102e-01
2.999034080697002835e-01
3.125557459639594082e-01
3.306254012974714218e-01
3.445540950175371986e-01
3.525255749899933733e-01
3.515138295226667431e-01
3.495420130997319852e-01
3.470079275432591537e-01
3.442160570134311648e-01
3.413910367289576531e-01
3.386907661920703916e-01
3.362187180898612571e-01
3.340351587660954635e-01
3.321671122214353566e-01
3.242868233474693884e-01
3.178392250946613373e-01
3.127348204473694437e-01
3.088396742741319478e-01
3.124011704627225328e-01
3.156716472023401998e-01
3.249211472830291214e-01
3.347494055231572396e-01
3.427407953737235946e-01
3.490196096507640622e-01
3.600977917482723889e-01
3.749494735291285519e-01
3.863971364158909072e-01
3.948853904643421231e-01
4.096731648500722134e-01
4.208574115523135983e-01
4.378753416957532618e-01
4.568273109104579177e-01
4.710245987696528580e-01
4.871213401090594974e-01
5.019212663586745116e-01
5.183723834336044778e-01
5.301743404405072635e-01
5.438878441704373401e-01
5.533857187653445919e-01
5.686963921536574151e-01
5.889322359892185110e-01
6.039215098483140531e-01
6.199223463691692082e-01
6.257811023937848161e-01
6.288023892796932302e-01
6.350907351249922561e-01
6.388310943980254342e-01
6.406117392652553866e-01
6.409408967975940286e-01
6.402455824013381092e-01
6.428648291230010248e-01
6.443698836888235304e-01
6.450105104784846777e-01
6.450092390734194492e-01
6.445574055310610007e-01
6.438138632794299099e-01
6.483209361096466949e-01
6.517526510720119681e-01
6.595796780401647075e-01
6.655979598672288056e-01
6.742057950161608471e-01
6.766025851510588662e-01
6.779854385592730681e-01
6.827691532595269175e-01
6.862441350120076500e-01
6.886199021975062395e-01
6.901008797715857401e-01
6.908775354881692143e-01
6.911206170104746693e-01
6.909780007580726968e-01
7.000425108889081205e-01
7.072335830789482358e-01
7.127342941381319408e-01
7.262820964213051456e-01
7.368655798549849090e-01
7.448177929834371991e-01
7.505134139595230902e-01
7.543348436721352135e-01
7.662019765751486577e-01
7.703015971701433484e-01
7.776615421928961824e-01
7.876614630360440072e-01
7.950612851670755266e-01
8.051784341530936473e-01
8.126405954324623648e-01
8.229195093792943672e-01
8.304764611097856797e-01
8.409593431423196819e-01
8.540377829468511761e-01
8.685451674859800963e-01
8.848724134526887442e-01
9.130746539141899598e-01
9.409117404507151283e-01
9.664125650859942684e-01
9.913096452104757095e-01
1.009435680452029693e+00
1.025691731870753909e+00
1.040171397097067185e+00
1.059351651548654738e+00
1.075928487108571918e+00
1.086959799069902921e+00
1.093705172952771143e+00
1.100341036674362449e+00
1.110041249533232133e+00
1.116358869703749868e+00
1.117069057435921664e+00
1.116313589943208617e+00
1.117731425482388019e+00
1.117984964222783706e+00
1.123763765884908894e+00
1.130961398901707771e+00
1.142685773001706595e+00
1.148683723566513049e+00
1.155754554232788944e+00
1.160702450504054184e+00
1.163899811988523547e+00
1.175196554164584350e+00
1.190307367551315387e+00
1.201780640332748895e+00
1.210117454140693605e+00
1.215835284119118676e+00
1.219432908218867517e+00
1.214637095410722623e+00
1.209844710464569095e+00
1.205307395489214617e+00
1.201185102857161846e+00
1.197566680914124104e+00
1.187896711883079437e+00
1.180012184015851062e+00
1.176483735460236879e+00
1.171240409043599939e+00
1.160855419063775207e+00
1.152781539757647300e+00
1.150241699398356854e+00
1.142307736232248239e+00
1.139296008388086978e+00
1.134506891197797351e+00
1.131148818403107548e+00
1.128973404179867579e+00
1.121333335231688544e+00
1.115606816453727834e+00
1.108353795755072424e+00
1.099723210896254244e+00
1.086763602983178645e+00
1.076812678031195958e+00
1.065991101414506481e+00
1.051550788656920865e+00
1.040717512572379988e+00
1.033000274373523597e+00
1.021572904844928242e+00
1.013441247067184747e+00
9.978997753897496104e-01
9.863687588999912048e-01
9.560550844555277816e-01
9.227694851584326008e-01
8.918957896337988966e-01
8.637147310988951832e-01
8.387763969926417262e-01
8.158850968211331933e-01
7.949765378278444983e-01
7.709954443118558487e-01
7.541296181596721659e-01
7.333827803643964138e-01
7.093876940852527069e-01
6.870455934682042631e-01
6.616266978208831251e-01
6.378220380238430742e-01
6.151590599196727904e-01
5.893774452955539145e-01
5.649044213551648319e-01
5.377577111564479928e-01
5.182352209216549710e-01
4.955544552235280342e-01
4.766268116028724577e-01
4.578873323611682977e-01
4.423428782611160681e-01
4.261418696825576280e-01
4.091219631635116816e-01
3.975543149895921502e-01
3.839956420110026691e-01
3.685265680455946935e-01
3.512723646792741405e-01
3.323900137036315261e-01
3.188146826793163413e-01
3.029156640280195045e-01
2.918279821946094810e-01
2.777948737806745783e-01
2.611349903285764551e-01
2.511197044321886729e-01
2.447492148070373741e-01
2.323138236683284230e-01
2.238176210471685135e-01
2.185327879174396859e-01
2.157696962849531275e-01
2.133320925657888889e-01
2.125626641595088628e-01
2.114401849197939942e-01
2.113959342073667980e-01
2.120817118138442758e-01
2.132279728713482037e-01
2.146299477085387153e-01
2.161356324054486411e-01
2.176356500823823925e-01
2.122092009309233251e-01
2.078974804777906638e-01
2.045863112074119972e-01
2.021455742808577760e-01
1.935270063127689788e-01
1.797880808214658011e-01
1.619087205178124655e-01
1.478397115908047788e-01
1.301095084478278707e-01
1.094704121622824822e-01
8.660554763167294112e-02
6.211932317022905714e-02
3.653211898108166267e-02
1.027901286822618943e-02
-1.628774636431984391e-02
-4.289306466304232401e-02
-6.933090955207710238e-02
-9.477312499035828175e-02
-1.196096944612252688e-01
-1.369113597513778036e-01
-1.550958338772205902e-01
-1.683941504567167957e-01
-1.767987893636149277e-01
-1.882689991002095553e-01
-1.955449479637256793e-01
-2.064256428069117799e-01
-2.150280076642194782e-01
-2.273819600680095920e-01
-2.446274620007193867e-01
-2.573293304472310528e-01
-2.731485266093116593e-01
-2.844607881971039642e-01
-2.920030577982479780e-01
-3.034888964343132045e-01
-3.182383387275595776e-01
-3.355532924668562789e-01
-3.547708942069911497e-01
-3.752975971458656357e-01
-3.900964373522135542e-01
-4.002147947537317840e-01
-4.158550218279890576e-01
-4.333279913757814850e-01
-4.394805646060544468e-01
-4.427323049358509177e-01
-4.437886338043157686e-01
-4.432549325538732710e-01
-4.480118109127979587e-01
-4.540178470830136259e-01
-4.644373279205162852e-01
-4.784071171691075541e-01
-4.921804256561026492e-01
-5.148722142298558513e-01
-5.381904920483127075e-01
-5.592982666100729805e-01
-5.748880406572984825e-01
-5.955981100320218991e-01
-6.165240736249605336e-01
-6.414496245598012569e-01
-6.640979321389880452e-01
-6.905521824644820228e-01
-7.201124478734339807e-01
-7.468407161606872569e-01
-7.715060941580301757e-01
-7.991256108416640025e-01
-8.290889202622824250e-01
-8.506364916157155287e-01
-8.799314974040800541e-01
-9.006412260349119236e-01
-9.243122755019924641e-01
-9.446967989839933910e-01
-9.582308689062704055e-01
-9.721200499987682209e-01
-9.866900937251026349e-01
-9.962849518514967917e-01
-1.007812084506274353e+00
-1.021277332213807787e+00
-1.036631045309959198e+00
-1.053780923897614796e+00
-1.076103856829004890e+00
-1.099127211372657342e+00
-1.122762633498884721e+00
-1.146934639169456593e+00
-1.174521127425537381e+00
-1.208801672306456743e+00
-1.244115224998979974e+00
-1.277220499453115554e+00
-1.308424703736272177e+00
-1.339804591221315677e+00
-1.369203539596331121e+00
-1.398365092731640447e+00
-1.433166827252852160e+00
-1.466102777323077255e+00
-1.496330392577571944e+00
-1.524791707920092776e+00
-1.558413648797028817e+00
-1.589044218616656012e+00
-1.617051616982869922e+00
-1.643064600629335015e+00
-1.667588833689807037e+00
-1.691023217050178662e+00
-1.713675497224828925e+00
-1.729067299711845695e+00
-1.739817816213809820e+00
-1.745938805466153765e+00
-1.749704388776437858e+00
-1.750597418291746088e+00
-1.749377124053019372e+00
-1.755074026214300531e+00
-1.765634155159212293e+00
-1.773145124089832603e+00
-1.786865957225269641e+00
-1.804330056036982821e+00
-1.826576907721767062e+00
-1.843554913456452393e+00
-1.863157964254586352e+00
-1.877420905534655571e+00
-1.894398541462790853e+00
-1.906315651679313605e+00
-1.916654925876114968e+00
-1.913538009421095643e+00
-1.909255702370943553e+00
-1.897194979204381848e+00
-1.886275473314749540e+00
-1.876735645498905924e+00
-1.868666562267909059e+00
-1.862051636021469392e+00
-1.856800599983251088e+00
-1.852777247690904350e+00
-1.849821129634170003e+00
-1.838403505155125517e+00
-1.829522887400284681e+00
-1.822853928749516683e+00
-1.818057875589926597e+00
-1.814805219678119252e+00
-1.803803647816831335e+00
-1.795507140064913854e+00
-1.789495774413779161e+00
-1.783817497236922955e+00
-1.779990400987584431e+00
-1.776155465713498138e+00
-1.773747584365358065e+00
-1.765548380789485616e+00
-1.759461577513494968e+00
-1.748267978711395054e+00
-1.738596365070644412e+00
-1.731529391661191131e+00
-1.719807292528813258e+00
-1.704255519315753808e+00
-1.692453557477831882e+00
-1.683868867567032579e+00
-1.671112210881078974e+00
-1.654880632829354825e+00
-1.642745778129732770e+00
-1.634113154558108683e+00
-1.614502171580420642e+00
-1.592749338438823825e+00
-1.569430404570682835e+00
-1.545045475354504871e+00
-1.520015980882702289e+00
-1.494685590489591931e+00
-1.469324544447818015e+00
-1.444136624345295772e+00
-1.419267852772021943e+00
-1.388037583687719012e+00
-1.365350221395045249e+00
-1.336431681097656421e+00
-1.314075369324113174e+00
-1.298610715730035281e+00
-1.282198653762790297e+00
-1.262854479964027110e+00
-1.242930485997263412e+00
-1.220263328274183490e+00
-1.197580251494651193e+00
-1.172424050357320002e+00
-1.147884143743781893e+00
-1.124159967057412279e+00
-1.101364374765809506e+00
-1.076272341698619295e+00
-1.049095436409815063e+00
-1.020056817563539386e+00
-9.932062287087239927e-01
-9.646145741910975291e-01
-9.401249722207180026e-01
-9.174139367374526399e-01
-8.866175666528437471e-01
-8.547499541021905678e-01
-8.220689630308357643e-01
-7.936885765829707617e-01
-7.643125018900526202e-01
-7.438035557254655261e-01
-7.304535150923736619e-01
-7.227279101668233618e-01
-7.141388860268327310e-01
-7.096097338433596802e-01
-7.029063389780154658e-01
-6.948860432875149096e-01
-6.847236456318201991e-01
-6.736222448098203586e-01
-6.606425593844703625e-01
-6.515200756783556812e-01
-6.455888258079529596e-01
-6.380105658492040144e-01
-6.275501062888300119e-01
-6.202635800797532406e-01
-6.058062258163673386e-01
-5.952232901846510327e-01
-5.820465537750623142e-01
-5.687318270914405449e-01
-5.592620694584098384e-01
-5.433928458166095155e-01
-5.258825673987259641e-01
-5.130093754857183441e-01
-4.885284345729474786e-01
-4.700518934638242552e-01
-4.474674218792562552e-01
-4.309629380265505016e-01
-4.132165572137402876e-01
-3.942978281907538740e-01
-3.807636858387100087e-01
-3.652077468783205827e-01
-3.454126461757727196e-01
-3.246042076627040363e-01
-3.074807989537324815e-01
-2.890909394100551477e-01
-2.695444962309558878e-01
-2.489597276811794657e-01
-2.258966216872673183e-01
-2.093811156153928543e-01
-1.982486813176138618e-01
-1.846498392121922461e-01
-1.756138490948737640e-01
-1.713985859986151272e-01
-1.617517800717171994e-01
-1.496476342356667377e-01
-1.332432028523089507e-01
-1.143972885768744785e-01
-1.005879239786573454e-01
-9.102770500936263609e-02
-9.193404702771101888e-02
-8.669857376033029972e-02
-8.436592468247838816e-02
-8.365467928489067617e-02
-8.411423478842117163e-02
-7.837681317565792227e-02
-6.738174776855720971e-02
-5.867062853619242624e-02
-4.580733368533795868e-02
-3.610582104524961977e-02
-2.209761429817924672e-02
-4.585600994018612653e-03
1.556312369002399443e-02
3.750752915338684268e-02
5.377894104015323862e-02
7.218606139171557246e-02
8.541141673837326920e-02
9.437522772545525740e-02
1.074788370049628572e-01
1.235120592091702996e-01
1.350612446868149075e-01
1.497352600420496227e-01
1.669757094540269549e-01
1.862281894944677330e-01
2.001918920797911561e-01
2.165104962932669075e-01
2.363142127297843675e-01
2.507571081226132037e-01
2.673988646304006345e-01
2.857788828507945578e-01
3.054493768330774905e-01
3.194682142230733657e-01
3.310865702257064225e-01
3.452235554180547172e-01
3.614273072808213971e-01
3.728019567511104970e-01
3.866304052520375123e-01
3.987754686358717660e-01
4.133727010631056409e-01
4.299067011066575184e-01
4.416543562486372476e-01
4.586914249764570961e-01
4.709611582398374185e-01
4.853781115699149495e-01
4.987105523343597913e-01
5.079731067750525852e-01
5.138843735211904296e-01
5.231901458523617876e-01
5.293287973039846328e-01
5.424987187142025213e-01
5.520070713396771911e-01
5.584537556476609765e-01
5.683206651987027236e-01
5.847682718920459433e-01
5.969872080881216680e-01
5.998741673433672927e-01
6.008750420351858246e-01
6.062737529377970613e-01
6.136914275199805147e-01
6.188472002146322426e-01
6.221387099195538894e-01
6.296775163162778854e-01
6.350084278309785502e-01
6.441535550499706275e-01
6.605481641014278038e-01
6.730221477454466639e-01
6.865356112250671217e-01
7.018709510628614590e-01
7.177371902369588108e-01
7.294703664887784988e-01
7.476245533044724167e-01
7.661859685095444572e-01
7.797214763127795489e-01
7.989471981360602992e-01
8.129403663660559332e-01
8.272877121877073581e-01
8.422888744534520189e-01
8.528060449484854422e-01
8.596565264863739175e-01
8.590733651661909276e-01
8.570620379871562999e-01
8.587373253108043780e-01
8.591133308447201911e-01
8.539857585521312133e-01
8.589683181643338328e-01
8.625747412319236807e-01
8.650252691816109341e-01
8.719488391295160401e-01
8.917125073057714513e-01
9.171816612039150884e-01
9.370006952155059965e-01
9.656222821386626354e-01
9.929399155206787286e-01
1.016940995692087846e+00
1.040098311787371665e+00
1.060084602871678605e+00
1.073962445603251936e+00
1.088890043223706972e+00
1.098955947349451900e+00
1.105136555150471267e+00
1.108299186613597609e+00
1.106190959517238115e+00
1.102962588197778038e+00
1.099106795470653042e+00
1.095008835662382829e+00
1.081651100903518348e+00
1.070137028532604173e+00
1.060541211294534936e+00
1.052810596444426539e+00
1.037231210003381143e+00
1.034491104834541986e+00
1.032951651279520711e+00
1.035904836546692742e+00
1.035305192713404487e+00
1.035211969878760963e+00
1.031895360595299849e+00
1.033055733963867073e+00
1.034307500980913286e+00
1.031963629085963730e+00
1.030194414571137473e+00
1.032560916177438948e+00
1.031058383193868000e+00
1.023870795506826026e+00
1.018130955251455028e+00
1.013701848597752697e+00
1.002835056271566216e+00
1.000205398720251715e+00
9.960121583390959543e-01
9.311873012372288150e-01
9.280023261636569654e-01
9.186171774139132440e-01
9.051689282960919680e-01
8.867573794459321368e-01
8.756905954684350846e-01
8.620489152486617845e-01
8.479242214440849690e-01
8.389377564448476932e-01
8.274241324953072185e-01
8.091838990251021269e-01
7.963338143304792283e-01
7.874984666987627779e-01
7.768120140138123908e-01
7.646520387817717923e-01
7.511335746005806113e-01
7.367929616963300177e-01
7.214102221585079189e-01
7.057849030070479923e-01
6.849936301139351036e-01
6.643123756622040244e-01
6.436233638708690474e-01
6.187921345504517889e-01
6.004057765044156225e-01
5.779124679934835029e-01
5.617389476580665342e-01
5.508154186485934023e-01
5.381801663094964994e-01
5.298690072058243050e-01
5.250290667539816436e-01
5.194099972556351918e-01
5.104072535576764658e-01
5.044869254085782018e-01
5.010239620281820017e-01
4.900613668342796991e-01
4.822556953441365923e-01
4.770443789792651046e-01
4.677565991873342544e-01
4.611659223101283178e-01
4.475621253582087178e-01
4.312129363716552533e-01
4.189307286557517607e-01
4.101368072981934620e-01
3.978475838650974428e-01
3.890102263872468047e-01
3.740039803301071775e-01
3.630453201243319938e-01
3.554729787786885531e-01
3.530456687082370593e-01
3.523287262715204537e-01
3.504411170129573261e-01
3.498382107934390195e-01
3.436042250634543382e-01
3.391890796544636544e-01
3.296730631355957453e-01
3.225319116544480558e-01
3.086144086371733763e-01
3.001351644435217292e-01
2.873425856196427652e-01
2.758204477861183612e-01
2.675078077394863474e-01
2.550803457755603798e-01
2.375572932757650246e-01
2.192643942434773230e-01
2.041193629771453910e-01
1.864638217882188531e-01
1.736124639359606370e-01
1.579058624693587820e-01
1.397962282486042707e-01
1.197135068550652104e-01
9.805769986083356926e-02
8.217210615390602158e-02
6.416739320096342958e-02
5.140380179464565380e-02
3.595384560832393106e-02
1.808211600884579440e-02
5.582292376808517531e-03
-9.656383639932597518e-03
-2.725285484255035584e-02
-4.682394087949481865e-02
-6.095617099003924899e-02
-8.393946007749031324e-02
-1.012702696168461536e-01
-1.203201505929043513e-01
-1.407292664291446282e-01
-1.552821042484096026e-01
-1.787021457622448573e-01
-1.970242407349280800e-01
-2.167382116222147381e-01
-2.375037405844189209e-01
-2.522343662694495059e-01
-2.687318945641146151e-01
-2.886527933826323888e-01
-3.095571608467668767e-01
-3.244516758523512401e-01
-3.409860697877453717e-01
-3.612900267778285102e-01
-3.823344643755202110e-01
-4.037652428847100516e-01
-4.189332124944946667e-01
-4.318925404047473382e-01
-4.403411755381358983e-01
-4.515190522583178989e-01
-4.587333892326845852e-01
-4.722691149332232108e-01
-4.879775036913875930e-01
-4.991420594278874745e-01
-5.161589910833037642e-01
-5.345631123788650019e-01
-5.478428381225317612e-01
-5.628135490639225580e-01
-5.769961330362223251e-01
-5.926896005939449319e-01
-6.037198502011142942e-01
-6.206733297164180874e-01
-6.328508781175291587e-01
-6.508612119904115811e-01
-6.694246769623861670e-01
-6.827451136408011489e-01
-7.015388827648153525e-01
-7.202996642169259278e-01
-7.382656685727514434e-01
-7.608463480637497334e-01
-7.773690353406313980e-01
-7.936705823874247168e-01
-8.098270724106511054e-01
-8.210191633261362254e-01
-8.379679016821961479e-01
-8.551720728163222374e-01
-8.719279092051118729e-01
-8.836306323868882151e-01
-8.966482606053222115e-01
-9.153112857059382268e-01
-9.329552620483927416e-01
-9.453689382243825046e-01
-9.631766090370603717e-01
-9.757746333594683463e-01
-9.898756676809388200e-01
-1.003319898830733248e+00
-1.018264327580669093e+00
-1.034636607391274055e+00
-1.049786433758595150e+00
-1.066326578784188683e+00
-1.078075150505801494e+00
-1.091988654593762709e+00
-1.110986525774126710e+00
-1.124769516906724443e+00
-1.134191309447279972e+00
-1.149240685581271348e+00
-1.166113417684424114e+00
-1.184593490714710651e+00
-1.200507669903021712e+00
-1.218026546231858021e+00
-1.236970551793848516e+00
-1.252755019936050873e+00
-1.268073486817246298e+00
-1.278740376417547342e+00
-1.285576485056634244e+00
-1.289362294964897071e+00
-1.290808450299221644e+00
-1.290538642342208053e+00
-1.289082038003285469e+00
-1.286872895148900353e+00
-1.277547315759068436e+00
-1.269327243301805019e+00
-1.262311141166642559e+00
-1.249888650928687062e+00
-1.237603202540744851e+00
-1.227816841851756990e+00
-1.216157408904905424e+00
-1.204902049749262849e+00
-1.196458823450153197e+00
-1.190423212115702123e+00
-1.179931242995618579e+00
-1.169542557467209365e+00
-1.164699518715966109e+00
-1.152563131347285719e+00
-1.137198119123512097e+00
-1.125701100355382511e+00
-1.108165286463740573e+00
-1.094991682971157676e+00
-1.079396748120854621e+00
-1.062024165384088281e+00
-1.045970869709161200e+00
-1.028436298259343129e+00
-1.006249653591499982e+00
-9.898238372696247511e-01
-9.686279035999644238e-01
-9.531451546438352018e-01
-9.327209809062073642e-01
-9.124104098364448356e-01
-8.979463005115799756e-01
-8.829280613720672521e-01
-8.683775892649906458e-01
-8.584778062324464054e-01
-8.477529823183008739e-01
-8.355443551900472166e-01
-8.225618422202135571e-01
-8.087005553661276158e-01
-7.938049806593614477e-01
-7.731088778106794956e-01
-7.526422464503934595e-01
-7.323315668893166652e-01
-7.072475820730842466e-01
-6.784154000929426553e-01
-6.526415814642601010e-01
-6.241602268518318120e-01
-6.037444652771335463e-01
-5.761344782810322585e-01
-5.470335556985665981e-01
-5.264624246120379603e-01
-5.066920129495107172e-01
-4.872529266535583492e-01
-4.739749440041625128e-01
-4.594577114062223799e-01
-4.435943408543872035e-01
-4.234430527314105852e-01
-4.091328644042395712e-01
-3.904532060772398783e-01
-3.708647640808127033e-01
-3.545690845716777950e-01
-3.370061214034165697e-01
-3.182356792242027055e-01
-2.983393252301191900e-01
-2.841702544056754487e-01
-2.679696440116228207e-01
-2.481789153927775882e-01
-2.273100254182431890e-01
-2.055139414462350267e-01
-1.816599910409602003e-01
-1.645929831823380596e-01
-1.462041306453696343e-01
-1.266153254725048694e-01
-1.128946416219809290e-01
-1.039691675263698656e-01
-9.127115269972141398e-02
-7.608852174473712537e-02
-6.609499076632241454e-02
-5.280810256729551178e-02
-4.363642593019201321e-02
-3.084622293026040296e-02
-1.495826834566127417e-02
3.491329593420688937e-03
2.381176401777329588e-02
3.848540866429539520e-02
4.884420593312333025e-02
5.549500475465674043e-02
5.878424544732085977e-02
6.679499676145694842e-02
7.192664470335285998e-02
8.224464380740426073e-02
8.955510609602645999e-02
1.006166237502146288e-01
1.161073028863850443e-01
1.276465665353676560e-01
1.427139826517087595e-01
1.606051018389726970e-01
1.738068978948004162e-01
1.898799641851669495e-01
2.096585312770267162e-01
2.227726411624775249e-01
2.384085013828793898e-01
2.577956807322632216e-01
2.719404140290069272e-01
2.883298733265073910e-01
2.998902459462431391e-01
3.140621688811322532e-01
3.238409627809291091e-01
3.388323137233184568e-01
3.429866032602124637e-01
3.512615607803373230e-01
3.630664979629005806e-01
3.648271510924350203e-01
3.713514135885642720e-01
3.845089794881941803e-01
3.941892881397888182e-01
4.073391711854690289e-01
4.232141955633754726e-01
4.348354258523312588e-01
4.458863468531633067e-01
4.598398329464465917e-01
4.698690532379066198e-01
4.827928127611382791e-01
4.951947724327743217e-01
5.100567643355355951e-01
5.207595354622200912e-01
5.280059638247391884e-01
5.419947472719275350e-01
5.521108645123771197e-01
5.648798186521064579e-01
5.776820775481247283e-01
5.926100859539071841e-01
6.090741673126930378e-01
6.249727820929715794e-01
6.420040155515600588e-01
6.639399761948919787e-01
6.801299210417486307e-01
6.967847390411436859e-01
7.128997033127095762e-01
7.293569848424966695e-01
7.454899004548880548e-01
7.568259223394460111e-01
7.739894879937322392e-01
7.911157381252972298e-01
8.031778317493764030e-01
8.111081476658270617e-01
8.157649161374712632e-01
8.229285549580114267e-01
8.273517181064116155e-01
8.249209732726292543e-01
8.165617204357281667e-01
8.087406315798467693e-01
8.017120570818798697e-01
8.004764005083329081e-01
7.994729202420737257e-01
8.034323140553838449e-01
