-1.835810885837911854e+00
-1.834722426393996075e+00
-1.833565009820785185e+00
-1.832420856006792054e+00
-1.831346635953813085e+00
-1.830378117930976156e+00
-1.829534569015179191e+00
-1.828822732128809969e+00
-1.828240279460004336e+00
-1.820779619356215129e+00
-1.814689480742738947e+00
-1.809879672248016380e+00
-1.806218696905684595e+00
-1.803553275111438037e+00
-1.794640638590637938e+00
-1.787679860744984417e+00
-1.782453279929189449e+00
-1.778715346311309897e+00
-1.776214546553095852e+00
-1.774709027051562860e+00
-1.772513149500859253e+00
-1.771179712559834307e+00
-1.770506957006808157e+00
-1.763301731176932563e+00
-1.757746930858365086e+00
-1.754933745097039477e+00
-1.753065689575864505e+00
-1.751963414082154946e+00
-1.750158746942873433e+00
-1.749047431165212663e+00
-1.748473340918571317e+00
-1.748300731757780113e+00
-1.748415006235684244e+00
-1.741663510361132872e+00
-1.743385462940864050e+00
-1.746325171922672892e+00
-1.741815346893261118e+00
-1.745376704159377068e+00
-1.740053817572909001e+00
-1.744194092253388728e+00
-1.747773256592006996e+00
-1.750768364699595958e+00
-1.745970401609264755e+00
-1.749188831078363648e+00
-1.743342745020621365e+00
-1.738572780289037834e+00
-1.734795579601363436e+00
-1.731901190231632359e+00
-1.722644167982085639e+00
-1.715337006248723650e+00
-1.709766235011844104e+00
-1.705693617230840564e+00
-1.702875998009754976e+00
-1.701079212763984216e+00
-1.700087276490543919e+00
-1.699707887655422578e+00
-1.699775108177656868e+00
-1.700149934588669254e+00
-1.693567435014078360e+00
-1.688386886081837623e+00
-1.684458378485638619e+00
-1.673677182038423528e+00
-1.665342451274090863e+00
-1.659127400136180430e+00
-1.654697479652696979e+00
-1.651730864194781878e+00
-1.649930939318231538e+00
-1.641984178462803090e+00
-1.636001026939495340e+00
-1.631696404775319520e+00
-1.628785390343489459e+00
-1.619931843720646025e+00
-1.613237261626672581e+00
-1.608400306164286420e+00
-1.598026023971349963e+00
-1.590192523483251019e+00
-1.577445236153896424e+00
-1.567812016963315402e+00
-1.560858518548315255e+00
-1.549035178047891259e+00
-1.540316988866290648e+00
-1.527123498235626320e+00
-1.517381358469491071e+00
-1.510554306322890117e+00
-1.506114866743921255e+00
-1.496494399331063097e+00
-1.489627872379017060e+00
-1.485037446290193408e+00
-1.482271367356807090e+00
-1.473870113212069510e+00
-1.467821612628466665e+00
-1.463726433337197319e+00
-1.461204648709683696e+00
-1.459909830888879823e+00
-1.452519019347038975e+00
-1.454089511727053363e+00
-1.449006147856449100e+00
-1.452361302271000465e+00
-1.448613575231874506e+00
-1.445911930208941376e+00
-1.444080100060440630e+00
-1.435961136074644928e+00
-1.429679737035970843e+00
-1.426020359399612802e+00
-1.423568046665393716e+00
-1.422069581349323375e+00
-1.420271194579534324e+00
-1.419197615738077900e+00
-1.411803090303725083e+00
-1.406072886603378702e+00
-1.401807264501292449e+00
-1.391909227605060861e+00
-1.383003402265231552e+00
-1.377608265508024399e+00
-1.367038358107886209e+00
-1.357650520466237021e+00
-1.352240072844743013e+00
-1.341883997887832525e+00
-1.332655433383290733e+00
-1.327650798058509274e+00
-1.316036082819026287e+00
-1.307385834806056302e+00
-1.301263293315173986e+00
-1.297229227309464994e+00
-1.294866118941203403e+00
-1.293793847406472963e+00
-1.293678637021692612e+00
-1.294236839841352404e+00
-1.288484709228142622e+00
-1.284233528445730244e+00
-1.281247692762821799e+00
-1.272615348333589136e+00
-1.266059450012263277e+00
-1.261284103843250959e+00
-1.255843284331735976e+00
-1.251953555541068797e+00
-1.242697797341286714e+00
-1.235704667235292487e+00
-1.230662536767055393e+00
-1.227249058824885664e+00
-1.225152128329293433e+00
-1.224083810994558874e+00
-1.217180191538551171e+00
-1.212061616162996902e+00
-1.208449382554684259e+00
-1.199554841941153249e+00
-1.192875513283936817e+00
-1.188075650192343513e+00
-1.175769643388578922e+00
-1.166320194153550371e+00
-1.159364901594744479e+00
-1.154519046660302584e+00
-1.145035677061221113e+00
-1.138114507348977789e+00
-1.133334570083530890e+00
-1.124027363104193489e+00
-1.117275839128466508e+00
-1.118837846899032318e+00
-1.114758096876291349e+00
-1.112102701362667645e+00
-1.107501578707209555e+00
-1.104291484427370573e+00
-1.102230210170568103e+00
-1.094873810899563260e+00
-1.089364825091538203e+00
-1.085432891410505807e+00
-1.082805828859858099e+00
-1.081225089245021476e+00
-1.071021139798346677e+00
-1.063112098209684886e+00
-1.057228607894376449e+00
-1.047007804022459521e+00
-1.039363551041130984e+00
-1.027953510058492448e+00
-1.015871851106174617e+00
-1.006863913259959942e+00
-9.946438546040097251e-01
-9.857091620132304444e-01
-9.795175720124161822e-01
-9.716627777310109515e-01
-9.662197837542932932e-01
-9.570519840363186370e-01
-9.464634226478938483e-01
-9.387235132448098485e-01
-9.235405219007367661e-01
-9.120701163420185109e-01
-9.038234990228147803e-01
-8.927468251327946858e-01
-8.804281600756869164e-01
-8.715256628901508762e-01
-8.600943744575549887e-01
-8.473551825530719617e-01
-8.381609081043155385e-01
-8.266900958907362762e-01
-8.186471208509731312e-01
-8.085208124609125635e-01
-8.014453929053778625e-01
-7.918093616791360700e-01
-7.851471913445470241e-01
-7.759478506396347841e-01
-7.694564754468093959e-01
-7.603345022274983211e-01
-7.539402785403225282e-01
-7.497744827035359716e-01
-7.426240779836600359e-01
-7.325711710492005535e-01
-7.252500368112483331e-01
-7.156249686987015135e-01
-7.034708124956488007e-01
-6.944963283714892244e-01
-6.882093004387498381e-01
-6.841263451603076806e-01
-6.774170530287610958e-01
-6.772295005379768140e-01
-6.779749456469686963e-01
-6.749726991848122859e-01
-6.774714027991937115e-01
-6.800818684373604039e-01
-6.826336386099518538e-01
-6.850100366885936154e-01
-6.925243127606675042e-01
-6.987255135549049756e-01
-7.036920781529568680e-01
-7.022618990245398374e-01
-7.008242580947101619e-01
-6.994568434291100756e-01
-6.982106386811975929e-01
-6.971150412532847174e-01
-6.961826572489037135e-01
-6.900073572738130157e-01
-6.849297537104950262e-01
-6.808954334408815479e-01
-6.722468416999972662e-01
-6.609663157469547468e-01
-6.521750666204745306e-01
-6.455860299976904360e-01
-6.351478388050132429e-01
-6.272648898168943221e-01
-6.215939548748863341e-01
-6.177736045837113332e-01
-6.095514940646744595e-01
-6.035265285023422299e-01
-6.034977792673925645e-01
-6.001117148968287962e-01
-5.919196597034990237e-01
-5.857966117078859947e-01
-5.814577439776925649e-01
-5.723760444985521723e-01
-5.655659361523146522e-01
-5.607234661032345358e-01
-5.535787623198999974e-01
-5.421673511556848180e-01
-5.298475116459395728e-01
-5.143625378231944101e-01
-5.027322099237838682e-01
-4.878827063336106384e-01
-4.669463215783149490e-01
-4.511725401979220784e-01
-4.367007955774566685e-01
-4.199563636876355588e-01
-4.012402840834681239e-01
-3.848470332468398869e-01
-3.759712963248513784e-01
-3.611142885768667821e-01
-3.506648463720349884e-01
-3.370090698426246867e-01
-3.274142565224242851e-01
-3.234588122070165550e-01
-3.124773656062942440e-01
-2.978250242769882039e-01
-2.871286280942206837e-01
-2.797791990184663735e-01
-2.751668573161363263e-01
-2.655721760410851839e-01
-2.588889264824647540e-01
-2.473806744574946759e-01
-2.390559303204180530e-01
-2.334105714399057341e-01
-2.209704439861250869e-01
-2.119580363639927967e-01
-1.985168632013774026e-01
-1.814064108726409774e-01
-1.686464424776827897e-01
-1.584164565991341700e-01
-1.515445739296483740e-01
-1.401114009344608391e-01
-1.320726779692369401e-01
-1.195840261194751619e-01
-1.106010798907550718e-01
-9.729066029108301983e-02
-8.699209251776607310e-02
-7.278013181123021980e-02
-6.251694890950920680e-02
-4.836892093168354556e-02
-3.788210126250657339e-02
-3.079162566104565180e-02
-1.937901959554544362e-02
-1.135715192926278760e-02
8.870388790735983520e-04
9.669252698801145129e-03
1.559900527639923595e-02
2.619757543066336680e-02
3.374618437416598837e-02
3.877911853884707938e-02
4.179691416073194610e-02
5.021608282700285031e-02
5.620200374924522180e-02
6.017790989729143725e-02
6.999717259682691761e-02
8.375289746198100183e-02
9.473452396173898116e-02
1.027659498688007211e-01
1.153531149747786255e-01
1.246121866118365951e-01
1.381052512339022709e-01
1.490406910878387947e-01
1.568382042429947720e-01
1.691363997503745331e-01
1.851388889434799623e-01
1.983808074723742987e-01
2.150959521836637300e-01
2.273946226112586455e-01
2.430693631152809342e-01
2.543217379976976389e-01
2.618930059581034975e-01
2.735601730781633822e-01
2.815939938052893776e-01
2.936626625858329565e-01
3.021001177083773026e-01
3.075900403392684002e-01
3.176076172572970258e-01
3.245527059384458735e-01
3.357723538550458908e-01
3.461679534896657806e-01
3.535556275596447584e-01
3.651718994801287366e-01
3.735404493396725645e-01
3.818849595993498713e-01
3.943460188385585763e-01
4.063207789089502420e-01
4.217727158265764942e-01
4.332266226985432844e-01
4.444331696827894529e-01
4.523337773449069843e-01
4.574602371055609407e-01
4.670963312115532506e-01
4.737566132453239209e-01
4.814713486595518788e-01
4.933946992641515816e-01
5.020333432817545294e-01
5.079165360433004484e-01
5.181569178553040445e-01
5.291898927992435553e-01
5.371411063886162296e-01
5.425098902152876157e-01
5.522742019271318359e-01
5.591755374506675036e-01
5.637310961059436298e-01
5.664225535176994342e-01
5.676808471440202286e-01
5.615080962883745030e-01
5.621309965294516431e-01
5.621802529006019178e-01
5.681763175228715657e-01
5.727108215703782257e-01
5.822217023759206356e-01
5.894844991382837129e-01
5.948291085574888282e-01
6.087697205703112013e-01
6.195475406612604985e-01
6.334743253041473787e-01
6.439060934134641645e-01
6.558090731904198112e-01
6.702864836101805057e-01
6.809833916219203420e-01
6.884988970070805570e-01
6.934126248811854909e-01
6.962608984451905680e-01
6.975229430006529840e-01
7.031587215094713406e-01
7.116405793018886206e-01
7.178193236913278374e-01
7.274960532720972095e-01
7.394208254903292810e-01
7.536510030892785705e-01
7.642596335927058782e-01
7.718039575152586540e-01
7.819417986397978471e-01
7.991470560375640853e-01
8.119913741556213926e-01
8.211655060016320729e-01
8.225236145744454497e-01
8.223710930220877735e-01
8.162729133233319612e-01
8.103160714320486457e-01
8.047722445662973678e-01
7.998142943378646619e-01
7.955336708848559368e-01
7.972078137183058466e-01
8.091249479291506841e-01
8.138368682724240744e-01
8.226210716579877014e-01
8.350628542952204247e-01
8.448714912346010353e-01
8.572651943913797146e-01
8.723569188595554635e-01
8.944934376965181233e-01
9.115106686140269643e-01
9.240513864990038684e-01
9.372817850723580424e-01
9.525734347437230243e-01
9.677924632643297720e-01
9.846934192491023641e-01
9.968818303982434070e-01
1.005167888976260748e+00
1.020488647627289636e+00
1.031446624162540626e+00
1.048854607176592735e+00
1.061476260746761380e+00
1.070140880743035261e+00
1.079058124888844894e+00
1.084784668841887179e+00
1.097665378441734507e+00
1.106810504993690714e+00
1.112928862264744190e+00
1.116652572774814001e+00
1.118532414044141721e+00
1.119038644460219833e+00
1.124907218565430744e+00
1.125942152235576144e+00
1.119596456835972642e+00
1.120185391042223255e+00
1.120272407173438234e+00
1.123149322825213181e+00
1.122075041236592519e+00
1.120891139959110383e+00
1.126292656641880718e+00
1.130589101610072422e+00
1.143663675430047988e+00
1.154032883181087765e+00
1.161963417929940956e+00
1.174549505527564763e+00
1.184152104980250808e+00
1.191157884515236409e+00
1.205509083468955911e+00
1.216257383712047169e+00
1.230836702491961754e+00
1.241659484737025032e+00
1.249298717000554948e+00
1.261290390868327504e+00
1.272118269939881641e+00
1.279676305549987125e+00
1.293532318169099637e+00
1.303540633791890890e+00
1.310400175188128902e+00
1.321618929511007234e+00
1.329619338857246369e+00
1.334974380901379432e+00
1.338214309192191642e+00
1.346732446071065681e+00
1.352784286746506526e+00
1.363774299814856761e+00
1.371890684726804643e+00
1.384617844854240332e+00
1.395347939982795715e+00
1.410007259040216621e+00
1.420818218875772754e+00
1.435444496811401738e+00
1.446146113411691081e+00
1.460629026678680997e+00
1.471154135743778735e+00
1.479020559158129355e+00
1.491032840546438143e+00
1.491941632451225130e+00
1.491929659393361307e+00
1.497813288461868009e+00
1.494183594371552903e+00
1.490314736141398200e+00
1.486479129503986973e+00
1.482868214962036024e+00
1.479605469604123202e+00
1.476759389533283562e+00
1.467246260939263802e+00
1.466575106845492638e+00
1.466228138836724426e+00
1.466125762484711936e+00
1.466199334804298759e+00
1.473517785899997490e+00
1.479612977988367772e+00
1.491680465444958026e+00
1.501371440453056483e+00
1.508890043163365391e+00
1.521669538425418411e+00
1.531513846576634030e+00
1.545975754955543513e+00
1.556952952558736003e+00
1.564921225544040562e+00
1.577561209988692426e+00
1.586844940745645971e+00
1.600484280670793513e+00
1.610496584839529399e+00
1.617457761434482721e+00
1.628679387189633676e+00
1.637057537300091736e+00
1.649292253658237506e+00
1.658037955690036647e+00
1.671618597211910862e+00
1.680824279771576668e+00
1.687867500409730104e+00
1.698546854935899519e+00
1.706057464574831650e+00
1.711974940992436300e+00
1.721623051398486037e+00
1.728406584190902429e+00
1.740874988909977938e+00
1.750105878539112592e+00
1.756582296031699908e+00
1.767682756303183389e+00
1.775712218260695474e+00
1.781176357437565638e+00
1.784563854617207790e+00
1.786325248999474979e+00
1.793722305078509605e+00
1.805794859718278911e+00
1.814813152845958122e+00
1.821243248367238055e+00
1.825543010451254000e+00
1.828140137945076127e+00
1.836133899423019633e+00
1.843762442034833304e+00
1.849262609144963765e+00
1.852974509773999134e+00
1.855233048901885562e+00
1.856351854140444013e+00
1.856612638025144646e+00
1.856259252134736304e+00
1.862288318953394528e+00
1.866818673978634546e+00
1.870068279852686199e+00
1.878979232603281257e+00
1.885772055945186709e+00
1.890742401425141939e+00
1.900808520244457789e+00
1.908382644976339915e+00
1.916190662616116480e+00
1.928450140018701298e+00
1.937714916831409173e+00
1.944400918223851304e+00
1.948935031383246752e+00
1.951728952938564188e+00
1.955799109606013442e+00
1.964959019992816858e+00
1.971758091546351510e+00
1.976540100739983874e+00
1.986176467110553734e+00
1.996190022694178889e+00
2.010089979708475916e+00
2.020553094847566733e+00
2.034456829063807426e+00
2.044673048033421647e+00
2.051799693344586561e+00
2.062651814067074429e+00
2.064131334124211570e+00
2.070368837807140316e+00
2.068303596869894623e+00
2.065673385303699927e+00
2.062786513855662918e+00
2.053640065576130880e+00
2.045712612137297715e+00
2.039059573474192089e+00
2.033652562481263359e+00
2.026270239476008150e+00
2.017241845276733780e+00
2.010171689122812300e+00
2.004856766239004440e+00
2.001058866825069948e+00
1.998527795368787441e+00
1.997018843777934594e+00
1.996304916843046895e+00
1.996184035217898778e+00
1.996483092329254472e+00
1.994090236217160195e+00
1.985889217188224087e+00
1.986026383151201058e+00
1.986527967345095291e+00
1.987253841137110788e+00
1.985253994333468608e+00
1.977438292001504339e+00
1.971292483995988221e+00
1.966617399252706289e+00
1.963201864372299266e+00
1.960836574323890469e+00
1.959323469584648869e+00
1.952044491243816404e+00
1.946423761869785274e+00
1.942259359301946375e+00
1.939333642456273488e+00
1.930870212901496519e+00
1.924377172740491027e+00
1.919612751582363996e+00
1.916313758364233122e+00
1.907525469228099624e+00
1.900872559422024377e+00
1.889292193654369845e+00
1.880453597471311689e+00
1.871881416246142127e+00
1.858972104753668475e+00
1.849355799979511827e+00
1.835670440560388750e+00
1.825518495702431743e+00
1.818364502906570923e+00
1.806749816350289084e+00
1.799962948558261999e+00
1.793907498286081204e+00
1.784571601697765741e+00
1.777891198034470488e+00
1.773452190302444276e+00
1.770835652769736202e+00
1.760993686771153977e+00
1.753845093665722832e+00
1.748940106633841696e+00
1.738664404808307751e+00
1.723927622426482564e+00
1.712798482231263630e+00
1.697536079190274494e+00
1.686162308025632495e+00
1.670832688063149218e+00
1.659549675646837086e+00
1.644386226041367527e+00
1.633343146131761792e+00
1.625760090126103563e+00
1.613346626833298547e+00
1.597404843040446387e+00
1.585846858051274122e+00
1.570713312678699403e+00
1.559837431655702211e+00
1.545306364936682053e+00
1.534916127929448315e+00
1.520795989107354140e+00
1.503597720951979522e+00
1.491055510523407568e+00
1.475302426655851207e+00
1.456941642883719856e+00
1.443592401939848502e+00
1.427388193540229944e+00
1.415873486773316925e+00
1.401232767653608935e+00
1.382712442388515761e+00
1.369148732711075400e+00
1.352801444118411966e+00
1.334222675177596074e+00
1.319075163310562182e+00
1.301487117258079307e+00
1.288918294014874677e+00
1.273616158766740281e+00
1.256112648380358632e+00
1.236937568601024218e+00
1.223284565936253232e+00
1.207494595653612279e+00
1.196597264664173599e+00
1.183102941702735222e+00
1.164748819396361545e+00
1.151495645807333545e+00
1.136105133077248475e+00
1.125347150190159295e+00
1.118351909151934054e+00
1.104964406296928381e+00
1.089297592484490762e+00
1.071926653749623926e+00
1.056005058114877659e+00
1.048101335114004495e+00
1.033880640671070328e+00
1.017920003644917415e+00
1.006549689240147538e+00
9.989422892113360986e-01
9.943341293863587893e-01
9.824989983155184570e-01
9.741154943517329468e-01
9.685800544036909931e-01
9.556776198201443195e-01
9.462542957764507046e-01
9.356348494913869773e-01
9.280787234565929245e-01
9.131637164544927909e-01
8.964890615440669341e-01
8.796595524537778044e-01
8.672366118301143567e-01
8.531767931288526396e-01
8.332107968505551021e-01
8.185230892504012923e-01
8.033410155248910112e-01
7.875181037052412236e-01
7.763936183507164079e-01
7.641930831771428512e-01
7.560256631320679821e-01
7.510495331716617873e-01
7.433876924732424341e-01
7.384667168193842501e-01
7.357183691531853365e-01
7.346328125961173461e-01
7.295071531265229225e-01
7.261487361860359258e-01
7.188327446333780957e-01
7.135318269400380276e-01
7.052285948187790865e-01
6.936574126789442074e-01
6.849571199741421035e-01
6.787414628045521647e-01
6.700574750395059676e-01
6.582028596450193447e-01
6.392673545363775078e-01
6.248638076985697509e-01
6.102177514966420357e-01
5.937859098227359356e-01
5.718741433640812666e-01
5.494812900413936774e-01
5.328449072906875639e-01
5.148481166358336303e-01
4.921423308118126894e-01
4.755131584471954387e-01
4.575281317456083574e-01
4.448155286554300591e-01
4.268483005928855878e-01
4.141943756546977440e-01
3.992373136458398086e-01
3.861795636815557042e-01
3.775046144386504654e-01
3.722987063848024469e-01
3.605581365612715583e-01
3.525607197098521439e-01
3.409044291813507765e-01
3.304817327252731474e-01
3.168074067302397712e-01
3.070297086138040754e-01
3.004492952196970990e-01
2.897586471432318511e-01
2.822439114541639427e-01
2.687448271416219558e-01
2.522434643503923546e-01
2.467668784985046493e-01
2.369551065187234240e-01
2.301850980785822287e-01
2.258873167741592969e-01
2.167555488549337550e-01
2.103195561590260887e-01
2.006602354887094819e-01
1.923005646173461258e-01
1.795728958229481087e-01
1.632116140943287164e-01
1.439077406714295293e-01
1.293548955349852481e-01
1.110401297076386573e-01
9.773244315880647015e-02
8.157730159321108232e-02
7.006951614072565171e-02
5.500991870734495137e-02
3.759033218734408877e-02
2.513647925891482338e-02
1.673407072436705612e-02
4.728781791291547520e-03
-3.540824199800729488e-03
-8.842187880558904922e-03
-1.869617746897511701e-02
-2.550541591171207045e-02
-2.960944485294891848e-02
-3.174135822380774741e-02
-3.927373796424715735e-02
-4.447061874763091893e-02
-4.777995108245147726e-02
-5.643912901896119827e-02
-6.314391236049421430e-02
-6.784407891178934058e-02
-7.088206227723481412e-02
-7.258854562138572497e-02
-8.079026006908107682e-02
-8.695821688318483567e-02
-9.135026091856457420e-02
-9.424911575348104975e-02
-1.030678409059533340e-01
-1.104488239780820891e-01
-1.230567565983846645e-01
-1.326898948267845046e-01
-1.480132519379890876e-01
-1.670555208212864962e-01
-1.816076154136407883e-01
-1.994954466426117623e-01
-2.126791376047563187e-01
-2.274292236883848073e-01
-2.447966160821610782e-01
-2.571586433401373828e-01
-2.723784057072351494e-01
-2.898499912628955677e-01
-3.022960692245175718e-01
-3.173390702735283675e-01
-3.278574530324021019e-01
-3.477894506745842218e-01
-3.622992532628863671e-01
-3.723618241181987365e-01
-3.813950699767061359e-01
-3.935913841372478128e-01
-4.020791625321822327e-01
-4.166228968112484221e-01
-4.271998791346212077e-01
-4.407304347589808824e-01
-4.565967532351169478e-01
-4.680346390847276439e-01
-4.819248027929610156e-01
-4.916775897302314569e-01
-4.980714548421885102e-01
-5.051165004716013929e-01
-5.155636472275058058e-01
-5.228472737669185300e-01
-5.275454501936562846e-01
-5.396262518139152142e-01
-5.484619651692002051e-01
-5.545576097486817346e-01
-5.679860880218667862e-01
-5.779532280838856062e-01
-5.907604631304642639e-01
-6.000126307458216735e-01
-6.159775780200977824e-01
-6.334072686563368970e-01
-6.462096182725854954e-01
-6.648014435608430306e-01
-6.784795607711739951e-01
-6.977107530242184774e-01
-7.118177442943057764e-01
-7.267571261450848086e-01
-7.417684472692827047e-01
-7.573303725156250721e-01
-7.730024199986861300e-01
-7.841032004667231048e-01
-7.962314038709681352e-01
-8.043914933838752779e-01
-8.143362653812200591e-01
-8.209641365677117220e-01
-8.249189015571802841e-01
-8.267929294301054055e-01
-8.317603386507239627e-01
-8.347557334643371796e-01
-8.362319397795916487e-01
-8.365801632585119219e-01
-8.315406117613013404e-01
-8.267734377342497165e-01
-8.177391561375421114e-01
-8.100150281490634541e-01
-8.084623774418452369e-01
-8.025193035973117173e-01
-8.026689721912311226e-01
-8.030543404787103823e-01
-8.086196426296827777e-01
-8.133639951322725326e-01
-8.172799097436155291e-01
-8.251824545131896116e-01
-8.366237884219106524e-01
-8.457012288142385925e-01
-8.572426508136995471e-01
-8.713295693572298273e-01
-8.821213717451650282e-01
-8.955046609741694752e-01
-9.055550603569925139e-01
-9.226327927981379240e-01
-9.355048460203896354e-01
-9.505083859942340396e-01
-9.714318152441542287e-01
-9.931128293614899238e-01
-1.009343178877759151e+00
-1.030738612311906444e+00
-1.046372978044443514e+00
-1.066904989137145598e+00
-1.081625936937703480e+00
-1.101116003013055566e+00
-1.114908862309440085e+00
-1.130426091973701475e+00
-1.147565970961222259e+00
-1.162506995811069865e+00
-1.179165154200234822e+00
-1.190843456015593160e+00
-1.200992839322388317e+00
-1.207371060978276400e+00
-1.210831883086055161e+00
-1.212105670516385736e+00
-1.209363696677556277e+00
-1.205956751995501897e+00
-1.202257309348504499e+00
-1.198545111066811497e+00
-1.204116167478091803e+00
-1.208343533291352578e+00
-1.217980995718526582e+00
-1.227837330254553327e+00
-1.239591957927102861e+00
-1.250837117260620523e+00
-1.265842421728264444e+00
-1.277215599805461288e+00
-1.292170181662983808e+00
-1.303326281921365126e+00
-1.318022409760379432e+00
-1.328841077256551761e+00
-1.343234193706071888e+00
-1.360637941915667337e+00
-1.373536540687869456e+00
-1.389589612436417987e+00
-1.401227146933140988e+00
-1.416224829593544010e+00
-1.427962576541287332e+00
-1.435839933307272664e+00
-1.447673202479651478e+00
-1.455826805887409980e+00
-1.461005942318684525e+00
-1.463094833191536992e+00
-1.470665642010466678e+00
-1.482977087009202721e+00
-1.499260199392192794e+00
-1.511525825424159031e+00
-1.520308656583594376e+00
-1.533446705180551817e+00
-1.550056118655187998e+00
-1.562471716824894941e+00
-1.578670307460500855e+00
-1.590508228953648517e+00
-1.606107441221739762e+00
-1.624787352728956469e+00
-1.637920412186538277e+00
-1.646775167458512934e+00
-1.659545881133249523e+00
-1.668296376279026827e+00
-1.673084654450831543e+00
-1.675475864568933382e+00
-1.676116602267442968e+00
-1.682567413002463264e+00
-1.686871359307819285e+00
-1.689477674682083874e+00
-1.691624165300203320e+00
-1.699703309605294699e+00
-1.712755190464371413e+00
-1.722762331915533185e+00
-1.730110183599935514e+00
-1.742265843621123800e+00
-1.751286122248894905e+00
-1.757644952689296769e+00
-1.768831368890073863e+00
-1.776970033950479255e+00
-1.782563818392490118e+00
-1.793049192100318212e+00
-1.807524045677915803e+00
-1.818267282023593889e+00
-1.825869289567992437e+00
-1.837698502683177360e+00
-1.846198858543270260e+00
-1.853912127603559279e+00
-1.852326399590192629e+00
-1.856740516771179239e+00
-1.859478640815373840e+00
-1.867735009292733395e+00
-1.875881024721139934e+00
-1.879624326254253353e+00
-1.884055442566774596e+00
-1.886940920693222834e+00
-1.895472303210181897e+00
-1.899443331017578229e+00
-1.901926225917896840e+00
-1.896496299491196469e+00
-1.891464020888003583e+00
-1.889204485234220243e+00
-1.887117892363113558e+00
-1.885262986837771049e+00
-1.881449761361223105e+00
-1.878340626902230914e+00
-1.875882124718011079e+00
-1.874002838966035700e+00
-1.865794261637809370e+00
-1.859245046851334848e+00
-1.854196367369576492e+00
-1.850458838174378950e+00
-1.847831637771454538e+00
-1.846116454450177136e+00
-1.845127098153090950e+00
-1.844695588364483108e+00
-1.844675462503788221e+00
-1.839938435040898046e+00
-1.834344214049775212e+00
-1.830068163311298957e+00
-1.826938052474665675e+00
-1.822967061992375681e+00
-1.821923553210420987e+00
-1.812759528181731694e+00
-1.805681795273492707e+00
-1.800414353489398600e+00
-1.796673044884739001e+00
-1.787259794437674909e+00
-1.780103247683201051e+00
-1.766543841079030619e+00
-1.756239218489705323e+00
-1.748712874386543437e+00
-1.744704842762854646e+00
-1.734181336478282098e+00
-1.726435287700926580e+00
-1.721021031098201037e+00
-1.717508844947346125e+00
-1.715502175017251663e+00
-1.707705089350028960e+00
-1.695046454042817841e+00
-1.685404989756815297e+00
-1.677629438770740444e+00
-1.665986937393299172e+00
-1.657347206998527334e+00
-1.651267085205215368e+00
-1.639769763303171590e+00
-1.631418736727332064e+00
-1.626058024494222876e+00
-1.615652754365832777e+00
-1.601009973065590453e+00
-1.590002207684586999e+00
-1.582127166472711899e+00
-1.576863046157060966e+00
-1.573703672066781412e+00
-1.572181896125639966e+00
-1.571883543815058015e+00
-1.572454067225658392e+00
-1.580719567214753374e+00
-1.588022276587954806e+00
-1.594267069997023389e+00
-1.599242108445789734e+00
-1.603186430111161354e+00
-1.606466795982712359e+00
-1.608945561028280347e+00
-1.610733374338707335e+00
-1.619012915990441392e+00
-1.625544614505433749e+00
-1.630511061688126651e+00
-1.634122897800199814e+00
-1.636599087480720138e+00
-1.638152678810840479e+00
-1.638981189786492099e+00
-1.646340093226723589e+00
-1.652002820003656058e+00
-1.656186379529296815e+00
-1.659120138632857788e+00
-1.668083218618452435e+00
-1.674932096348940469e+00
-1.686975533991656118e+00
-1.696177941969233105e+00
-1.702924069108521010e+00
-1.707610078524257391e+00
-1.717585831238449323e+00
-1.724945831809117758e+00
-1.730104321469735584e+00
-1.733463457366699823e+00
-1.742307917514673399e+00
-1.748778811267339028e+00
-1.753263332776068051e+00
-1.756133339528068715e+00
-1.757730811473723120e+00
-1.758359477938963078e+00
-1.758280973075761366e+00
-1.750840502690885092e+00
-1.744329940898469822e+00
-1.745715362964762152e+00
-1.746829673632867896e+00
-1.747696554251762180e+00
-1.755225710450071475e+00
-1.761295645341691918e+00
-1.766032736319401497e+00
-1.776418681391492393e+00
-1.777724758563750118e+00
-1.786573367884726871e+00
-1.798682367143400906e+00
-1.807951738924977070e+00
-1.814773608179300002e+00
-1.819546586258272258e+00
-1.822652066456322384e+00
-1.826180521005960955e+00
-1.835135969875358430e+00
-1.841851542055336521e+00
-1.853353583305041408e+00
-1.862014561870748430e+00
-1.868238962692239324e+00
-1.874523552997733766e+00
-1.883391360530083158e+00
-1.889744378019259763e+00
-1.894024976726759180e+00
-1.896647566362693382e+00
-1.897984895428091123e+00
-1.898361478710410166e+00
-1.898051835670557130e+00
-1.897281895265765517e+00
-1.896232407841711876e+00
-1.895043542290484329e+00
-1.896027340253839011e+00
-1.894432001004085819e+00
-1.895169835905244682e+00
-1.902303050930453487e+00
-1.908047388742369899e+00
-1.910176656239535253e+00
-1.911582443850034618e+00
-1.912416634737927890e+00
-1.915141684388269372e+00
-1.917131981292656162e+00
-1.918501665204220386e+00
-1.919363804968303722e+00
-1.919824829883977735e+00
-1.921420213934974530e+00
-2.072161942562257053e+00
-2.072161942562257053e+00
-2.072161942562257053e+00
-2.080797230613254278e+00
-2.082853087218790034e+00
-2.083678585414960871e+00
-2.088796855722664159e+00
-2.092035489120972702e+00
-2.094080684382285007e+00
-2.095346530451260847e+00
-2.096077135971501360e+00
-2.102796179255987941e+00
-2.111461946416259838e+00
-2.118058130613004852e+00
-2.122945041577667613e+00
-2.132358864432167600e+00
-2.139465033930453508e+00
-2.148409958170844014e+00
-2.155094663737330496e+00
-2.165674620401836670e+00
-2.173538302763800001e+00
-2.184830949554603219e+00
-2.193108998833134926e+00
-2.198874388245558809e+00
-2.212293649575669097e+00
-2.222330862232251292e+00
-2.233754282139338798e+00
-2.242106435208862880e+00
-2.247856263079387684e+00
-2.261373481726999923e+00
-2.271447547736664241e+00
-2.288550590730455081e+00
-2.301423509559868741e+00
-2.310645407204987123e+00
-2.326874521770439408e+00
-2.343797812970647598e+00
-2.361364533668113275e+00
-2.379071709532941448e+00
-2.396934989963993345e+00
-2.414507056571180144e+00
-2.426928687898862513e+00
-2.445026927913771964e+00
-2.457935336348779032e+00
-2.466596104372364984e+00
-2.471874192648503943e+00
-2.480008308067047196e+00
-2.485224879160451650e+00
-2.492355765340633411e+00
-2.502482728481224772e+00
-2.519357798448143448e+00
-2.531961976550415994e+00
-2.546709931945849270e+00
-2.557473743485780826e+00
-2.574603780257743502e+00
-2.587187230254153647e+00
-2.601973512911722075e+00
-2.612591591454863860e+00
-2.629390560977804547e+00
-2.647800488367457739e+00
-2.661284837391800107e+00
-2.680158850513611579e+00
-2.693815140670062114e+00
-2.706118445167825293e+00
-2.720656050008558147e+00
-2.730756984359016926e+00
-2.743703110227352138e+00
-2.752676097931542110e+00
-2.764930761097605050e+00
-2.776004432555340351e+00
-2.790049845155042618e+00
-2.806656614179743769e+00
-2.818760763766139821e+00
-2.835911688071388603e+00
-2.854984145568558951e+00
-2.875652736915479402e+00
-2.897626815498928643e+00
-2.915351336824285156e+00
-2.934524303166655024e+00
-2.954945766313079591e+00
-2.976423600311732809e+00
-2.991859815279577894e+00
-3.009204116708533938e+00
-3.028225129340345489e+00
-3.042377799551266193e+00
-3.051686114787226956e+00
-3.064079978611182753e+00
-3.072271856296303838e+00
-3.084024728905600199e+00
-3.091948845517693112e+00
-3.103700930170484540e+00
-3.118715610424044993e+00
-3.136428313957025260e+00
3.133808397165093407e+00
3.117938031315922842e+00
3.099669007852046576e+00
3.086416243983331142e+00
3.069949757702882920e+00
3.058090394718808724e+00
3.043796973469516942e+00
3.026999760845551002e+00
3.008211039187701719e+00
2.993714995930780276e+00
2.977908776514210487e+00
2.965724725513386506e+00
2.950734368877849789e+00
2.940240931539686464e+00
2.926637530825509259e+00
2.915670344631282163e+00
2.901477889929006349e+00
2.884639783405934299e+00
2.865747767946083435e+00
2.845363629111340664e+00
2.830616692925452593e+00
2.818331065461873397e+00
2.803485513745892721e+00
2.786573684697457587e+00
2.765531932635504564e+00
2.750118774434473945e+00
2.732993399453333083e+00
2.711675934696346602e+00
2.689813644985202146e+00
2.667814913404868538e+00
2.652142582184610742e+00
2.641652207763383053e+00
2.629230292328594398e+00
2.621165167584611932e+00
2.613047158726558017e+00
2.614110439711395451e+00
2.616615817368044716e+00
2.620011483474199210e+00
2.617746810611022212e+00
2.616686924450203566e+00
2.616522342983742533e+00
2.613446060274665861e+00
2.605299829662837130e+00
2.595431060203059026e+00
2.581769713244256970e+00
2.571268618280542206e+00
2.563537573030362893e+00
2.558151439922634829e+00
2.554685941905419533e+00
2.552741764676014213e+00
2.551959328423592410e+00
2.552026457921785063e+00
2.548688298800871443e+00
2.546432270059901803e+00
2.545059412507363561e+00
2.538397530065990892e+00
2.527464799637838766e+00
2.514892049174707100e+00
2.499446771467757955e+00
2.487680855792190115e+00
2.473474292193849955e+00
2.457558427882628571e+00
2.441412909248909635e+00
2.424257019529215462e+00
2.411750950083569212e+00
2.397995471135581091e+00
2.388362791141795949e+00
2.382041682681433681e+00
2.378317805919213157e+00
2.376575440559683727e+00
2.371584429656206083e+00
2.368456954253018054e+00
2.366802466966638985e+00
2.356555378498989217e+00
2.348853895692688099e+00
2.333584325476027566e+00
2.321899881745894678e+00
2.308220680672588898e+00
2.298022056235409671e+00
2.290821460028951595e+00
2.276209067894333415e+00
2.265390161676774206e+00
2.252338637986333048e+00
2.238473757848992829e+00
2.228517246816713371e+00
2.216184323823441993e+00
2.197548288050354515e+00
2.183703337272975720e+00
2.169949213882242045e+00
2.160380873224704956e+00
2.144565858897806709e+00
2.127385499851131900e+00
2.111350937591581989e+00
2.100018197883241289e+00
2.092497425219036700e+00
2.078725212971591407e+00
2.072287140918322113e+00
2.065268384024288917e+00
2.060931688137121576e+00
2.058670972780599850e+00
2.051988263982702065e+00
2.041453370056867556e+00
2.030693284904478535e+00
2.022935930080383748e+00
2.011544089250703049e+00
1.997046162787469381e+00
1.986205761350557930e+00
1.974897308962620723e+00
1.964035206544342493e+00
1.956393309195465946e+00
1.944920786072457775e+00
1.930147030970402522e+00
1.912580342430888702e+00
1.899451714120086621e+00
1.881182775706196075e+00
1.861033881117911459e+00
1.839371027576847339e+00
1.823431348829489096e+00
1.803751571122891750e+00
1.789750998129982840e+00
1.773500550003672016e+00
1.760884679441043099e+00
1.745810723516236118e+00
1.728611201682664023e+00
1.716454599003971015e+00
1.701567886158145138e+00
1.684329044979769430e+00
1.672002993998510378e+00
1.656843979244959408e+00
1.639267714388583208e+00
1.626636819187262661e+00
1.611167974687332638e+00
1.593302513713737323e+00
1.573499954846424798e+00
1.558966448325681098e+00
1.541826086005035901e+00
1.522523390475200689e+00
1.501508090809167140e+00
1.478548795686687845e+00
1.454504586332684424e+00
1.436991677180625038e+00
1.416690337783342635e+00
1.402255252747091063e+00
1.386821084076095056e+00
1.369412347589465062e+00
1.357532373313663276e+00
1.343008173944458372e+00
1.326284191592541628e+00
1.314736783413726240e+00
1.307345371199136519e+00
1.296336361065629994e+00
1.289085408240848718e+00
1.278024772898033401e+00
1.270519577146878909e+00
1.265853865414042101e+00
1.256720232811695759e+00
1.250494300597030595e+00
1.240004424000305416e+00
1.230260366290883978e+00
1.223365550713557903e+00
1.212247478528551525e+00
1.195126713621810666e+00
1.182152280360962759e+00
1.172781286834348347e+00
1.157063607445566022e+00
1.138893637107045942e+00
1.125436250821428619e+00
1.112822360965477930e+00
1.094212480833782752e+00
1.080379443028171460e+00
1.060662633492634566e+00
1.046083803832391412e+00
1.025689644381547749e+00
1.004380731240776203e+00
9.848170135633903532e-01
9.645748548302744974e-01
9.396943926129547320e-01
9.215692904665162555e-01
9.091303203757250539e-01
8.966075087451947923e-01
8.826097497536068426e-01
8.732752575791526972e-01
8.676787951631101947e-01
8.649765820767159052e-01
8.587043113004612094e-01
8.494172930391468146e-01
8.432366489307515645e-01
8.340460893598780068e-01
8.224929130400389088e-01
8.143749513423406139e-01
8.089926297699654434e-01
8.057452929912535255e-01
8.041247373482859340e-01
7.988096916364142430e-01
7.952184079543139772e-01
7.829790831907351700e-01
7.736144588291661295e-01
7.615868206114495553e-01
7.423134913971384252e-01
7.322472045606186475e-01
7.147549591479932518e-01
7.015367605740886470e-01
6.863179679173674330e-01
6.646344906943992825e-01
6.483165798367179766e-01
6.305755319468822062e-01
6.133531086823376111e-01
5.949476284859002151e-01
5.712805296957997880e-01
5.539637143483520099e-01
5.316372429758309259e-01
5.119692800437003477e-01
4.918503038762682689e-01
4.678144649790616505e-01
4.506340902896823764e-01
4.293612878393757715e-01
4.115535294971037761e-01
3.929838922490251907e-01
3.801801711980701270e-01
3.628528061261340198e-01
3.509017421199023268e-01
3.366462366290317032e-01
3.269220248905353454e-01
3.120249554547889215e-01
2.950034077167149604e-01
2.742365539955211595e-01
2.591698464767877574e-01
2.421116813295247638e-01
2.316268436445021450e-01
2.165283837606142292e-01
1.991380848553399030e-01
1.866671543245803644e-01
1.713982447484316829e-01
1.606515357687423595e-01
1.466805108579547490e-01
1.299276290698003766e-01
1.100634615676479022e-01
9.570756662805735004e-02
7.893433124229942699e-02
6.711766461664447903e-02
5.201799248312122259e-02
4.161402490738175253e-02
3.520364938983688852e-02
2.470073567517427904e-02
1.760233037779967979e-02
1.325879956946551808e-02
4.103801034785803381e-03
-2.173607431322333028e-03
-1.309607232312903768e-02
-2.090829373861957663e-02
-3.313285748565220068e-02
-4.899543519857663121e-02
-6.119451945270437676e-02
-7.702149561682114509e-02
-9.578184795729449696e-02
-1.167985355776066658e-01
-1.323931970437910444e-01
-1.504121622147167603e-01
-1.703209751613057321e-01
-1.846645408681399925e-01
-2.013266799618262937e-01
-2.198424174914452855e-01
-2.329547126226845233e-01
-2.484348814767811664e-01
-2.591170287036710373e-01
-2.659353993917921155e-01
-2.763998569143135686e-01
-2.833181327220892776e-01
-2.940240720124946971e-01
-3.078657964154980498e-01
-3.198705549445219898e-01
-3.283182412545804230e-01
-3.403408524441455807e-01
-3.552819226390857565e-01
-3.685596680528748781e-01
-3.780573198319361339e-01
-3.843931856206772579e-01
-3.973119691711248791e-01
-4.131181633328617764e-01
-4.311076423836182059e-01
-4.506122237267913277e-01
-4.710415285913569505e-01
-4.951722086807059942e-01
-5.129592422504185567e-01
-5.313640868766367209e-01
-5.442558348251842482e-01
-5.526876260373509986e-01
-5.612242499248005778e-01
-5.664633211909499977e-01
-5.748854560180849393e-01
-5.859940309842877060e-01
-5.974485178714009637e-01
-6.054692289929100024e-01
-6.162706010307713589e-01
-6.333088942525137988e-01
-6.459247067733908665e-01
-6.589874482986948223e-01
-6.737048842372195256e-01
-6.939440156999039377e-01
-7.089756409397633963e-01
-7.247390140785781032e-01
-7.454844851039132969e-01
-7.606147672159899731e-01
-7.758376641451910638e-01
-7.913088052796457550e-01
-8.020571394298916523e-01
-8.139191960820854055e-01
-8.265622825494348680e-01
-8.351670034070957094e-01
-8.456137040914326608e-01
-8.571320844483063528e-01
-8.702125213682703198e-01
-8.794676610042637677e-01
-8.908933802630215615e-01
-9.031729818495108919e-01
-9.117642332941554573e-01
-9.269739985003180305e-01
-9.379918310899355571e-01
-9.455218405830637662e-01
-9.558300508707019416e-01
-9.668712393980125608e-01
-9.745260747686842473e-01
-9.851233118112689979e-01
-9.983254436165099888e-01
-1.007951917538653319e+00
-1.018191449261744097e+00
-1.025227699885144617e+00
-1.035584969968292413e+00
-1.052284988765187945e+00
-1.064687865812178114e+00
-1.082747725643030900e+00
-1.096037704516110933e+00
-1.111447302784549507e+00
-1.128718220949294526e+00
-1.141336094319503669e+00
-1.159106909685352127e+00
-1.178297843185655003e+00
-1.198709793656894673e+00
-1.213652850209859801e+00
-1.230513746875685044e+00
-1.249087071504630275e+00
-1.269158869486651131e+00
-1.283704178356966263e+00
-1.293564926139702864e+00
-1.306484915635857336e+00
-1.316991030684781849e+00
-1.323659471237765173e+00
-1.325605107748107470e+00
-1.327327660348408767e+00
-1.327372889630308528e+00
-1.331447113622062028e+00
-1.335517850888378044e+00
-1.337955552090277722e+00
-1.346044587862311737e+00
-1.351936267063261754e+00
-1.362936697739121739e+00
-1.378183613815796571e+00
-1.389838424128376104e+00
-1.398359384849827469e+00
-1.411311008917787380e+00
-1.427952640842356846e+00
-1.440431051487498948e+00
-1.449329205551367572e+00
-1.455250996061203894e+00
-1.459582116942083951e+00
-1.454790452391989675e+00
-1.449844441288642427e+00
-1.445053165379162952e+00
-1.440619346745304785e+00
-1.435716613795820384e+00
-1.431472701486694588e+00
-1.427914373118151392e+00
-1.426057561082954450e+00
-1.424656852238295857e+00
-1.423644521964419596e+00
-1.415989008003020189e+00
-1.409897781835002029e+00
-1.405206908655119769e+00
-1.401730858002008251e+00
-1.399278765533400026e+00
-1.396452904418694185e+00
-1.394492293817599426e+00
-1.393246588912672612e+00
-1.392571080833041153e+00
-1.392332699086926029e+00
-1.386677343926833839e+00
-1.381007183016334183e+00
-1.378038847645204790e+00
-1.369106113968608929e+00
-1.360794896317444103e+00
-1.354471073982989493e+00
-1.342977780663974441e+00
-1.334200742240426951e+00
-1.327776897840341253e+00
-1.316495073706581476e+00
-1.308099993936592043e+00
-1.302148273589098793e+00
-1.291452506391715715e+00
-1.283627632828861609e+00
-1.271525727825843166e+00
-1.262636235401326523e+00
-1.256429177914455408e+00
-1.250219392616833680e+00
-1.239463006092130115e+00
-1.231583128128047155e+00
-1.219550213075071277e+00
-1.210729427015258874e+00
-1.198102457889711703e+00
-1.182479666794614470e+00
-1.170968337697387840e+00
-1.162888403236434165e+00
-1.157595767554747024e+00
-1.160786436189906734e+00
-1.158221349636956887e+00
-1.154214003822215950e+00
-1.145366836501179097e+00
-1.138832370971608832e+00
-1.128002407430287013e+00
-1.113774026711491949e+00
-1.103106798046714632e+00
-1.092310631103900143e+00
-1.078428498129451185e+00
-1.068194479540600650e+00
-1.055067440208415253e+00
-1.042168238373781808e+00
-1.032839303912493900e+00
-1.020630896921787656e+00
-1.008308149874202364e+00
-9.936799511028685528e-01
-9.830805928539333438e-01
-9.701579164685976142e-01
-9.610650707688647154e-01
-9.511264949012024905e-01
-9.387731015112555921e-01
-9.259206404792204026e-01
-9.167047168154238701e-01
-9.050819639730379729e-01
-8.915966667076169472e-01
-8.776703346404787220e-01
-8.676753997412316455e-01
-8.557560102726868845e-01
-8.429412175943579166e-01
-8.338404936685436253e-01
-8.227724387016411844e-01
-8.104399177384957742e-01
-8.016863194771637335e-01
-7.910547503210411113e-01
-7.787207570577256988e-01
-7.649714106605025599e-01
-7.502440383477164687e-01
-7.345034031713858491e-01
-7.131869828094187236e-01
-6.972844823791765068e-01
-6.761648758317644337e-01
-6.564330290177630145e-01
-6.327110850753624449e-01
-6.155204463667682813e-01
-5.980534696096875269e-01
-5.821046107753337084e-01
-5.655347971887565439e-01
-5.540499032700731963e-01
-5.466944730918938955e-01
-5.367317964915245820e-01
-5.268205714493707781e-01
-5.144588378014831598e-01
-5.058919493671936163e-01
-4.911434705693329406e-01
-4.745034099924900772e-01
-4.623745468754703047e-01
-4.416110573932801042e-01
-4.231626788263838090e-01
-4.035044897943000919e-01
-3.827919954347045461e-01
-3.587123889774155305e-01
-3.411161040571848435e-01
-3.223813891266995579e-01
-3.092230415617949202e-01
-2.939922553786511461e-01
-2.768645380284429081e-01
-2.580416881477971547e-01
-2.377397699469550041e-01
-2.161792851760100387e-01
-2.005905813367356849e-01
-1.829979246082591438e-01
-1.636393513468215044e-01
-1.417477962389657176e-01
-1.190828886817421051e-01
-1.029466612131157977e-01
-8.506398360537592573e-02
-7.226764449265798973e-02
-6.420701252966765082e-02
-5.980181676695428550e-02
-5.115040411664306674e-02
-4.609573383545484404e-02
-4.349037971800817637e-02
-2.858572548804461100e-02
-1.041642148514942967e-02
1.033441159813142107e-02
3.303244152216189278e-02
5.710965372383580707e-02
7.494793861450332884e-02
9.460882074888443682e-02
1.156910376126192297e-01
1.378215615609712508e-01
1.606672883084185877e-01
1.839412784254774724e-01
2.019233957059805018e-01
2.281713827815772255e-01
2.472608355006695735e-01
2.672073673295909391e-01
2.877862086156253163e-01
3.109319396691498927e-01
3.274743007985949639e-01
3.543022159176829611e-01
3.739377533104708551e-01
3.968400019847810878e-01
4.197842376862916947e-01
4.390620818973085537e-01
4.589173716245602552e-01
4.726276454040587716e-01
4.975977637572956969e-01
5.192413367507071609e-01
5.409207051079061301e-01
5.662767477262522497e-01
5.947881219146319287e-01
6.216045567879933120e-01
6.465375131077906179e-01
6.741119184017125843e-01
6.936115547218250077e-01
7.065209883798183599e-01
7.196729268554852288e-01
7.277303791053566506e-01
7.420104566854812678e-01
7.462382900951446407e-01
7.529113359315354748e-01
7.615106172506997950e-01
7.771960048027851675e-01
7.936648601126260472e-01
8.107185605161589814e-01
8.333419117864269143e-01
8.556634948632124704e-01
8.768904397535914885e-01
9.024165242588600977e-01
9.210645678195091834e-01
9.441067421730093834e-01
9.706134740320062626e-01
9.936819536378104223e-01
1.015791659799981428e+00
1.031248362669764385e+00
1.044875783357445798e+00
1.053506136149763073e+00
1.058278729328462564e+00
1.060157219395455819e+00
1.059942545241645107e+00
1.058288989024915416e+00
1.055720713541388189e+00
1.049191493930182961e+00
1.043029501607015908e+00
1.047081183960306472e+00
1.046601211397347075e+00
1.055612423758389706e+00
1.062771810150428875e+00
1.074540246284339862e+00
1.087113010699741755e+00
1.103069654243775233e+00
1.115319229396072753e+00
1.130821397265169059e+00
1.151988157722428463e+00
1.174627176688733510e+00
1.194341794468310791e+00
1.215274034995823094e+00
1.230503873968802786e+00
1.249972982157513623e+00
1.270551456177393845e+00
1.287300419472029889e+00
1.298764465876460994e+00
1.312707798282134908e+00
1.322167373946678604e+00
1.328042812811132567e+00
1.337832605281078280e+00
1.344321912054742274e+00
1.346632751152123886e+00
1.347181509466039318e+00
1.353337081143387355e+00
1.364392446375056078e+00
1.372581077271502359e+00
1.385370436992757082e+00
1.403221660868342102e+00
1.416623466716938617e+00
1.433316579661573442e+00
1.452674135098617647e+00
1.474127854385601566e+00
1.490023547833242645e+00
1.508358106643524321e+00
1.528982548146734066e+00
1.550836034094843718e+00
1.566555236552510166e+00
1.584260181562864078e+00
1.603392510420523331e+00
1.623645969787774312e+00
1.637941619744040400e+00
1.654803624331567136e+00
1.666626093720665391e+00
1.681169157019696270e+00
1.691182039537303838e+00
1.704360524344508576e+00
1.720220232886413569e+00
1.731450153732337460e+00
1.738870360798444592e+00
1.750047996143850870e+00
1.757623255530764261e+00
1.762298617429862269e+00
1.764712610575380758e+00
1.772181386480606413e+00
1.771817141449992805e+00
1.770445392551359465e+00
1.775297208016450412e+00
1.778586599615580965e+00
1.787475723399405636e+00
1.794109584886681041e+00
1.804030438544052206e+00
1.811293157889503069e+00
1.816358095275119044e+00
1.821350654998750596e+00
1.824674180236600662e+00
1.833339937087313132e+00
1.839739280521657250e+00
1.844223890467581839e+00
1.853777826141699725e+00
1.860849425815778835e+00
1.872401085011354382e+00
1.880995164455356639e+00
1.895760660681482079e+00
1.913444622435871656e+00
1.926820293374424953e+00
1.942890346906934962e+00
1.954651372935830800e+00
1.962813367519374630e+00
1.968054960603512926e+00
1.970996887993562208e+00
1.978437128606632456e+00
1.983428953883511481e+00
1.986467318601735865e+00
1.990747701949918458e+00
1.993422824831704077e+00
2.001052096037795991e+00
2.006579000061718521e+00
2.010347310803095588e+00
2.021829808680362106e+00
2.030578635748029992e+00
2.036944458616888998e+00
2.047441533070404329e+00
2.055148102248899100e+00
2.072554500221850837e+00
2.085666244264597680e+00
2.089293594014949740e+00
2.094442287883765630e+00
2.094210165649939004e+00
2.096439595293337455e+00
2.091527958356185213e+00
2.086734514940024265e+00
2.078901579587813409e+00
2.075543848274851833e+00
2.078766577548703864e+00
2.081398359363221040e+00
2.089498253081643497e+00
2.095958349170162549e+00
2.106848515556988044e+00
2.118847220934027664e+00
2.128149903249408670e+00
2.140857252206500583e+00
2.144708307541879577e+00
2.146973281773497888e+00
2.148011580352495287e+00
2.142366771407104853e+00
2.137091223820266617e+00
2.132354205601421526e+00
2.131946003989036331e+00
2.131528046402446641e+00
2.131125434771545368e+00
2.140565115295347098e+00
2.148330953072372207e+00
2.154496154315368450e+00
2.169185018871010229e+00
2.186722039811467511e+00
2.200328444393211846e+00
2.216194084870647174e+00
2.233549665906701343e+00
2.250701076737938067e+00
2.264227332800232695e+00
2.278090924453266108e+00
2.293058427366476693e+00
2.303655850364027646e+00
2.310717782671106946e+00
2.314987870339881404e+00
2.317112860399695329e+00
2.322260930390566358e+00
2.325457784663437444e+00
2.327115844907797992e+00
2.327605232179163153e+00
2.331997877903606575e+00
2.334992404062210092e+00
2.341713980079214608e+00
2.351749262555676179e+00
2.364394423502523157e+00
2.379037574985956027e+00
2.390106488466353429e+00
2.408113559082166510e+00
2.431670114452183729e+00
2.449540785421454814e+00
2.466921550803599317e+00
2.489043685905064418e+00
2.505173352449627355e+00
2.516362107043149887e+00
2.529184719356154520e+00
2.541796899330862392e+00
2.555991968463967368e+00
2.565927361913129090e+00
2.572380064246639009e+00
2.581879776190951326e+00
2.591859269317298597e+00
2.604484747852232829e+00
2.613474364919032844e+00
2.625454914356268432e+00
2.643419276440616805e+00
2.662926317399614717e+00
2.680570207231101065e+00
2.699507737369033933e+00
2.713243238542529134e+00
2.728994386883477397e+00
2.742826222079673304e+00
2.758641044209234394e+00
2.769755498729658427e+00
2.777020850267122309e+00
2.790108815033455869e+00
2.799157711600819276e+00
2.802672362396521955e+00
2.804076020810898129e+00
2.810483103764637836e+00
2.814651089050852484e+00
2.825859054216095512e+00
2.831912222636723264e+00
2.844670703899323527e+00
2.854104382906526460e+00
2.867472480083900876e+00
2.884125017075746200e+00
2.898303497853707000e+00
2.915264688569371376e+00
2.934497816332812370e+00
2.948687609155391076e+00
2.959886203682721373e+00
2.972919368008507757e+00
2.982018479316290271e+00
2.987889034212542594e+00
2.991193653820340970e+00
2.999450540852304226e+00
3.005020841312806112e+00
3.015382755842363594e+00
3.029796298557249301e+00
3.040507714928494920e+00
3.055710707900018086e+00
3.073769003218473461e+00
3.087090594248127040e+00
3.096441099632095906e+00
3.102557115132435595e+00
3.113050614619765177e+00
3.120307472751320255e+00
3.124937333656330196e+00
3.134379762369494671e+00
3.141080386896492271e+00
-3.137729434194972633e+00
-3.128140860223825648e+00
-3.114148566582743527e+00
-3.103662549928690062e+00
-3.089099192004033156e+00
-3.071242639488058757e+00
-3.057920060609727209e+00
-3.048467590281517925e+00
-3.042211343902912812e+00
-3.038510314257589329e+00
-3.036782410970086055e+00
-3.035768330879005994e+00
-3.035925853314428657e+00
-3.029727843926816711e+00
-3.025331752323493273e+00
-3.022435472775337306e+00
-3.013544627489040728e+00
-3.005923315354215752e+00
-3.001358110849816185e+00
-2.997341803120880055e+00
-2.987471422646005514e+00
-2.980048523544041039e+00
-2.967465012000278790e+00
-2.957985732055482764e+00
-2.951175381826652178e+00
-2.946584764774834220e+00
-2.936572438490273829e+00
-2.929297500306932367e+00
-2.917160779817549177e+00
-2.901132918399540905e+00
-2.889144975237484481e+00
-2.873593340273758123e+00
-2.855288027584711674e+00
-2.841782626027046454e+00
-2.825507440791107161e+00
-2.813796152821716134e+00
-2.799181680163527197e+00
-2.786405412864131126e+00
-2.777454883043779077e+00
-2.765051893148211093e+00
-2.756374186679471094e+00
-2.750743094751582962e+00
-2.741005762177975313e+00
-2.734340174711509697e+00
-2.730151216214180998e+00
-2.727899240252477764e+00
-2.727110360894887897e+00
-2.720956982204073782e+00
-2.716721975064221084e+00
-2.714035089318746152e+00
-2.712560959401852045e+00
-2.712005166147795077e+00
-2.712116319569902956e+00
-2.712685426260468269e+00
-2.719905499272015525e+00
-2.726152777741097211e+00
-2.722112531452272499e+00
-2.718734652472782454e+00
-2.709547245074153565e+00
-2.702147940228452061e+00
-2.686905670333253227e+00
-2.674778748431758668e+00
-2.659156539006239939e+00
-2.647229599721171667e+00
-2.632304181340412441e+00
-2.621276939756386426e+00
-2.609956074712875829e+00
-2.601872169101771881e+00
-2.590440536665050697e+00
-2.582320007658488237e+00
-2.573129718879368255e+00
-2.560793881858816956e+00
-2.551885552496080400e+00
-2.545834535777791618e+00
-2.536263198785145168e+00
-2.525545132528896453e+00
-2.512140234306615927e+00
-2.498147654622432601e+00
-2.487871609798439465e+00
-2.480749214566747796e+00
-2.476215560321801235e+00
-2.463671297488769785e+00
-2.454495235376497053e+00
-2.442661484290697516e+00
-2.424150721250674323e+00
-2.410300964861137540e+00
-2.395187484848598558e+00
-2.384403990853100730e+00
-2.372273099392617102e+00
-2.363793972785528386e+00
-2.353322460719661446e+00
-2.341161257213189018e+00
-2.327696516356523748e+00
-2.318123246030968865e+00
-2.301868781197917269e+00
-2.289995513801298621e+00
-2.281035697774134174e+00
-2.270504795664257447e+00
-2.263268499772823183e+00
-2.253234187191984983e+00
-2.241818054712890085e+00
-2.228179879355796533e+00
-2.218276119231448185e+00
-2.201527206242270829e+00
-2.189176247904727646e+00
-2.170622071518174323e+00
-2.156981480566438236e+00
-2.143618376509516033e+00
-2.128475517836011299e+00
-2.117739166912189663e+00
-2.114246760649790335e+00
-2.109308505241037857e+00
-2.106655195956709470e+00
-2.105724896954419112e+00
-2.099970362835283488e+00
-2.099722744049040024e+00
-2.096804043246259575e+00
-2.095148618879748348e+00
-2.091826828887857648e+00
-2.086080642807574659e+00
-2.079138108692413667e+00
-2.060523388748695339e+00
-2.036201405834956013e+00
-2.014320154457998946e+00
-1.991551331323283769e+00
-1.974643815954738368e+00
-1.950829305213464204e+00
-1.927093089471700660e+00
-1.909885711593290347e+00
-1.891512380332071253e+00
-1.878578774286987496e+00
-1.870067826742763284e+00
-1.858498796719627144e+00
-1.850789432372302867e+00
-1.846178970796737984e+00
-1.837321660615723218e+00
-1.831439594059919074e+00
-1.827957314054792004e+00
-1.826343334864399370e+00
-1.819351089280497824e+00
-1.812868570296245263e+00
-1.801768265339208641e+00
-1.793626762578045764e+00
-1.781175008075069455e+00
-1.771972719054855538e+00
-1.759993926413919496e+00
-1.742978091935337481e+00
-1.730203340178015914e+00
-1.721068250930999355e+00
-1.707989446431565028e+00
-1.691604187930716208e+00
-1.679543940096266175e+00
-1.671145727472099551e+00
-1.651659362458729019e+00
-1.637088757246883075e+00
-1.619646501334046196e+00
-1.599877999349396340e+00
-1.585396572542266513e+00
-1.568266552621065069e+00
-1.548966640057561683e+00
-1.527955981671090147e+00
-1.505658137070464031e+00
-1.482450752002316907e+00
-1.465685899850065699e+00
-1.448125324124923674e+00
-1.436177203550242698e+00
-1.421835337943245792e+00
-1.411151957438640636e+00
-1.404345040583036441e+00
-1.400602958484877369e+00
-1.392343516897994737e+00
-1.387037718893101568e+00
-1.384070861884567183e+00
-1.382892171564865880e+00
-1.376169164014203972e+00
-1.370218904885248001e+00
-1.360783574444277333e+00
-1.345623789014668503e+00
-1.334103310955822908e+00
-1.318916346967834219e+00
-1.300872422557125541e+00
-1.287446623199223206e+00
-1.271244685732370261e+00
-1.252923439600127198e+00
-1.237345945934539504e+00
-1.226205169239607207e+00
-1.218753562216132069e+00
-1.207730568537414451e+00
-1.200235353800873428e+00
-1.195585243251889640e+00
-1.186692695237350215e+00
-1.180685226460925552e+00
-1.176988103119391837e+00
-1.166000290951039409e+00
-1.151620833144826106e+00
-1.140935855305430735e+00
-1.133380974413988440e+00
-1.122153607256673347e+00
-1.114164670702609827e+00
-1.105747036473684330e+00
-1.099954710876475117e+00
-1.096313143278295543e+00
-1.094374230822855898e+00
-1.087532630213774443e+00
-1.082777689348368044e+00
-1.073601964060800995e+00
-1.066936601597429091e+00
-1.062352585199987764e+00
-1.059446216119752870e+00
-1.048469201250470828e+00
-1.040181434578953290e+00
-1.028294520236795240e+00
-1.019464024441995020e+00
-1.013211933866996928e+00
-1.005407478028820911e+00
-9.999037874607248355e-01
-9.963091154119763093e-01
-9.884400312298861069e-01
-9.789738854707351612e-01
-9.662681443759596478e-01
-9.567855302912147142e-01
-9.444171486817027894e-01
-9.298882167130259058e-01
-9.151149501445066115e-01
-9.042689826288279331e-01
-8.913866785656268110e-01
-8.778955550143339170e-01
-8.681778141134763871e-01
-8.616050988748094053e-01
-8.478876107034013510e-01
-8.378977550824627807e-01
-8.310408797128415737e-01
-8.216857674730835281e-01
-8.153087412685267044e-01
-8.113231654849147878e-01
-8.092001920716778152e-01
-7.988536624057374080e-01
-7.912893971267049853e-01
-7.860538250188846554e-01
-7.730985802064718193e-01
-7.633957723865961720e-01
-7.564653690001392761e-01
-7.468412136416717750e-01
-7.399095677925130454e-01
-7.301154829999888518e-01
-7.230113371537065792e-01
-7.083420608289890952e-01
-6.972952276160558904e-01
-6.849481300986912657e-01
-6.706628790558007980e-01
-6.546699558125688156e-01
-6.386310006423097096e-01
-6.213290070283390421e-01
-6.046775171487481781e-01
-5.928021805582400772e-01
-5.790314937649736482e-01
-5.694075679336008111e-01
-5.535710689400366036e-01
-5.422274159655398051e-01
-5.285950293228152130e-01
-5.155389577338644891e-01
-5.004492585412223526e-01
-4.803219449956417364e-01
-4.655679379564237053e-01
-4.490898462825092530e-01
-4.281668780101868244e-01
-4.065921842399395914e-01
-3.908448536130306739e-01
-3.735461165806552852e-01
-3.548187353919796116e-01
-3.325099435000613557e-01
-3.163617668514326908e-01
-2.986952016845569879e-01
-2.863584557420728594e-01
-2.783973460492346064e-01
-2.739117101029395762e-01
-2.702170719001693033e-01
-2.688336867345162418e-01
-2.624400618417599418e-01
-2.584144890691062457e-01
-2.495519702009449947e-01
-2.365706338930739783e-01
-2.186404249275897271e-01
-2.051747379531014825e-01
-1.955030085460844891e-01
-1.822090139039311829e-01
-1.726537669125220997e-01
-1.662004028590893245e-01
-1.622444567218848110e-01
-1.534350554724244198e-01
-1.473142254370669590e-01
-1.365528565442624132e-01
-1.287603283896963102e-01
-1.165704597025156719e-01
-1.076328243318072087e-01
-9.386340114175584226e-02
-8.383074535012724482e-02
-7.053647847061572662e-02
-6.080912464821253138e-02
-4.715255026490705603e-02
-3.720582990086418462e-02
-2.340114192330089438e-02
-6.360763570511185350e-03
6.053005061283478483e-03
2.167081423020178477e-02
3.995980038619850738e-02
5.993516064505044483e-02
7.494794746147581677e-02
9.238113641889289518e-02
1.117604194792303218e-01
1.257509203692268596e-01
1.421228777808232202e-01
1.535937503443607355e-01
1.678856035195419594e-01
1.845194591774663717e-01
1.962701046520110015e-01
2.121967266201734148e-01
2.303023271120405724e-01
2.500785261357338918e-01
2.661991396952605449e-01
2.842843265564893862e-01
3.038694786018583116e-01
3.178796338844191993e-01
3.361737348590412289e-01
3.558301690891738644e-01
3.698669222398971446e-01
3.857603557084117174e-01
4.031093644242440543e-01
4.179966453270407278e-01
4.281957354027794427e-01
4.409352570995750398e-01
4.525379109435778702e-01
4.666243193624404206e-01
4.796821779114739392e-01
4.887383151286477379e-01
5.042421742201228518e-01
5.217197854287569658e-01
5.380674448674029886e-01
5.560304705205907361e-01
5.851246379490840921e-01
6.129006970310101332e-01
6.432818014989576394e-01
6.655705678761403288e-01
6.866419127653847765e-01
7.064704967586945550e-01
7.192071982030509014e-01
7.324186875580954714e-01
7.456256382068090494e-01
7.542888361703314892e-01
7.693769950451296857e-01
7.899540516377350219e-01
8.098782357087369599e-01
8.293137699537271867e-01
8.532734012576905780e-01
8.762664151281085445e-01
8.974657641810993569e-01
9.180888773406262748e-01
9.369108674624417876e-01
9.597616477621506714e-01
9.857807926096465723e-01
1.004424609923222800e+00
1.017029640012472314e+00
1.034442738840581910e+00
1.052349727932436974e+00
1.064755172717140486e+00
1.078864696471893536e+00
1.094655028303137101e+00
1.121595341352912945e+00
1.141801058574412275e+00
1.165606304319428688e+00
1.189389001797991785e+00
1.215717234068958152e+00
1.241397494147666869e+00
1.268722530808115145e+00
1.290157206634066078e+00
1.311354114277273553e+00
1.325807239481450184e+00
1.341628914685826901e+00
1.352063795793601697e+00
1.364995944285744001e+00
1.373432450424904916e+00
1.378293809523678082e+00
1.387240689661650483e+00
1.392937398495939894e+00
1.396056630974750856e+00
1.405277250874201078e+00
1.411541202563488806e+00
1.415435138469387732e+00
1.424336063663825813e+00
1.430597357994873642e+00
1.441565043452404549e+00
1.449570214234040977e+00
1.461990870411023158e+00
1.478072464115071316e+00
1.490149527577959043e+00
1.505753369099708028e+00
1.524229575560101413e+00
1.537966620093822456e+00
1.554670076322479000e+00
1.573780729395895639e+00
1.587761285421525503e+00
1.604435171403031823e+00
1.616306618564411268e+00
1.631204899711756973e+00
1.648616897861527208e+00
1.661079613950665390e+00
1.676397157429726059e+00
1.687140707561789021e+00
1.701055570950833262e+00
1.710722036296574711e+00
1.723801408720462280e+00
1.732879213176114819e+00
1.738708611287732131e+00
1.741979098127674819e+00
1.743300708952481459e+00
1.743197654174274192e+00
1.735283654535424880e+00
1.727969225615001658e+00
1.722506875065950682e+00
1.717697821824603288e+00
1.713606262594299157e+00
1.710239683500115238e+00
1.707563933618859942e+00
1.705516920409132275e+00
1.696038669252305509e+00
1.688558274780160406e+00
1.682852381774071260e+00
1.678671888654154509e+00
1.675764676194741787e+00
1.673890400334979933e+00
1.672829485298531704e+00
1.673100312135763268e+00
1.673700577885303353e+00
1.674502238428817957e+00
1.675403552619578296e+00
1.683412130061015199e+00
1.690105650899550671e+00
1.695522932074034372e+00
1.699760649118920330e+00
1.702950309883359825e+00
1.705240228858928342e+00
1.713848722254524448e+00
1.727583872449871327e+00
1.738315976810157482e+00
1.745169972529458491e+00
1.756802232807577413e+00
1.765411968278017163e+00
1.771508825087135808e+00
1.783743141380080610e+00
1.792918983105320940e+00
1.806228238953481169e+00
1.814452547739886512e+00
1.828387553580212099e+00
1.838712876493852733e+00
1.845986592637353318e+00
1.857364815218634613e+00
1.865517065625608151e+00
1.877549820582379958e+00
1.884102349468975923e+00
1.890330953656143009e+00
1.894317169131052969e+00
1.902959736970968763e+00
1.909062439113094367e+00
1.913085398916500646e+00
1.915454185262638553e+00
1.925241594268216616e+00
1.932551090886838630e+00
1.944099207346470459e+00
1.952705896499950855e+00
1.958808401963086032e+00
1.962844481825515963e+00
1.965228451637235141e+00
1.968981588886364875e+00
1.971330960725356629e+00
1.978925170865346805e+00
1.984512260813400264e+00
1.994709568474688943e+00
2.002323879878153523e+00
2.007745311116275744e+00
2.020528010716521106e+00
2.030227083410413691e+00
2.037258105002245578e+00
2.051374240917614777e+00
2.062039185666798335e+00
2.069714501608873380e+00
2.074886817510376069e+00
2.074660623914651669e+00
2.076827235991348442e+00
2.083844470650142000e+00
2.088831453357217871e+00
2.092147690339418720e+00
2.094130288558177178e+00
2.095082872817422448e+00
2.101227250346239028e+00
2.109225451819083386e+00
2.115245822567217715e+00
2.125454978961725416e+00
2.133133401037341947e+00
2.138652050359481471e+00
2.142381655914281868e+00
2.144672946769258015e+00
2.151591277836177429e+00
2.156581835204677944e+00
2.163786203229407956e+00
2.169058850233887004e+00
2.178350202260459501e+00
2.189212896990676782e+00
2.197398978051993801e+00
2.208835859343605712e+00
2.217277793995993118e+00
2.227396772626677457e+00
2.234747399965166803e+00
2.245203239779018922e+00
2.252719030005705836e+00
2.257797008367877112e+00
2.265338633153152426e+00
2.260774512898729771e+00
2.261455763207122160e+00
2.255953374373889986e+00
2.260678125215082268e+00
2.259738788068176518e+00
2.257607919291798382e+00
2.251090220780645357e+00
2.245548378024778469e+00
2.240981452777640381e+00
2.237336045143383689e+00
2.234525402718821496e+00
2.232444477236898539e+00
2.225423546086561899e+00
2.225485518780581984e+00
2.225881675082211686e+00
2.222235578988204452e+00
2.219515166739702394e+00
2.212035588509714490e+00
2.206194104032016767e+00
2.201799041554346914e+00
2.194586220604246130e+00
2.189195775050631454e+00
2.185340985889243193e+00
2.182746240114302516e+00
2.175542893921099896e+00
2.170118652955557614e+00
2.162387032768138706e+00
2.150975526524067760e+00
2.142267680283008513e+00
2.135902543064406078e+00
2.131505616070143994e+00
2.128712481126628475e+00
2.127184735124371340e+00
2.120762802686927628e+00
2.116077975443625192e+00
2.109304594150350987e+00
2.104422678411893788e+00
2.101105728568403386e+00
2.102517706430194977e+00
2.104283454794159347e+00
2.106205161822751304e+00
2.108134803987890660e+00
2.109967704672970790e+00
2.111635548810658847e+00
2.113099372134409126e+00
2.114342938165423291e+00
2.112990836801103001e+00
2.111845448857767149e+00
2.110908400586229305e+00
2.100347030203421728e+00
2.091741756055836898e+00
2.084969541650394387e+00
2.079841216702441820e+00
2.072683866432544875e+00
2.061157822491766822e+00
2.049079961726849142e+00
2.040057991365979095e+00
2.033596867868337821e+00
2.022990008951017771e+00
2.015180971680738065e+00
2.003411717615320331e+00
1.991811666124873037e+00
1.983397896596448939e+00
1.968579863012884346e+00
1.957640586759176404e+00
1.949934689956886791e+00
1.940971783140513773e+00
1.932265410067303568e+00
1.926290287343528806e+00
1.916071858464950983e+00
1.908737279974577206e+00
1.903805916938154486e+00
1.900814824432740080e+00
1.890596277994804231e+00
1.883155993187761723e+00
1.878027690161877095e+00
1.868225355350573658e+00
1.861073485849260356e+00
1.849545808281567449e+00
1.834346395529756979e+00
1.822844188412630739e+00
1.812883766091698767e+00
1.799304232683102134e+00
1.789435556996747279e+00
1.775944617091182121e+00
1.766168329956868233e+00
1.752738563506361258e+00
1.743029713621000898e+00
1.729627669529632428e+00
1.713120431730328130e+00
1.700948963078172449e+00
1.685563847785852110e+00
1.666839454524823516e+00
1.653209905593653328e+00
1.636958845512966665e+00
1.625771082604114293e+00
1.618268534077898169e+00
1.606806621906262444e+00
1.591942992414471014e+00
1.581248313454429733e+00
1.567039436963807875e+00
1.556920993518122964e+00
1.543182370834730754e+00
1.526437222519420489e+00
1.514290031708294126e+00
1.498990588905178889e+00
1.481120284988744373e+00
1.468188138098286410e+00
1.452427482644972789e+00
1.434373158929843850e+00
1.421401689190761486e+00
1.405784400862999828e+00
1.388021696247465631e+00
1.375345311116267455e+00
1.360118900925554986e+00
1.341267589743055488e+00
1.320866440309691914e+00
1.306026750514186041e+00
1.289213821788321335e+00
1.268809325905883467e+00
1.247400518795802604e+00
1.231917484575184574e+00
1.212468091225973099e+00
1.192056627832071003e+00
1.171068476768882149e+00
1.153355630066190241e+00
1.134674908424395445e+00
1.112267850649983902e+00
1.096092837182725432e+00
1.078937417414987943e+00
1.061089431667479488e+00
1.048839571011201066e+00
1.037558202601297719e+00
1.030370068684689722e+00
1.020441719293902594e+00
1.014112725773614887e+00
1.000960462151168073e+00
9.916965584595121008e-01
9.817367782664543352e-01
9.691143829963068113e-01
9.561124956448496803e-01
9.368018326473043222e-01
9.223207351470131821e-01
9.018613100617817180e-01
8.820585715995674647e-01
8.570706110976964442e-01
8.383588419661066604e-01
8.145798802112700354e-01
7.919887991356349133e-01
7.649624769623608600e-01
7.451377271632837473e-01
7.314668025914629057e-01
7.121128791289372817e-01
6.987285127114889471e-01
6.902224737969043789e-01
6.855649015381655165e-01
6.790584990959619427e-01
6.709196403306065815e-01
6.659895040341691219e-01
6.589911429877428617e-01
6.503108806412852827e-01
6.388888509773739122e-01
6.308234538116427315e-01
6.254643643087438587e-01
6.164802321143154629e-01
6.061049600656310821e-01
5.928695615888420756e-01
5.792095557440050113e-01
5.633347810797750821e-01
5.418838456862096198e-01
5.196298756509885042e-01
4.995276903794620971e-01
4.787325374008319923e-01
4.541820523104740381e-01
4.361776438182285442e-01
4.236380498806049388e-01
4.063737178652750970e-01
3.943699962816220594e-01
3.802009597997566548e-01
3.640413136002218497e-01
3.437307162225820001e-01
3.290448146562510168e-01
3.124454034001393765e-01
3.007735081413944744e-01
2.864867185522690374e-01
2.680145596749947678e-01
2.480735381445515753e-01
2.336713361370381659e-01
2.170947625010075654e-01
1.986177849018588848e-01
1.854019620112403732e-01
1.684853412969340436e-01
1.498137356114885854e-01
1.296714730526524750e-01
1.083253049077999020e-01
9.294177456263974513e-02
7.506838062803833367e-02
5.583892713420812726e-02
4.232193118116023278e-02
3.344236882644024966e-02
2.141072622566042583e-02
1.353308824438337332e-02
8.812102891598616594e-03
6.522815405375803621e-03
-7.535106884601905364e-04
-5.435314404239388608e-03
-1.492142257652484538e-02
-2.158859730262618903e-02
-3.278511863315403119e-02
-4.772060948226730659e-02
-5.882419028112972903e-02
-7.348998428755337819e-02
-8.422873406427910936e-02
-8.488425355042128473e-02
-9.089808310121028079e-02
-9.471075316838706293e-02
-9.745501703944858818e-02
-1.056436110700762487e-01
-1.176168642210526638e-01
-1.264715259073583287e-01
-1.404259844791493350e-01
-1.509081966619061355e-01
-1.584008653329938010e-01
-1.702180673017614776e-01
-1.855680026758996792e-01
-1.969272641373702726e-01
-2.116457482775553345e-01
-2.290140336565171797e-01
-2.417489544734743312e-01
-2.506156837559552208e-01
-2.580800855991958187e-01
-2.694353729213188053e-01
-2.774180264302434917e-01
-2.892218857663226839e-01
-3.062105243499124718e-01
-3.188847162149535119e-01
-3.344154323982320154e-01
-3.456480000163384414e-01
-3.597772792836606559e-01
-3.761867355356582898e-01
-3.905669608886725985e-01
-4.071063123014628804e-01
-4.281040253168502119e-01
-4.498887420884079003e-01
-4.689414154313253924e-01
-4.921086995575010281e-01
-5.092147564681854810e-01
-5.307892147833890295e-01
-5.562294857871807885e-01
-5.749843364609769081e-01
-5.920164422937711501e-01
-6.138964209610684453e-01
-6.296407809247928089e-01
-6.505540259123531177e-01
-6.758977545837938639e-01
-7.049050345625492708e-01
-7.368164751186551120e-01
-7.602382102415071730e-01
-7.871162017167319114e-01
-8.168010937120322446e-01
-8.436416596490109443e-01
-8.732964649854547678e-01
-8.944355267819393829e-01
-9.191642065237783932e-01
-9.423658316497941501e-01
-9.689714586793228834e-01
-9.876840782626988835e-01
-1.010438218287113665e+00
-1.026035195455071047e+00
-1.039704376084422677e+00
-1.051767697346861041e+00
-1.058958941052611236e+00
-1.066030421495915981e+00
-1.079455991324555830e+00
-1.088437668017076643e+00
-1.097185380474112737e+00
-1.108845388980422619e+00
-1.116826867881593355e+00
-1.128140698510217588e+00
-1.136067831332387978e+00
-1.147583453188136371e+00
-1.162251382040024650e+00
-1.175828450534398772e+00
-1.192088778669951665e+00
-1.210638554036158387e+00
-1.233477528779115984e+00
-1.250474973148372415e+00
-1.271367746088972739e+00
-1.293172983014218680e+00
-1.315742091153645044e+00
-1.333754526989899380e+00
-1.352914432650809351e+00
-1.366317582282358112e+00
-1.381849476081667971e+00
-1.392468897126770244e+00
-1.399122933905167399e+00
-1.402671457348684481e+00
-1.403871183683826240e+00
-1.402205330305235531e+00
-1.406496364358146733e+00
-1.409032617363376705e+00
-1.417229754048345391e+00
-1.430260201602190362e+00
-1.439195959333869013e+00
-1.445629835113726891e+00
-1.457252092166453794e+00
-1.473247035375103930e+00
-1.485355056186479894e+00
-1.501518792281259174e+00
-1.513909211288137602e+00
-1.529907808333449193e+00
-1.548804512260544719e+00
-1.569964055306392270e+00
-1.585290153823482040e+00
-1.603022633074947745e+00
-1.622690059823216124e+00
-1.643866358357768398e+00
-1.659143915411182224e+00
-1.676579093719246849e+00
-1.688816788703008331e+00
-1.697721351170303095e+00
-1.710223042814186023e+00
-1.719833680570226120e+00
-1.733252586594860478e+00
-1.743986011599913954e+00
-1.758575864411730860e+00
-1.770551092092673029e+00
-1.786319933108574842e+00
-1.797749085871137797e+00
-1.805460730200499242e+00
-1.810118895461176214e+00
-1.819857224533618645e+00
-1.826409497571532814e+00
-1.837812216876970162e+00
-1.845808801484514428e+00
-1.858345834303872568e+00
-1.874516001400459153e+00
-1.886312197311463379e+00
-1.901577522614450677e+00
-1.912538164655544159e+00
-1.919977545038572320e+00
-1.924609748604721560e+00
-1.931362038200864273e+00
-1.935613428943527836e+00
-1.943756619683635556e+00
-2.072161942562257053e+00
-2.072161942562257053e+00
-2.072161942562257053e+00
-2.076958955108704874e+00
-2.081208137923689083e+00
-2.083830981037875230e+00
-2.090447828161733579e+00
-2.103106029402791233e+00
-2.111552864912885852e+00
-2.109909749473048102e+00
-2.108263909200000175e+00
-2.110674590970717190e+00
-2.112230979543337384e+00
-2.106520599185298437e+00
-2.108117356024575617e+00
-2.109218578779599618e+00
-2.109915815425366770e+00
-2.110292791833626946e+00
-2.110425300084190159e+00
-2.116850664320910624e+00
-2.121926970358513742e+00
-2.125802399807242615e+00
-2.138957288932153311e+00
-2.149360244099823625e+00
-2.157300134453178142e+00
-2.173503871898848860e+00
-2.186056052783124315e+00
-2.201454678529081388e+00
-2.217410749547725324e+00
-2.229336733255293801e+00
-2.248388565195158950e+00
-2.268484945528933316e+00
-2.288254724410348828e+00
-2.302831237260742459e+00
-2.312992328127685404e+00
-2.330249161948583669e+00
-2.342689208147269220e+00
-2.356478904664270235e+00
-2.371351642950282113e+00
-2.387021355946977508e+00
-2.403574710065065734e+00
-2.420383963376212755e+00
-2.437949173133949099e+00
-2.450511046032951334e+00
-2.463654614204916715e+00
-2.477115297978056851e+00
-2.492066462661445936e+00
-2.512834346454186907e+00
-2.527983456999150835e+00
-2.542608803412873986e+00
-2.558644567406912262e+00
-2.579943736127192189e+00
-2.601657511053674376e+00
-2.621138177783019163e+00
-2.641218176288611552e+00
-2.655555403842625228e+00
-2.671597947930649308e+00
-2.689282721561732536e+00
-2.704958735472541953e+00
-2.722341562749002186e+00
-2.741308539093949115e+00
-2.754880350364372177e+00
-2.763938816985211488e+00
-2.769348582470300357e+00
-2.765010845625053726e+00
-2.759814298213675521e+00
-2.754296891746972342e+00
-2.748848986222934165e+00
-2.743737782328857122e+00
-2.739130879454990453e+00
-2.744771929992083859e+00
-2.749234657009083094e+00
-2.759424890700664879e+00
-2.767487608079979289e+00
-2.780496446154345769e+00
-2.790652833815402190e+00
-2.798275097221680774e+00
-2.810703575740096660e+00
-2.827160424102322711e+00
-2.841985788473243790e+00
-2.860007836728825303e+00
-2.873466456785436662e+00
-2.892040406304662525e+00
-2.905619341768880481e+00
-2.922175531651657998e+00
-2.934079467495412707e+00
-2.949290146593234851e+00
-2.961433119207003362e+00
-2.976724675243143103e+00
-2.994662284825699849e+00
-3.014782233668063860e+00
-3.029507887838283509e+00
-3.046875970333752015e+00
-3.066461868019452197e+00
-3.087854021094766921e+00
-3.110664633690705116e+00
-3.134537988629755745e+00
3.131348300221434400e+00
3.112488085256003068e+00
3.092322627278343283e+00
3.071102542088067544e+00
3.049065548925454117e+00
3.033435937383654579e+00
3.023865768514156116e+00
3.018370804642720451e+00
3.015938980985279905e+00
3.014862605418837660e+00
3.015501689950148112e+00
3.010388498639779531e+00
3.007239836759346474e+00
3.005632550862838759e+00
2.998234728720994280e+00
2.991888260513781539e+00
2.987419704628525352e+00
2.977459188571209392e+00
2.968785322068542953e+00
2.955265697222451138e+00
2.944986713127284883e+00
2.930386499439583847e+00
2.919502382892504411e+00
2.904680075655275751e+00
2.893832085139739441e+00
2.879279841705338683e+00
2.861812850609366077e+00
2.849059785017873381e+00
2.833377705474938502e+00
2.815429428377183463e+00
2.793415191181312540e+00
2.770486109913671058e+00
2.753663925372828558e+00
2.735455919438037231e+00
2.716260565226777501e+00
2.702713943585730139e+00
2.690722137761372146e+00
2.676566696391575295e+00
2.666853641240940043e+00
2.651297282767945518e+00
2.640220153557754301e+00
2.623268485659379312e+00
2.610969654811455598e+00
2.592823788835080023e+00
2.573528464416004802e+00
2.559551043447182650e+00
2.546021786488782190e+00
2.526677011417430840e+00
2.506697376951640521e+00
2.492301069956221582e+00
2.476873214226604780e+00
2.456245408317750289e+00
2.441422403183465040e+00
2.426001048655843650e+00
2.415515124260233293e+00
2.403745697901523481e+00
2.391317711550613012e+00
2.382911018563482752e+00
2.377728286909353006e+00
2.370180189411442928e+00
2.360347899778928671e+00
2.348628446102922318e+00
2.340269053638649233e+00
2.324662480748293181e+00
2.307839469511094421e+00
2.290567087766009813e+00
2.277960724533533377e+00
2.259195515968715817e+00
2.245495192820558650e+00
2.226028618470420550e+00
2.206162939350699403e+00
2.187546534140417887e+00
2.164510609955347054e+00
2.147812844169333157e+00
2.126682142400222908e+00
2.105629937444489563e+00
2.087118876960779801e+00
2.064960583343602440e+00
2.049241696902563969e+00
2.029596699006797067e+00
2.015867950785913187e+00
2.006891285772911093e+00
1.995516171116411996e+00
1.988078882980188311e+00
1.977564366877877733e+00
1.970539092908066170e+00
1.960019057620481231e+00
1.946387833704177561e+00
1.934068625133614328e+00
1.919001426376927277e+00
1.901583864162114335e+00
1.882188199050663702e+00
1.861158817952593303e+00
1.838810197533554458e+00
1.822300191886888410e+00
1.803881528351476637e+00
1.782310494123557243e+00
1.759899627331238836e+00
1.743822081288560977e+00
1.724907932690922241e+00
1.704907492805820990e+00
1.683970345700288584e+00
1.669185954318012977e+00
1.652488144678671889e+00
1.634102716598712757e+00
1.614577712902639739e+00
1.593534572297136798e+00
1.571274762413833681e+00
1.548093326531895242e+00
1.524265097905981969e+00
1.499526179139066384e+00
1.474362330738782978e+00
1.449033665441820107e+00
1.423755540198728520e+00
1.398695376103444410e+00
1.381094201756277506e+00
1.362512990432242610e+00
1.343085940048380333e+00
1.321197683135561185e+00
1.298850803113830832e+00
1.283185333595888711e+00
1.263916081209010223e+00
1.243625868931966583e+00
1.222617924430083214e+00
1.205351527372431120e+00
1.186779983043134257e+00
1.164337517120666243e+00
1.148232941214619496e+00
1.130738869269724001e+00
1.108908154394087520e+00
1.093315619474887868e+00
1.076367991766351784e+00
1.061254718209247105e+00
1.044600732471976379e+00
1.026803082669768274e+00
1.004286570744672868e+00
9.819034388794908308e-01
9.618000968918415383e-01
9.416399220730319319e-01
9.172410189686904802e-01
8.996654851776929585e-01
8.820626954168540035e-01
8.646021671199931591e-01
8.474169492876899579e-01
8.310596190581753806e-01
8.147445343659820427e-01
7.936808530098435899e-01
7.786712790879257717e-01
7.637351910004965827e-01
7.486189289297315863e-01
7.330625960937381391e-01
7.221937673941390967e-01
7.052035869239288157e-01
6.930739498104518947e-01
6.794534157662990292e-01
6.599154023748743381e-01
6.398390175252451906e-01
6.191927185775728537e-01
5.938087471755902902e-01
5.687596191651334010e-01
5.464524474430814127e-01
5.242833070458037259e-01
5.020660378245414002e-01
4.828285190753132117e-01
4.631112941388431103e-01
4.463049588206136065e-01
4.285072240282010725e-01
4.134631431370769938e-01
3.969619875109107188e-01
3.830774384847681624e-01
3.647991093417493058e-01
3.455228362337494641e-01
3.252784209165624496e-01
3.108663058279823588e-01
2.924164996037981190e-01
2.727423002015674225e-01
2.519560675176586440e-01
2.301786796261267032e-01
2.075374764552657680e-01
1.841634519971862005e-01
1.601879305325160097e-01
1.357390546190475611e-01
1.109384356304194963e-01
9.244775109180336514e-02
6.578291898205357313e-02
4.665462791001639964e-02
2.660255844596837171e-02
5.710889315978739944e-03
-1.579878643972687513e-02
-3.765388409571501782e-02
-5.980205732190602141e-02
-8.218474797761654571e-02
-9.782665285076608264e-02
-1.157102052032619177e-01
-1.418842338630579292e-01
-1.609837988023079536e-01
-1.810401779270964795e-01
-2.018490791421041486e-01
-2.247610017495311752e-01
-2.395046733113934678e-01
-2.557593087293890122e-01
-2.732945861780016195e-01
-2.918607228465586179e-01
-3.133231366989619460e-01
-3.286523811983521615e-01
-3.454188118106249483e-01
-3.568938179603005079e-01
-3.705195623645671787e-01
-3.885287275379845084e-01
-4.076717467634252134e-01
-4.213116153537963537e-01
-4.395476216489366816e-01
-4.587534631657630424e-01
-4.785416607190582372e-01
-4.925725437241670335e-01
-5.111830375668515725e-01
-5.243906614859812354e-01
-5.425449472304240128e-01
-5.613110520879169840e-01
-5.746091659515096817e-01
-5.929199314057296277e-01
-6.115708773844418245e-01
-6.247340288670544250e-01
-6.429538526221110217e-01
-6.558808829984347222e-01
-6.644492373198490620e-01
-6.695357502461399823e-01
-6.815382513205254789e-01
-6.898073611664505833e-01
-6.950338165654688094e-01
-7.022927139450291234e-01
-7.122168695530936011e-01
-7.236640594203455068e-01
-7.417163695640877075e-01
-7.601377857703123242e-01
-7.739635840450374005e-01
-7.938559218954518437e-01
-8.138062069163847223e-01
-8.387549951404985604e-01
-8.629157224638892565e-01
-8.854334363866069868e-01
-9.072822323419235113e-01
-9.331345117560182478e-01
-9.578410266220367397e-01
-9.858314526452974791e-01
-1.016217220356842255e+00
-1.041848959487529314e+00
-1.065895633576961821e+00
-1.092249472100724539e+00
-1.117114860988452030e+00
-1.137465179169474094e+00
-1.160325944835668865e+00
-1.175925506472766724e+00
-1.185783527989330288e+00
-1.193772665852879111e+00
-1.197909111675802718e+00
-1.199213731351076229e+00
-1.198511796044572808e+00
-1.193961602379906672e+00
-1.188986121172178390e+00
-1.183963922776212208e+00
-1.185584844729100640e+00
-1.186482826391771495e+00
-1.195915587786802403e+00
-1.209817246737014296e+00
-1.220741465096856881e+00
-1.235637937732654512e+00
-1.255984605072241411e+00
-1.278292656397335136e+00
-1.295277290810604276e+00
-1.307650100025417927e+00
-1.321235400942263771e+00
-1.330901704049906265e+00
-1.344266877729393794e+00
-1.360831463713499279e+00
-1.380085480759397853e+00
-1.394314397451295928e+00
-1.411477006271891987e+00
-1.431101154146333210e+00
-1.451845575914133546e+00
-1.467895705397068928e+00
-1.486378228856892525e+00
-1.506879725257324942e+00
-1.521524294634574170e+00
-1.539017509379282833e+00
-1.558404730515995151e+00
-1.579266209927175035e+00
-1.593851912359431466e+00
-1.610585951275368410e+00
-1.629133557926035536e+00
-1.642120956356788897e+00
-1.650630145844839802e+00
-1.662624326024342070e+00
-1.670627615557315648e+00
-1.675456550442382397e+00
-1.677832716432871019e+00
-1.679138238011545381e+00
-1.686070879520955579e+00
-1.697848884137320047e+00
-1.706537088763082632e+00
-1.720770855548618972e+00
-1.738665797862559925e+00
-1.753545152885135794e+00
-1.771813896403756416e+00
-1.792705938874889382e+00
-1.815479261819990420e+00
-1.832288893616571102e+00
-1.853249202608191260e+00
-1.875648334543120743e+00
-1.891864652095044619e+00
-1.912454923657595174e+00
-1.927219245705131367e+00
-1.951130441630211765e+00
-1.968390067859636883e+00
-1.996829915121486332e+00
-2.021211367035439466e+00
-2.038317084309702931e+00
-2.056026577545609690e+00
-2.074165663875436216e+00
-2.086426051361918610e+00
-2.094079654018103920e+00
-2.098202636834872958e+00
-2.105707492704323336e+00
-2.110176723356580908e+00
-2.115921595119260701e+00
-2.125271537461252080e+00
-2.125796200725486251e+00
-2.125031694129541293e+00
-2.123398553623758289e+00
-2.115196499179829104e+00
-2.107764547344893824e+00
-2.095069929864352254e+00
-2.087983200456207111e+00
-2.075784555083883820e+00
-2.065866806535798794e+00
-2.058128558422686272e+00
-2.048890445570660912e+00
-2.042066661564870600e+00
-2.037290620100276506e+00
-2.034191736620794444e+00
-2.032420349028970286e+00
-2.031662270220290889e+00
-2.031645823183242605e+00
-2.032143717050474141e+00
-2.032971577081086778e+00
-2.037307751603159911e+00
-2.041151857330042230e+00
-2.044445852350464055e+00
-2.040472307506831395e+00
-2.037139116226275970e+00
-2.020960816150255024e+00
-2.004866700800574719e+00
-1.992440140041398244e+00
-1.976443908317707665e+00
-1.964307049492250101e+00
-1.952746437858848605e+00
-1.944514984142486469e+00
-1.932314196956926411e+00
-1.923464146787001727e+00
-1.914984702936319616e+00
-1.909250201542681546e+00
-1.896816190363741939e+00
-1.887795693682195797e+00
-1.881568742328333377e+00
-1.873061755453783173e+00
-1.867046666184571491e+00
-1.863101535820796295e+00
-1.860822255724655205e+00
-1.853054868175930681e+00
-1.847432407050734415e+00
-1.834872244726198254e+00
-1.825430616573797016e+00
-1.818654946829403762e+00
-1.807212293843790452e+00
-1.798787599095648781e+00
-1.792912133701373811e+00
-1.789123373746107193e+00
-1.786988338398517895e+00
-1.786117873670215683e+00
-1.786174066638245073e+00
-1.786872604557805388e+00
-1.787981549739247278e+00
-1.789317707050447792e+00
-1.783807656697919741e+00
-1.779539741886415394e+00
-1.769384683672679204e+00
-1.761408160656065869e+00
-1.747082469576695551e+00
-1.729060585725820998e+00
-1.715189759482773413e+00
-1.704923677203822097e+00
-1.689853594222795907e+00
-1.671909888293517943e+00
-1.659240648696323372e+00
-1.650239308539029226e+00
-1.637270962585059664e+00
-1.620958445542449944e+00
-1.608704096180957333e+00
-1.600268819157480760e+00
-1.587944907057615040e+00
-1.579379813949940869e+00
-1.573741057612369154e+00
-1.563410381796688675e+00
-1.556162287659557553e+00
-1.544379135192327057e+00
-1.528817318538783887e+00
-1.517308423970902487e+00
-1.502155470822569283e+00
-1.484061508984161781e+00
-1.470738491522003866e+00
-1.454402803624965435e+00
-1.435662691380813261e+00
-1.422048358110680200e+00
-1.398839422828026313e+00
-1.381716048032424426e+00
-1.368285868958360574e+00
-1.353785210267260508e+00
-1.335488093015161803e+00
-1.315548161023190055e+00
-1.301162479089133406e+00
-1.284681493703372146e+00
-1.266540278424484134e+00
-1.244944077526823900e+00
-1.229220566926664926e+00
-1.211882391074252885e+00
-1.193314118967058635e+00
-1.180269798998474728e+00
-1.165370413952994788e+00
-1.152463879142211045e+00
-1.143801563278195932e+00
-1.132277394765487166e+00
-1.118368551059962357e+00
-1.105637990102039003e+00
-1.090673792391079644e+00
-1.070690821270482207e+00
-1.055956776000477548e+00
-1.039665260150998360e+00
-1.018644417498768107e+00
-9.974261416229981414e-01
-9.821275866907495100e-01
-9.621207772533252323e-01
-9.477833241862050340e-01
-9.325928206956771715e-01
-9.222633721457433875e-01
-9.062224905839012523e-01
-8.949658417545369726e-01
-8.779859209301482670e-01
-8.658477926519270174e-01
-8.577197571191814696e-01
-8.431261698061047749e-01
-8.327831539548420370e-01
-8.162252685214459458e-01
-8.042340215633241307e-01
-7.863090657149189866e-01
-7.684544559411916609e-01
-7.556745663271479119e-01
-7.374227911582514894e-01
-7.288443867514572405e-01
-7.139404804561672035e-01
-6.981434825652470533e-01
-6.824401077964911133e-01
-6.616984613217683497e-01
-6.424510111838738213e-01
-6.232764456891720650e-01
-6.095982595270097448e-01
-6.004452779191716827e-01
-5.892597976222513356e-01
-5.818609402724144175e-01
-5.717378533390282680e-01
-5.649650139740254318e-01
-5.609177936185953950e-01
-5.530715541242989808e-01
-5.381986911583811484e-01
-5.272036184697999062e-01
-5.133769711075990561e-01
-5.033259796552287391e-01
-4.868515950637475331e-01
-4.652626432631452591e-01
-4.398605359187102160e-01
-4.146475637209627862e-01
-3.896147361722885893e-01
-3.687437904378891851e-01
-3.476266872420334941e-01
-3.327287856104681474e-01
-3.163501625925828620e-01
-3.030964002757834397e-01
-2.879617275563322032e-01
-2.776847495976166869e-01
-2.647075696949829915e-01
-2.476222920914066261e-01
-2.371450999555997363e-01
-2.303735491292735471e-01
-2.198362109449290003e-01
-2.127520531934519177e-01
-2.016645929230298506e-01
-1.939661477960650249e-01
-1.890609694060823021e-01
-1.782256987191472852e-01
-1.706353852339204114e-01
-1.656882943386341900e-01
-1.559865096880539426e-01
-1.422789711211422947e-01
-1.321574915123986393e-01
-1.181768796740054750e-01
-1.079234031491691503e-01
-9.388763040439762619e-02
-8.308731267617530669e-02
-6.929662304820838337e-02
-6.624567169396256006e-02
-6.514017845551278718e-02
-6.545324027972010406e-02
-6.674116508750627119e-02
-6.864195851930765535e-02
-7.087005886766162277e-02
-7.320862378132164672e-02
-7.550045185769982403e-02
-7.066485719973059076e-02
-6.641493385810481875e-02
-5.632085456221158637e-02
-4.843010621895293966e-02
-4.276383532979788349e-02
-3.170093929861605986e-02
-2.300374025924001309e-02
-1.663903091470664286e-02
-5.383270271119400263e-03
1.007536821170407215e-02
2.192311558412196604e-02
3.732430378663220694e-02
4.903038038967078016e-02
6.435155920945612174e-02
7.563568131807296702e-02
9.045064955743065127e-02
1.011883130620314653e-01
1.154465439335798926e-01
1.256616519191540160e-01
1.325275076393332974e-01
1.435909647967708036e-01
1.512874539528068496e-01
1.562426729190486974e-01
1.658731245560287615e-01
1.725841918902559780e-01
1.769185612461781076e-01
1.793759464878657006e-01
1.804004358899760074e-01
1.884482774385773940e-01
1.943492264629307353e-01
2.052760341303268010e-01
2.134647917016352370e-01
2.261325095010751074e-01
2.355816475348988526e-01
2.490650957491682416e-01
2.608071404949610095e-01
2.742139434145347554e-01
2.858548795801896247e-01
3.008467619089403300e-01
3.118111870316282452e-01
3.282702975775260157e-01
3.470762150211474939e-01
3.609826821327206670e-01
3.772788453130520026e-01
3.953805977317121911e-01
4.111558111416444561e-01
4.287207550463849604e-01
4.412636139226950860e-01
4.559363023843139295e-01
4.692194255471555664e-01
4.783571799829424709e-01
4.903103879702466195e-01
4.984249338777706484e-01
5.129819873538397079e-01
5.234251621091310369e-01
5.401021266910934759e-01
5.583261529114824651e-01
5.716054893604948228e-01
5.963636311728006678e-01
6.148186464500808857e-01
6.335799373392105860e-01
6.468113336157170767e-01
6.652587245065433308e-01
6.783687757891342374e-01
6.871040064821394289e-01
7.020652108879147368e-01
7.125689980878355811e-01
7.194203493035956631e-01
7.279656623124760584e-01
7.386594180472825233e-01
7.459673210805042309e-01
7.555919413345917324e-01
7.668698818346323387e-01
7.748215218175749097e-01
7.898553274294430881e-01
8.009199457457880644e-01
8.136870833628561117e-01
8.327871310362774393e-01
8.517457274717503690e-01
8.709663281050502581e-01
8.850498454679681659e-01
9.046764331767025435e-01
9.189298141199101488e-01
9.385113987047950523e-01
9.526087870029290583e-01
9.679247411611818785e-01
9.883522842099881078e-01
1.003158256400237036e+00
1.013267654711493826e+00
1.029222123908582365e+00
1.040387369734798728e+00
1.047649652126337205e+00
1.057910207124833635e+00
1.058612630837238555e+00
1.057653787449851945e+00
1.055591851729253516e+00
1.049392422262400482e+00
1.046981894573244531e+00
1.044472321445979235e+00
1.042026648689967416e+00
1.039754394456807507e+00
1.043768136006166358e+00
1.046966333651621728e+00
1.049424002609157469e+00
1.060844401538897808e+00
1.069933283987657191e+00
1.076921184775935680e+00
1.088301637672007161e+00
1.100246022110778155e+00
1.109202473169245140e+00
1.115627400633345756e+00
1.116919084699470766e+00
1.126467805570891656e+00
1.133528475330753293e+00
1.138484362881901024e+00
1.148098258122317583e+00
1.158034413255303985e+00
1.165249895148954717e+00
1.170208358835246543e+00
1.179762269349700965e+00
1.186735507677906920e+00
1.191543175772742380e+00
1.201087953719556234e+00
1.208093541338666421e+00
1.215391829029648818e+00
1.226970559915241843e+00
1.235529356162254899e+00
1.248135827913735563e+00
1.257481719275773457e+00
1.264057959965812605e+00
1.268354216168188664e+00
1.277527828362032158e+00
1.284109429011186299e+00
1.297201249930045819e+00
1.313645873254749352e+00
1.326004941195556786e+00
1.334872998908569031e+00
1.340848595340768279e+00
1.344499712830472982e+00
1.346342718894471657e+00
1.353640795841793754e+00
1.358738930021954339e+00
1.362031743410751838e+00
1.363890401237793037e+00
1.364650050053485497e+00
1.364602901796765355e+00
1.370872601557266757e+00
1.375541907825698740e+00
1.387058008579897139e+00
1.395864547433784519e+00
1.409204797119899766e+00
1.419329246962372837e+00
1.433572244592852929e+00
1.451163431581836916e+00
