1.447339759363564182e+00
-3.527988980172047651e-01
3.870524689691032805e-01
-4.394070373680070141e-01
2.142888056750768655e+00
-2.296432320819948636e+00
2.011624800676093727e+00
-3.981664599095147139e-01
4.582864305911460434e-02
-1.042624459625413724e+00
1.941656236378243694e+00
-9.306266115317710641e-01
2.214026828507807299e+00
-1.146248286360128876e+00
1.771881543521785396e+00
-4.482710743028852640e-01
1.173150458722752587e+00
1.173417735577328536e+00
1.173417405071828679e+00
1.173417418037581150e+00
1.173417417529146967e+00
1.173417417596475776e+00
1.579353403419672119e+00
-4.583308770346081751e-01
9.331203453392501457e-01
9.315344402913582345e-01
9.396751016890516617e-01
9.342963807670828791e-01
1.832241579453801394e+00
