1.037595027790742197e+00
-1.567546631468789142e+00
9.925525356734866689e-01
-1.778520175783619983e+00
2.336543509213830472e+00
-1.480809833416264487e+00
2.614628884823777533e+00
-2.442205825013791021e+00
2.312905950829735602e-01
-2.044312875598626622e+00
2.320768339065821806e+00
2.987492472337200056e+00
-2.468306175672709823e+00
4.774764689956207953e-01
6.191742323487706701e-01
-3.010320052616326514e-01
8.017787881142177664e-01
2.288016349230423963e-01
2.120704650280496040e-01
2.171207987256904559e-01
2.214780674799956550e-01
-4.982378690879103456e-01
-2.860791109557861756e+00
