1.118174992839926940e+00
-6.056876364524309553e-01
2.202326255002930555e+00
1.217230133048412544e-01
8.028487991586343853e-01
-8.250013198386790814e-01
1.517046110234813172e+00
-9.635760248296755259e-01
2.435594228792455684e+00
-8.549378939666163468e-01
2.403956034875068148e+00
9.924467600128461520e-02
1.888115532335941094e+00
-8.672145712969555609e-01
2.881834032295233605e+00
-8.551411984918557696e-01
2.728495825659825513e+00
-8.813437776393902023e-01
4.377394012080855212e-01
3.064347371405470977e+00
1.832880723071115936e+00
7.628104612355590675e-02
1.745566192418920748e+00
-2.974050303854994581e+00
2.493398680906944165e+00
-5.394572664503378689e-01
2.463900007998912844e+00
-1.542583821646044129e-01
2.525776349290416167e+00
-1.138934623237948918e+00
2.505591997382205172e+00
-7.591661961192672781e-01
