1.769430139081086262e-01
1.720286528272038096e-01
-3.431506491318339069e-01
8.779422536316403569e-01
8.979178198569133240e-01
-4.539230126224362838e-01
4.401974446596901291e-01
-3.237278206336147157e-01
6.719238032800780580e-01
6.728353832998328343e-01
6.728340037462305911e-01
2.856566946479792257e+00
1.306699457112635576e-01
7.933592515295182501e-01
-9.076232999015849678e-01
7.108825971921859388e-01
-2.474383073978847492e-01
5.560781065138802326e-01
-1.327166924285974492e+00
-1.198560205932800216e+00
4.264913367050202631e-01
7.416227162444641863e-01
3.107473352835641300e+00
8.320660879803845056e-01
1.615500211350495707e-02
