9.353375250374791339e-01
-6.596651025092649112e-01
2.403825579060093531e+00
-5.598013564688306687e-01
1.930197670967018553e+00
-4.548484700911215040e-01
7.355755594062514113e-01
-4.297984821415818946e-01
2.254702152393316616e+00
-3.579252050206704894e-03
7.648716818949630181e-03
-1.778467089182256267e-02
-2.015441475373696445e+00
-3.025087983627620325e+00
1.969077992921586695e+00
-3.461211421078393968e-01
1.456409112700135289e+00
7.843646946710033374e-01
2.116649964372178339e+00
-8.669337182567155020e-01
2.243210131043082090e+00
-9.829367471518857258e-04
9.867708329829505409e-02
9.713478266508582815e-01
6.456794508346945793e-01
6.439224785243662375e-01
6.463390722821991119e-01
2.216955601915898022e+00
-2.274444201964026302e+00
