5.009204696019490655e+01
5.030343465407689507e+01
5.047724448442458822e+01
5.065500944852828979e+01
5.086891036033630087e+01
5.104933262268702521e+01
5.149284567435582716e+01
5.192396546204884800e+01
5.205115738709767470e+01
5.214727199077606201e+01
5.232840126752853394e+01
5.250843577384948446e+01
5.255117643674214634e+01
5.307784607807795396e+01
5.308658523559570597e+01
5.410842930475870816e+01
5.416565000216166226e+01
5.439732697407404771e+01
5.441122616926828925e+01
5.442121374209721552e+01
5.443127536773681641e+01
5.468667678435643609e+01
5.486455758412679273e+01
