5.003042417367299066e+01
5.028268679380416728e+01
5.043764330148697184e+01
5.054952525297800747e+01
5.065388743082682055e+01
5.099795073270797729e+01
5.112376705805460375e+01
5.124603218237559332e+01
5.135444060166676650e+01
5.163492272694905694e+01
5.180556857983271613e+01
5.191528521378835137e+01
5.207235286235809468e+01
5.210050011873245523e+01
5.225990876754124770e+01
5.241447824637095465e+01
5.253519741694132250e+01
5.303271381457646783e+01
5.313888773918151998e+01
5.372320968310038580e+01
5.400739779074987013e+01
5.417259184122085713e+01
5.435378984212875508e+01
5.470355885028838827e+01
5.488002537886301724e+01
