5.021955362161000380e+01
5.050899887482325568e+01
5.051566536029179844e+01
5.056067024866739956e+01
5.056677592595418247e+01
5.059234168926874986e+01
5.081512889067332139e+01
5.098624035914738784e+01
5.098790034453074327e+01
5.114456989367803175e+01
5.141126414537429667e+01
5.152013316154479838e+01
5.162180248101552138e+01
5.163569163878758417e+01
5.179958565235138224e+01
5.180013772646586290e+01
5.196904238859812608e+01
5.231182185808817309e+01
5.232185872395833570e+01
5.233459577163060317e+01
5.234414137999216621e+01
5.236126766999562676e+01
5.237353011767069688e+01
5.256849377155303671e+01
5.257793446381887037e+01
5.259682356119155600e+01
5.260182760159174364e+01
5.269182644287744921e+01
5.287462001641591058e+01
5.288850496212641161e+01
5.307548200289408413e+01
5.308628329038619853e+01
5.310517199039459513e+01
5.311296366453170492e+01
5.352407346566518243e+01
5.369076504707336284e+01
5.389629982312520440e+01
5.420297863880793443e+01
5.446742692788441786e+01
5.480355050563812114e+01
5.481187721490859843e+01
