5.002372507651647027e+01
5.007790042161941813e+01
5.013441325426101969e+01
5.031454365650812832e+01
5.041010488271713541e+01
5.051788428227106920e+01
5.062511557737986578e+01
5.073983376820881830e+01
5.086623127857843940e+01
5.095233350992202759e+01
5.103789501190185263e+01
5.114413813749948901e+01
5.124734423160553121e+01
5.133789885044097900e+01
5.141706855297088907e+01
5.145522791941960605e+01
5.152640405495961318e+01
5.171850541830063008e+01
5.190403454701105801e+01
5.205792024532954088e+01
5.218903811375299995e+01
5.228119852542877055e+01
5.237125533421833978e+01
5.245792235533396308e+01
5.253305499951044766e+01
5.263087644179662306e+01
5.276376463174820231e+01
5.282126231193542765e+01
5.290251167217890327e+01
5.304938666820525839e+01
5.305020750761032389e+01
5.324850291411082281e+01
5.351739701032638408e+01
5.375107379357019965e+01
5.399932163556416498e+01
5.416796564658482538e+01
5.435967769622802592e+01
5.461352697213490615e+01
5.484024091164270942e+01
