5.010675938526789253e+01
5.025901833772659444e+01
5.031787452697754048e+01
5.099344602425892958e+01
5.136845957438151089e+01
5.143568014303843228e+01
5.149068429470062114e+01
5.154290535847346177e+01
5.163013135989506708e+01
5.163181433677673482e+01
5.165679917335510396e+01
5.177958014408747545e+01
5.184069050550461100e+01
5.191402507623036655e+01
5.259571354389190390e+01
5.262904108762741373e+01
5.269793207645416544e+01
5.277571503718694146e+01
5.286406350930531772e+01
5.286793665885925009e+01
5.288183664480845181e+01
5.289517235755920410e+01
5.291571405728657851e+01
5.311127338806787890e+01
5.318460852305094733e+01
5.322185007333755635e+01
5.383907033602396552e+01
5.435353512366612705e+01
