5.009052873452504429e+01
5.024946318070093554e+01
5.037388432423274054e+01
5.049553893804549887e+01
5.059668134848276821e+01
5.061555258433023852e+01
5.072954343557357504e+01
5.077832207282384047e+01
5.085054892698924078e+01
5.101555747985840128e+01
5.112333056926727437e+01
5.120393779675166002e+01
5.128223563035329136e+01
5.132129600048065043e+01
5.135598250627517558e+01
5.141727849245071269e+01
5.150557282765706191e+01
5.155677086512248053e+01
5.167168803612391059e+01
5.211951292753219889e+01
5.252654981613159180e+01
5.278893020153045512e+01
5.292504387299219815e+01
5.294800378481546943e+01
5.295396577517191616e+01
5.305228680769602789e+01
5.315675009489059732e+01
5.323899225791295464e+01
5.354395036300023492e+01
5.374801937341690206e+01
5.375117884476979668e+01
5.377991246779759393e+01
5.380562937657038702e+01
5.415896798372268961e+01
5.430285853147506714e+01
5.482261822223663472e+01
