%time,field.header.seq,field.header.stamp,field.header.frame_id,field.success,field.message,field.pin,field.value
1555964724013426028,1,1555964724013103008,,1,,10,100
1555964725020373898,2,1555964725019701957,,1,,10,0
1555964767621558253,3,1555964767621191978,,1,,10,100
1555964768626034081,4,1555964768625396013,,1,,10,0
1555964796958015339,5,1555964796957629919,,1,,10,100
1555964797979114056,6,1555964797978648900,,1,,10,0
1555964812989556305,7,1555964812988914966,,1,,10,100
1555964813989910562,8,1555964813989252090,,1,,10,0
1555964831931641981,9,1555964831931337118,,1,,10,100
1555964832930217859,10,1555964832929919958,,1,,10,0
1555964850721749327,11,1555964850721441984,,1,,10,100
1555964851737954204,12,1555964851737579107,,1,,10,0
1555964873354512042,13,1555964873354222059,,1,,10,100
1555964874355369621,14,1555964874354197025,,1,,10,0
1555964889367509734,15,1555964889367121934,,1,,10,100
1555964890369463899,16,1555964890369185924,,1,,10,0
1555964923217390565,17,1555964923217068910,,1,,10,100
1555964924221009331,18,1555964924220717906,,1,,10,0
1555964944821228780,19,1555964944820998907,,1,,10,100
1555964945824060196,20,1555964945823761940,,1,,10,0
1555965011428053721,21,1555965011427683115,,1,,10,100
1555965012427187715,22,1555965012426907062,,1,,10,0
1555965032118234408,23,1555965032117938995,,1,,10,100
1555965033116208317,24,1555965033115823030,,1,,10,0
1555965048123823113,25,1555965048123502016,,1,,10,100
1555965049123185732,26,1555965049122910976,,1,,10,0
1555965065061071624,27,1555965065060771942,,1,,10,100
1555965066059857023,28,1555965066059514999,,1,,10,0
1555965087765721838,29,1555965087765407085,,1,,10,100
1555965088765354408,30,1555965088765038967,,1,,10,0
1555965109890173384,31,1555965109889914035,,1,,10,100
1555965110890351771,32,1555965110890110969,,1,,10,0
1555965125895839076,33,1555965125895580053,,1,,10,100
1555965126895701431,34,1555965126895411014,,1,,10,0
1555965154264420559,35,1555965154263884067,,1,,10,100
1555965155267662067,36,1555965155267296075,,1,,10,0
1555965177202631648,37,1555965177202317953,,1,,10,100
1555965178199886869,38,1555965178199470996,,1,,10,0
1555965193208582238,39,1555965193208121061,,1,,10,100
1555965194207614116,40,1555965194207334041,,1,,10,0
1555965213566001001,41,1555965213565696954,,1,,10,100
1555965214565980875,42,1555965214565577030,,1,,10,0
1555965232492440750,43,1555965232492069005,,1,,10,100
1555965233502708652,44,1555965233502434968,,1,,10,0
1555965252766860339,45,1555965252766391038,,1,,10,100
1555965253765770822,46,1555965253765516042,,1,,10,0
1555965268896169451,47,1555965268895870923,,1,,10,100
1555965269894959219,48,1555965269894547939,,1,,10,0
1555965284896462482,49,1555965284896218061,,1,,10,100
1555965285896710057,50,1555965285896353006,,1,,10,0
1555965308802653403,51,1555965308801959037,,1,,10,100
1555965309818375952,52,1555965309818094968,,1,,10,0
1555965329426989639,53,1555965329426513910,,1,,10,100
1555965330426783820,54,1555965330426141977,,1,,10,0
1555965356570638955,55,1555965356568597078,,1,,10,100
1555965357567649050,56,1555965357567405939,,1,,10,0
1555965376096582397,57,1555965376096271038,,1,,10,100
1555965377094563437,58,1555965377094305992,,1,,10,0
1555965396669623022,59,1555965396668978929,,1,,10,100
1555965397669940502,60,1555965397669267892,,1,,10,0
1555965412717716452,61,1555965412715090036,,1,,10,100
1555965413715506027,62,1555965413715162038,,1,,10,0
1555965435525558740,63,1555965435525263071,,1,,10,100
1555965436543079775,64,1555965436542311906,,1,,10,0
1555965451525604098,65,1555965451525280952,,1,,10,100
1555965452540635857,66,1555965452540313959,,1,,10,0
1555965471861889534,67,1555965471861567020,,1,,10,100
1555965472862725748,68,1555965472861896991,,1,,10,0
1555965494177117187,69,1555965494176790952,,1,,10,100
1555965495172332579,70,1555965495171978950,,1,,10,0
1555965520102237694,71,1555965520101923942,,1,,10,100
1555965521103362070,72,1555965521103070974,,1,,10,0
1555965542035764184,73,1555965542035527944,,1,,10,100
1555965543036045124,74,1555965543035785913,,1,,10,0
1555965562999740220,75,1555965562999499082,,1,,10,100
1555965564000140348,76,1555965563999835968,,1,,10,0
1555965579064488284,77,1555965579061341047,,1,,10,100
1555965580062485338,78,1555965580062192916,,1,,10,0
1555965600059615154,79,1555965600059324979,,1,,10,100
1555965601034265551,80,1555965601033544063,,1,,10,0
1555965623708996091,81,1555965623708631992,,1,,10,100
1555965624710275425,82,1555965624709371089,,1,,10,0
1555965640402444390,83,1555965640402121067,,1,,10,100
1555965641403408455,84,1555965641402019023,,1,,10,0
1555965663513546213,85,1555965663513257026,,1,,10,100
1555965664538808542,86,1555965664538527965,,1,,10,0
1555965684309791410,87,1555965684309114933,,1,,10,100
1555965685338513656,88,1555965685337949037,,1,,10,0
1555965700338367980,89,1555965700338048934,,1,,10,100
1555965701344406583,90,1555965701343956947,,1,,10,0
1555965725069468177,91,1555965725062652111,,1,,10,100
1555965726062068527,92,1555965726061574935,,1,,10,0
1555965751093983888,93,1555965751069391965,,1,,10,100
1555965752069456942,94,1555965752069168090,,1,,10,0
1555965771443806471,95,1555965771443380117,,1,,10,100
1555965772446628728,96,1555965772446338891,,1,,10,0
1555965790738243205,97,1555965790737926006,,1,,10,100
1555965791738121221,98,1555965791737829923,,1,,10,0
1555965813683979451,99,1555965813683613061,,1,,10,100
1555965814684367566,100,1555965814684115886,,1,,10,0
1555965833407168880,101,1555965833406917095,,1,,10,100
1555965834408206455,102,1555965834407874107,,1,,10,0
1555965855616274252,103,1555965855615871906,,1,,10,100
1555965856615569314,104,1555965856615262985,,1,,10,0
1555965871620886947,105,1555965871620572090,,1,,10,100
1555965872620423545,106,1555965872620147943,,1,,10,0
1555965890572922372,107,1555965890572639942,,1,,10,100
1555965891579401274,108,1555965891578346967,,1,,10,0
1555965913873943751,109,1555965913873635053,,1,,10,100
1555965914875761487,110,1555965914875448942,,1,,10,0
1555965941863632145,111,1555965941863096952,,1,,10,100
1555965942859914916,112,1555965942859545946,,1,,10,0
1555965957882121537,113,1555965957881751060,,1,,10,100
1555965958883408524,114,1555965958883078098,,1,,10,0
1555965981762517061,115,1555965981759815931,,1,,10,100
1555965982778076630,116,1555965982777704000,,1,,10,0
1555966000863062754,117,1555966000862746000,,1,,10,100
1555966001864503724,118,1555966001863940000,,1,,10,0
1555966022189014484,119,1555966022188692092,,1,,10,100
1555966023184976745,120,1555966023184710979,,1,,10,0
1555966038218632512,121,1555966038218358039,,1,,10,100
1555966039219302653,122,1555966039219010114,,1,,10,0
1555966059585133003,123,1555966059584760904,,1,,10,100
1555966060554014708,124,1555966060553541898,,1,,10,0
1555966094261297938,125,1555966094260917901,,1,,10,100
1555966095266015788,126,1555966095265594005,,1,,10,0
1555966110381891358,127,1555966110381614923,,1,,10,100
1555966111382744414,128,1555966111382443904,,1,,10,0
1555966130506698887,129,1555966130506329059,,1,,10,100
1555966131507097988,130,1555966131506726026,,1,,10,0
1555966150483821322,131,1555966150483540058,,1,,10,100
1555966151483691844,132,1555966151483407020,,1,,10,0
1555966173259285465,133,1555966173258977890,,1,,10,100
1555966174261085833,134,1555966174260783910,,1,,10,0
1555966211785994874,135,1555966211785722970,,1,,10,100
1555966212787213168,136,1555966212786959886,,1,,10,0
1555966232875236294,137,1555966232874551057,,1,,10,100
1555966233875594546,138,1555966233875195980,,1,,10,0
1555966248886474023,139,1555966248886238098,,1,,10,100
1555966249888013106,140,1555966249887279033,,1,,10,0
1555966276549350004,141,1555966276546566963,,1,,10,100
1555966277550569662,142,1555966277550280094,,1,,10,0
1555966297553036819,143,1555966297552683115,,1,,10,100
1555966298554036065,144,1555966298552683115,,1,,10,0
1555966313552675644,145,1555966313552344083,,1,,10,100
1555966314553566368,146,1555966314553272962,,1,,10,0
1555966336706377357,147,1555966336705465078,,1,,10,100
1555966337705115154,148,1555966337704446077,,1,,10,0
1555966353784884496,149,1555966353784651041,,1,,10,100
1555966354787214231,150,1555966354786912918,,1,,10,0
1555966378381385536,151,1555966378381154060,,1,,10,100
1555966379381984860,152,1555966379381700038,,1,,10,0
1555966396374184091,153,1555966396349795103,,1,,10,100
1555966397353554515,154,1555966397353163003,,1,,10,0
1555966423150434150,155,1555966423150142908,,1,,10,100
1555966424149809662,156,1555966424149521112,,1,,10,0
1555966442380631893,157,1555966442380335092,,1,,10,100
1555966443383399000,158,1555966443383085012,,1,,10,0
1555966466688437750,159,1555966466687836885,,1,,10,100
1555966467686972467,160,1555966467686738967,,1,,10,0
1555966485845284479,161,1555966485844382047,,1,,10,100
1555966486843570299,162,1555966486843205928,,1,,10,0
1555966505928448481,163,1555966505928162097,,1,,10,100
1555966506941616661,164,1555966506941301107,,1,,10,0
1555966524554048399,165,1555966524553723096,,1,,10,100
1555966525554682090,166,1555966525554388999,,1,,10,0
1555966547622844624,167,1555966547622549057,,1,,10,100
1555966548622315254,168,1555966548621993064,,1,,10,0
1555966566964630861,169,1555966566964342117,,1,,10,100
1555966567964948432,170,1555966567964642047,,1,,10,0
1555966589689276955,171,1555966589688977003,,1,,10,100
1555966590684756011,172,1555966590683917999,,1,,10,0
1555966605703896327,173,1555966605703547000,,1,,10,100
1555966606704657168,174,1555966606704253911,,1,,10,0
1555966658331705111,175,1555966658331480979,,1,,10,100
1555966659332540957,176,1555966659332149982,,1,,10,0
1555966674332824338,177,1555966674332592010,,1,,10,100
1555966675333635632,178,1555966675333342075,,1,,10,0
1555966697681820220,179,1555966697678078889,,1,,10,100
1555966698677373989,180,1555966698677048921,,1,,10,0
1555966713841998673,181,1555966713841700077,,1,,10,100
1555966714848137255,182,1555966714847850084,,1,,10,0
1555966735797374916,183,1555966735797080039,,1,,10,100
1555966736797595036,184,1555966736797306060,,1,,10,0
1555966753730198522,185,1555966753729871988,,1,,10,100
1555966754728548716,186,1555966754728266000,,1,,10,0
1555966769732333640,187,1555966769732099056,,1,,10,100
1555966770733434851,188,1555966770733048915,,1,,10,0
1555966786736532816,189,1555966786736247062,,1,,10,100
1555966787739099535,190,1555966787738810062,,1,,10,0
1555966809229844362,191,1555966809225445032,,1,,10,100
1555966810230693796,192,1555966810230390071,,1,,10,0
1555966825239651027,193,1555966825239296913,,1,,10,100
1555966826238265293,194,1555966826237963914,,1,,10,0
1555966853682022034,195,1555966853681700944,,1,,10,100
1555966854684814782,196,1555966854684478044,,1,,10,0
1555966891970939688,197,1555966891970437049,,1,,10,100
1555966892970909419,198,1555966892970524072,,1,,10,0
1555966908284750790,199,1555966908284415006,,1,,10,100
1555966909287919353,200,1555966909287621021,,1,,10,0
1555966935633722547,201,1555966935627060890,,1,,10,100
1555966936629989171,202,1555966936629674911,,1,,10,0
1555966965035473006,203,1555966965035180091,,1,,3,100
1555966966034263672,204,1555966966033952951,,1,,3,0
1555966988275673729,205,1555966988274996042,,1,,10,100
1555966989275132650,206,1555966989274804115,,1,,10,0
1555967004342673682,207,1555967004341990947,,1,,10,100
1555967005341895041,208,1555967005338579893,,1,,10,0
1555967023970481342,209,1555967023970179080,,1,,10,100
1555967024971306687,210,1555967024970980882,,1,,10,0
1555967044304357861,211,1555967044304130077,,1,,10,100
1555967045304817559,212,1555967045304519891,,1,,10,0
1555967071175277802,213,1555967071174647092,,1,,10,100
1555967072174502887,214,1555967072174227952,,1,,10,0
1555967095939470569,215,1555967095939116001,,1,,10,100
1555967096938797621,216,1555967096938487052,,1,,10,0
1555967117402026811,217,1555967117401571989,,1,,10,100
1555967118404241607,218,1555967118403913021,,1,,10,0
