-8.610704389633865308e-01
-1.399834393694584955e+00
-2.972645005138200514e+00
2.821790769835693879e+00
9.756310954829864324e-01
-1.695913498933121488e-01
-3.081825026406612267e+00
1.367384237610777431e+00
-9.302526951542586797e-01
1.737047677571301518e+00
-9.869187751176913270e-01
1.880422189600303717e+00
-2.270582444304409364e+00
1.572209194347236938e+00
2.779744537701674734e+00
1.554886227319284053e+00
-1.355924907175918293e-01
1.747988118998434315e+00
-2.447253897154713087e-01
1.659469904750543234e+00
-9.674043606813799157e-01
1.676975465257328990e+00
-1.029109975958941270e+00
1.856180867857525119e+00
-7.276163088568952109e-01
1.867773205582730522e+00
2.933167229463895964e+00
-4.345025646101980943e-01
-3.093946056598574579e+00
