-1.579661698595529185e-01
-9.137676692874775464e-01
2.932403648995360435e+00
3.128694527808357329e+00
-3.020791244218097304e-01
-2.410271116306843986e+00
-4.844896108908152144e-01
-2.936124613820627616e+00
2.699918475799564455e+00
-2.478978064825504202e+00
-4.719726897349023620e-01
-2.858559722623309707e+00
2.233073789520978458e-01
-2.962399010298627733e+00
-3.583599155310450701e-01
-1.216621163690450480e+00
-2.745387711117666996e+00
-2.375023827550168498e+00
5.336293827331277662e-01
-4.505560950087925676e-01
1.823952562307733505e-01
