3.294583876927693611e-01
6.072084546089172585e-01
7.618287205696105957e-01
1.092780331770579094e+00
1.206666421890258745e+00
1.579590757687886482e+00
1.762783332665761371e+00
1.995052158832550049e+00
2.114747925599416156e+00
2.505706600348154733e+00
2.631347664197285940e+00
2.830140308539072613e+00
2.960859489440918146e+00
3.093407972653706928e+00
3.215961674849192153e+00
3.398942677179972449e+00
3.643388156096140751e+00
3.776620904604593765e+00
3.901835211118062308e+00
4.361783786614735980e+00
4.681818167368571260e+00
5.102367560068766572e+00
5.257315731048583629e+00
5.585662468274434467e+00
5.733412579695383648e+00
5.929149504502614576e+00
6.073135081926981371e+00
6.438109211126962883e+00
6.881241345405578969e+00
7.334999680519104004e+00
7.868542389074961285e+00
8.751418328285216930e+00
8.967437338829039817e+00
