5.001208722591400146e+00
5.001878142356872559e+00
5.002321290969845791e+00
5.002962807814277824e+00
5.003444278240202436e+00
5.004065048694613438e+00
5.004660566647849862e+00
5.005098263422645744e+00
5.005658713976544050e+00
5.006744245688118156e+00
5.006931416193644679e+00
5.007414448261258144e+00
5.007883612314863342e+00
5.008429320653277728e+00
5.009021067619322309e+00
5.009541809558868408e+00
5.010368971029919294e+00
5.010686282316846984e+00
5.011211240291594038e+00
5.011776479085284564e+00
5.012348059813184875e+00
5.012931291262312072e+00
5.013491602738696429e+00
5.014235333601632760e+00
5.014556598663332920e+00
5.015222875277203229e+00
5.015691534678140329e+00
5.016224638621011422e+00
5.016815892855326808e+00
5.017337393760683995e+00
5.018222932020826477e+00
5.018497745196022208e+00
5.018987226486203213e+00
5.019620609283450108e+00
5.020124713579811271e+00
5.020653859774270700e+00
5.021216563383738674e+00
5.022195792198182573e+00
5.022457969188693028e+00
5.023019921779635411e+00
5.023672596613565133e+00
5.024275219440461626e+00
5.024592196941377154e+00
5.025249958038330078e+00
5.026205722490949768e+00
5.026301586627958784e+00
5.026907813549044590e+00
5.027403525511424220e+00
5.027893642584480460e+00
5.028445764382681205e+00
5.029038735230763280e+00
5.029599372545881408e+00
5.030443684260049508e+00
5.030701875686645508e+00
5.031665651003521589e+00
5.032143648465471131e+00
5.032445641358691546e+00
5.032902435461679147e+00
5.033430369695025774e+00
5.034230506420136919e+00
5.034561725457507464e+00
5.035349138577778660e+00
5.035824155807496538e+00
5.036316009362536761e+00
5.036830365657806396e+00
5.037361649672192243e+00
5.038238767782850402e+00
5.038484632968902588e+00
5.039133512973783979e+00
5.039625136057537702e+00
5.040317757924398734e+00
5.040813597043353411e+00
5.041232144832612505e+00
5.042288827896115322e+00
5.042530516783394035e+00
5.042988991737367144e+00
5.043436463673906189e+00
5.044013357162477007e+00
5.044552973906199611e+00
5.045105103651685852e+00
5.045657273133592469e+00
5.046371861298879935e+00
5.046769511699679356e+00
5.047384667396542568e+00
5.047902977466584673e+00
5.048499155044552822e+00
5.049036165078483407e+00
5.049547012646989685e+00
5.050325143337246914e+00
5.050797998905181885e+00
5.051265378793083016e+00
5.051843043168382508e+00
5.052321453889213387e+00
5.052923520406089608e+00
5.053429595629374660e+00
5.054167254765829398e+00
5.054817489782969631e+00
5.055154486497244193e+00
5.055663037300107021e+00
5.056277906894685259e+00
5.056783986091616612e+00
5.057408690452575684e+00
5.058192141850788914e+00
5.058479340871173235e+00
5.059000468254090777e+00
5.059558641910555821e+00
5.060193892319993836e+00
5.060668869813284232e+00
5.061227492491404689e+00
5.062191879749299517e+00
5.062373721599577436e+00
5.062954473495480556e+00
5.063435482978817959e+00
5.064050408204394671e+00
5.064637653032939113e+00
5.065122934182483050e+00
5.066153192520140180e+00
5.066365075111392002e+00
5.067050091425578273e+00
5.067498203118638855e+00
5.068095000584918353e+00
5.068457814057666155e+00
5.069007035096483094e+00
5.069582641124725342e+00
5.070534439881640765e+00
5.071117544174192915e+00
5.071418726444242964e+00
5.072231145699817034e+00
5.072418769200645272e+00
5.072922102610270656e+00
5.073495694001515233e+00
5.074326940377552830e+00
5.074730932712554932e+00
5.075149798393248091e+00
5.076266785462699715e+00
5.076539703210194432e+00
5.076968598365780849e+00
5.077506299813585144e+00
5.078210000197096008e+00
5.078658890724184971e+00
5.079268503189084072e+00
5.079587189356487897e+00
5.080290655295051749e+00
5.080939443906146380e+00
5.081335349877676322e+00
5.082220339775084028e+00
5.082391158739724801e+00
5.082891106605529785e+00
5.083459754784904305e+00
5.084309812386827332e+00
5.084563938776653913e+00
5.085105729103091221e+00
5.086771559715273838e+00
5.087120107809703029e+00
5.087558805942535400e+00
5.088345789909361372e+00
5.088758778572085362e+00
5.089554142951968174e+00
5.090767602125801261e+00
5.091231815020243801e+00
5.091459401448567235e+00
5.092390767733256496e+00
5.092653632164001465e+00
5.093069819609326032e+00
5.093468010425567627e+00
5.094257883230845607e+00
5.094881300131483215e+00
5.095345485210415859e+00
5.096190758546192967e+00
5.096354842185974121e+00
5.096871817111967573e+00
5.097405417760214164e+00
5.098409922917682024e+00
5.098617871602378671e+00
5.099211557706198050e+00
5.099553056557972752e+00
5.100242594877876456e+00
5.100708520412446489e+00
5.101215696334840288e+00
5.102240518728891061e+00
5.102459299564358730e+00
5.103071177005766401e+00
5.103444687525431789e+00
5.104160710175833060e+00
5.104617635409034904e+00
5.105336014429731506e+00
5.105671858787538042e+00
5.106666135787961025e+00
5.106996321678160200e+00
5.107344810167951721e+00
5.108304977416992188e+00
5.108703108628589007e+00
5.109002637863156338e+00
5.109554978211718890e+00
5.110255070527394139e+00
5.110756731033326616e+00
5.111229948202769435e+00
5.112200486660000820e+00
5.112385785579682818e+00
5.112884962558744917e+00
5.113552514712019104e+00
5.114373115698498395e+00
5.114673316478729248e+00
5.115146613121034136e+00
5.116252382596336190e+00
5.116463295618693508e+00
5.117134082317349453e+00
5.117546113332110735e+00
5.118306485811871198e+00
5.118689179420471191e+00
5.118993890285494786e+00
5.119620347023008833e+00
5.120538000265760559e+00
5.120760226249693403e+00
5.121466783682507184e+00
5.122274355093637155e+00
5.122658773263296439e+00
5.122929577032728332e+00
5.124270705382031110e+00
5.124527200063070609e+00
5.124818706512449751e+00
5.125389647483828526e+00
5.126287996768951416e+00
5.126491773128506679e+00
5.126991573969526428e+00
5.127421573797860788e+00
5.128437217076616150e+00
5.128587337334948870e+00
5.129254964987438825e+00
5.129603874683382969e+00
5.130597913265226850e+00
5.130810530980426165e+00
5.131403795878092922e+00
5.132466530799867144e+00
5.132623366514842189e+00
5.133210452397662493e+00
5.134240134557089164e+00
5.134480416774749756e+00
5.134697425365445156e+00
5.135195557276411193e+00
5.136117831865945504e+00
5.136477792263029585e+00
5.137062076727552551e+00
5.137832999229431152e+00
5.137974739074707031e+00
5.138612055778501997e+00
5.139120233058932286e+00
5.139578576882676941e+00
5.140254215399423288e+00
5.140741058190663182e+00
5.141216206550595302e+00
5.142334922154745414e+00
5.142522442340847988e+00
5.142932566006976458e+00
5.143441243966421439e+00
5.143991068998971627e+00
5.144832670688629150e+00
5.145363942782083200e+00
5.145707670847578186e+00
5.146263309319813573e+00
5.146863857905067619e+00
5.147513731320700003e+00
5.147988867759707432e+00
5.148478368918098624e+00
5.149040639400482178e+00
5.149576338132220599e+00
5.150190877914425869e+00
5.150674049059553283e+00
5.151222137610119489e+00
5.151804880301156686e+00
5.152872892220813128e+00
5.153111584981282078e+00
5.153498844305673288e+00
5.153992513815559562e+00
5.154546936353050057e+00
5.155605955918630912e+00
5.155669899781543108e+00
5.156240296363833409e+00
5.156771532694499172e+00
5.157338893413545122e+00
5.158182835578919878e+00
5.158536056677498038e+00
5.159071667989095999e+00
5.159582618872327942e+00
5.160198934872944676e+00
5.161006001631420759e+00
5.161259341239926357e+00
5.161783337593078613e+00
5.162325612703959621e+00
5.162902907530465768e+00
5.163582730293271084e+00
5.164007047812141593e+00
5.164576013882957284e+00
5.165100340048475402e+00
5.165686007340745789e+00
5.166261903444926418e+00
5.166777726014451844e+00
5.167346231142680324e+00
5.167902704079942566e+00
5.168883721033729728e+00
5.169118181864419626e+00
5.169669218858082615e+00
5.170167020956675685e+00
5.170675404866535985e+00
5.171740945180253846e+00
5.171927940845492344e+00
5.172520120938621346e+00
5.172989900906877381e+00
5.173460702101387199e+00
5.174179490407304627e+00
5.174635728200279061e+00
5.175145220756533604e+00
5.175658543904624764e+00
5.176241807142893947e+00
5.177072668075560102e+00
5.177404971917468401e+00
5.177939959367115819e+00
5.178573362032572902e+00
5.178991544246670742e+00
5.179650410016378714e+00
5.180114718278247210e+00
5.180704108874003566e+00
5.181293884913124259e+00
5.182394798596696717e+00
5.182893200715383841e+00
5.183283690611524719e+00
5.183793874581652972e+00
5.184000428517656189e+00
5.184876362482704337e+00
5.185274759928383048e+00
5.185695771376295227e+00
5.186235300699870265e+00
5.186766131718954398e+00
5.187506051858264300e+00
5.187954922517143075e+00
5.188702952861788731e+00
5.189234177271522697e+00
5.189702260494229336e+00
5.190380056699119393e+00
5.190806134541830374e+00
5.191311117013292176e+00
5.191781147321066214e+00
5.192324618498481925e+00
5.192941300074259914e+00
5.193480904897050721e+00
5.194001718362173392e+00
5.194676526387532078e+00
5.195630613962812561e+00
5.195950384934739930e+00
5.196354846159614738e+00
5.196923446655276280e+00
5.197399830818177691e+00
5.198370250066119524e+00
5.198570164044696185e+00
5.199003434181214800e+00
5.199555540084837446e+00
5.200126063823702793e+00
5.200923418998719683e+00
5.201263487339019775e+00
5.202003697554268058e+00
5.202326420942945617e+00
5.202882504463197222e+00
5.203495025634765625e+00
5.204142796993252773e+00
5.204600171248117135e+00
5.205126261711122027e+00
5.205661654472351074e+00
5.206226189931236092e+00
5.206853210926055908e+00
5.207342851161953945e+00
5.208001041412352095e+00
5.208490840593974269e+00
5.209017725785571429e+00
5.209555610020956351e+00
5.210339534282681484e+00
5.211141439278918597e+00
5.211241646607717826e+00
5.211836707592013340e+00
5.212353110313415527e+00
5.212901167074839748e+00
5.213440998395284964e+00
5.214231805006662057e+00
5.214584565162660112e+00
5.215121352672575483e+00
5.215685955683390773e+00
5.216335658232374328e+00
5.216842635472616507e+00
5.217386694749194476e+00
5.218159266312916600e+00
5.218601556619006487e+00
5.218998694419859419e+00
5.219548555215197894e+00
5.220108930269880432e+00
5.220779951413469178e+00
5.221382470925647112e+00
5.222265239556627137e+00
5.222835342089332755e+00
5.223090910911558638e+00
5.223628477255502389e+00
5.224161899089814654e+00
5.224819338321687212e+00
5.225156835714976467e+00
5.226131816705070321e+00
5.226291529337565578e+00
5.226917862892150879e+00
5.227671190102896048e+00
5.228161883354189854e+00
5.228687560558320513e+00
5.229235450426735099e+00
5.229617098967231925e+00
5.230318137009938084e+00
5.230764897664386126e+00
5.231329365571340873e+00
5.231777417659756679e+00
5.232329920927682565e+00
5.232879722118376264e+00
5.233517324924470415e+00
5.234249881903330959e+00
5.234644023577374128e+00
5.235206560293832467e+00
5.235667173067731994e+00
5.236364670594532811e+00
5.236770880222323399e+00
5.237368837992349313e+00
5.238233347733817880e+00
5.238622995217639300e+00
5.239022207260134678e+00
5.239728713035582075e+00
5.240286227067308289e+00
5.240731227397915859e+00
5.241416609287263384e+00
5.242218665281932033e+00
5.242423931757606681e+00
5.243118321895600786e+00
5.243460631370545855e+00
5.244062419732408387e+00
5.244622623920442095e+00
5.245226856072740418e+00
5.245693715413409564e+00
5.246243337790168937e+00
5.246791553497317295e+00
5.247347609202066110e+00
5.247933117548626569e+00
5.248464345932006836e+00
5.248993587493899327e+00
5.249597521622973773e+00
5.250211318333946053e+00
5.250789229075117248e+00
5.251278595129647897e+00
5.251832779248552185e+00
5.252330561478935067e+00
5.252882893880205017e+00
5.253437066078184614e+00
5.254240977764126797e+00
5.254645427068076913e+00
5.255288978417716805e+00
5.255935847759246826e+00
5.256321088473001168e+00
5.257011922200518939e+00
5.257452980677285836e+00
5.258272711435957092e+00
5.258768582344053755e+00
5.259125598271687352e+00
5.259824760754902684e+00
5.260152125358580122e+00
5.260880577564236660e+00
5.261391433080035540e+00
5.262328441937761170e+00
5.262558352947237950e+00
5.263117901484172023e+00
5.263509857654568691e+00
5.264155197143551845e+00
5.264620407422384574e+00
5.265109574794770708e+00
5.266121383508043152e+00
5.266284378369647357e+00
5.267005157470705967e+00
5.267360981305436951e+00
5.267986543973286473e+00
5.268489297231035096e+00
5.268992610772450291e+00
5.269550971190135158e+00
5.270352808634441999e+00
5.270738760630287345e+00
5.271336396535239999e+00
5.271779576937355216e+00
5.272342737515764099e+00
5.273040902614596348e+00
5.273546667893725726e+00
5.274039459228518467e+00
5.274588433901470808e+00
5.275109024842578265e+00
5.275718486309052935e+00
5.276321657498677098e+00
5.276823786894482282e+00
5.277415279547376770e+00
5.277899213631947362e+00
5.278638017177584629e+00
5.279154773553209168e+00
5.279592688878373963e+00
5.280106973648074131e+00
5.280713129043576259e+00
5.281317595640821594e+00
5.281844158967338387e+00
5.282400564352670358e+00
5.283046285311378654e+00
5.283446276187895307e+00
5.284004763762155221e+00
5.284587860107421875e+00
5.285108951727551130e+00
5.285797949632005555e+00
5.286685748895010306e+00
5.286931769053140329e+00
5.287608285744987313e+00
5.287962782382962246e+00
5.288510676225023133e+00
5.289012813568113813e+00
5.289582610130310059e+00
5.290114740530647452e+00
5.290698254108427534e+00
5.291296247641248840e+00
5.291917546590170218e+00
5.292365006605784572e+00
5.292902533213300842e+00
5.293452294667559954e+00
5.294079224268593009e+00
5.294685200850167917e+00
5.295210536321000916e+00
5.295759205023450988e+00
5.296337513128918317e+00
5.296950046221418518e+00
5.297545989354453866e+00
5.298004094759626526e+00
5.298443754514060799e+00
5.299118721485136518e+00
5.299575269222259521e+00
5.300145880381265329e+00
5.300672801335650774e+00
5.301361004511512931e+00
5.301847688357035793e+00
5.302624813715617336e+00
5.302889768282575744e+00
5.303439470132190081e+00
5.304064289728799508e+00
5.304593916734056336e+00
5.305114110310874764e+00
5.305659830570220947e+00
5.306330895423890581e+00
5.306791301568345887e+00
5.307384665807084900e+00
5.307947345574696385e+00
5.308590237299604553e+00
5.308993407090504490e+00
5.309574655691783107e+00
5.310107779502871495e+00
5.310760843753811855e+00
5.311276475588478263e+00
5.311805784702301025e+00
5.312336953481036517e+00
5.312911752859754699e+00
5.313438995679220511e+00
5.314058228333792044e+00
5.314581223328907811e+00
5.315105581283567915e+00
5.315763465563456691e+00
5.316220080852509966e+00
5.316776220003767151e+00
5.317378338177995545e+00
5.317884624004364014e+00
5.318757708867387635e+00
5.319071984291078081e+00
5.319561703999838187e+00
5.320195023218794006e+00
5.320688056945797939e+00
5.321221721172335606e+00
5.321771919727325439e+00
5.322423938910169738e+00
5.322926541169486825e+00
5.323440500100453221e+00
5.324042610327403224e+00
5.324550914764401455e+00
5.325132024288180332e+00
5.325824236869813433e+00
5.326619784037269767e+00
5.326821859677629334e+00
5.327480097611747567e+00
5.327913490931194929e+00
5.328442645072939854e+00
5.329016959667207232e+00
5.329569685459134121e+00
5.330164559682209813e+00
5.330802130699154873e+00
5.331598516305284363e+00
5.331869351863858242e+00
5.332327171166738822e+00
5.332967329025265713e+00
5.333450782299038906e+00
5.334040395418803371e+00
5.334728395938874712e+00
5.335148624579112209e+00
5.335665194193524030e+00
5.336227397123970206e+00
5.336863708496096592e+00
5.337339337666826111e+00
5.337954624493917777e+00
5.338448274135586757e+00
5.339023264249163958e+00
5.339569218953450047e+00
5.340142146746316598e+00
5.340746684869131400e+00
5.341227789719901864e+00
5.341908343633015477e+00
5.342325397332508885e+00
5.342883578936259426e+00
5.343475381533302482e+00
5.344000470638277989e+00
5.344548189640043745e+00
5.345148221651712106e+00
5.345664898554481681e+00
5.346258747577664394e+00
5.346790345509845110e+00
5.347366845607758989e+00
5.347877363363899406e+00
5.348581496874494690e+00
5.349000092347459656e+00
5.349577291806539847e+00
5.350112382570905822e+00
5.350665410359702889e+00
5.351272797584535112e+00
5.351853505770364450e+00
5.352374831835426505e+00
5.352952611446383457e+00
5.353558389345806745e+00
5.354014662901562360e+00
5.354604077339175205e+00
5.355408247311906678e+00
5.355723075071971095e+00
5.356253258387248195e+00
5.356781343619026359e+00
5.357416582107546787e+00
5.358034590880073722e+00
5.358681130409237880e+00
5.359064662456511030e+00
5.359551823139192095e+00
5.360151867071785148e+00
5.360708419481916565e+00
5.361443761984510559e+00
5.361787243684133841e+00
5.362374389171598921e+00
5.362889134883879194e+00
5.363462046782174752e+00
5.364070387681323382e+00
5.364624444643659729e+00
5.365184875329333636e+00
5.365664772192637599e+00
5.366220498085020552e+00
5.366891165574394051e+00
5.367372381687161464e+00
5.367920859654745414e+00
5.368539083003994961e+00
5.369063854217529297e+00
5.369563881556196350e+00
5.370210011800132577e+00
5.370937669277189741e+00
5.371576448281608407e+00
5.371851555506388820e+00
5.372460476557414211e+00
5.372893138726553275e+00
5.373478515942892386e+00
5.374018867810569589e+00
5.374580868085224949e+00
5.375129652023318272e+00
5.375661460558575300e+00
5.376301133632658491e+00
5.376856680711107117e+00
5.377378133932751325e+00
5.377886259555815229e+00
5.378488731384280186e+00
5.379013705253598232e+00
5.379638516902922163e+00
5.380144961675007664e+00
5.380663605531054827e+00
5.381217686335247663e+00
5.381773900985720616e+00
5.382330091794329974e+00
5.382884279886880563e+00
5.383617631594340480e+00
5.383998958269756940e+00
5.384588952859239441e+00
5.385205483436585894e+00
5.385846773783363517e+00
5.386358769734698626e+00
5.386830528577171151e+00
5.387344531218211330e+00
5.387884072462718166e+00
5.388467578093212751e+00
5.388996553421023350e+00
5.389601095517477347e+00
5.390287045637769836e+00
5.390673704942066990e+00
5.391219552357988221e+00
5.391840394337968689e+00
5.392404917875929016e+00
5.392988550662991543e+00
5.393467350800833060e+00
5.394004674752551409e+00
5.394676244258882036e+00
5.395584158102671779e+00
5.395914816856382856e+00
5.396471707026165632e+00
5.396823612848919538e+00
5.397331595420837402e+00
5.397945654392245274e+00
5.398439816633860744e+00
5.399102413654325971e+00
5.399555198351542629e+00
5.400110677878060983e+00
5.400719499588014116e+00
5.401330018043516645e+00
5.401837281386058010e+00
5.402342748641970616e+00
5.402894163131712446e+00
5.403468759854632708e+00
5.404158624013263079e+00
5.404623031616210938e+00
5.405123066902163487e+00
5.405679706732435363e+00
5.406710247198738273e+00
5.406945856412249896e+00
5.407420901457470563e+00
5.407918918132779140e+00
5.408562576770783892e+00
5.409038110574087455e+00
5.409558272361756792e+00
5.410135416189831403e+00
5.410878992080689898e+00
5.411382190386454738e+00
5.411864662170408735e+00
5.412358256181079241e+00
5.412918980916337830e+00
5.413454302151997410e+00
5.414044102032981698e+00
5.414614458878837411e+00
5.415199887752535801e+00
5.415808073679606593e+00
5.416319326559701608e+00
5.416843732198081796e+00
5.417529809474942226e+00
5.418176726500192331e+00
5.418547622362773097e+00
5.419072528680167977e+00
5.419557869434356689e+00
5.420194276173909032e+00
5.420670207341508728e+00
5.421270493666334289e+00
5.421853892008464015e+00
5.422345642248792785e+00
5.422899496555331211e+00
5.423557710647585850e+00
5.423997473716738682e+00
5.424617048104600769e+00
5.425122300783790763e+00
5.425743039449052674e+00
5.426278714338941711e+00
5.426778642336529401e+00
5.427436892191572326e+00
5.427966590722398621e+00
5.428445323308309867e+00
5.429050119717913958e+00
5.429555670420327829e+00
5.430102932453152675e+00
5.430663708845777649e+00
5.431219951311746286e+00
5.431878232955931196e+00
5.432380294799806109e+00
5.432903444766999712e+00
5.433471814791360543e+00
5.434009281794232038e+00
5.434551223119100882e+00
5.435107012589774911e+00
5.435678259531655954e+00
5.436272088686628479e+00
5.436819978555043065e+00
5.437390649318693647e+00
5.437907481193541059e+00
5.438655392328897165e+00
5.439097114404042088e+00
5.439700980981193368e+00
5.440165094534556545e+00
5.440723919868467817e+00
5.441221670309701608e+00
5.441850519180299273e+00
5.442384123802185059e+00
5.442930114269259434e+00
5.443555899461109959e+00
5.444205490748089460e+00
5.444621519247689889e+00
5.445244622230532627e+00
5.445735092957811219e+00
5.446823883056637783e+00
5.447140343983967625e+00
5.447363011042277492e+00
5.447934103012087803e+00
5.448447255293530134e+00
5.448998522758486729e+00
5.449559048811593698e+00
5.450111103057864170e+00
5.450665326913195941e+00
5.451246368885037441e+00
5.451838012536363465e+00
5.452379814783732570e+00
5.452935854593910392e+00
5.453467071056365967e+00
5.454025610287985160e+00
5.454690372943879595e+00
5.455239907900491403e+00
5.455702388286589155e+00
5.456347235043843114e+00
5.456777425607043597e+00
5.457566861311597961e+00
5.457895664374035505e+00
5.458461932341258205e+00
5.459012671311697318e+00
5.459562818209327872e+00
5.460175271828966004e+00
5.460708244641622855e+00
5.461242051919299456e+00
5.461774965127311532e+00
5.462641823291775722e+00
5.462967276573181152e+00
5.463791052500404533e+00
5.464209969838456971e+00
5.464654513200123631e+00
5.465351088841757132e+00
5.465785376230876125e+00
5.466264625390373055e+00
5.466781191031138576e+00
5.467337179183957119e+00
5.467902032534283308e+00
5.468450077374775731e+00
5.469139679272970511e+00
5.469557861487068351e+00
5.470145793755847308e+00
5.470709824562071333e+00
5.471276883284254211e+00
5.471941479047139012e+00
5.472368864218395856e+00
5.473251084486641105e+00
5.473485279083249111e+00
5.474056013425190770e+00
5.474647819995880127e+00
5.475737325350443996e+00
5.475930527846017526e+00
5.476440997918444964e+00
5.477046008904771668e+00
5.477349571386973537e+00
5.478255685170488221e+00
5.478488242626191607e+00
5.479105838139851414e+00
5.479674808184306301e+00
5.480164047082261902e+00
5.481003570556637783e+00
5.481495662530264212e+00
5.481879285971324123e+00
5.482351521650947745e+00
5.482899630069731245e+00
5.483597203095754935e+00
5.484001660346983442e+00
5.484564693768817278e+00
5.485158296426135394e+00
5.486245175202689950e+00
5.486474124590557722e+00
5.486855653921764997e+00
5.487334541479746974e+00
5.487897201379141165e+00
5.488901376724243164e+00
5.489085221290586958e+00
5.489566012223562552e+00
5.490422121683756984e+00
5.490693708260856454e+00
5.491872092088065926e+00
5.492036481698356454e+00
5.492390735944113089e+00
5.492886432011921727e+00
5.493464251359306161e+00
5.494440662860867519e+00
5.494871822992962507e+00
5.495162963867187500e+00
5.495780058701832615e+00
5.496281687418623108e+00
5.497000869115190369e+00
5.497619620958964504e+00
5.498251954714454826e+00
5.498817606767019583e+00
5.499649258454638812e+00
5.499750808874765085e+00
5.500182620684306301e+00
5.500823251406352199e+00
5.501221525669095058e+00
5.502211221059162938e+00
5.502461389700570749e+00
5.502929997444155674e+00
5.503802772363023621e+00
5.504030533631642186e+00
5.505073483784990174e+00
5.505195267995198094e+00
5.505715632438658247e+00
5.506251168251040440e+00
5.506852591037748823e+00
5.507521907488502677e+00
5.507940042018887539e+00
5.508669189612071193e+00
5.509056778748828265e+00
5.509583747386933794e+00
5.510235921541848825e+00
5.510814956823985256e+00
5.511358821392057905e+00
5.511777118841806100e+00
5.512358864148460214e+00
5.513028927644093358e+00
5.513530302047726650e+00
5.514373803138731489e+00
5.514621261755628723e+00
5.515496134757995605e+00
5.515812869866685730e+00
5.516367169221240374e+00
5.516949923833209368e+00
5.517475450038908491e+00
5.518202980359397714e+00
5.518664817015327628e+00
5.519191948572796491e+00
5.519689742724104065e+00
5.520131512482961966e+00
5.520946256319682277e+00
5.521264473597206290e+00
5.521777133146919425e+00
5.522337559858961242e+00
5.522943019866943359e+00
5.523679689566293405e+00
5.524175405502319336e+00
5.524982603391009661e+00
5.525130446751909119e+00
5.526175741354627746e+00
5.526535503069560207e+00
5.526930975913998623e+00
5.527768508593240426e+00
5.528301874796547111e+00
5.528866497675579694e+00
5.529029786586761475e+00
5.529622789223985535e+00
5.530110347270962734e+00
5.530718457698824864e+00
5.531576784451800677e+00
5.531805968284608355e+00
5.532412354151411193e+00
5.533018203576403948e+00
5.533483048280082528e+00
5.534450034300483878e+00
5.534606858094534232e+00
5.535120586554207023e+00
5.535745501518249512e+00
5.536287351449331595e+00
5.536942859490714852e+00
5.537358101209001404e+00
5.538045950730641209e+00
5.538584331671394523e+00
5.539001488685606489e+00
5.539563989639283648e+00
5.540385782718658447e+00
5.540824290116624695e+00
5.541303491592408648e+00
5.542210161685943604e+00
5.542406384150190490e+00
5.542960743109382804e+00
5.543480547269183489e+00
5.544001452128092922e+00
5.544574185212454154e+00
5.545122031370802063e+00
5.545688819885256748e+00
5.546276497840878505e+00
5.546782632668815438e+00
5.547364652156829834e+00
5.547944164276124468e+00
5.548455965518954258e+00
5.549013511339822458e+00
5.549559438228605757e+00
5.550199063618975970e+00
5.550698916117347892e+00
5.551323175430297852e+00
5.551808547973635655e+00
5.552369650204973084e+00
5.552896134058634914e+00
5.553453059991198870e+00
5.554292587439221052e+00
5.554613312085471932e+00
5.555282286802928127e+00
5.555721235275271397e+00
5.556282071272534040e+00
5.556925551096597360e+00
5.557338249683382969e+00
5.558277765909828361e+00
5.558621704578399658e+00
5.559323116143545462e+00
5.559780089060467390e+00
5.560361146926879883e+00
5.560790173212687648e+00
5.561247038841244716e+00
5.562325509389239642e+00
5.562424107392629935e+00
5.563075248400373596e+00
5.563525644938152936e+00
5.564142886797590393e+00
5.564836708704632429e+00
5.565209297339123395e+00
5.566200689474740670e+00
5.566713972886404349e+00
5.566813449064888175e+00
5.567379236221313477e+00
5.567927364508314270e+00
5.568450550238289054e+00
5.569030082225800982e+00
5.569556709130601746e+00
5.570227626959486145e+00
5.570677101612091064e+00
5.571250847975413478e+00
5.571785779794055316e+00
5.572394001483914394e+00
5.572942082087202209e+00
5.573542062441511291e+00
5.574197324117022845e+00
5.574677725632987801e+00
5.575379550457000732e+00
5.575666975975039463e+00
5.576477042833964504e+00
5.576798343658445845e+00
5.577469245592752145e+00
5.578287402788795646e+00
5.578495721022285636e+00
5.579214576880140442e+00
5.579589792092640721e+00
5.580125836531323102e+00
5.580672796567277771e+00
5.581239505608877494e+00
5.582223037878669913e+00
5.582422737280531067e+00
5.582989454269409180e+00
5.583501974741615470e+00
5.584047651290894976e+00
5.584685893853503558e+00
5.585243539015451120e+00
5.585712230205537310e+00
5.586453831195832720e+00
5.586824532349901062e+00
5.587341213226316938e+00
5.587897642453512503e+00
5.588451838493348589e+00
5.589203635851539786e+00
5.589597181479135202e+00
5.590461893876394583e+00
5.590812083085374695e+00
5.591352021694184771e+00
5.591857838630673427e+00
5.592606186866760254e+00
5.592910063266756993e+00
5.593453629811605765e+00
5.594224425156909319e+00
5.594684461752571281e+00
5.595114191373191659e+00
5.595672539869944728e+00
5.596288164456687753e+00
5.596783037980394226e+00
5.597478572527570861e+00
5.598407673835751552e+00
5.598760147889457528e+00
5.599164175987240810e+00
5.599571180343630772e+00
5.600126250584921195e+00
5.600723473230999616e+00
5.601274128754930359e+00
5.602184677124022016e+00
5.602411921819047791e+00
5.602993289629615958e+00
5.603512203693391314e+00
5.604026158650718514e+00
5.604576094945272757e+00
5.605224072933197021e+00
5.605736227830249163e+00
5.606353175640109043e+00
5.606786096096037397e+00
5.607342747847241071e+00
5.607938516139981289e+00
5.608548740545906242e+00
5.608998803297680524e+00
5.609603218237559474e+00
5.610223885377244812e+00
5.610721170902252197e+00
5.611238181591033936e+00
5.611898187796278137e+00
5.612390418847404305e+00
5.612908720970153809e+00
5.613450912634533552e+00
5.614080170790352042e+00
5.614608971277874616e+00
5.615352769692741219e+00
5.615673601627349854e+00
5.616267410914105085e+00
5.616869517167408787e+00
5.617409006754556344e+00
5.617940123875932557e+00
5.618515682220461827e+00
5.619000756740568647e+00
5.619609586397807277e+00
5.620177582899728463e+00
5.620673493544259713e+00
5.621292261282604841e+00
5.621782330671948102e+00
5.622686096032460057e+00
5.622913559277854745e+00
5.623806579907736136e+00
5.624074844519299177e+00
5.624585894743603376e+00
5.625161206722260943e+00
5.625758719444277745e+00
5.626312899589535732e+00
5.626873207092287998e+00
5.627362779776255763e+00
5.628079613049827401e+00
5.628575225671134774e+00
5.629132326443986756e+00
5.629623154799141105e+00
5.630156306425732282e+00
5.630887913703915615e+00
5.631269518534345764e+00
5.631781613826753130e+00
5.632358551025390625e+00
5.632924993832908456e+00
5.633454271157582127e+00
5.634006373087565578e+00
5.634606273969012591e+00
5.635112651189167821e+00
5.635673685868582083e+00
5.636225080490113726e+00
5.636779395739239362e+00
5.637353324890135298e+00
5.637902001539863761e+00
5.638699452082313712e+00
5.639025298754376081e+00
5.639567049344378802e+00
5.640117188294730965e+00
5.640807131926216300e+00
5.641228878498075971e+00
5.641860242684678894e+00
5.642336885134376701e+00
5.642975103855135899e+00
5.643474570910136379e+00
5.644122922420500288e+00
5.644695242245994393e+00
5.645513137181602303e+00
5.645804826418562072e+00
5.646666395664212246e+00
5.647014387448628270e+00
5.647424948215487461e+00
5.647971526781716989e+00
5.648547597726185643e+00
5.649072500069934222e+00
5.649589892228441101e+00
5.650151522954303118e+00
5.650799512863159180e+00
5.651236935456594779e+00
5.651845645904543858e+00
5.652437623341874939e+00
5.652890940507255380e+00
5.653466045856475830e+00
5.654013788700105181e+00
5.654697318871818368e+00
5.655257368087767134e+00
5.655957643191023010e+00
5.656295541922254699e+00
5.656914528210954529e+00
5.657351370652513367e+00
5.657920551300051670e+00
5.658449486891427682e+00
5.659009500344595267e+00
5.659623754024508457e+00
5.660274100303652745e+00
5.660722001393637015e+00
5.661257421970368853e+00
5.661815754572550929e+00
5.662753264109291251e+00
5.662942016124723921e+00
5.663480194409686419e+00
5.664245986938475141e+00
5.664580376942950579e+00
5.665116024017336827e+00
5.665688383579251308e+00
5.666334299246472028e+00
5.666788236300149606e+00
5.667555276552839416e+00
5.667905290921531503e+00
5.668479820092521493e+00
5.669101067384083592e+00
5.669758125146231009e+00
5.670270224412284676e+00
5.670792496204377642e+00
5.671257205804188573e+00
5.671815379460653617e+00
5.672338330745695600e+00
5.672902897993722604e+00
5.673456923166909860e+00
5.674010455608367920e+00
5.674573604265852111e+00
5.675236288706464904e+00
5.675727256139118992e+00
5.676256914933524911e+00
5.676897295316059910e+00
5.677373568216957267e+00
5.677921418348951477e+00
5.678457629680636387e+00
5.679057256380716012e+00
5.679726707935330410e+00
5.680164110660555821e+00
5.680717309316001717e+00
5.681233974297839495e+00
5.681786076227822946e+00
5.682358749707539403e+00
5.682896129290263332e+00
5.683451338609060599e+00
5.684006738662716884e+00
5.684556607405347961e+00
5.685160529613497715e+00
5.685704362392428379e+00
5.686242067813871870e+00
5.686788860956831115e+00
5.687339798609414743e+00
5.687900797526040719e+00
5.688489735126495361e+00
5.689045961697893006e+00
5.689700535933177150e+00
5.690264542897544686e+00
5.690745949745178223e+00
5.691352105140687456e+00
5.691879189014436236e+00
5.692410270373024161e+00
5.693143844604492188e+00
5.693473207950589199e+00
5.694008076190947065e+00
5.694629180431363125e+00
5.695160412788389692e+00
5.695701785882313573e+00
5.696344637870787153e+00
5.696852759520211862e+00
5.697534672419230617e+00
5.698059562842054504e+00
5.698464115460716073e+00
5.699093512694041408e+00
5.699616809686027352e+00
5.700124740600585938e+00
5.700696476300556981e+00
5.701237225532530317e+00
5.701783426602681004e+00
5.702345498402912938e+00
5.702890988190965516e+00
5.703466244538624608e+00
5.704037046432496538e+00
5.704570341110226650e+00
5.705114042758943071e+00
5.705743364493052638e+00
5.706228752930961434e+00
5.706778542200723336e+00
5.707343169053395115e+00
5.708080740769702288e+00
5.708541003863018659e+00
5.709033139546711766e+00
5.709579026699067583e+00
5.710187327861788731e+00
5.710763851801551994e+00
5.711293017864228716e+00
5.711815965175631504e+00
5.712336671352389317e+00
5.712903523445127973e+00
5.713449780146284240e+00
5.714040883382160985e+00
5.714638614654539595e+00
5.715145003795626621e+00
5.715669826666513131e+00
5.716230543454486224e+00
5.716817728678385890e+00
5.717357234160104440e+00
5.717905346552534240e+00
5.718456713358563093e+00
5.719003132979075588e+00
5.719623859723405701e+00
5.720130129655203177e+00
5.720836436748506060e+00
5.721417737007143955e+00
5.721853228410083148e+00
5.722336439291638044e+00
5.723055064678192139e+00
5.723496890068055620e+00
5.724009374777473624e+00
5.724611441294349845e+00
5.725174717108409084e+00
5.725730629762011858e+00
5.726388096809387207e+00
5.726828400293989318e+00
5.727465542157489153e+00
5.728023608525596444e+00
5.728486160437263663e+00
5.729054852326711966e+00
5.729565755526223825e+00
5.730121612548828125e+00
5.730690320332847421e+00
5.731409358978268642e+00
5.731973699728648342e+00
5.732402626673383850e+00
5.732892100016279358e+00
5.733456619580586278e+00
5.734004739920301574e+00
5.734567224979400635e+00
5.735120228926341213e+00
5.735694269339241202e+00
5.736236099402113098e+00
5.736892553170520159e+00
5.737435861428579642e+00
5.737996089458462734e+00
5.738450348377227783e+00
5.739014442761735779e+00
5.739560767014822318e+00
5.740116222699484183e+00
5.740717311700187508e+00
5.741227249304451163e+00
5.741871567567187640e+00
5.742766654491425982e+00
5.743088734149935703e+00
5.743490048249562108e+00
5.744023068745931937e+00
5.744562721252442827e+00
5.745221185684201259e+00
5.745691128571827733e+00
5.746328190962472604e+00
5.746914589405058393e+00
5.747371180852255179e+00
5.748014108339944528e+00
5.748514489332833932e+00
5.749012680848437640e+00
5.749581571420030457e+00
5.750118954976400687e+00
5.750695737202960345e+00
5.751226917902627633e+00
5.751826981703437980e+00
5.752350322405497707e+00
5.752992717425030378e+00
5.753587881724037345e+00
5.754107896486921447e+00
5.754595649242403965e+00
5.755149932702380511e+00
5.755679265658059762e+00
5.756287316481270011e+00
5.756807959079743853e+00
5.757414333025614894e+00
5.757964106400805804e+00
5.758478907744091657e+00
5.759005939960481157e+00
5.759585126241049124e+00
5.760131212075549456e+00
5.760683202743528852e+00
5.761257791519163618e+00
5.761793088912966709e+00
5.762447702884671230e+00
5.763100616137187160e+00
5.763472509384158116e+00
5.764128633340199315e+00
5.764611983299253950e+00
5.765141085783639596e+00
5.765690962473549064e+00
5.766703581809998980e+00
5.766872557004290911e+00
5.767358207702635298e+00
5.767997618516282898e+00
5.768651330471037397e+00
5.769099855422972212e+00
5.769583193461102155e+00
5.770128544171647889e+00
5.770702902475996154e+00
5.771236769358317531e+00
5.771780002117154140e+00
5.772380320231121686e+00
5.772938859462740879e+00
5.773505568504333496e+00
5.774017711480460946e+00
5.774671979745228612e+00
5.775165617465972900e+00
5.775680176417033351e+00
5.776250024636588876e+00
5.776793169975277920e+00
5.777440873781841901e+00
5.778205215930938721e+00
5.778661592801412894e+00
5.779223831494647357e+00
5.779675924777983198e+00
5.780233561992645264e+00
5.780886538823445164e+00
5.781240717569986032e+00
5.781913292407992344e+00
5.782722381750744489e+00
5.783263381322221619e+00
5.783511229356129490e+00
5.784013342857363682e+00
5.784580397605893154e+00
5.785236227512356777e+00
5.785740335782371346e+00
5.786236008008323495e+00
5.787019602457682765e+00
5.787405212720237557e+00
5.788041373093925301e+00
5.788483440876007080e+00
5.789002327124279645e+00
5.789569425582882900e+00
5.790594132741290423e+00
5.790729868412014980e+00
5.791358872254690482e+00
5.791865170001983643e+00
5.792444256941479352e+00
5.793063084284462150e+00
5.793459022045134077e+00
5.794042630990347220e+00
5.794661939144134521e+00
5.795117266972859227e+00
5.795758461952210894e+00
5.796270386377969430e+00
5.796801181634265276e+00
5.797350398699443019e+00
5.797894068559010350e+00
5.798629526297254699e+00
5.799110178152723449e+00
5.799594668547314313e+00
5.800143969058993321e+00
5.800675316651663138e+00
5.801264774799349766e+00
5.801839804649354448e+00
5.802343511581419477e+00
5.802996504306790371e+00
5.803502146402998108e+00
5.804096210002896328e+00
5.804659307003021240e+00
5.805281933148698670e+00
5.805679162343345467e+00
5.806662702560423384e+00
5.806879039605455262e+00
5.807350269953410304e+00
5.808002038796743705e+00
5.808948425451916364e+00
5.809041937192283456e+00
5.809676973025005964e+00
5.810156218210856593e+00
5.810685316721595939e+00
5.811583618323005851e+00
5.812023067474363813e+00
5.812456250190734863e+00
5.813031005859372158e+00
5.813665322462718166e+00
5.814306974411010742e+00
5.814583035310107562e+00
5.815387121836344875e+00
5.815738443533582824e+00
5.816266345977780361e+00
5.816941408316296247e+00
5.817343366146090489e+00
5.817949394385017570e+00
5.818489261468251073e+00
5.819658021132148917e+00
5.819930541515347500e+00
5.820126481850941502e+00
5.820697216192883161e+00
5.821234762668609619e+00
5.822235608100889692e+00
5.822532443205517438e+00
5.822938295205432269e+00
5.823465673128765729e+00
5.824229764938351650e+00
5.824834553400677351e+00
5.825151693820956211e+00
5.825678332646688773e+00
5.826401321093243268e+00
5.826805591583251953e+00
5.827501221497854544e+00
5.828065947691598581e+00
5.828463796774549621e+00
5.829011591275531146e+00
5.829677327473959281e+00
5.830401293436686672e+00
5.830678478876748727e+00
5.831297079722084220e+00
5.831834514935813729e+00
5.832854811350507873e+00
5.833132100105288487e+00
5.833510088920590420e+00
5.834259569644927979e+00
5.834773878256477531e+00
5.835492662588755763e+00
5.835784407456714007e+00
5.836403052012123283e+00
5.836876177787779341e+00
5.837412269910174700e+00
5.838199186325070400e+00
5.838546784718829485e+00
5.839021817843118356e+00
5.839596732457479789e+00
5.840188300609590044e+00
5.841009314854936463e+00
5.841232351462046779e+00
5.841815837224324071e+00
5.842369453112283395e+00
5.842906967798867868e+00
5.843527626991274815e+00
5.844358229637144575e+00
5.844607532024383545e+00
5.845122035344438416e+00
5.846181658903759626e+00
5.846365324656169093e+00
5.846875711282095267e+00
5.847485939661659415e+00
5.847894299030301113e+00
5.848835957050326328e+00
5.849065434932711582e+00
5.849729764461514492e+00
5.850202465057371626e+00
5.850788648923234803e+00
5.851717472076416016e+00
5.852002584934233198e+00
5.852688026428225498e+00
5.853266640504202201e+00
5.853620771567030090e+00
5.854396247863768110e+00
5.854641874631248299e+00
5.855237825711569144e+00
5.855683823426566903e+00
5.856231546401978960e+00
5.857021121184033063e+00
5.857348370552060146e+00
5.857900142669677734e+00
5.858571163813273586e+00
5.859026952584585501e+00
5.859612619876862993e+00
5.860210708777110256e+00
5.860696009794871486e+00
5.861237458388011135e+00
5.862202215194699306e+00
5.862470801671342713e+00
5.862989521026612749e+00
5.863546105225879046e+00
5.864012376467385934e+00
5.864865990479785296e+00
5.865389382839204302e+00
5.865687640508014056e+00
5.866283023357389936e+00
5.866824853420254726e+00
5.867783474922177334e+00
5.867914485931393642e+00
5.868608367443087559e+00
5.869081143538160461e+00
5.869711105028791565e+00
5.870397619406382717e+00
5.870975033442178415e+00
5.871346120039625305e+00
5.871818268299101362e+00
5.872380808989206002e+00
5.872904062271118164e+00
5.873449854056040920e+00
5.874203638235726999e+00
5.874645626544953814e+00
5.875244414806367388e+00
5.875795662403106689e+00
5.876239200433097665e+00
5.876839137077332964e+00
5.877366284529365714e+00
5.878243033091230529e+00
5.878474259376524458e+00
5.879028693834939645e+00
5.879570368925733703e+00
5.880174589157107334e+00
5.880728463331855949e+00
5.881230493386588876e+00
5.882203467686970555e+00
5.882468088467916800e+00
5.883087305227917341e+00
5.883526396751406651e+00
5.884020014603933646e+00
5.884592862923938128e+00
5.885124059518176409e+00
5.885684470335640128e+00
5.886536478996276855e+00
5.886999158064526227e+00
5.887409508228302002e+00
5.888205623626710405e+00
5.888512810071311776e+00
5.889167392253874311e+00
5.889705411593119777e+00
5.890394115447996626e+00
5.890694757302604501e+00
5.891257520516710144e+00
5.891786539554594526e+00
5.892360357443493513e+00
5.892896835009260315e+00
5.893588538964586121e+00
5.894250516096754211e+00
5.894628481070199655e+00
5.895121868451433045e+00
5.895969593524931440e+00
5.896281965573628270e+00
5.896788565317791608e+00
5.897391502062482971e+00
5.898200686772661072e+00
5.898469603061677446e+00
5.899039932092030369e+00
5.899786635239919974e+00
5.900172638893124599e+00
5.900871372222901812e+00
5.901331738630929635e+00
5.902262258529660244e+00
5.902489546934766906e+00
5.902931773662565718e+00
5.903561365604403477e+00
5.904106279214225594e+00
5.904644314448042053e+00
5.905155118306474549e+00
5.905684105555216945e+00
5.906275991598768371e+00
5.906817106405895856e+00
5.907344619433082755e+00
5.907950349648793065e+00
5.908477540810899598e+00
5.909092120329539455e+00
5.909702742099760542e+00
5.910350390275318944e+00
5.910778975486756792e+00
5.911541966597241071e+00
5.911812802155814950e+00
5.912444186210635166e+00
5.913014733791349897e+00
5.913454759120938320e+00
5.914157974719998379e+00
5.914573264122012120e+00
5.915137386322022905e+00
5.915770788987479989e+00
5.916344213485714931e+00
5.916818761825560102e+00
5.917420951525372175e+00
5.918178995450340096e+00
5.918462685743968166e+00
5.919158271948496974e+00
5.919564445813499276e+00
5.920122941335044686e+00
5.920717593034105164e+00
5.921247971057894688e+00
5.922166514396664638e+00
5.922358183066052106e+00
5.922947676976519915e+00
5.923472797870637407e+00
5.924064501126608207e+00
5.924739503860472212e+00
5.925133283933000428e+00
5.926216586430868460e+00
5.926303899288178911e+00
5.926785202821093890e+00
5.927345550060273638e+00
5.927897497018179251e+00
5.928458189964295855e+00
5.929062807559965620e+00
5.929662207762397941e+00
5.930468471844989153e+00
5.930750119686123867e+00
5.931526672840121250e+00
5.931814010938005310e+00
5.932351581255595363e+00
5.932999372482299805e+00
5.933641715844473197e+00
5.934388808409373439e+00
5.934778086344401515e+00
5.935238866011303571e+00
5.935701417922970791e+00
5.936427688598634234e+00
5.936861165364582860e+00
5.937503166993458592e+00
5.938237261772158604e+00
5.938505717118580662e+00
5.939032598336538626e+00
5.939590899149578718e+00
5.940135176976518494e+00
5.940822327136991987e+00
5.941476233800251805e+00
5.941907342274980408e+00
5.942403360207876517e+00
5.942896926403044233e+00
5.943580079078671474e+00
5.944159519672396641e+00
5.944659785429635690e+00
5.945256384213763567e+00
5.945748519897463780e+00
5.946257837613423192e+00
5.946799103418989318e+00
5.947455366452537362e+00
5.947903680801388759e+00
5.948611450195315342e+00
5.949017612139385847e+00
5.949647239844004787e+00
5.950597580273942810e+00
5.950852986176805359e+00
5.951293551921843061e+00
5.951790356636045942e+00
5.952430029710136239e+00
5.952898760636649911e+00
5.953553541501364066e+00
5.954086287816366507e+00
5.954571485519409180e+00
5.955250740051269531e+00
5.955709497133888419e+00
5.956238353252409468e+00
5.956796352068586486e+00
5.957598507404327393e+00
5.957969689369200239e+00
5.958794208367663714e+00
5.959179910024005267e+00
5.959671374162034851e+00
5.960191178321835537e+00
5.960679916540783552e+00
5.961308471361796535e+00
5.961970671017965628e+00
5.962364447116854649e+00
5.963002578417459176e+00
5.963537951310478036e+00
5.964031585057576024e+00
5.964656976858776716e+00
5.965129538377127005e+00
5.965687751770019531e+00
5.966627220312751945e+00
5.966849422454835405e+00
5.967506500085193011e+00
5.967921765645343157e+00
5.968454492092135411e+00
5.969120077292124904e+00
5.969604392846427743e+00
5.970121133327481289e+00
5.970725238323211670e+00
5.971231365203856001e+00
5.971796139081320121e+00
5.972343989213307225e+00
5.972914648056033116e+00
5.973461067676545611e+00
5.974030156930290048e+00
5.974790453910827637e+00
5.975352418422701817e+00
5.975837520758311427e+00
5.976291565100353864e+00
5.976891573270158631e+00
5.977473000685371574e+00
5.977939478556315578e+00
5.978600116570788714e+00
5.979045875867207371e+00
5.979574684302015442e+00
5.980151641368863125e+00
5.980691508452096627e+00
5.981250651677449071e+00
5.981787256399790920e+00
5.982714291413621766e+00
5.983176994323727627e+00
5.983464554945626901e+00
5.984017658233639736e+00
5.984568647543589748e+00
5.985145894686382917e+00
5.985691444079080270e+00
5.986230798562367283e+00
5.986789139111834857e+00
5.987466879685719334e+00
5.987997051080064637e+00
5.988453447818756104e+00
5.989166263739271301e+00
5.989573256174722360e+00
5.990625870227816563e+00
5.990889044602710101e+00
5.991380659739178327e+00
5.991903356711070217e+00
5.992597238222757028e+00
5.992905600865682914e+00
5.993481242656706343e+00
5.994141530990603428e+00
5.994606614112854004e+00
5.995167171955110064e+00
5.995707615216574027e+00
5.996351746718090681e+00
5.996838756402333104e+00
5.997406578063966265e+00
5.997903247674308602e+00
5.998682622114820617e+00
5.999034492174786237e+00
5.999730074405668745e+00
6.000136832396187003e+00
6.000677990913388271e+00
6.001238425572715585e+00
6.001865847905477835e+00
6.002350405851998971e+00
6.003018045425413618e+00
6.003569738070169137e+00
6.004077037175498788e+00
6.004590753714246887e+00
6.005153274536134234e+00
6.005685949325560102e+00
6.006631847222642762e+00
6.006881093978883257e+00
6.007500668366752450e+00
6.007940399646756191e+00
6.008476352691651812e+00
6.009119749069213867e+00
6.009584053357443167e+00
6.010193951924641453e+00
6.010686167081196629e+00
6.011292870839433533e+00
6.011847110589343401e+00
6.012346510092420715e+00
6.012942711512245353e+00
6.013464021682736416e+00
6.014323298136396545e+00
6.014873496691386379e+00
6.015396400292715384e+00
6.015698476632437064e+00
6.016242273648579442e+00
6.016811450322471444e+00
6.017354691028593550e+00
6.018231908480323966e+00
6.018686350186662537e+00
6.019010853767397862e+00
6.019619202613831987e+00
6.020119158426922468e+00
6.020699016253153957e+00
6.021246504783633213e+00
6.022167372703549404e+00
6.022510941823320252e+00
6.022906696796418657e+00
6.023533757527665955e+00
6.024019503593443403e+00
6.024571688969928118e+00
6.025272794564564549e+00
6.026150369644163618e+00
6.026297692457838195e+00
6.026836033662156922e+00
6.027410757541659336e+00
6.027952365080516017e+00
6.028616635004681257e+00
6.029273180166882184e+00
6.029626353581747367e+00
6.030341879526773141e+00
6.030708475907644583e+00
6.031275224685671787e+00
6.031787514686584473e+00
6.032341368993122899e+00
6.032899955908455070e+00
6.033462460835771424e+00
6.034314656257627973e+00
6.034670754273733451e+00
6.035146347681681789e+00
6.035714236895245222e+00
6.036237049102780361e+00
6.036789381504057417e+00
6.037345548470817391e+00
6.038283054033918518e+00
6.038528823852537641e+00
6.039051894346876281e+00
6.039599680900572309e+00
6.040182546774545358e+00
6.040880858898162842e+00
6.041276756922407287e+00
6.042270012696583592e+00
6.042416604359942767e+00
6.042956030368806353e+00
6.043455688158672956e+00
6.044014195601143058e+00
6.044570461908975290e+00
6.045124447345735064e+00
6.045681500434874067e+00
6.046309244632723789e+00
6.047030746936798096e+00
6.047389574845631444e+00
6.048105291525523342e+00
6.048593223094940186e+00
6.049089066187541164e+00
6.049584543704987993e+00
6.050241895516712987e+00
6.050783113638559030e+00
6.051349322001136954e+00
6.052015976111093210e+00
6.052820217609408360e+00
6.053070322672525094e+00
6.053674213091532863e+00
6.054661949475608651e+00
6.055099610487623352e+00
6.055290909608203265e+00
6.055886518955233555e+00
6.056771965821582171e+00
6.057072023550666984e+00
6.057496611277265686e+00
6.058472502231595058e+00
6.059070074558256636e+00
6.059604859352113237e+00
6.059951055049893398e+00
6.060251271724702349e+00
6.060738571484883153e+00
6.061234486103060703e+00
6.062163686752320757e+00
6.062457354863482806e+00
6.062905212243400399e+00
6.063634375731147941e+00
6.064138352870941162e+00
6.064742386341094971e+00
6.065142536163328657e+00
6.065684779485067679e+00
6.066536275545757917e+00
6.066841053962704677e+00
6.067354746659596287e+00
6.068029884497327942e+00
6.068538419405619777e+00
6.069079840183256636e+00
6.069567485650381400e+00
6.070302895704905666e+00
6.070799974600475934e+00
6.071402525901795855e+00
6.071807026863098145e+00
6.072461883227028068e+00
6.072938525676725874e+00
6.073677678902946298e+00
6.074021442731222464e+00
6.074567302068075492e+00
6.075144159793850918e+00
6.075679639975227531e+00
6.076233780384065142e+00
6.076796483993533116e+00
6.077357323964434954e+00
6.077971374988557329e+00
6.078658743699392630e+00
6.079171057542161805e+00
6.079573762416842442e+00
6.080125304063159319e+00
6.080681586265562544e+00
6.081285758813223197e+00
6.081823205947877398e+00
6.082348155975338955e+00
6.082910732428231881e+00
6.083477302392324759e+00
6.084012683232622010e+00
6.084650166829426610e+00
6.085120960076650931e+00
6.085684140523277108e+00
6.086712857087455575e+00
6.086848306655880947e+00
6.087408522764839347e+00
6.088014646371206595e+00
6.088460508982343811e+00
6.089089818795521580e+00
6.089633297920229893e+00
6.090137497584024118e+00
6.090879122416176017e+00
6.091237171490988089e+00
6.091862320899963379e+00
6.092353920141853507e+00
6.093006265163424473e+00
6.093474936485293370e+00
6.094014275074002285e+00
6.094739341735838423e+00
6.095143644014996198e+00
6.095804405212405186e+00
6.096272730827330122e+00
6.096803088982902352e+00
6.097485109170278861e+00
6.097970644632972892e+00
6.098496139049530029e+00
6.099030598004659964e+00
6.099614226818083296e+00
6.100172650814059239e+00
6.100688735644020255e+00
6.101247449715934579e+00
6.101791493097941554e+00
6.102647256851199131e+00
6.103077308336892770e+00
6.103556180000303755e+00
6.104086768627169590e+00
6.104581308364871006e+00
6.105143153667448530e+00
6.105680636564891017e+00
6.106253572305043065e+00
6.106890781720480277e+00
6.107351589202878017e+00
6.107916784286501866e+00
6.108466398715975743e+00
6.109016013145449620e+00
6.109584375222524955e+00
6.110141062736509809e+00
6.110803385575614755e+00
6.111269998550412197e+00
6.111835722128553527e+00
6.112449053923292297e+00
6.113071958223976310e+00
6.113472378253938189e+00
6.114075978597007577e+00
6.114595055580139160e+00
6.115123903751374712e+00
6.115757453441617031e+00
6.116241617997488333e+00
6.116820033391313416e+00
6.117357218265532026e+00
6.117940612634022557e+00
6.118638940652211033e+00
6.119142631689705070e+00
6.119684211413066066e+00
6.120136149724324071e+00
6.120705080032351475e+00
6.121265319983166364e+00
6.121817505359651079e+00
6.122344358762106253e+00
6.122909033298491011e+00
6.123468093077342189e+00
6.124026874701179679e+00
6.124577824274702209e+00
6.125169750054674012e+00
6.125690404574079651e+00
6.126665294170379639e+00
6.127003022034962498e+00
6.127346467971804600e+00
6.127900675932565377e+00
6.128475634257000593e+00
6.129033919175462586e+00
6.129569208621980181e+00
6.130146340529122995e+00
6.130675176779426749e+00
6.131243197123211530e+00
6.131898621718086417e+00
6.132348358631134033e+00
6.132977513472241071e+00
6.133469223976135254e+00
6.134023269017539803e+00
6.134675149122877258e+00
6.135142167409263436e+00
6.135736012458799848e+00
6.136267006397247314e+00
6.136789989471438389e+00
6.137455165386199951e+00
6.137997273604078430e+00
6.138577453295390285e+00
6.139050666491193908e+00
6.139627174536386178e+00
6.140131477514906067e+00
6.140750888983411926e+00
6.141281493504841649e+00
6.141827332973477382e+00
6.142443831761674744e+00
6.142907122770942863e+00
6.143552287419637992e+00
6.144014771779374939e+00
6.144568737347917420e+00
6.145222731431324803e+00
6.145683312416075239e+00
6.146252087752024806e+00
6.146793707211813285e+00
6.147352019945778068e+00
6.148006383577985901e+00
6.148514433701834037e+00
6.149033284187318316e+00
6.149658175309497210e+00
6.150297792752581927e+00
6.150729004542036193e+00
6.151324888070426766e+00
6.151802269617718366e+00
6.152381082375846688e+00
6.153043401241305332e+00
6.153527641296385298e+00
6.154039351145428327e+00
6.154573098818460153e+00
6.155151883761085685e+00
6.155760276317593593e+00
6.156258130073545942e+00
6.156805837154387007e+00
6.157380827267964207e+00
6.157901581128434998e+00
6.158558205763497995e+00
6.159055328369142046e+00
6.159572482109069824e+00
6.160126721858979693e+00
6.160693260033923480e+00
6.161280663808184954e+00
6.161859877904255711e+00
6.162470181783042733e+00
6.162918714682263044e+00
6.163476796944934222e+00
6.164023919900259330e+00
6.164571877320604187e+00
6.165163878599805969e+00
6.165690847237904393e+00
6.166278056303660549e+00
6.166816111405687195e+00
6.167403495311738482e+00
6.167934858798979292e+00
6.168570117155709909e+00
6.169279154141740662e+00
6.169620478153227339e+00
6.170157384872439366e+00
6.170689161618547303e+00
6.171292793750765782e+00
6.171869929631547791e+00
6.172405576705934038e+00
6.172903327147167829e+00
6.173549159367880179e+00
6.174054058392840716e+00
6.174761144320171979e+00
6.175267732143403521e+00
6.175748213132223441e+00
6.176239041487377790e+00
6.176821581522624172e+00
6.177407157421114903e+00
6.177911512056986965e+00
6.178559271494549421e+00
6.179033068815869001e+00
6.179617619514466753e+00
6.180140380064649719e+00
6.180684057871502546e+00
6.181259417533873091e+00
6.181825832525888131e+00
6.182365234692888123e+00
6.182927405834199419e+00
6.183457020918531555e+00
6.184039457639059378e+00
6.184585972627004935e+00
6.185136195023851258e+00
6.185699590047200047e+00
6.186256897449496250e+00
6.186811844507850822e+00
6.187489938735964756e+00
6.187964606285092373e+00
6.188458895683289995e+00
6.189261058966316398e+00
6.189619358380632264e+00
6.190196649233499215e+00
6.190694661935168597e+00
6.191290545463559170e+00
6.191923626263935887e+00
6.192414470513661229e+00
6.192949207623797747e+00
6.193491756916046143e+00
6.194061235586801217e+00
6.194585804144544738e+00
6.195133511225385803e+00
6.195757687091827393e+00
6.196362888813020220e+00
6.196831440925599566e+00
6.197364727656044181e+00
6.198014803727467381e+00
6.198479370276132272e+00
6.199157631397248736e+00
6.199618999163313049e+00
6.200152873992919922e+00
6.200687706470489502e+00
6.201337488492328021e+00
6.201798180739082511e+00
6.202345999081927630e+00
6.202906099955242780e+00
6.203531424204506095e+00
6.204035464922590393e+00
6.204745785395303415e+00
6.205481338500973720e+00
6.205711599191026551e+00
6.206876893838249032e+00
6.206956088542938232e+00
6.207354164123536577e+00
6.207916867733004551e+00
6.208516875902809318e+00
6.209027024110156390e+00
6.209583357969918893e+00
6.210139544804889056e+00
6.210764408111572266e+00
6.211234835783642438e+00
6.211872192223864886e+00
6.212353734175366071e+00
6.212935002644854876e+00
6.213468289375306597e+00
6.214038928349815194e+00
6.214672577381136875e+00
6.215137334664660784e+00
6.215722099939981149e+00
6.216242957115170498e+00
6.216795742511749268e+00
6.217349112033843994e+00
6.217994991938276428e+00
6.218458592891693115e+00
6.219143172105155770e+00
6.219618546962735195e+00
6.220124300320939881e+00
6.220681448777519051e+00
6.221238807837167428e+00
6.221793675422667036e+00
6.222374141216278076e+00
6.222936650117240731e+00
6.223461719353991839e+00
6.224015816052755667e+00
6.224581138292947458e+00
6.225203482309979108e+00
6.225690774122874416e+00
6.226290814081828273e+00
6.226798967520394967e+00
6.227355257670083688e+00
6.227926218509672651e+00
6.228463653723402160e+00
6.229017889499665728e+00
6.229572097460426505e+00
6.230607442061106838e+00
6.230851531028747559e+00
6.231338548660275478e+00
6.231799054145810146e+00
6.232359576225277920e+00
6.232907183965046727e+00
6.233494695027665955e+00
6.234017884731294146e+00
6.234575780232745501e+00
6.235148791472120422e+00
6.235686238606767517e+00
6.236242401599881191e+00
6.236798755327860988e+00
6.237346525986986023e+00
6.237909162044523725e+00
6.238627751668296639e+00
6.239047145843507280e+00
6.239579792817430359e+00
6.240179745356243757e+00
6.240797217686967713e+00
6.241240163644157235e+00
6.241796835263571097e+00
6.242350637912750244e+00
6.243034048875173880e+00
6.243684029579164019e+00
6.244017048676809623e+00
6.244600502649944929e+00
6.245127463340757856e+00
6.245681548118589888e+00
6.246998425324754578e+00
6.247263324260714512e+00
6.247467037041978699e+00
6.247904320557914559e+00
6.248473155498501797e+00
6.249212876955667184e+00
6.249602480729421927e+00
6.250275373458862305e+00
6.250688298543295218e+00
6.251241922378540039e+00
6.251796404520668204e+00
6.252373182773588667e+00
6.253150264422096427e+00
6.253642618656158447e+00
6.254154666264852835e+00
6.254870867729188433e+00
6.255248105525971880e+00
6.255685528119407479e+00
6.256237562497453553e+00
6.256835794448853960e+00
6.257350226243339364e+00
6.258021175861358643e+00
6.258460605144499311e+00
6.259054350852963466e+00
6.259604140122732474e+00
6.260227183500923331e+00
6.260686115423837350e+00
6.261241658528646781e+00
6.261802411079408159e+00
6.262697720527647505e+00
6.263349378108976850e+00
6.263743476072946237e+00
6.264033436775207520e+00
6.264572699864707772e+00
6.265128918488819920e+00
6.265685331821444493e+00
6.266239233811695897e+00
6.266795746485392726e+00
6.267399887243904288e+00
6.267905974388121138e+00
6.268470795949298235e+00
6.269018399715420742e+00
6.269631187121071036e+00
6.270137445131936715e+00
6.270720517635346880e+00
6.271356534957888584e+00
6.271983349323271284e+00
6.272791445255279541e+00
6.273190426826474209e+00
6.273545241355897417e+00
6.274018307526908700e+00
6.274720402558642718e+00
6.275635119279222351e+00
6.275748455524443159e+00
6.276304046312965568e+00
6.276801554361981061e+00
6.277355670928955078e+00
6.278235574563346688e+00
6.278537023067471523e+00
6.279038894176480312e+00
6.279687623182930167e+00
6.280140252908068987e+00
6.280950991312664655e+00
6.281359231472016802e+00
6.281795148054762024e+00
6.282452825705213684e+00
6.282911574840547075e+00
6.283540829022726371e+00
6.284294954935710109e+00
6.284736315409340079e+00
6.285350998242698495e+00
6.286214164892832912e+00
6.286384594440463047e+00
6.287020031611127990e+00
6.287404668331149082e+00
6.287963755925495946e+00
6.288865617911021388e+00
6.289181383450824114e+00
6.289815719922380310e+00
6.290273908774061340e+00
6.290879158178967145e+00
6.291510260105134478e+00
6.291824026902517630e+00
6.292350852489470014e+00
6.292906634012858547e+00
6.293459208806353899e+00
6.294225891431175057e+00
6.294675981998445025e+00
6.295259022712706098e+00
6.295708823204037685e+00
6.296240242322284075e+00
6.296958855787913478e+00
6.297359712918598973e+00
6.298002878824867423e+00
6.298485732078553667e+00
6.299669373035428066e+00
6.299875700473783979e+00
6.300186705589297276e+00
6.300683776537574943e+00
6.301263316472372367e+00
6.302227695782981698e+00
6.302501209576924168e+00
6.302912775675459045e+00
6.303544270992276211e+00
6.304148387908938389e+00
6.304897284507752886e+00
6.305273302396138035e+00
6.305745740731559579e+00
6.306252590815226711e+00
6.306798477967582528e+00
6.307495796680449018e+00
6.307939743995667925e+00
6.308677331606546090e+00
6.309040164947511187e+00
6.309581081072487052e+00
6.310306906700134277e+00
6.310981392860412598e+00
6.311284112930295009e+00
6.311821099122362000e+00
6.312377460797627293e+00
6.313065203030902239e+00
6.313506090641020307e+00
6.314148056507107754e+00
6.314585594336193708e+00
6.315499945481619193e+00
6.315943932533265581e+00
6.316333444913226458e+00
6.316806077957153320e+00
6.317431525389352487e+00
6.318318533897397060e+00
6.318610703945161333e+00
6.319043489297229144e+00
6.319575063387553371e+00
6.320181016127271789e+00
6.320939338207246294e+00
6.321356284618374843e+00
6.321808850765229693e+00
6.322426998615263471e+00
6.322944959004722421e+00
6.323537762959794861e+00
6.324026763439178467e+00
6.324606311321261387e+00
6.325216154257454093e+00
6.325712815920510934e+00
6.326427865028378505e+00
6.326861743132276672e+00
6.327351518472035252e+00
6.327957928180694580e+00
6.328828811645507812e+00
6.329108313719430612e+00
6.329622423648835650e+00
6.330131991704305960e+00
6.330810093879698286e+00
6.331499342123670715e+00
6.331905647118887259e+00
6.332670176029203901e+00
6.333005845546722412e+00
6.333478534221647749e+00
6.334178713957470563e+00
6.334751518567401263e+00
6.335141237576799256e+00
6.335786867141720791e+00
6.336374604701994429e+00
6.336987280845640669e+00
6.337477473417919782e+00
6.338328989346820208e+00
6.338609707355502110e+00
6.339037617047630135e+00
6.339660048484802246e+00
6.340252363681791792e+00
6.340691022078196681e+00
6.341452439626060311e+00
6.342286634445187588e+00
6.342479169368743896e+00
6.342924543221791112e+00
6.343825741608938529e+00
6.344190712769822937e+00
6.344707417488095302e+00
6.345145253340405134e+00
6.345684218406674404e+00
6.346294673283892962e+00
6.346871546904246486e+00
6.347386360168457031e+00
6.347907129923505920e+00
6.348465498288469178e+00
6.349040385087327820e+00
6.349663535753883536e+00
6.350219523906709185e+00
6.350732028484344482e+00
6.351361191272737017e+00
6.351834150155383441e+00
6.352377863725024554e+00
6.352991489569348005e+00
6.353509509563444624e+00
6.354323657353717181e+00
6.354621553421019087e+00
6.355225972334544338e+00
6.355711058775582956e+00
6.356244277954104405e+00
6.356796248753866507e+00
6.357377600669863682e+00
6.358332045873005711e+00
6.358592077096304251e+00
6.359194449583689845e+00
6.359617479642231785e+00
6.360152534643809474e+00
6.360696792602539062e+00
6.361245993773145813e+00
6.362215065956114302e+00
6.362535695234932120e+00
6.363018814722700256e+00
6.363646296660107282e+00
6.364027794202165467e+00
6.364577229817705017e+00
6.365139830112454433e+00
6.365689730644227495e+00
6.366309285163879395e+00
6.366846005121864494e+00
6.367352362473802430e+00
6.367908485730488621e+00
6.368491748968757804e+00
6.369020879268646240e+00
6.369575496514634949e+00
6.370156288146972656e+00
6.370687441031137155e+00
6.371275142828622506e+00
6.371800259749093698e+00
6.372397828102108974e+00
6.372935334841407951e+00
6.373470850785572850e+00
6.374198246002194423e+00
6.374741832415260490e+00
6.375148065884907567e+00
6.375839424133303623e+00
6.376279119650526184e+00
6.376806342601774702e+00
6.377495614687603620e+00
6.378214108943936367e+00
6.378735105196632560e+00
6.379174621899920794e+00
6.379739467302961486e+00
6.380139350891113281e+00
6.380689307053884818e+00
6.381242982546488918e+00
6.382223284244538775e+00
6.382412270704904245e+00
6.382909977436064253e+00
6.383507812023161421e+00
6.384022506078082415e+00
6.384745323657988081e+00
6.385153826077775818e+00
6.385686866442362941e+00
6.386406310399372899e+00
6.386940972010293649e+00
6.387814267476400687e+00
6.388017702102658291e+00
6.388568417231240915e+00
6.389036973317466561e+00
6.389650324980415519e+00
6.390205574035647373e+00
6.390805462996162589e+00
6.391290986537931929e+00
6.391800212860104580e+00
6.392420172691345215e+00
6.393026510874427970e+00
6.393461628754934623e+00
6.394196907679237540e+00
6.394576112429298576e+00
6.395195206006370370e+00
6.395709594090781991e+00
6.396242737770080566e+00
6.396854801972708060e+00
6.397367982069653181e+00
6.398261388142906014e+00
6.398622997601826512e+00
6.399044652779899423e+00
6.399621979395547555e+00
6.400136506557466021e+00
6.400686319669084412e+00
6.401263519128164603e+00
6.402178005377450631e+00
6.402468291918438581e+00
6.402957280476890389e+00
6.403540710608162101e+00
6.404125293095908944e+00
6.404590626557670419e+00
6.405134133497874416e+00
6.406082065900164935e+00
6.406446727116900774e+00
6.406956013043718201e+00
6.407390407721202052e+00
6.407919609546659956e+00
6.408467384179431292e+00
6.409022068977357378e+00
6.409636302789053275e+00
6.410134009520213283e+00
6.410863165060682434e+00
6.411419816811879002e+00
6.411836091677351135e+00
6.412414574623106489e+00
6.412929900487263524e+00
6.413511633872985840e+00
6.414023323853811576e+00
6.414575568834941066e+00
6.415138117472331203e+00
6.415693358580270456e+00
6.416242309411366307e+00
6.416850709915159712e+00
6.417355108261105556e+00
6.417917116483053519e+00
6.418519179026283439e+00
6.419076335430148106e+00
6.419579462210336374e+00
6.420251878102618548e+00
6.420692161719003366e+00
6.421248074372606141e+00
6.421831715106961269e+00
6.422690200805661220e+00
6.423031397660572850e+00
6.423464910189309762e+00
6.424089940388995501e+00
6.424650438626606785e+00
6.425173016389209124e+00
6.425704427560170018e+00
6.426277339458465576e+00
6.426806362469989153e+00
6.427358508110046387e+00
6.427933355172477548e+00
6.428466618061065674e+00
6.429021875063575919e+00
6.429577016830442915e+00
6.430129428704582040e+00
6.430758388837176653e+00
6.431279333432513567e+00
6.431914110978446786e+00
6.432365071773531895e+00
6.433058257897691590e+00
6.433485428492225822e+00
6.434078498681387259e+00
6.434585503737132228e+00
6.435273353258772033e+00
6.435826893647508484e+00
6.436343586444856157e+00
6.436885337034858878e+00
6.437358132998149074e+00
6.437908053398132324e+00
6.438680855433148054e+00
6.439052295684817295e+00
6.439606519540149066e+00
6.440172672271728516e+00
6.440759432315829258e+00
6.441466136773428275e+00
6.441870395342512268e+00
6.442403610547380310e+00
6.442947638034823399e+00
6.443466619650521920e+00
6.444052187601727155e+00
6.444591160615281922e+00
6.445159812768302743e+00
6.445753455162048340e+00
6.446666196982064889e+00
6.446843496958415187e+00
6.447384138902030770e+00
6.447922190030418221e+00
6.448466122150421143e+00
6.449041108290352042e+00
6.449590929349263035e+00
6.450136593977610744e+00
6.450816635290784973e+00
6.451244974136351118e+00
6.451809684435524161e+00
6.452380450566607806e+00
6.452909791469572554e+00
6.453470341364543117e+00
6.454055440425875645e+00
6.454688588778175529e+00
6.455186378955843907e+00
6.455696423848472421e+00
6.456244885921478271e+00
6.456824525197347953e+00
6.457375979423524370e+00
6.457911300659176845e+00
6.458482384681701660e+00
6.459071727593737933e+00
6.459630020459492528e+00
6.460155022144320469e+00
6.460746749242147757e+00
6.461328065395356646e+00
6.461800916989645316e+00
6.462692534923554888e+00
6.462926252683004691e+00
6.463509178161622515e+00
6.464021694660189610e+00
6.464588371912640241e+00
6.465152867635090672e+00
6.465685919920602487e+00
6.466338125864666608e+00
6.466800554593405082e+00
6.467400904496507508e+00
6.467957381407423156e+00
6.468475850423175189e+00
6.469146704673768511e+00
6.469675540924072266e+00
6.470196541150407654e+00
6.470700565973920959e+00
6.471267251173657087e+00
6.471884429454803467e+00
6.472369889418281730e+00
6.473015288511909660e+00
6.473508938153585746e+00
6.474057197570800781e+00
6.474941392739616219e+00
6.475323430697123683e+00
6.475779334704078849e+00
6.476377709706625296e+00
6.476921669642131008e+00
6.477464818954466352e+00
6.478206757704420227e+00
6.478514850139617920e+00
6.479023186365765241e+00
6.479579436779019375e+00
6.480191119511921727e+00
6.480779357751210057e+00
6.481268684069313224e+00
6.481818906466166652e+00
6.482356401284533831e+00
6.482918481032051261e+00
6.483468965689340280e+00
6.484277558326724034e+00
6.484602391719818115e+00
6.485250274340309318e+00
6.485804140567779541e+00
6.486254270871476990e+00
6.486804362138109070e+00
6.487375223636625776e+00
6.487993808587390276e+00
6.488464542229969823e+00
6.489033261934913810e+00
6.489606332778933506e+00
6.490312683582303066e+00
6.490702442328135646e+00
6.491322604815167097e+00
6.491848270098365958e+00
6.492431243260703866e+00
6.492912427584329293e+00
6.493466528256732317e+00
6.494062276681262347e+00
6.494578890005747951e+00
6.495132990678150975e+00
6.495726772149403416e+00
6.496258155504861520e+00
6.496839642524719238e+00
6.497426529725395028e+00
6.498009328047437805e+00
6.498468196392060747e+00
6.499061914285022112e+00
6.499736980597177194e+00
6.500278683503466937e+00
6.500786026318870370e+00
6.501378675301872079e+00
6.501949063936869777e+00
6.502395236492155561e+00
6.502912326653799369e+00
6.503589077790579154e+00
6.504026671250663583e+00
6.504576206207275391e+00
6.505161567529043509e+00
6.505793277422590393e+00
6.506274267037710501e+00
6.506872030099231097e+00
6.507355403900149327e+00
6.507939012845355364e+00
6.508541174729664647e+00
6.509039056301119786e+00
6.509815947214761422e+00
6.510281232992809919e+00
6.510776841640470991e+00
6.511313760280607710e+00
6.511829678217573303e+00
6.512469804286958208e+00
6.512916191418966605e+00
6.513470729192100350e+00
6.514113843441009521e+00
6.514580440521243077e+00
6.515183389186859131e+00
6.515754814942674500e+00
6.516398906707763672e+00
6.516814998785655177e+00
6.517480047543841692e+00
6.517921753724415623e+00
6.518488474686940037e+00
6.519117709000902039e+00
6.519677925109860439e+00
6.520199012756350498e+00
6.520886552333834629e+00
6.521488412221273734e+00
6.521832029024757560e+00
6.522500809033708435e+00
6.522958962122601179e+00
6.523500792185465968e+00
6.524023930231727775e+00
6.524625964959462010e+00
6.525138143698377746e+00
6.525718967119850333e+00
6.526244155565898097e+00
6.526888008912401062e+00
6.527469245592754987e+00
6.528158891201016445e+00
6.528765153884890537e+00
6.529042311509449803e+00
6.529691322644552542e+00
6.530202503999070984e+00
6.530763018131253261e+00
6.531346344947813520e+00
6.531869419415791356e+00
6.532481674353284973e+00
6.532952586809791740e+00
6.533677430947619769e+00
6.534071151415510315e+00
6.534627771377564898e+00
6.535139842828115775e+00
6.535693808396658255e+00
6.536416951815290588e+00
6.536808339754742292e+00
6.537371134757997027e+00
6.537954302628833148e+00
6.538484625021617092e+00
6.539079324404397653e+00
6.539637573560078465e+00
6.540175322691602844e+00
6.540741876761117624e+00
6.541316978136698879e+00
6.541941670576733259e+00
6.542604096730549657e+00
6.542951007684074227e+00
6.543606336911516053e+00
6.544256297747296003e+00
6.544693907101951424e+00
6.545389497280119429e+00
6.545762932300569048e+00
6.546310329437254438e+00
6.546872615814208984e+00
6.547364346186320461e+00
6.547911890347798192e+00
6.548539412021639805e+00
6.549064242839811811e+00
6.549651972452799953e+00
6.550137829780581455e+00
6.550731043020881827e+00
6.551313900947569380e+00
6.551855969429013271e+00
6.552377680937446769e+00
6.552912112077073914e+00
6.553482743104297015e+00
6.554032917817430359e+00
6.554579202334089416e+00
6.555137050151827793e+00
6.555703461170196533e+00
6.556289136409759521e+00
6.556827235221859951e+00
6.557359925905863918e+00
6.557957792282103071e+00
6.558486934502916199e+00
6.559111595153808594e+00
6.559614348411557216e+00
6.560353410243990879e+00
6.560726467768354553e+00
6.561263906955716152e+00
6.561803559462227042e+00
6.562549161911007900e+00
6.562942783037819083e+00
6.563470184803009033e+00
6.564051187038423052e+00
6.564580404758451948e+00
6.565186822414396772e+00
6.565751175085701163e+00
6.566253670056660496e+00
6.566805450121563581e+00
6.567507290840147505e+00
6.567989846070609872e+00
6.568540060520170698e+00
6.569084493319195417e+00
6.569631377855934318e+00
6.570169909795126273e+00
6.570690886179605172e+00
6.571246894200641009e+00
6.571803128719331255e+00
6.572590899467471104e+00
6.572955199082691990e+00
6.573523918787635978e+00
6.574024148782093846e+00
6.574582596619926278e+00
6.575278500715889152e+00
6.575732096036276175e+00
6.576407110691071978e+00
6.576880482832592634e+00
6.577486256758369620e+00
6.577915887037910636e+00
6.578525722026824951e+00
6.579090424378712498e+00
6.579761266708374023e+00
6.580430014928182914e+00
6.580952795346576067e+00
6.581484687328341465e+00
6.582011075814563128e+00
6.582403981685637007e+00
6.583267299334210065e+00
6.583605007330575631e+00
6.584043395519259434e+00
6.584639704227448931e+00
6.585306386152900870e+00
6.585754660765331892e+00
6.586481801668803371e+00
6.586826086044311523e+00
6.587390116850535549e+00
6.587969640890754874e+00
6.588527611891429103e+00
6.589219391345977783e+00
6.589769053459164638e+00
6.590413486957551470e+00
6.590748425324754578e+00
6.591444706916810503e+00
6.591891924540199454e+00
6.592517205079396092e+00
6.593198132514956455e+00
6.593658657868701312e+00
6.594210692246754490e+00
6.594625115394592285e+00
6.595141788323722665e+00
6.595698094367982378e+00
6.596354266007743661e+00
6.596804078419999939e+00
6.597429180145262251e+00
6.597940786679586722e+00
6.598468804359434614e+00
6.599025261402132969e+00
6.599579195181526359e+00
6.600135223070779489e+00
6.600724800427755667e+00
6.601299802462257560e+00
6.601806068420408735e+00
6.602358182271323983e+00
6.602914424737292620e+00
6.603470718860627642e+00
6.604143182436622794e+00
6.604672725995378357e+00
6.605155766010284424e+00
6.605693487326306013e+00
6.606322574615475673e+00
6.606810291608177010e+00
6.607397806644442539e+00
6.607912361621856689e+00
6.608476603031157026e+00
6.609026960531870998e+00
6.609597738583879334e+00
6.610216232140857073e+00
6.610712158679959316e+00
6.611257914702100891e+00
6.611912067731218201e+00
6.612432869275409075e+00
6.612916735808056501e+00
6.613476526737215977e+00
6.614030567804974226e+00
6.614652053515115426e+00
6.615151611963909772e+00
6.615693132082618888e+00
6.616264589627583348e+00
6.616824575265248143e+00
6.617388919989267038e+00
6.617934890588124119e+00
6.618617932001747306e+00
6.619134740034738229e+00
6.619697880744936924e+00
6.620149457454679975e+00
6.620711700121560739e+00
6.621345341205596924e+00
6.621805679798129063e+00
6.622363698482516270e+00
6.622945825258888419e+00
6.623480912049608094e+00
6.624024085203807033e+00
6.624620584646862653e+00
6.625143241882327061e+00
6.625711564222974914e+00
6.626305162906646729e+00
6.626838580767312692e+00
6.627357403437294181e+00
6.627945037682849261e+00
6.628479719161987305e+00
6.629023965199785096e+00
6.629634328683216893e+00
6.630203143755593942e+00
6.630705936749777152e+00
6.631278081734976126e+00
6.631807255744931240e+00
6.632361292839050293e+00
6.633115839958193760e+00
6.633860055605573791e+00
6.634075848261517194e+00
6.634628331661225786e+00
6.635136222839356890e+00
6.635696609814964120e+00
6.636298763751980800e+00
6.636948867638906790e+00
6.637573556105294870e+00
6.637932125727338928e+00
6.638471794128420811e+00
6.639029800891876221e+00
6.639679265022280674e+00
6.640148405234022277e+00
6.640740068753558489e+00
6.641256757577259862e+00
6.641806689898174909e+00
6.642462658882138271e+00
6.643033850193020839e+00
6.643517267704012852e+00
6.644138538837431440e+00
6.644654540220898298e+00
6.645161616802212734e+00
6.645750868320462246e+00
6.646306570370988709e+00
6.646887854735055612e+00
6.647358830769853455e+00
6.648011879126229928e+00
6.648517596721646328e+00
6.649230400721229728e+00
6.649887033303578221e+00
6.650137535730998195e+00
6.650696289539340000e+00
6.651258436838787702e+00
6.651817647616070417e+00
6.652366673946382036e+00
6.652979548772172791e+00
6.653473075230913025e+00
6.654056334495543013e+00
6.654590876897174212e+00
6.655162521203358494e+00
6.655702133973441903e+00
6.656282552083332860e+00
6.656829118728637695e+00
6.657368985811871198e+00
6.657974890867869533e+00
6.658499832948045594e+00
6.659039624532063328e+00
6.659587534268695208e+00
6.660168504714967241e+00
6.660714141527812160e+00
6.661254139741259905e+00
6.661858340104423348e+00
6.662391877174378862e+00
6.662924726804099862e+00
6.663485896587374668e+00
6.664028418064120274e+00
6.664708248774211086e+00
6.665259250005085789e+00
6.665743136405943403e+00
6.666351282596586714e+00
6.666858279705046186e+00
6.667450118064877529e+00
6.667941403388979893e+00
6.668549430370333653e+00
6.669059769312539743e+00
6.669643028577169730e+00
6.670253606637317034e+00
6.670740338166552874e+00
6.671326279640197754e+00
6.671832660833992179e+00
6.672453598181405710e+00
6.672936801115675109e+00
6.673506259918212891e+00
6.674034929275514116e+00
6.674618061383561951e+00
6.675203438599901062e+00
6.675828512509660584e+00
6.676342674096424901e+00
6.676836637655895856e+00
6.677484671274818595e+00
6.678061378002169590e+00
6.678624188899995318e+00
6.679059370358785941e+00
6.679597071806590236e+00
6.680145076910655177e+00
6.680701196193695068e+00
6.681290698051455479e+00
6.681805221239727643e+00
6.682365620136259565e+00
6.682936477661129970e+00
6.683557311693824943e+00
6.684072164694470075e+00
6.684633815288542280e+00
6.685138293107350194e+00
6.685699188709257612e+00
6.686253054936727835e+00
6.686817487080894296e+00
6.687446924050647112e+00
6.688078169027967590e+00
6.688469672203062544e+00
6.689084259668987897e+00
6.689602911472320557e+00
6.690146255493161220e+00
6.690811244646710065e+00
6.691294288635255327e+00
6.691823665301008361e+00
6.692406769593553406e+00
6.692952851454414542e+00
6.693473736445106681e+00
6.694046584765118268e+00
6.694673967361453037e+00
6.695142495632168789e+00
6.695748575528462254e+00
6.696254952748617484e+00
6.696831035614010830e+00
6.697606762250266854e+00
6.697961846987404044e+00
6.698569007714588963e+00
6.699225374062855565e+00
6.699608989556629979e+00
6.700146277745567147e+00
6.700804702440898097e+00
6.701283733050026115e+00
6.701962343851725734e+00
6.702765421072641061e+00
6.702929691473642038e+00
6.703476913770039403e+00
6.704037769635519339e+00
6.704583752155301113e+00
6.705159036318462995e+00
6.705802277723947213e+00
6.706254343191780265e+00
6.706806556383767770e+00
6.707452988624574175e+00
6.708037670453386170e+00
6.708589708805085650e+00
6.709106214841206395e+00
6.709581267833712559e+00
6.710152109464011971e+00
6.710919038454690622e+00
6.711273121833798427e+00
6.711938746770222508e+00
6.712412238121032715e+00
6.712939663728079154e+00
6.713489699363705654e+00
6.714087390899656782e+00
6.714585522810615714e+00
6.715148055553434858e+00
6.715704230467480329e+00
6.716406138737994524e+00
6.716845826307931588e+00
6.717430877685544033e+00
6.718086902300520080e+00
6.718723026911419538e+00
6.719147793451945461e+00
6.719587500890092713e+00
6.720158028602597255e+00
6.720724678039552202e+00
6.721371308962503122e+00
6.721859979629513759e+00
6.722430976231891009e+00
6.722962303956350638e+00
6.723483375708262599e+00
6.724036562442776699e+00
6.724593420823417489e+00
6.725145558516182120e+00
6.725768256187436123e+00
6.726736903190612793e+00
6.726954305171965132e+00
6.727553796768191319e+00
6.727935083707173192e+00
6.728501753012338327e+00
6.729089291890460345e+00
6.729672245184580959e+00
6.730347188313800189e+00
6.730818092823028564e+00
6.731265155474346784e+00
6.731819657484692243e+00
6.732420027256011963e+00
6.732953103383380267e+00
6.733526559670764300e+00
6.734168175856275695e+00
6.734895368417106454e+00
6.735193820794421526e+00
6.735947148005166696e+00
6.736347091197970371e+00
6.736973917484284868e+00
6.737465548515316982e+00
6.737951374053956499e+00
6.738565945625303755e+00
6.739055375258125480e+00
6.739637927214303659e+00
6.740201485157015782e+00
6.740694824854536193e+00
6.741413581371304531e+00
6.741887879371645909e+00
6.742482197284701328e+00
6.743138484160105861e+00
6.743678085009257472e+00
6.744061883290605408e+00
6.744793073336282418e+00
6.745224201679228315e+00
6.745763448874157575e+00
6.746250542004901263e+00
6.746838414669035444e+00
6.747550396124523786e+00
6.747950609525041443e+00
6.748483924070995954e+00
6.749088108539581299e+00
6.749625639120736764e+00
6.750151145458218593e+00
6.750694223244984471e+00
6.751259672641751308e+00
6.751822185516360264e+00
6.752402635415393206e+00
6.752931725978854161e+00
6.753517321745555080e+00
6.754142161210374695e+00
6.754642065366105896e+00
6.755425512790679932e+00
6.755860718091327044e+00
6.756279663244882272e+00
6.756821449597673279e+00
6.757416248321533203e+00
6.757986032962797651e+00
6.758475410938260097e+00
6.759052427609759661e+00
6.759912085533144932e+00
6.760552680492402544e+00
6.761013484001161089e+00
6.761346884568531834e+00
6.761819732189181309e+00
6.762504533926644967e+00
6.762945946057634217e+00
6.763489882151283439e+00
6.764030941327412449e+00
6.764610381921130511e+00
6.765196001529695025e+00
6.765698226292926165e+00
6.766364634037017822e+00
6.766831409931185703e+00
6.767362463474270839e+00
6.767921137809750576e+00
6.768472754955290327e+00
6.769064621130624460e+00
6.769691034158071830e+00
6.770247689882914699e+00
6.770816651980084089e+00
6.771254412333171047e+00
6.771839249134060879e+00
6.772368745009103463e+00
6.773018622398375044e+00
6.773472730318708557e+00
6.774031182130180184e+00
6.774595677852630615e+00
6.775139383474986232e+00
6.775731118520099017e+00
6.776253998279571533e+00
6.776866571108499215e+00
6.777374784151710685e+00
6.777945558230079826e+00
6.778520413239796483e+00
6.779266297817230225e+00
6.779754130045574811e+00
6.780479987462364022e+00
6.780703890323636074e+00
6.781301752726236032e+00
6.782066297531130772e+00
6.782443638642625672e+00
6.782928899923959420e+00
6.783483135700222988e+00
6.784122522672014099e+00
6.784626622994743173e+00
6.785162047545114206e+00
6.785838870207470563e+00
6.786294337113695008e+00
6.786811749140419181e+00
6.787376511096951504e+00
6.787949339548745797e+00
6.788622176647187700e+00
6.789032562573751761e+00
6.789588820934298496e+00
6.790142989158631792e+00
6.790697236855827157e+00
6.791256078084309422e+00
6.791824336846666199e+00
6.792451087633772033e+00
6.792926442623141270e+00
6.793480225404103123e+00
6.794034667809803807e+00
6.794590810934700187e+00
6.795253447691600002e+00
6.795751376946768119e+00
6.796351178487142874e+00
6.797005844116213780e+00
6.797368590037031311e+00
6.798026378949479920e+00
6.798680710792538662e+00
6.799104988574981689e+00
6.799600319067636178e+00
6.800184897581736720e+00
6.800730204582215777e+00
6.801367827256520115e+00
6.801804840564727783e+00
6.802369590600328308e+00
6.802967667579650879e+00
6.803478928407031390e+00
6.804027609030406154e+00
6.804584074020382900e+00
6.805152503649395612e+00
6.805700655778245789e+00
6.806652828057607962e+00
6.806852861245474173e+00
6.807413240273795907e+00
6.807919394969943028e+00
6.808473475774128758e+00
6.809033974011740042e+00
6.809586274623868007e+00
6.810179746150971880e+00
6.810696431001026951e+00
6.811252812544502433e+00
6.811907343069712795e+00
6.812364788850146624e+00
6.812916878859205383e+00
6.813475445906320260e+00
6.814029618104299857e+00
6.814607445398969787e+00
6.815154302120205898e+00
6.815698285897575204e+00
6.816254576047263924e+00
6.816950496037797791e+00
6.817417089144392151e+00
6.817948361237846200e+00
6.818523128827415292e+00
6.819140609105424744e+00
6.819713024298351911e+00
6.820141847928361756e+00
6.820833150545759338e+00
6.821394038200381260e+00
6.821823163827261283e+00
6.822444220383964364e+00
6.823000335693357954e+00
6.823510591189069885e+00
6.824041247367858887e+00
6.824598093827567880e+00
6.825219118595121870e+00
6.825903991858162101e+00
6.826345658302308550e+00
6.826864878336586173e+00
6.827412597338359035e+00
6.827956195672349793e+00
6.828531837463380327e+00
6.829168832302094927e+00
6.829612378279371399e+00
6.830141603946685791e+00
6.830739378929138184e+00
6.831293686230978324e+00
6.831822697321577209e+00
6.832362512747444327e+00
6.833112251758578282e+00
6.833508308728532654e+00
6.834050579865774466e+00
6.834597424666085885e+00
6.835245529810585197e+00
6.835993508497871574e+00
6.836268599828080994e+00
6.836809957027433882e+00
6.837364220619200239e+00
6.838016215960188049e+00
6.838726766904194676e+00
6.839237562815348781e+00
6.839678684870399650e+00
6.840145619710284564e+00
6.840985071659090977e+00
6.841276478767397862e+00
6.842148109277090384e+00
6.842489123344421387e+00
6.843032745520275739e+00
6.843563886483508441e+00
6.844207600752511667e+00
6.844679331779481402e+00
6.845240517457327201e+00
6.845795245965319964e+00
6.846672169367472804e+00
6.847003364562986860e+00
6.847468090057375889e+00
6.847955385843910392e+00
6.848480387528738333e+00
6.849034885565437492e+00
6.849687314033509722e+00
6.850351083278653164e+00
6.850734663009646397e+00
6.851322269439698687e+00
6.851882330576579250e+00
6.852407312393189898e+00
6.852934960524244445e+00
6.853549472490946926e+00
6.854674518108367920e+00
6.854803192615506191e+00
6.855213658014932321e+00
6.855851666132608102e+00
6.856301327546439950e+00
6.856815644105274998e+00
6.857476015885673348e+00
6.857919605573016497e+00
6.858534312248231402e+00
6.859057287375129874e+00
6.859670174121859532e+00
6.860286843776705723e+00
6.860785575707751605e+00
6.861348398526509129e+00
6.861811284224195617e+00
6.862627943356834237e+00
6.862974894046786289e+00
6.863486631711325003e+00
6.864046823978426914e+00
6.864590374628704694e+00
6.865182129542034772e+00
6.865801727771760454e+00
6.866250852743782218e+00
6.866888376077014300e+00
6.867427627245582755e+00
6.867927821477252337e+00
6.868487354119615418e+00
6.869050125281013663e+00
6.869605390230816511e+00
6.870716277758283752e+00
6.870934669176740783e+00
6.871447960535682853e+00
6.872125637531283360e+00
6.872373596827188180e+00
6.873050856590268154e+00
6.873482084274293413e+00
6.874295254548393075e+00
6.874700574080151227e+00
6.875542434056598040e+00
6.875856530666354161e+00
6.876358862717943055e+00
6.876929390430447597e+00
6.877526263395942863e+00
6.878283286094664106e+00
6.878560765584310843e+00
6.879144136110944885e+00
6.879641763369242824e+00
6.880208770434059318e+00
6.880937417348228280e+00
6.881295951207476946e+00
6.881854271888734331e+00
6.882473039627072353e+00
6.882929241657258501e+00
6.883598697185519200e+00
6.884119065602618548e+00
6.884722995758053798e+00
6.885152002175651376e+00
6.886143867174787658e+00
6.886343558629356210e+00
6.886883171399432513e+00
6.887418500582377590e+00
6.887974647680920270e+00
6.889006288846331927e+00
6.889189891020457424e+00
6.889627138773597892e+00
6.890181489785511815e+00
6.890735002358752581e+00
6.891541818777717765e+00
6.891899689038595511e+00
6.892424011230467329e+00
6.893015678723649842e+00
6.893616410096484515e+00
6.894211932023367240e+00
6.894741431872049020e+00
6.895148070653277728e+00
6.895727141698202445e+00
6.896289241313937168e+00
6.897022354602810879e+00
6.897401762008669834e+00
6.898123427232107474e+00
6.898786163330079546e+00
6.899818158149720659e+00
6.900401981671649310e+00
6.901123309135435591e+00
6.901537374655404733e+00
6.902164661884306440e+00
6.902488577365872402e+00
6.902682026227317635e+00
6.903250845273333880e+00
6.903829769293466256e+00
6.904356364409132141e+00
6.904942941665652256e+00
6.905203489462536481e+00
6.905746853351594439e+00
6.906301657358802970e+00
6.906809520721438389e+00
6.907541167736056309e+00
6.907936624685923732e+00
6.908628102143602234e+00
6.909239172935485840e+00
6.909688512484230216e+00
6.910265747706098693e+00
6.910796113808949315e+00
6.911457939942678763e+00
6.911836814880373936e+00
6.912940514087679844e+00
6.913040637969970703e+00
6.913582714398700091e+00
6.914291143417358398e+00
6.914688217639920254e+00
6.915605036417645124e+00
6.915733230113985996e+00
6.916278147697447309e+00
6.916940518220265233e+00
6.917538444201149161e+00
6.918221743901568743e+00
6.918540449937182757e+00
6.919029744466143939e+00
6.919611112276712106e+00
6.920188466707863029e+00
6.920950301488240086e+00
6.921271634101870518e+00
6.921888156731924369e+00
6.922382374604545419e+00
6.922948372364047032e+00
6.923548587163288914e+00
6.924148734410600525e+00
6.924644442399340960e+00
6.925176517168679879e+00
6.926520415147145115e+00
6.926806763807931588e+00
6.926978178819020115e+00
6.927413113911946141e+00
6.927996313571931353e+00
6.928960613409678615e+00
6.929152548313140869e+00
6.929812872409819136e+00
6.930413003762559754e+00
6.930800334612527536e+00
6.931667462984719918e+00
6.931843996047973633e+00
6.932403250535330130e+00
6.932931582132972892e+00
6.933577311038973789e+00
6.934195649623873692e+00
6.934612846374513140e+00
6.935223154226939357e+00
6.935744027296699699e+00
6.936412493387855704e+00
6.937002579371132072e+00
6.937404143810269375e+00
6.937939206759132560e+00
6.938502168655396929e+00
6.939068977038068908e+00
6.939606726169586182e+00
6.940189925829571393e+00
6.940710663795471191e+00
6.941371699174247567e+00
6.942189542452496198e+00
6.942552800973253113e+00
6.942987716197968950e+00
6.943643705050149606e+00
6.944054158528643939e+00
6.944631318251289542e+00
6.945222771167756548e+00
6.946195729573567235e+00
6.946493597825366351e+00
6.946988642215728760e+00
6.947374745210012748e+00
6.948231450716654933e+00
6.948570319016774022e+00
6.949032855033877354e+00
6.949601507186891070e+00
6.950196488698324515e+00
6.950730741024017334e+00
6.951266296704609715e+00
6.951897589365643171e+00
6.952576577663421631e+00
6.952943599224091997e+00
6.953530553976698059e+00
6.954231119155885210e+00
6.954751559098561131e+00
6.955261898040774327e+00
6.955720440546670602e+00
6.956337054570518319e+00
6.956816216309867684e+00
6.957368274529777352e+00
6.958162013689680236e+00
6.958520332972206290e+00
6.959041015307107614e+00
6.959588607152305428e+00
6.960170094172163147e+00
6.960820257663726807e+00
6.961272422472639221e+00
6.962322501341503767e+00
6.962495104471841501e+00
6.962957557042436463e+00
6.963480218251547171e+00
6.964034656683601554e+00
6.964778411388394375e+00
6.965336434046427883e+00
6.966311550140382280e+00
6.966609509785968157e+00
6.966840724150337394e+00
6.967488515377041836e+00
6.968101167678831587e+00
6.968555414676664839e+00
6.969042845567066990e+00
6.970255033175149606e+00
6.970361169179277283e+00
6.970839011669156093e+00
6.971270950635272357e+00
6.971828023592628654e+00
6.972465864817301906e+00
6.973084386189775330e+00
6.973516094684597988e+00
6.974407819906872419e+00
6.974738732973733590e+00
6.975234707196555917e+00
6.975709545612332363e+00
6.976298876603443944e+00
6.976815160115556580e+00
6.977386232217149598e+00
6.978190298875169617e+00
6.978626394271849165e+00
6.979038278261818107e+00
6.979615306854249468e+00
6.980268438657127206e+00
6.980798943837484671e+00
6.981398677825929155e+00
6.982268853982290580e+00
6.982506565252940334e+00
6.982946284612019383e+00
6.983498481909435895e+00
6.984109044075012207e+00
6.984758981068928563e+00
6.985160164038340724e+00
6.986152716477711522e+00
6.986483669281007280e+00
6.986979711055752773e+00
6.987497746944427490e+00
6.987973145643870510e+00
6.988541988531750349e+00
6.989033591747286778e+00
6.989714809258778416e+00
6.990218965212505964e+00
6.990700252850849949e+00
6.991295989354448182e+00
6.991840036710101458e+00
6.992395985126492519e+00
6.992927153905235116e+00
6.993479287624360552e+00
6.994400278727212594e+00
6.994706420103710798e+00
6.995198825995124992e+00
6.995708938439683777e+00
6.996256351470947266e+00
6.996914915243785060e+00
6.997373048464460510e+00
6.998385397593182233e+00
6.998564553260806065e+00
6.999150172869363473e+00
6.999695833524064881e+00
