5.001295975844065822e+00
5.001695803801219142e+00
5.002285834153489930e+00
5.002853997548420750e+00
5.003453846772508484e+00
5.003920892874397452e+00
5.004799441496530221e+00
5.005163359642025966e+00
5.005627195040382560e+00
5.006220698356628418e+00
5.006864313284559387e+00
5.007404188315071281e+00
5.007928677399952733e+00
5.008789130051930272e+00
5.009112068017323338e+00
5.009569521745042664e+00
5.010250449180603027e+00
5.011052203178408604e+00
5.011236802736917184e+00
5.011859993139900382e+00
5.012249624729157915e+00
5.013005618254346984e+00
5.013424420356749067e+00
5.014107592900593602e+00
5.014534668127694772e+00
5.015041697025296230e+00
5.015643183390302795e+00
5.016284159819285549e+00
5.016966891288760166e+00
5.017291673024494969e+00
5.017880423863729789e+00
5.018438820044202942e+00
5.018923739592231925e+00
5.020193183422087202e+00
5.020411554972334045e+00
5.020911542574566511e+00
5.021238656838733050e+00
5.022207347551983503e+00
5.022680127620695600e+00
5.022874701023098964e+00
5.023513476053871329e+00
5.024159773190817191e+00
5.025098900000251945e+00
5.025575991471605164e+00
5.025707280635835161e+00
5.026305071512858547e+00
5.026701200008389492e+00
5.028061087926225525e+00
5.028479683399197597e+00
5.028659526507063049e+00
5.028986243406933454e+00
5.029548589388532776e+00
5.030334003766377293e+00
5.030759537219999800e+00
5.031254915396374372e+00
5.031700778007504482e+00
5.032248818874357710e+00
5.032990507284800685e+00
5.033615251382194344e+00
5.034461144606275695e+00
5.034642267227170009e+00
5.035488371054334777e+00
5.035615261395768982e+00
5.036220204830172520e+00
5.036963415145876866e+00
5.037261005242662293e+00
5.038238330682119681e+00
5.038623404502871495e+00
5.039221409956617492e+00
5.039767400423684762e+00
5.040235861142477347e+00
5.040846331914266898e+00
5.041577212015788234e+00
5.041948330402377110e+00
5.042508661746978760e+00
5.042869218190510594e+00
5.043748211860659580e+00
5.044169735908511143e+00
5.044557491938270744e+00
5.045310699939726362e+00
5.045585366090136858e+00
5.046445437272389256e+00
5.046935331821444493e+00
5.047414763768514945e+00
5.047910936673481785e+00
5.048831379413606157e+00
5.048944910367332284e+00
5.049485945701597700e+00
5.050096678733822841e+00
5.050879144668577680e+00
5.051687296231584412e+00
5.051883510748545802e+00
5.052443885803221235e+00
5.052866792678834429e+00
5.053353786468505859e+00
5.054120000203447205e+00
5.054575073719021816e+00
5.055247644583381827e+00
5.055722701549527187e+00
5.056206174691517674e+00
5.056858170032498379e+00
5.057607944806413514e+00
5.058024819691972596e+00
5.058441388607022304e+00
5.059395122528073330e+00
5.059728995958963083e+00
5.060237864653267081e+00
5.060589317480726379e+00
5.061210119724272261e+00
5.062186880906423880e+00
5.062339297930400051e+00
5.062920467058816598e+00
5.063464887936909520e+00
5.064074401060743469e+00
5.064860169092817443e+00
5.065091252326965332e+00
5.065739190578462114e+00
5.066160190105435390e+00
5.066689141591389500e+00
5.067559766769406338e+00
5.067837047576901455e+00
5.068470239639282227e+00
5.068951626618705575e+00
5.069561823209127738e+00
5.070183400313062805e+00
5.070678397019705130e+00
5.071418329079946830e+00
5.071714826424916112e+00
5.072764011224109026e+00
5.073043012619017134e+00
5.073415998617811340e+00
5.073922002315519819e+00
5.074637154738105949e+00
5.075591365496315177e+00
5.075840155283607658e+00
5.076297787825268415e+00
5.076901439825697082e+00
5.077319979667663574e+00
5.078238916397097569e+00
5.078753225008647121e+00
5.079140957196550232e+00
5.079776024818421831e+00
5.080119049549104204e+00
5.080890675385795419e+00
5.081215524673460493e+00
5.081979393959045410e+00
5.082422029972079258e+00
5.082839337984722761e+00
5.083409404754640093e+00
5.083942643801371730e+00
5.084805564085641549e+00
5.085080019632975734e+00
5.085696832338967965e+00
5.086132101217906154e+00
5.086748878161110099e+00
5.087338308493293937e+00
5.087809062004090777e+00
5.089178284009300057e+00
5.089589134852090524e+00
5.089855257670087951e+00
5.090221627553304984e+00
5.090736118952435163e+00
5.091219516595202776e+00
5.091829963525135838e+00
5.092276954650877485e+00
5.092965316772463780e+00
5.093423446019492928e+00
5.094113008181253122e+00
5.094573628902438145e+00
5.095092193285623239e+00
5.095631647109982509e+00
5.096140174070995954e+00
5.096792558828987296e+00
5.097323334217072954e+00
5.097811090946194668e+00
5.098425861199693543e+00
5.099101138114932041e+00
5.099539101123809814e+00
5.100093948841092129e+00
5.100781579812370126e+00
5.101173086961111380e+00
5.101769049962364022e+00
5.102271060148872550e+00
5.102810855706529480e+00
5.103510757287345712e+00
5.103959441184997559e+00
5.104800391197201748e+00
5.105035754044848773e+00
5.105614638328553667e+00
5.106172891457873675e+00
5.106791663169857998e+00
5.107306929429370257e+00
5.107885543505354065e+00
5.108820843696591396e+00
5.109095958868664411e+00
5.109484640757244733e+00
5.110322872797645744e+00
5.110851875940959133e+00
5.111198059717814601e+00
5.111856106917066711e+00
5.112309010823565814e+00
5.113071374098460353e+00
5.113685226440431109e+00
5.113994769255320705e+00
5.114733191331225726e+00
5.115273690223695269e+00
5.115673093001049665e+00
5.116241308053332659e+00
5.116789360841117684e+00
5.117247490088146833e+00
5.117912081877392438e+00
5.118370378017424116e+00
5.118910078207655090e+00
5.119524614016214059e+00
5.120164243380230573e+00
5.120931156476338231e+00
5.121241291364036385e+00
5.121766249338783439e+00
5.122370306650800842e+00
5.122953852017722909e+00
5.123374875386552674e+00
5.124024339516957127e+00
5.124955515066780265e+00
5.125251503785449358e+00
5.125808620452879438e+00
5.126449275016781826e+00
5.126899266242979536e+00
5.127372058232623431e+00
5.127976528803507961e+00
5.128817860285444397e+00
5.129020269711809021e+00
5.129689061641691694e+00
5.130136839548747218e+00
5.130660053094224793e+00
5.131255467732749764e+00
5.131691380341848685e+00
5.132276896635694641e+00
5.132867638270063537e+00
5.133362714449567932e+00
5.133926455179853576e+00
5.134572037061055028e+00
5.135074083010358947e+00
5.135600880781808542e+00
5.136132101217903312e+00
5.136771829922992083e+00
5.137346895535785052e+00
5.137887414296464783e+00
5.138367815812429740e+00
5.139046990871428022e+00
5.139480233192443848e+00
5.140110667546586853e+00
5.140853178501131993e+00
5.141340545813243068e+00
5.141764954725900338e+00
5.142406439781190386e+00
5.142969612280531067e+00
5.143546609083813337e+00
5.144298589229585161e+00
5.145222910245259129e+00
5.145548522472381592e+00
5.145738283793129142e+00
5.146357015768685983e+00
5.146761767069499172e+00
5.147344811757406546e+00
5.147867385546369690e+00
5.148786369959516662e+00
5.149061199029283387e+00
5.149548574288687064e+00
5.150214946269990435e+00
5.150590165456137015e+00
5.151275980472561855e+00
5.151796189943951276e+00
5.152313840389254551e+00
5.152969765663144130e+00
5.153492128849030962e+00
5.154148332277934230e+00
5.154616264502209333e+00
5.155113168557484471e+00
5.155588118235272077e+00
5.156148672103881836e+00
5.156746145089464051e+00
5.157248155275979684e+00
5.158168951670326408e+00
5.158606656392414891e+00
5.159148180484770307e+00
5.159477655092878479e+00
5.160023287932077096e+00
5.160898017883297939e+00
5.161239850521084804e+00
5.161701977252960205e+00
5.162248043219250349e+00
5.162804373105366551e+00
5.163537915547685486e+00
5.164046065012612985e+00
5.164604361852006775e+00
5.165027240912117179e+00
5.165623950958249111e+00
5.166254202524818595e+00
5.166831672191619873e+00
5.167332645257310730e+00
5.167807094256083644e+00
5.168889586130781311e+00
5.169038295745849609e+00
5.169494915008542080e+00
5.170135370890299953e+00
5.170735355218248230e+00
5.171487375100454642e+00
5.171927018960317923e+00
5.172354149818417568e+00
5.172878861427307129e+00
5.173620855808259478e+00
5.174152231216432085e+00
5.174576862653097464e+00
5.175295456250509574e+00
5.175899577140810948e+00
5.176280836264290031e+00
5.176891454060871922e+00
5.177345542112988142e+00
5.177801664670305115e+00
5.178366263707481210e+00
5.178988774617515389e+00
5.179672507445019392e+00
5.180193750063580183e+00
5.180714114507040335e+00
5.181332826614379883e+00
5.182168400287629595e+00
5.182289302349090576e+00
5.182934260368348589e+00
5.183420316378274606e+00
5.184038901329039106e+00
5.184830808639524946e+00
5.185134251912437264e+00
5.185590958595277300e+00
5.186134858926138236e+00
5.186815937360130135e+00
5.187613566716514413e+00
5.187959682941439610e+00
5.188486683368680019e+00
5.188917926947276271e+00
5.189528524875640869e+00
5.190341814359030082e+00
5.190583662192025827e+00
5.191283174355824315e+00
5.191851238409675773e+00
5.192834250132243312e+00
5.193079284826914943e+00
5.193653464317321777e+00
5.194078115622204450e+00
5.194471621513365278e+00
5.195492835839587542e+00
5.195876109600064297e+00
5.196357099215191511e+00
5.196690432230631984e+00
5.197265378634135402e+00
5.198161156972247454e+00
5.198568745454153373e+00
5.198989065488177630e+00
5.199934518337251177e+00
5.200786006450655918e+00
5.201200711727139492e+00
5.201610978444414002e+00
5.201886280377706839e+00
5.202407149473827985e+00
5.202815377712248335e+00
5.203519590695698582e+00
5.204152826468153137e+00
5.204517396291095110e+00
5.205102876822152780e+00
5.205644369125366211e+00
5.206361250082650827e+00
5.206850361824038487e+00
5.207368799050648533e+00
5.207835773626960929e+00
5.208867303530375636e+00
5.209023455778755363e+00
5.209562873840333452e+00
5.210363610585531546e+00
5.210802690188089059e+00
5.211811010042829651e+00
5.212095681826276916e+00
5.212310993671415815e+00
5.212953297297161726e+00
5.213491976261138916e+00
5.214577142397565979e+00
5.214754800001777824e+00
5.215564870834349165e+00
5.215848278999331455e+00
5.216295166810354544e+00
5.216825091838835249e+00
5.217370955149334577e+00
5.217979300022122402e+00
5.218528815110524022e+00
5.219008457660677891e+00
5.219487806161247079e+00
5.220043917497001473e+00
5.220706339677171570e+00
5.221214373906455819e+00
5.221756792068482866e+00
5.222506233056385838e+00
5.222881325085957371e+00
5.223360355695085389e+00
5.223916594187421936e+00
5.224472725391386518e+00
5.225192407766975577e+00
5.225756104787187439e+00
5.226185496648149353e+00
5.226718755563098284e+00
5.227249864737196106e+00
5.227837347984312544e+00
5.228913919130960153e+00
5.229194152355191250e+00
5.229889285564425450e+00
5.230412602424621582e+00
5.230799631277719186e+00
5.231208086013793945e+00
5.232005985577899310e+00
5.232759769757585389e+00
5.232927111784619001e+00
5.233549658457441467e+00
5.233918412526449515e+00
5.234568488597872715e+00
5.235041530927020403e+00
5.235670419534045550e+00
5.236191137631735160e+00
5.236786969502766453e+00
5.237351596355438232e+00
5.237913763523103228e+00
5.238414021333056780e+00
5.238952128092449811e+00
5.239487020174664167e+00
5.240024423599244585e+00
5.240836882591246138e+00
5.241341034571327384e+00
5.241820021470388724e+00
5.242368312676745745e+00
5.242837007840471131e+00
5.243359784285225089e+00
5.244270340601602243e+00
5.244997286796568403e+00
5.245078202088670594e+00
5.245644835631054548e+00
5.246236594518023821e+00
5.246851221720376657e+00
5.247360444068910112e+00
5.247828590869900722e+00
5.249015879631045323e+00
5.249340303738911473e+00
5.249883822600047267e+00
5.250405482451121486e+00
5.250819830099743513e+00
5.251213630040489022e+00
5.251730163892112557e+00
5.252273984750111424e+00
5.252813450495402492e+00
5.253825946648916556e+00
5.253972045580546535e+00
5.254867732524871826e+00
5.255159366130826015e+00
5.255782278378802630e+00
5.256155439217884862e+00
5.256942554314932181e+00
5.257536387443543902e+00
5.258015338579816955e+00
5.258421663443250793e+00
5.258927766482038635e+00
5.259575784206390381e+00
5.260059595108032227e+00
5.260823639233905169e+00
5.261171444257101371e+00
5.261740227540336434e+00
5.262358887990316703e+00
5.263015099366505467e+00
5.263547909259798985e+00
5.264019421736399806e+00
5.264867456754046771e+00
5.265086293220520020e+00
5.265581738948824864e+00
5.266348636150361529e+00
5.266765133539834665e+00
5.267315173149107466e+00
5.267948528130851571e+00
5.268758817513784720e+00
5.269019774595896877e+00
5.269535664717359680e+00
5.270354731877645804e+00
5.270937907695767422e+00
5.271421257654829162e+00
5.271835720539094439e+00
5.272891656557717965e+00
5.273344139258064445e+00
5.273419121901191886e+00
5.274062661329907087e+00
5.274582215150196873e+00
5.275159593423204285e+00
5.275614738464355469e+00
5.276769316196443071e+00
5.277002576986951965e+00
5.277481393019357370e+00
5.277885739008588928e+00
5.278366692860920750e+00
5.278970813751222124e+00
5.279566792647045759e+00
5.280108916759488125e+00
5.281039750576020708e+00
5.281323695182798872e+00
5.281958500544227775e+00
5.282495013872782863e+00
5.283476909001670663e+00
5.283564265569047791e+00
5.283991138140358146e+00
5.284668576717379551e+00
5.285124727090199315e+00
5.286152418454484803e+00
5.286329007148744097e+00
5.286947560310366612e+00
5.287289543946585013e+00
5.287804214159649518e+00
5.288805417219798244e+00
5.288951663176220563e+00
5.289708109696704241e+00
5.290127182006834516e+00
5.290748782952626073e+00
5.291568259398140128e+00
5.291760090986890930e+00
5.292332935333249111e+00
5.293149419625599705e+00
5.293516671657563677e+00
5.294224278132119821e+00
5.294643239180246042e+00
5.295103776454922695e+00
5.295601662000017029e+00
5.296779998143513524e+00
5.297089270750682033e+00
5.297285151481631260e+00
5.297849428653719883e+00
5.298361861705778608e+00
5.299493074417114258e+00
5.299691216150918649e+00
5.300111941496531642e+00
5.300632397333778556e+00
5.301145434379577637e+00
5.302292839686074899e+00
5.302520493666328605e+00
5.302912302811940037e+00
5.303482615947721968e+00
5.304055651028953378e+00
5.304770056406660217e+00
5.305084999402360779e+00
5.305817842483520508e+00
5.306149041652680864e+00
5.306701171398160000e+00
5.307540774345397949e+00
5.307860012849168641e+00
5.308507239818574419e+00
5.309178213278450187e+00
5.309570260842640721e+00
5.310427049795784171e+00
5.310673828919725281e+00
5.311150805155435251e+00
5.311805208524070565e+00
5.312248969078062544e+00
5.312959218025206098e+00
5.313381814956663618e+00
5.314099888006843742e+00
5.314582379659015032e+00
5.315452897548674116e+00
5.315597180525465149e+00
5.316344837347664054e+00
5.316742495695748971e+00
5.317259454727171430e+00
5.318353247642519932e+00
5.318605923652647505e+00
5.319165809949240042e+00
5.319626069068910112e+00
5.320044291019442539e+00
5.321156064669288810e+00
5.321505276362103132e+00
5.321777311960858015e+00
5.322271390755972220e+00
5.322817567984266418e+00
5.323564155896505667e+00
5.324086081981661778e+00
5.324608560403184754e+00
5.325283877054850734e+00
5.325627609093984915e+00
5.326180271307627834e+00
5.326735949516297808e+00
5.327297139167782802e+00
5.327942224343615862e+00
5.329186137517289978e+00
5.329549300670620937e+00
5.330087987581890729e+00
5.330246027310685974e+00
5.330760622024534712e+00
5.331452341874438616e+00
5.331771075725555420e+00
5.332421906789143407e+00
5.332814391454057557e+00
5.333410040537515329e+00
5.334335752328236424e+00
5.334566978613537458e+00
5.335050284862518311e+00
5.335629204909004386e+00
5.336210954189297695e+00
5.336842016379037545e+00
5.337305033206938276e+00
5.337943840026852627e+00
5.338500205675764221e+00
5.338948194185896057e+00
5.339610771338143991e+00
5.340160457293194440e+00
5.340631214777630476e+00
5.341258358955386143e+00
5.342125634352363761e+00
5.342414478460945304e+00
5.342935081322984558e+00
5.343447498480479396e+00
5.343914298216503767e+00
5.344959970315294129e+00
5.345210206508639317e+00
5.345729891459150451e+00
5.346495036284132141e+00
5.346770600477853463e+00
5.348074714342750724e+00
5.348286175727842817e+00
5.348524713516233930e+00
5.348989200592043858e+00
5.349656097094218410e+00
5.350093154112499860e+00
5.351184924443565194e+00
5.351248204708099365e+00
5.351799531777700736e+00
5.352259663740795759e+00
5.352839473883314270e+00
5.353393292427064409e+00
5.353914105892179975e+00
5.354710110028584324e+00
5.355029904842375288e+00
5.355972913901013044e+00
5.356419674555461086e+00
5.356825021902722028e+00
5.357597879568736232e+00
5.358201960722603019e+00
5.359399731953935486e+00
5.359919826189674552e+00
5.360805467764535592e+00
5.361049028237658831e+00
5.361340971787768694e+00
5.361922125021614249e+00
5.362426304817198286e+00
5.362830384572347953e+00
5.363377745946245057e+00
5.363963643709816154e+00
5.364679006735485700e+00
5.365110007921856550e+00
5.365746231873828265e+00
5.366168256600694519e+00
5.367229994138078553e+00
5.367348690827689950e+00
5.367864294846853568e+00
5.368772085507707459e+00
5.369182364145913766e+00
5.369628226757050982e+00
5.370436433951063293e+00
5.370884382724760542e+00
5.371190623442331002e+00
5.371973804632823146e+00
5.372384198506672703e+00
5.373119795322416792e+00
5.373678151766462463e+00
5.373981908957162545e+00
5.374500664075213763e+00
5.375273744265236076e+00
5.375700807571412554e+00
5.376298689842222700e+00
5.377140676975251665e+00
5.377334558963774214e+00
5.378398712476091248e+00
5.378534873326621835e+00
5.379052567481991787e+00
5.379973614215849409e+00
5.380123889446259966e+00
5.380958930651345895e+00
5.381727651755014108e+00
5.382011195023856942e+00
5.382324723402660993e+00
5.383407100041708304e+00
5.383766309420266793e+00
5.384158229827882280e+00
5.384909113248191659e+00
5.384909113248191659e+00
5.385207398732504203e+00
5.385207398732504203e+00
5.385806425412496878e+00
5.385806425412496878e+00
5.386377374331154044e+00
5.386717192331950343e+00
5.387250443299613778e+00
5.388094536463420070e+00
5.388400395711265389e+00
5.388925457000731001e+00
5.389604588349662606e+00
5.390050172805786133e+00
5.390714720884957956e+00
5.391227281093598833e+00
5.391693985462190142e+00
5.392763662338253994e+00
5.392963115374250549e+00
5.393558371067044277e+00
5.394794587294263977e+00
5.395045785109203962e+00
5.395247991879777771e+00
5.396118791898089739e+00
5.396417315800981385e+00
5.396904234091444152e+00
5.397741854190826416e+00
5.397945662339530770e+00
5.398420866330461365e+00
5.399352117379507376e+00
5.399607523282369925e+00
5.400131293137867772e+00
5.400868829091386658e+00
5.401339308420816110e+00
5.401724886894228916e+00
5.402414488792416591e+00
5.402816458543142630e+00
5.403370630741122227e+00
5.404128893216451957e+00
5.404527052243551566e+00
5.405028824011488098e+00
5.405682297547656390e+00
5.406146085262300005e+00
5.407289111614225874e+00
5.407545510927839416e+00
5.407943371931715149e+00
5.408834811051683289e+00
5.409084924062092625e+00
5.409518897533416748e+00
5.410434917608895944e+00
5.410660175482433942e+00
5.411182836691537545e+00
5.411995263894397112e+00
5.412354195117949018e+00
5.412955661614738290e+00
5.413682897885642831e+00
5.413947399457292420e+00
5.414795645078022801e+00
5.415280675888062945e+00
5.415605759620667925e+00
5.416241109371185303e+00
5.416878437995912066e+00
5.417281067371369829e+00
5.417826394240059074e+00
5.418365899721784729e+00
5.418928539752961626e+00
5.419480407238005171e+00
5.420120088259380964e+00
5.420813953876496782e+00
5.421274248758955139e+00
5.421851138273872550e+00
5.422765497366590637e+00
5.422994875907896528e+00
5.423509585857388515e+00
5.424019702275593602e+00
5.424811363220214844e+00
5.425178201993304583e+00
5.425674184163412406e+00
5.426857189337411569e+00
5.427045408884687561e+00
5.427613258361816406e+00
5.427965589364369237e+00
5.428948803742727591e+00
5.429217481613157759e+00
5.429684321085609611e+00
5.430126424630479676e+00
5.431464282671612409e+00
5.431711467107135149e+00
5.432018355528512643e+00
5.432961837450662301e+00
5.433224876721702401e+00
5.433553047974903905e+00
5.433926165103912354e+00
5.434938510258994881e+00
5.435232325394949271e+00
5.435665249824523926e+00
5.436869299411775103e+00
5.437013034025831359e+00
5.437479754288993661e+00
5.438202460606895272e+00
5.438842193285623239e+00
5.439080059528350830e+00
5.439477467536924848e+00
5.440158720811204773e+00
5.440802693367004395e+00
5.441346124807992624e+00
5.441807246208192339e+00
5.442277443408968907e+00
5.442977460225421282e+00
5.443512896696724113e+00
5.444204938411715489e+00
5.444992454846698138e+00
5.445081675052641401e+00
5.445852247873943952e+00
5.446187766393023821e+00
5.446837687492369184e+00
5.447500216960904140e+00
5.448800583680473153e+00
5.448966085910797119e+00
5.449339846769966300e+00
5.450147859255473293e+00
5.450283269087471183e+00
5.450816484292346331e+00
5.451231483618421692e+00
5.452066818873085197e+00
5.452939434846243216e+00
5.453010789553324855e+00
5.453531205654144287e+00
5.454014670848849278e+00
5.455148851871491900e+00
5.455408422152203229e+00
5.455797771612800773e+00
5.457068490982052822e+00
5.457410367329913470e+00
5.457643548647560294e+00
5.459012214342756408e+00
5.459661146004997079e+00
5.459904015064239502e+00
5.460200373331709045e+00
5.461178028583525190e+00
5.461491334438321132e+00
5.461979027589158875e+00
5.462937152385713091e+00
5.463180867830914167e+00
5.463749591509504455e+00
5.464007922013600194e+00
5.464808722337089364e+00
5.465100383758546343e+00
5.465589153766629238e+00
5.466295433044436436e+00
5.467129453023275687e+00
5.467550142606100394e+00
5.467876589298249712e+00
5.469128914674122655e+00
5.469576923052471784e+00
5.469858479499819737e+00
5.470755430062610003e+00
5.471313830216722351e+00
5.471645410855607849e+00
5.471793321768444684e+00
5.472340989112851162e+00
5.473031493028003069e+00
5.473434766133628671e+00
5.473943257331846723e+00
5.474847233295442095e+00
5.475115219751991447e+00
5.475674108664193795e+00
5.476219888528184754e+00
5.477261006832122803e+00
5.477358512083689845e+00
5.477959835529325971e+00
5.478821945190432530e+00
5.479193365573884478e+00
5.479609580834704730e+00
5.480034236113233703e+00
5.480928206443785200e+00
5.481234451135001962e+00
5.481887296835580514e+00
5.482290744781494141e+00
5.482867916425071542e+00
5.483463434378307966e+00
5.483950924873354893e+00
5.484621779123941110e+00
5.485146725177763471e+00
5.486286604404448042e+00
5.486431272824603411e+00
5.486859794457750183e+00
5.487269437313081255e+00
5.487921603520710789e+00
5.488771446545918309e+00
5.488984044392900330e+00
5.489480010668437160e+00
5.490067700544990714e+00
5.490673236052195705e+00
5.491488075256349077e+00
5.491883277893066406e+00
5.492315220832821865e+00
5.492907055219014012e+00
5.493660545349122515e+00
5.494419380029043509e+00
5.494573736190794477e+00
5.495106863975522060e+00
5.495706816514335458e+00
5.496302692095440534e+00
5.497022136052450492e+00
5.497357634703320173e+00
5.497933848698934867e+00
5.498442284266154445e+00
5.499679446220397949e+00
5.499875164031983843e+00
5.500154467423755023e+00
5.500732398033143511e+00
5.501151919364929199e+00
5.502281431357069152e+00
5.502513269583381827e+00
5.502833485603332520e+00
5.503393932183584525e+00
5.503958602746330087e+00
5.504785545667012059e+00
5.505131328105925093e+00
5.505589826901754691e+00
5.506139910221101275e+00
5.506812659899395612e+00
5.507639817396800197e+00
5.508012386163073870e+00
5.508487610022228864e+00
5.508946061134338379e+00
5.509510330359141506e+00
5.510137625535328709e+00
5.510587549209596148e+00
5.511310525735218846e+00
5.512110372384391610e+00
5.512760496139527788e+00
5.513031200567880319e+00
5.513489425182342529e+00
5.514041606585188049e+00
5.514622676372525234e+00
5.515493881702425938e+00
5.515649938583372602e+00
5.516189463933308446e+00
5.516947702566781686e+00
5.518088138103486529e+00
5.518479295571644627e+00
5.518871192137403625e+00
5.519058005015054391e+00
5.519570704301195008e+00
5.520044020811717189e+00
5.520833110809327593e+00
5.521487545967104893e+00
5.521964307626085144e+00
5.522482919692990322e+00
5.523495284716290143e+00
5.523700857162474165e+00
5.524387923876446393e+00
5.525012060006460501e+00
5.525101574261981341e+00
5.525624457995100158e+00
5.526175018151597840e+00
5.526699999968208488e+00
5.527260518074037066e+00
5.527812008063001770e+00
5.528838904698687884e+00
5.529007764657336566e+00
5.529688799381254682e+00
5.530216181278227339e+00
5.530727048714958016e+00
5.531961083412170410e+00
5.532232542832694833e+00
5.532635553677877738e+00
5.533050239086151123e+00
5.533526619275413339e+00
5.534265371163684222e+00
5.534838231404620501e+00
5.535121945540112165e+00
5.535696518421175938e+00
5.536167836189271441e+00
5.536949114004769967e+00
5.537365694840751473e+00
5.537847038110093933e+00
5.538484410444894479e+00
5.538921999931332607e+00
5.539753711223603716e+00
5.540337208906812805e+00
5.540630201498665031e+00
5.541222091515855652e+00
5.542164103190103219e+00
5.542349000771842782e+00
5.542860134442648246e+00
5.543549569447833392e+00
5.543944315115609811e+00
5.545196175575256348e+00
5.545472204685211182e+00
5.545926809310913086e+00
5.546183276176449795e+00
5.546711476643878314e+00
5.547298562526705723e+00
5.547859454154966841e+00
5.548481837908425973e+00
5.548942410945890913e+00
5.549515235424038906e+00
5.550069379806515713e+00
5.550703744093574699e+00
5.551175785064700108e+00
5.551792951424914691e+00
5.552263367176053066e+00
5.552866578102111816e+00
5.553557682037350673e+00
5.553938166300454782e+00
5.554571358362835554e+00
5.555044388771058550e+00
5.555710951487220939e+00
5.556263315677639980e+00
5.557004137833914115e+00
5.557371373971299988e+00
5.557946721712745841e+00
5.558425374825795018e+00
5.558956789970395107e+00
5.559492015838621626e+00
5.560042166709898481e+00
5.560808825492856045e+00
5.561331768830619637e+00
5.561956572532650966e+00
5.562419136365257089e+00
5.562865265210469090e+00
5.563365149497982998e+00
5.563921109835305856e+00
5.564983872572582868e+00
5.565281752745313781e+00
5.565625166893006792e+00
5.566196858882904053e+00
5.566941690444949131e+00
5.567639545599618600e+00
5.567958196004234139e+00
5.568904240926109139e+00
5.569351951281227286e+00
5.569835782051086426e+00
5.570154750347136030e+00
5.570889361699421727e+00
5.571310524145765442e+00
5.571812359491985944e+00
5.572850799560548296e+00
5.572992149988813537e+00
5.573556649684903164e+00
5.573922812938690186e+00
5.574521144231162850e+00
5.575107681751248379e+00
5.575693468252815421e+00
5.576299130916595459e+00
5.577087577184038025e+00
5.577367516358691546e+00
5.577949666976927290e+00
5.578456016381579730e+00
5.578918178876243417e+00
5.579480989774069144e+00
5.580093518892923043e+00
5.580934846401213179e+00
5.581260764598845014e+00
5.581791702906294006e+00
5.582332491874694824e+00
5.583170592784881592e+00
5.583595351378122018e+00
5.583982813358304043e+00
5.584886670112609863e+00
5.585188198089596767e+00
5.585762019952134949e+00
5.586217216650645412e+00
5.586853388945264953e+00
5.587432873249056797e+00
5.587858382860822815e+00
5.588860213756561279e+00
5.589022306601208356e+00
5.589507488409680036e+00
5.590149414539340000e+00
5.590674297014871286e+00
5.591276590029401916e+00
5.591728524367013620e+00
5.592327880859372158e+00
5.593039373556770499e+00
5.593424963951107998e+00
5.593947299321492039e+00
5.594568145275118809e+00
5.595072098573048436e+00
5.595957469940188389e+00
5.596178217728933646e+00
5.596894450982411229e+00
5.597378214200340096e+00
5.598227337996164010e+00
5.598469742139180028e+00
5.598942486445110944e+00
5.599576036135353263e+00
5.600054335594180088e+00
5.600832509994503994e+00
5.601293464501701180e+00
5.601766530672712463e+00
5.602255260944367876e+00
5.602841083208723205e+00
5.603565506140391506e+00
5.603963128725688136e+00
5.604807666937510646e+00
5.605201296011607326e+00
5.605609103043875052e+00
5.606264491875968758e+00
5.606847433249157575e+00
5.607273654143014596e+00
5.607840295632676941e+00
5.608902879556019627e+00
5.609138703346253862e+00
5.609604879220327689e+00
5.610271143913266201e+00
5.610650769869486965e+00
5.611259424686430464e+00
5.611726244290672128e+00
5.612283496061962751e+00
5.612914840380348380e+00
5.613538781801857169e+00
5.613970657189689462e+00
5.614548321564988953e+00
5.615202422936754090e+00
5.615716699759168762e+00
5.616203415393826504e+00
5.616721355915068159e+00
5.617285843690233094e+00
5.617837981383004831e+00
5.618369567394253750e+00
5.619083631038662929e+00
5.619506621360777388e+00
5.620098137855528364e+00
5.620827488104502834e+00
5.621221359570817810e+00
5.621823080380757176e+00
5.622452255090074402e+00
5.622862839698790083e+00
5.623627082506814645e+00
5.623975082238516165e+00
5.624672909577689950e+00
5.625348091125488281e+00
5.625648065408071830e+00
5.626151688893635594e+00
5.626827347278592129e+00
5.627329456806180019e+00
5.627862584590914707e+00
5.628510411580400330e+00
5.628993968168892081e+00
5.629531260331468445e+00
5.630049924055732902e+00
5.630591603120166155e+00
5.631181184450788635e+00
5.631708244482673820e+00
5.632276809215547075e+00
5.633222738901771720e+00
5.633418496449785096e+00
5.633997766176861433e+00
5.634616335233054940e+00
5.635127512613934186e+00
5.635649716854096880e+00
5.636168404420217826e+00
5.636787132422128366e+00
5.637320482730864057e+00
5.637822802861528260e+00
5.638480901718139648e+00
5.639035757382707459e+00
5.639553888638815238e+00
5.640045599142709420e+00
5.640638768672943115e+00
5.641382733980812247e+00
5.641824583212532218e+00
5.642351690928144592e+00
5.642821462949115130e+00
5.643374482790626701e+00
5.643928941090898377e+00
5.644480693340298672e+00
5.645155632495878706e+00
5.645734659830729640e+00
5.646157264709472656e+00
5.646701359748838911e+00
5.647270103295646493e+00
5.647817977269490086e+00
5.648401498794555664e+00
5.649240863323214512e+00
5.649535191059115391e+00
5.650161929925282323e+00
5.650590860843657026e+00
5.651345030466714547e+00
5.651705658435822954e+00
5.652342895666755851e+00
5.653065741062164307e+00
5.653697057565054251e+00
5.654007693131767098e+00
5.654555308818814297e+00
5.655288656552635018e+00
5.655684467156724793e+00
5.656178001562757629e+00
5.657240529855094735e+00
5.657394615809124616e+00
5.657878442605337455e+00
5.658415488402049220e+00
5.659014813105265773e+00
5.659480063120525983e+00
5.660040358702339347e+00
5.660759373505911185e+00
5.661169977982837054e+00
5.661740438143411325e+00
5.662258267402648926e+00
5.662813285986580070e+00
5.663398746649427551e+00
5.664123578866323783e+00
5.664484794934587342e+00
5.665519889195756775e+00
5.666047199567159964e+00
5.666296370824177586e+00
5.666762240727742039e+00
5.667559123039247027e+00
5.668237268924713135e+00
5.668580134709678475e+00
5.669261217117309570e+00
5.669519309202833313e+00
5.670067071914672852e+00
5.670736559232075535e+00
5.671221323808033787e+00
5.671719165643054339e+00
5.672288123766584533e+00
5.673394064108528312e+00
5.673550617694857578e+00
5.673963518937426898e+00
5.674495991071061951e+00
5.675035985310870501e+00
5.675636176268263000e+00
5.676145939032238630e+00
5.676764845848083496e+00
5.677360518773397757e+00
5.677873142560322606e+00
5.678475264708204406e+00
5.678925430774690142e+00
5.679479277133943071e+00
5.680037585894268659e+00
5.680610418319702148e+00
5.681290483474732866e+00
5.681889835993452209e+00
5.682699791590373195e+00
5.682963613669080871e+00
5.683395870526631199e+00
5.683972903092701756e+00
5.684841787815095415e+00
5.685223543643949995e+00
5.685644598801928851e+00
5.686202637354533351e+00
5.686797753969827340e+00
5.687306018670398089e+00
5.687824209531150643e+00
5.688794140021009582e+00
5.688950681686399946e+00
5.689632574717201408e+00
5.690339374542233486e+00
5.690649799505870021e+00
5.691312658786770839e+00
5.692001907030743268e+00
5.692925012111665239e+00
5.693097627162934771e+00
5.693510933717092826e+00
5.693953907489778032e+00
5.694676351547244053e+00
5.695158016681673985e+00
5.695833094914753758e+00
5.696777288119001526e+00
5.696889694531755310e+00
5.697482216358181972e+00
5.697949560483294817e+00
5.698636257648466596e+00
5.699097736676534964e+00
5.699507904052737217e+00
5.700036994616191066e+00
5.701068449020382900e+00
5.701349786917369045e+00
5.701764150460562064e+00
5.702353390057879778e+00
5.702947199344635010e+00
5.703388984998063904e+00
5.703961861133578282e+00
5.704870430628460554e+00
5.705151343345640669e+00
5.705601410071054147e+00
5.706147086620333653e+00
5.706714288393655465e+00
5.707395815849302778e+00
5.707813743750257629e+00
5.708815797170004203e+00
5.709029555320739746e+00
5.709611765543620265e+00
5.710120300451912101e+00
5.710636786619822658e+00
5.711426281929014692e+00
5.711746939023335301e+00
5.712288645903271345e+00
5.712967896461485395e+00
5.713421928882596035e+00
5.714209429423014797e+00
5.714603122075395447e+00
5.715215571721394383e+00
5.715809245904289071e+00
5.716155568758644279e+00
5.716963509718574699e+00
5.717283054192861869e+00
5.718225804964703229e+00
5.718547320365907183e+00
5.718934138615928475e+00
5.719602934519450343e+00
5.720086896419523725e+00
5.720809205373129203e+00
5.721352235476174997e+00
5.722011530399321089e+00
5.722406880060830758e+00
5.723217348257698234e+00
5.723438096046450596e+00
5.724023612340289446e+00
5.724956774711607466e+00
5.725297590096793954e+00
5.725592919190724217e+00
5.726346472899116691e+00
5.727033845583598293e+00
5.727396416664120693e+00
5.727933061122897129e+00
5.728898672262829450e+00
5.729076071580252005e+00
5.729751364390054391e+00
5.730365590254464792e+00
5.730678045749662886e+00
5.731164936224622863e+00
5.731717157363888759e+00
5.732264518737792969e+00
5.733010641733805812e+00
5.733575169245405334e+00
5.734367052714027579e+00
5.735021849473319833e+00
5.735302428404487785e+00
5.735627293586730957e+00
5.736154321829481262e+00
5.736989359060920890e+00
5.737719400723776175e+00
5.738288644949598449e+00
5.738667126496629578e+00
5.739087736606599321e+00
5.739941740036009321e+00
5.740231088797251857e+00
5.740922900040942523e+00
5.741336059570315342e+00
5.741712641716006260e+00
5.742262279987336626e+00
5.742841740449271981e+00
5.743438315391543370e+00
5.744154171148935006e+00
5.745027101039887896e+00
5.745087766647337446e+00
5.745754269758862165e+00
5.746215077241259905e+00
5.746778925259910409e+00
5.747374733289085214e+00
5.748224774996437247e+00
5.748947767416638044e+00
5.749201822280880947e+00
5.749752076466876360e+00
5.750252219041186663e+00
5.750883217652635437e+00
5.751268633206684910e+00
5.752085069815315421e+00
5.752949674924217049e+00
5.753041338920596104e+00
5.753743211428322013e+00
5.753950699170431449e+00
5.754945413271585153e+00
5.755155718326570025e+00
5.755677207310995414e+00
5.756172716617584229e+00
5.756939005851748448e+00
5.757418179512022505e+00
5.757885074615479937e+00
5.759013899167378270e+00
5.759405823548632952e+00
5.759582583109541076e+00
5.760061204433441162e+00
5.760852094491319519e+00
5.761351108551025391e+00
5.761822160085039002e+00
5.762261764208474801e+00
5.762999550501504586e+00
5.763490955034889396e+00
5.764084708690646153e+00
5.765057269732160705e+00
5.765347047646841361e+00
5.765799287954969543e+00
5.766876212755839504e+00
5.767001279195149266e+00
5.767399247487382752e+00
5.768028211593630772e+00
5.769134533405306797e+00
5.769356079896290623e+00
5.769709149996437247e+00
5.770315766334533691e+00
5.770960358778637556e+00
5.771175992488863926e+00
5.771813539663952497e+00
5.772804582118986616e+00
5.772980479399365095e+00
5.773451157410939061e+00
5.774092559019727844e+00
5.774946773052214155e+00
5.775098745028181213e+00
5.775680120786027771e+00
5.776847823460897757e+00
5.776994717121127110e+00
5.777500983079271180e+00
5.777913486957551470e+00
5.778904986381533604e+00
5.779019685586291644e+00
5.779498656590781991e+00
5.780183982849123936e+00
5.780892769495643790e+00
5.781292549769084133e+00
5.781707016626995710e+00
5.782964209715522941e+00
5.783151658376056048e+00
5.783556922276815726e+00
5.783965106805162293e+00
5.784906808535261291e+00
5.785263212521869036e+00
5.785650515556334028e+00
5.786279777685798820e+00
5.786953202883402980e+00
5.787598454952238569e+00
5.788025983174641453e+00
5.789244186878207188e+00
5.789739946524299796e+00
5.790065117677052342e+00
5.790927151838936027e+00
5.791233627001446393e+00
5.791404640674592486e+00
5.791948135693864685e+00
5.793012917041778564e+00
5.793411640326183942e+00
5.793585817019142326e+00
5.794068996111555236e+00
5.795052945613861084e+00
5.795369191964468314e+00
5.795686554908755284e+00
5.796315336227415571e+00
5.796962483723959281e+00
5.797737161318458732e+00
5.798077360788980172e+00
5.798912151654562308e+00
5.799043881893155117e+00
5.799608957767489414e+00
5.800070826212568420e+00
5.801016664505006304e+00
5.801354185740152047e+00
5.802014978726703021e+00
5.803141283988949795e+00
5.803301970163978751e+00
5.803885694344835144e+00
5.804149830341337690e+00
5.805224804083508161e+00
5.805570658047990662e+00
5.805747954050701765e+00
5.806795509656268450e+00
5.806895661354062099e+00
5.807272954781851126e+00
5.807883091767628514e+00
5.809127453962965149e+00
5.809297593434649798e+00
5.809633898735043545e+00
5.810085467497508205e+00
5.810933415095014709e+00
5.811335317293803371e+00
5.811795727411904977e+00
5.812937986850741368e+00
5.813157852490739685e+00
5.813439122835795558e+00
5.814236311117809919e+00
5.814709834257762111e+00
5.815442959467567619e+00
5.815662324428558350e+00
5.816751531759898342e+00
5.817002566655474993e+00
5.817313861846926670e+00
5.818420187632241891e+00
5.818809874852497899e+00
5.819482807318372863e+00
5.819784688949582119e+00
5.820778203010561924e+00
5.821135711669924717e+00
5.821402355035147025e+00
5.822409749031066895e+00
5.822599399089810390e+00
5.822938744227094787e+00
5.823834757010139640e+00
5.824170136451719770e+00
5.824894587198890861e+00
5.825097191333767910e+00
5.826161638895669626e+00
5.826284782091775583e+00
5.826882501443229501e+00
5.827444946765901079e+00
5.827884606520335353e+00
5.829015676180524963e+00
5.829363461335496766e+00
5.830140868822731193e+00
5.830372198422750785e+00
5.830680227279664507e+00
5.831590473651885986e+00
5.831737486521404890e+00
5.832843816280366411e+00
5.832923885186509949e+00
5.833546058336892770e+00
5.834180478254957336e+00
5.834567848841352600e+00
5.835664860407511867e+00
5.836132121086123448e+00
5.836765424410501168e+00
5.837258144219717337e+00
5.837342492739360011e+00
5.838309148947395499e+00
5.838931302229561027e+00
5.839609305063881095e+00
5.839792919158938389e+00
5.840246204535169738e+00
5.840899173418684143e+00
5.841165351867672939e+00
5.842150425910951128e+00
5.842304170131683350e+00
5.842856887976331848e+00
5.843452576796217102e+00
5.843973700205488342e+00
5.844881637891134574e+00
5.845068176587425057e+00
5.845644327004748675e+00
5.846158830324810651e+00
5.846762927373248431e+00
5.847548198699954014e+00
5.847818982601168614e+00
5.848792143662770115e+00
5.849224134286245658e+00
5.849629465738935608e+00
5.850555535157518250e+00
5.850802040100099077e+00
5.851494510968528573e+00
5.851887810230252285e+00
5.852833120028179792e+00
5.852998415629066642e+00
5.853414428234103184e+00
5.854139792919156093e+00
5.854815288384756400e+00
5.855586187044778512e+00
5.855941621462505964e+00
5.856750019391377293e+00
5.857150081793470520e+00
5.857456298669177386e+00
5.858414479096730076e+00
5.858538564046220642e+00
5.859499990940093994e+00
5.859629213809967041e+00
5.860062579313911613e+00
5.860925567150118809e+00
5.861366566022233826e+00
5.862227014700572170e+00
5.862449900309243844e+00
5.862835840384164499e+00
5.863712692260740766e+00
5.864029769102735656e+00
5.864818286895754795e+00
5.865208113193510542e+00
5.866208215554557626e+00
5.866377107302348293e+00
5.866779331366224426e+00
5.867649837334951712e+00
5.868045783042909136e+00
5.868776675065355164e+00
5.869081127643582363e+00
5.869653936227159363e+00
5.870319314797718846e+00
5.870853749910992292e+00
5.871738028526308995e+00
5.872212159633633632e+00
5.872840448220571830e+00
5.873135328292846680e+00
5.873632744948068307e+00
5.874103510379789839e+00
5.874836913744609035e+00
5.875474520524342381e+00
5.875686852137249616e+00
5.876197365919750837e+00
5.877013862133026123e+00
5.878400162855783151e+00
5.878693238894143747e+00
5.879461944103240967e+00
5.879823104540506051e+00
5.880757709344230477e+00
5.881074515978497175e+00
5.881226503849028120e+00
5.881867130597434823e+00
5.882480287551878462e+00
5.882878351211545009e+00
5.884078367551168753e+00
5.884284770488740435e+00
5.885728418827056885e+00
5.885796805222831551e+00
5.886482250690463047e+00
5.887346764405570809e+00
5.887548971176144619e+00
5.887884442011518615e+00
5.889017732938128802e+00
5.889244870344796823e+00
5.889602967103321873e+00
5.890821595986686532e+00
5.891115736961367588e+00
5.891348755359651079e+00
5.892056941986083984e+00
5.892422366142270107e+00
5.892823910713197222e+00
5.893590497970578213e+00
5.893932139873506060e+00
5.894500799973805272e+00
5.895307278633119097e+00
5.895757293701173296e+00
5.896236232916514552e+00
5.897013350327810599e+00
5.897426410516104056e+00
5.898363578319546718e+00
5.898467457294465532e+00
5.899060316880543553e+00
5.899954811731973336e+00
5.900131785869596968e+00
5.900794351100920210e+00
5.901690137386324864e+00
5.901879791418714660e+00
5.902413157622021345e+00
5.903242266178132525e+00
5.903431538740797180e+00
5.904010891914367676e+00
5.904817104339599609e+00
5.905046371618908552e+00
5.905612802505494585e+00
5.906429382165271136e+00
5.906762667496998631e+00
5.907262698809304879e+00
5.907987856864927778e+00
5.908471445242561515e+00
5.909095311164854536e+00
5.909638432661694196e+00
5.910151640574135001e+00
5.911130436261494481e+00
5.911225394407907174e+00
5.911723172664643755e+00
5.912310707569119472e+00
5.912975215911863813e+00
5.913485634326931972e+00
5.914397370815279942e+00
5.914586476484934963e+00
5.915056196848553327e+00
5.916133916378022661e+00
5.916214835643771153e+00
5.916889103253680560e+00
5.917596864700314541e+00
5.917833006381989946e+00
5.918420581022900251e+00
5.919271636009213466e+00
5.919608302911122166e+00
5.920231004556022469e+00
5.920954147974647697e+00
5.921329100926719491e+00
5.921894625822702096e+00
5.922730414072674421e+00
5.923147881031034956e+00
5.924068796634671230e+00
5.924145738283790763e+00
5.924908439318336661e+00
5.925616355737048480e+00
5.926020598411561480e+00
5.926518929004672032e+00
5.927284900347395080e+00
5.927357693513236825e+00
5.928093489011125428e+00
5.928887832164761562e+00
5.929121259848280090e+00
5.929512222607932870e+00
5.930372500419615278e+00
5.930645267168678458e+00
5.931163875261944440e+00
5.932022500038144130e+00
5.932272636890409956e+00
5.932874985535939061e+00
5.933655762672422895e+00
5.934070273240408255e+00
5.934535034497578465e+00
5.935313228766126770e+00
5.935829710960391026e+00
5.936228255430854972e+00
5.936989231904348685e+00
5.937389139334364074e+00
5.937830432256063773e+00
5.938738894462588291e+00
5.939215930302935931e+00
5.939492936929063660e+00
5.940090779463453430e+00
5.940613659222918841e+00
5.941644779841105617e+00
5.941898365815482919e+00
5.942353157202404645e+00
5.943221990267439026e+00
5.943415780862174813e+00
5.944232416152956944e+00
5.944820030530294730e+00
5.945213445027668797e+00
5.945857330163320853e+00
5.946517761548356873e+00
5.947090152899427551e+00
5.947315712769828622e+00
5.947963750362397661e+00
5.948882087071737601e+00
5.949072766304013271e+00
5.949615426858265721e+00
5.950088306268057181e+00
5.951034204165139840e+00
5.951344760258990618e+00
5.952942804495492624e+00
5.953091712792712542e+00
5.953623612721763436e+00
5.954265276590980704e+00
5.955121656258903329e+00
5.955482363700866699e+00
5.955650059382122663e+00
5.956169394652050642e+00
5.956804676850637748e+00
5.957602866490681492e+00
5.958042299747468462e+00
5.958990192413331499e+00
5.959115429719290091e+00
5.959497570991516113e+00
5.960118158658346488e+00
5.960773352781934875e+00
5.961281887690226711e+00
5.962015068531037798e+00
5.962842237949374180e+00
5.963086020946505528e+00
5.963879696528117336e+00
5.964292351404829162e+00
5.965069341659543056e+00
5.965319136778511222e+00
5.965725755691529741e+00
5.966200296084089416e+00
5.966983095804849313e+00
5.967479459444682277e+00
5.967933599154157776e+00
5.969077348709106445e+00
5.969337821006774902e+00
5.969681215286257725e+00
5.970089979966481053e+00
5.970943979422251857e+00
5.971384334564206142e+00
5.971837576230363709e+00
5.972798001766207676e+00
5.972970497608187657e+00
5.973922908306121826e+00
5.974120696385703866e+00
5.975056076049803266e+00
5.975525665283200283e+00
5.975945850213371102e+00
5.976899882157646005e+00
5.977091757456463483e+00
5.977433431148526211e+00
5.977891612052914638e+00
5.978376352787016401e+00
5.978964499632517970e+00
5.979673012097677542e+00
5.980845673878988578e+00
5.981037374337510926e+00
5.981280680497484070e+00
5.981752455234527588e+00
5.983194037278494193e+00
5.983479996522270028e+00
5.983707908789320129e+00
5.984168958663943272e+00
5.985093363126118504e+00
5.985405902067817863e+00
5.986137406031289743e+00
5.986280711491900774e+00
5.986937419573465036e+00
5.987297944227854885e+00
5.987829140822093166e+00
5.989098954200741787e+00
5.989470263322196786e+00
5.989764142036435146e+00
5.990195616086325003e+00
5.991208867232003854e+00
5.991431955496473449e+00
5.991780805587765713e+00
5.992994213104246626e+00
5.993164006869001526e+00
5.993380745251975839e+00
5.993974498907725490e+00
5.994857259591420018e+00
5.995094899336500305e+00
5.995865996678666932e+00
5.996315952142076355e+00
5.997229075431825152e+00
5.997660148143765468e+00
5.997974987824754578e+00
5.998919773101803798e+00
5.999280965328217974e+00
5.999594064553576800e+00
6.000205326080319423e+00
6.000812657674153172e+00
6.001504202683769051e+00
6.001830319563545402e+00
6.003145503997799892e+00
6.003407382965086470e+00
6.003712217013038810e+00
6.004075988133749320e+00
6.005195232232409808e+00
6.005482240517935111e+00
6.005753020445503410e+00
6.006163601080579895e+00
6.007205235958096523e+00
6.007597684860229492e+00
6.008061373233793745e+00
6.009013350804643494e+00
6.009284102916716108e+00
6.009594897429145988e+00
6.010044626394908107e+00
6.011073712507887024e+00
6.011219783624014212e+00
6.011929972966512992e+00
6.012911319732666016e+00
6.013002840677899030e+00
6.013469445705410976e+00
6.013974448045097176e+00
6.014505016803738613e+00
6.015474279721580331e+00
6.015686019261679007e+00
6.016179823875425825e+00
6.016859300931294285e+00
6.017278154691062753e+00
6.018056825796762155e+00
6.018758745988208148e+00
6.019469273090365391e+00
6.019901382923123379e+00
6.020235554377237008e+00
6.020648396015168657e+00
6.021160801251731698e+00
6.022252849737803615e+00
6.022612897555035261e+00
6.022867055733996722e+00
6.023414941628772112e+00
6.024202803770698722e+00
6.024894269307452532e+00
6.025121335188551086e+00
6.025738847255709629e+00
6.026208865642544765e+00
6.026760458946228027e+00
6.027500017484030082e+00
6.027888015906015085e+00
6.028432782491044861e+00
6.029210416475933698e+00
6.029549944400784511e+00
6.030201788743333680e+00
6.030739927291868696e+00
6.031416495641074960e+00
6.031810692946116603e+00
6.032271512349446141e+00
6.032994012037910636e+00
6.033521254857383553e+00
6.033937386671702541e+00
6.034547928969068664e+00
6.035750683148698670e+00
6.036041446526844823e+00
6.036396149794263977e+00
6.036892195542655770e+00
6.037312936782839756e+00
6.038174720605212542e+00
6.038537498315172058e+00
6.039170527458189497e+00
6.039489412307737837e+00
6.040072826544445661e+00
6.040880719820655997e+00
6.041220664978027344e+00
6.041875692208606097e+00
6.042324709892270107e+00
6.042859550317125183e+00
6.043683652083082336e+00
6.044153352578483407e+00
6.044572607676187204e+00
6.045084786415102940e+00
6.046103791395822213e+00
6.046307865778608459e+00
6.046801741917924744e+00
6.047454094886781206e+00
6.047868911425275940e+00
6.048939053217573303e+00
6.049077053864799325e+00
6.049495295683541940e+00
6.050046988328297459e+00
6.050649535655978184e+00
6.051523808638258117e+00
6.051806088288621766e+00
6.052455846468610901e+00
6.052951216697692871e+00
6.053405884901685852e+00
6.054228202501931833e+00
6.054495203495022793e+00
6.055084617932635638e+00
6.055622688929240383e+00
6.056156547864276263e+00
6.057168038686114642e+00
6.057480514049530029e+00
6.057839695612592834e+00
6.058463716506956587e+00
6.059428326288859523e+00
6.059574103355409136e+00
6.060103225708004970e+00
6.060648834705354204e+00
6.061249625682833653e+00
6.062118931611379935e+00
6.062519105275470110e+00
6.063092923164369097e+00
6.063390604654948390e+00
6.064061554272967669e+00
6.064876015981035096e+00
6.065207040309907427e+00
6.065632196267443987e+00
6.066163345177969290e+00
6.066815288861590716e+00
6.067675761381785549e+00
6.067994781335194432e+00
6.068679837385815290e+00
6.069092635313673156e+00
6.069619623819988874e+00
6.070208990573881636e+00
6.070638298988342285e+00
6.071338315804801766e+00
6.071930340925852931e+00
6.072282191117601258e+00
6.072998627026876761e+00
6.073398005962374668e+00
6.073996031284330854e+00
6.074659307797752206e+00
6.075565600395201216e+00
6.075957091649371478e+00
6.076596971352891785e+00
6.076881814002987880e+00
6.077377617359161377e+00
6.078179558118186776e+00
6.078450218836465524e+00
6.078969796498618905e+00
6.079644131660458584e+00
6.080056476593014736e+00
6.080823898315429688e+00
6.081173141797385995e+00
6.081892057259878470e+00
6.082309194405873143e+00
6.082825338840486040e+00
6.083401016394297756e+00
6.084094289938612121e+00
6.084510719776154986e+00
6.085448380311326844e+00
6.085686922073364258e+00
6.086194177468620126e+00
6.086768893400829938e+00
6.087306543191274955e+00
6.087848893801371730e+00
6.088381055990858215e+00
6.089029053846992667e+00
6.089554154872892866e+00
6.090271031856538286e+00
6.090799025694529689e+00
6.091285443305970659e+00
6.091731198628743016e+00
6.092291450500489702e+00
6.092983329296110639e+00
6.093528946240745370e+00
6.093997979164122114e+00
6.094527260462442086e+00
6.095181067784629647e+00
6.095714771747587690e+00
6.096254058678944432e+00
6.096877098083496094e+00
6.097281181812284956e+00
6.097870679696399066e+00
6.098416447639465332e+00
6.098937221368153416e+00
6.099532977739968942e+00
6.100045375029246486e+00
6.100958633422848720e+00
6.101174604892733555e+00
6.101714257399244445e+00
6.102428766091662737e+00
6.102899630864463631e+00
6.103391238053639256e+00
6.103974783420561323e+00
6.104847904046373230e+00
6.105327637990313860e+00
6.105757764975230373e+00
6.106590986251831055e+00
6.107114052772523394e+00
6.107352153460183786e+00
6.107868166764575335e+00
6.108938856919607474e+00
6.109176532427468942e+00
6.109682770570117327e+00
6.110212024052934510e+00
6.110615996519726423e+00
6.111193394660951128e+00
6.111747423807777579e+00
6.112759705384569031e+00
6.113072284062702977e+00
6.113554692268373003e+00
6.114442690213522269e+00
6.114734013875327889e+00
6.115267940362294041e+00
6.115676295757296543e+00
6.116819779078163322e+00
6.117084574699404698e+00
6.117367581526437448e+00
6.117828198273976170e+00
6.118542710940040763e+00
6.119024093945817810e+00
6.119494883219402936e+00
6.120182172457376168e+00
6.120871742566428964e+00
6.121407107512155221e+00
6.121882216135659860e+00
6.122779476642605800e+00
6.123118034998576320e+00
6.123497939109803667e+00
6.123969539006552054e+00
6.124830615520480137e+00
6.125245098272962707e+00
6.125723552703860264e+00
6.126159063975016750e+00
6.126769526799520804e+00
6.127352964878085118e+00
6.127885985374447841e+00
6.128785574436186323e+00
6.129087670644125296e+00
6.129575955867764492e+00
6.130088245868684282e+00
6.130644464492796430e+00
6.131242656707762251e+00
6.131857625643412746e+00
6.132729335625967337e+00
6.132935913403827044e+00
6.133421540260314941e+00
6.134036115805308498e+00
6.134575839837388855e+00
6.135196284453073190e+00
6.135631676514940125e+00
6.136225318908692827e+00
6.136815154552458296e+00
6.137431804339094299e+00
6.138060696919758641e+00
6.138496236006417917e+00
6.139420294761656294e+00
6.139623288313551086e+00
6.140852304299670550e+00
6.141184254487356498e+00
6.141371234258016898e+00
6.141881926854452445e+00
6.142416874567665275e+00
6.142942655086514492e+00
6.143710295359291251e+00
6.144063929716743644e+00
6.145037738482159284e+00
6.145268841584524466e+00
6.145682235558830087e+00
6.146217111746473449e+00
6.146766928831738142e+00
6.147268581390378017e+00
6.147823071479798784e+00
6.148883088429769828e+00
6.149085342884063721e+00
6.150191493829090916e+00
6.150398015975952148e+00
6.150908064842226963e+00
6.151333733399710013e+00
6.152047936121626037e+00
6.152894639968870649e+00
6.153111386299130459e+00
6.153488504886624355e+00
6.154343648751577689e+00
6.154763925075528164e+00
6.155125141143798828e+00
6.155766403675080767e+00
6.156422619024915832e+00
6.156880982716877782e+00
6.157387133439378601e+00
6.157899765173596052e+00
6.158416612943014457e+00
6.159187245368954677e+00
6.159735540548957999e+00
6.160299456119538775e+00
6.160649502277372846e+00
6.161247825622560015e+00
6.161747324466702480e+00
6.162309877077738918e+00
6.162828739484147889e+00
6.163425358136493060e+00
6.164042123158772313e+00
6.164589015642803815e+00
6.165057790279391270e+00
6.165642778078712638e+00
6.166164207458493252e+00
6.166736849149067723e+00
6.167270131905873143e+00
6.167874503135678310e+00
6.168387325604754778e+00
6.169335913658144932e+00
6.169537734985354405e+00
6.170105429490405413e+00
6.170613920688630571e+00
6.171165776252749424e+00
6.171720321973161560e+00
6.172274025281268450e+00
6.172948646545407314e+00
6.173434583346050886e+00
6.173977704842883441e+00
6.174588517347970651e+00
6.175137889385226231e+00
6.175684758027394139e+00
6.176182397206623875e+00
6.176751824220019671e+00
6.177421752611799377e+00
6.177880080540973040e+00
6.178384256362917881e+00
6.178961316744484122e+00
6.179519593715667725e+00
6.180048986275991751e+00
6.180644528071084665e+00
6.181244035561881844e+00
6.181830263137818804e+00
6.182346626122793509e+00
6.182830659548443464e+00
6.183446633815762539e+00
6.183942600091299369e+00
6.184504763285318063e+00
6.185298776626588335e+00
6.185690120855966256e+00
6.186284061272935730e+00
6.186761208375294530e+00
6.187363326549530029e+00
6.187836194038389692e+00
6.188506964842481750e+00
6.189127822717033212e+00
6.189494589964546378e+00
6.190236028035478455e+00
6.190731116135914647e+00
6.191215109825137120e+00
6.191750633716580410e+00
6.192479554812116760e+00
6.193311389287309510e+00
6.193585968017579546e+00
6.194123562177018982e+00
6.194636841615043465e+00
6.195192480087278852e+00
6.195606760183970607e+00
6.196267108122505363e+00
6.196917104721066494e+00
6.197294990221656974e+00
6.198008676369987313e+00
6.198771174748735291e+00
6.198996714750926174e+00
6.199716869990034240e+00
6.200229696432749904e+00
6.200633557637530657e+00
6.201252245903013716e+00
6.201902318000790615e+00
6.202340388298033247e+00
6.202962712446847604e+00
6.203468938668571298e+00
6.203960494200387643e+00
6.204695864518484427e+00
6.205095378557842878e+00
6.205976545810699463e+00
6.206508644421894871e+00
6.206776873270669626e+00
6.207287446657815622e+00
6.207908324400584377e+00
6.208614869912466361e+00
6.209505581855772505e+00
6.209827204545341317e+00
6.210077043374376160e+00
6.210752117633816738e+00
6.211410280068712098e+00
6.211718654632569780e+00
6.212360290686291364e+00
6.213001767794288810e+00
6.213418412208554287e+00
6.214160176118213030e+00
6.214491371313734192e+00
6.215080972512559754e+00
6.215866605440773185e+00
6.216328871250155430e+00
6.216774888833363377e+00
6.217458041508990618e+00
6.217901567618049796e+00
6.218458076318107430e+00
6.219101524353028765e+00
6.219551936785379098e+00
6.220255732536315918e+00
6.221011821428938049e+00
6.221412054697673000e+00
6.221893974145253026e+00
6.222285095850629943e+00
6.223026323318478603e+00
6.223453478018441842e+00
6.224136825402574402e+00
6.224878648916877921e+00
6.225368030865986668e+00
6.225726870695751813e+00
6.226289029916124207e+00
6.226811782519021676e+00
6.227293364206950343e+00
6.227878371874489005e+00
6.228808808326718349e+00
6.229036696751911961e+00
6.229509615898130903e+00
6.230049391587577645e+00
6.230642966429392970e+00
6.231159456570942723e+00
6.231723999977113237e+00
6.232769993940991071e+00
6.232936314741770900e+00
6.233625539143879735e+00
6.234161671002702576e+00
6.234665671984352286e+00
6.235469806194302578e+00
6.235609098275503470e+00
6.236209209760026795e+00
6.236871612071993809e+00
6.237546706199644575e+00
6.238138532638551226e+00
6.238534390926361084e+00
6.239225892225903181e+00
6.239684311548870710e+00
6.240071749687196245e+00
6.241038453578951817e+00
6.241178015867866691e+00
6.241867748896282819e+00
6.242377161979675293e+00
6.242835442225135978e+00
6.243411087989805708e+00
6.243973561127980076e+00
6.244946495691934274e+00
6.245063598950700623e+00
6.245625579357145796e+00
6.246160956223803851e+00
6.246986202398936427e+00
6.247273401419320749e+00
6.247861154874165379e+00
6.248773467540743809e+00
6.248947751522067051e+00
6.249538234869639552e+00
6.250215117136640686e+00
6.250693841775259330e+00
6.251281479994453605e+00
6.251721704006193647e+00
6.252321855227151559e+00
6.253025511900581535e+00
6.253496269385017570e+00
6.254231484731036517e+00
6.254689923922221340e+00
6.255123186111447353e+00
6.255879441897072013e+00
6.256318998336794834e+00
6.257048173745474173e+00
6.257417182127632316e+00
6.258535846074423148e+00
6.258806693553921718e+00
6.259260880947110195e+00
6.259702595074969622e+00
6.260070923964185852e+00
6.260835631688436820e+00
6.261417059103649763e+00
6.261768976847328361e+00
6.262358502546945260e+00
6.262966779867809919e+00
6.263459038734438877e+00
6.263943092028299020e+00
6.264799964427950840e+00
6.265095786253610299e+00
6.265604102611540327e+00
6.266212427616117964e+00
6.266891586780545254e+00
6.267433083057404986e+00
6.267826875050864999e+00
6.268881360689796622e+00
6.269074948628741595e+00
6.269553959369659424e+00
6.270261311531065473e+00
6.270869572957359139e+00
6.271347570419308681e+00
6.271989409128828186e+00
6.272872666517891105e+00
6.273064847787217957e+00
6.273453923066455218e+00
6.274091382821403329e+00
6.274520599842070112e+00
6.275143345197044198e+00
6.275624398390455383e+00
6.276252043247225743e+00
6.276857495307922363e+00
6.277490838368734671e+00
6.277868358294171003e+00
6.278407800197598476e+00
6.279057860374450684e+00
6.279501553376512391e+00
6.280074524879452724e+00
6.281080691019695905e+00
6.281345121065776027e+00
6.281830640633899066e+00
6.282297543684641994e+00
6.282940832773846296e+00
6.283530815442404105e+00
6.284212104479472316e+00
6.285324203968045254e+00
6.285609598954515320e+00
6.285835262139634949e+00
6.287003278732299805e+00
6.287343506018324035e+00
6.287542859713234122e+00
6.288013958930967817e+00
6.289533567428591709e+00
6.289753361543020560e+00
6.290226574738817078e+00
6.291312674681343253e+00
6.291482480367022845e+00
6.292080231507618748e+00
6.292994825045269636e+00
6.293192625045776367e+00
6.293475770950315962e+00
6.293975865840913286e+00
6.295049623648324655e+00
6.295186714331308053e+00
6.295669837792715384e+00
6.296173107624056797e+00
6.297367914517721488e+00
6.297666410605110343e+00
6.297865168253579782e+00
6.299201114972433402e+00
6.299384089310962054e+00
6.299659530321754630e+00
6.300057097276052787e+00
6.301025851567587210e+00
6.301432025432589512e+00
6.301717595259347604e+00
6.302811125914253410e+00
6.302872105439504935e+00
6.303574403127036874e+00
6.304008976618447946e+00
6.304926228523257237e+00
6.305415129661561480e+00
6.305826004346208435e+00
6.306935926278434579e+00
6.307163127263386571e+00
6.307602624098457511e+00
6.308213047186534084e+00
6.309464502334591884e+00
6.309754931926725874e+00
6.310287948449449402e+00
6.311085895697274850e+00
6.311417953173318551e+00
6.311917070547742981e+00
6.312829601764676113e+00
6.313146094481147941e+00
6.313614853223164403e+00
6.314212481180824454e+00
6.315000323454540876e+00
6.315114816029868905e+00
6.315647975603738473e+00
6.316267196337385315e+00
6.316935642560324027e+00
6.317398011684417725e+00
6.317941912015278660e+00
6.318937909603121739e+00
6.319224123160047668e+00
6.319627130031584272e+00
6.320100084940591501e+00
6.320969088872274710e+00
6.321364669005077985e+00
6.321747732162478428e+00
6.323137656847634958e+00
6.323445494969682557e+00
6.323814590771995370e+00
6.324287374814353768e+00
6.325083688894906686e+00
6.325752345720928815e+00
6.325943426291146920e+00
6.326937603950497646e+00
6.327080837885539211e+00
6.327610480785367031e+00
6.327860649426774842e+00
6.328391015529632568e+00
6.329090734322868173e+00
6.329547651608784520e+00
6.330170464515688877e+00
6.330972659587857265e+00
6.331270329157511867e+00
6.331727182865144243e+00
6.332868679364523246e+00
6.333095558484394871e+00
6.333551502227784624e+00
6.334114213784538094e+00
6.335395387808482326e+00
6.335651743412014980e+00
6.335759301980338876e+00
6.336164212226869097e+00
6.336924461523693708e+00
6.337303439776100333e+00
6.337947324911752389e+00
6.338867366313934326e+00
6.339163661003112793e+00
6.339613978068037170e+00
6.340886815388998343e+00
6.341068291664122114e+00
6.341310238838197222e+00
6.342028486728665371e+00
6.342797728379565569e+00
6.343090951442718506e+00
6.343497180938719282e+00
6.344149144490558001e+00
6.344961698849992615e+00
6.345177165667216457e+00
6.345701185862225202e+00
6.346186586221058690e+00
6.347407066822050581e+00
6.347547578811642666e+00
6.347878857453665091e+00
6.348430176575980965e+00
6.348965597152712803e+00
6.349576063950856053e+00
6.350393279393514945e+00
6.350755437215170218e+00
6.351230553785960353e+00
6.351719697316489999e+00
6.352292958895368713e+00
6.353038505713143991e+00
6.353475972016653373e+00
6.354055158297221340e+00
6.354809208710989310e+00
6.355644563833870109e+00
6.356011343002322178e+00
6.356424260139462490e+00
6.357221690813702253e+00
6.358205505212147557e+00
6.358610876401264989e+00
6.359302850564318987e+00
6.359730315208437901e+00
6.360145068168641558e+00
6.361199557781219482e+00
6.361411253611244376e+00
6.362152755260467529e+00
6.362460426489512599e+00
6.362859161694842669e+00
6.363519410292305167e+00
6.364138205846153085e+00
6.364705590407055524e+00
6.365092098712921143e+00
6.366210746765133877e+00
6.366531880696612689e+00
6.366826430956521676e+00
6.367331655820208880e+00
6.367891887823738273e+00
6.368842478593187195e+00
6.369202375411987305e+00
6.369521586100262311e+00
6.370064632097879098e+00
6.370721153418223537e+00
6.371684761842089983e+00
6.371975588798520107e+00
6.372412876288095163e+00
6.373091852664948931e+00
6.374067215124767927e+00
6.374214653174085754e+00
6.374563622474667568e+00
6.375277324517568900e+00
6.375989830493928423e+00
6.376283518473307765e+00
6.376942924658457912e+00
6.377305495738980312e+00
6.377914571762083540e+00
6.378410319487251456e+00
6.379413231213888480e+00
6.379545688629150391e+00
6.380093467235568028e+00
6.380628959337869333e+00
6.381311345100399990e+00
6.382194530963900547e+00
6.382675564289094439e+00
6.382958749930061515e+00
6.383409909407298244e+00
6.384012405077619690e+00
6.384904023011522156e+00
6.385191071033474941e+00
6.385794067382811079e+00
6.386416558424635070e+00
6.386749831835430768e+00
6.387460541725161534e+00
6.388026587168376125e+00
6.388547623157499800e+00
6.389312744140625000e+00
6.389594554901123047e+00
6.390345462163288914e+00
6.390955797831217922e+00
6.391324512163798488e+00
6.391805831591291565e+00
6.392826735973358154e+00
6.393114030361175537e+00
6.393651640415193071e+00
6.394193693002065970e+00
6.394811987876892090e+00
6.395547580718996983e+00
6.395649727185563904e+00
6.396170385678608739e+00
6.396859900156655954e+00
6.397345165411628898e+00
6.398331308364866743e+00
6.398593457539874407e+00
6.399066042900088291e+00
6.399611862500506732e+00
6.400057717164358451e+00
6.400801495711007760e+00
6.401342852910360648e+00
6.401790344715116987e+00
6.402510976791383257e+00
6.403464806079867344e+00
6.403698070844015433e+00
6.404324674606321821e+00
6.404756434758503758e+00
6.405608169237773097e+00
6.406426143646243077e+00
6.406679793198904349e+00
6.406887431939445321e+00
6.407330405712130528e+00
6.407882436116537406e+00
6.408875926335653617e+00
6.409090459346771240e+00
6.409569760163627450e+00
6.410509399573008693e+00
6.411539383729298436e+00
6.411694288253784180e+00
6.412378096580503950e+00
6.412507092952729693e+00
6.412962114810945025e+00
6.413509297370907802e+00
6.414232814311979780e+00
6.414815485477447510e+00
6.415346523125968758e+00
6.415660790602366603e+00
6.416922998428347569e+00
6.417092533906298968e+00
6.417363421122232126e+00
6.417954969406125088e+00
6.418423589070634705e+00
6.419011187553408604e+00
6.419790295759838727e+00
6.420111572742463579e+00
6.420680058002474766e+00
6.421290024121603324e+00
6.421812335650123771e+00
6.422333939870199515e+00
6.422875519593553406e+00
6.423451002438859803e+00
6.424094378948211670e+00
6.424769294261935215e+00
6.425285959243772993e+00
6.425646241505937439e+00
6.426242037614187552e+00
6.426750385761259565e+00
6.427275582154592826e+00
6.428010781606040780e+00
6.428837831815080506e+00
6.429098018010456883e+00
6.429587741692863290e+00
6.430056365331012103e+00
6.430623237291975158e+00
6.431179300944009469e+00
6.431760700543719622e+00
6.432832018534341501e+00
6.433265431722006156e+00
6.433514197667442147e+00
6.434020944436390721e+00
6.434575239817299064e+00
6.435190049807232526e+00
6.435616811116538827e+00
6.436175028483070548e+00
6.436845612525942784e+00
6.437291685740156311e+00
6.437848043441775303e+00
6.438400260607402004e+00
6.438947542508444144e+00
6.439506153265632804e+00
6.440107679367066851e+00
6.440937475363412545e+00
6.441594326496122846e+00
6.441905844211575527e+00
6.442443772157034232e+00
6.443078982830044765e+00
6.443443520863851859e+00
6.444008072217307870e+00
6.444880851109822117e+00
6.445149930318194720e+00
6.445914741357164246e+00
6.446193587780001621e+00
6.446756005287170410e+00
6.447314170996349958e+00
6.447875205675764221e+00
6.448841293652854745e+00
6.449105679988861084e+00
6.449503119786577088e+00
6.450062370300294390e+00
6.450609854857127345e+00
6.451230847835539350e+00
6.451730052630104240e+00
6.452862711747485491e+00
6.452929329872134190e+00
6.453504677613572937e+00
6.453968342145280701e+00
6.454509588082629534e+00
6.455055594444274902e+00
6.455789387226104736e+00
6.456170034408572178e+00
6.456779932975770464e+00
6.457520163059236040e+00
6.457882559299470415e+00
6.458468258380889893e+00
6.458953408400219587e+00
6.459507477283480625e+00
6.460055621465045306e+00
6.460770030816398446e+00
6.461226232846577489e+00
6.461801322301226946e+00
6.462361629803972107e+00
6.462846982479092617e+00
6.463403340180711609e+00
6.463942885398864746e+00
6.464967505137124704e+00
6.465286739667256199e+00
6.465803623199462891e+00
6.466215856870014989e+00
6.466759387652082580e+00
6.467280189196266349e+00
6.467931751410169738e+00
6.468949906031291164e+00
6.469184680779775931e+00
6.469501769542695513e+00
6.470063642660775827e+00
6.470617636044821097e+00
6.471202961603800929e+00
6.471763054529823478e+00
6.472749356428785461e+00
6.473241019248959560e+00
6.473667812347414952e+00
6.474151412645973380e+00
6.474599750836688372e+00
6.475251642862957624e+00
6.475615104039512460e+00
6.476302727063497855e+00
6.476981902122496138e+00
6.477294238408404681e+00
6.477838019529976066e+00
6.478693234920498867e+00
6.479088143507638620e+00
6.479642327626542908e+00
6.480058447519937204e+00
6.480928790569308262e+00
6.481192640463511623e+00
6.481869232654574375e+00
6.482298533121742423e+00
6.482863748073576460e+00
6.483467042446136475e+00
6.483961021900178423e+00
6.484527746836342033e+00
6.485071186224622863e+00
6.485621265570323146e+00
6.486164987087249756e+00
6.486752219994862401e+00
6.487331589063010995e+00
6.487873212496438668e+00
6.488399791717526455e+00
6.488956177234648237e+00
6.489584958553315630e+00
6.490104516347251717e+00
6.490627133846281538e+00
6.491177244981130912e+00
6.491748249530793657e+00
6.492352267106376473e+00
6.492881560325621138e+00
6.493475353717805376e+00
6.493981397151948443e+00
6.494765190283459333e+00
6.495135680834451364e+00
6.495612434546153224e+00
6.496168716748556449e+00
6.496725110212963727e+00
6.497387528419494629e+00
6.498024892807009678e+00
6.498504273096720851e+00
6.499024856090542812e+00
6.499729120731352339e+00
6.500070218245191711e+00
6.500612278779350106e+00
6.501297585169474758e+00
6.501741341749827541e+00
6.502289462089535732e+00
6.502997565269467373e+00
6.503464512030284084e+00
6.503949813048045314e+00
6.504599718252819684e+00
6.505343580245970259e+00
6.505714317162833993e+00
6.506362013022105373e+00
6.507120736440022313e+00
6.507528463999427970e+00
6.508073866367340088e+00
6.508692757288613961e+00
6.509104247887925965e+00
6.509676698843641418e+00
6.510420234998065325e+00
6.510774600505826015e+00
6.511170208454132080e+00
6.511945207913719003e+00
6.512489032745364170e+00
6.513370120525358686e+00
6.513662302494047651e+00
6.514199431737260682e+00
6.514532677332560695e+00
6.515074360370633144e+00
6.515728525320689357e+00
6.516190946102142334e+00
6.516805728276573006e+00
6.517282553513844334e+00
6.517867958545686236e+00
6.518547014395394967e+00
6.519001400470735064e+00
6.519576271375022714e+00
6.520072571436564601e+00
6.520717744032545227e+00
6.521273851394653320e+00
6.521810062726338231e+00
6.522478270530697841e+00
6.522861532370249904e+00
6.523567752043405221e+00
6.524007415771485796e+00
6.524501212437947117e+00
6.525153366724651960e+00
6.525884278615315282e+00
6.526223842302961486e+00
6.526780227820076163e+00
6.527301192283630371e+00
6.527868564923601014e+00
6.528390582402543885e+00
6.529261418183644139e+00
6.529554080963137608e+00
6.530079948902127285e+00
6.530609118938443203e+00
6.531179908911390442e+00
6.531723797321319580e+00
6.532471640904745414e+00
6.532840339342754987e+00
6.533630029360452340e+00
6.534223632017770456e+00
6.534682385126750148e+00
6.535415208339692583e+00
6.535679805278775234e+00
6.536188352107998867e+00
6.536735916137693891e+00
6.537293513615928475e+00
6.537831811110180524e+00
6.538390024503073050e+00
6.538950586318968305e+00
6.539527781804402196e+00
6.540338027477261562e+00
6.540804616610209621e+00
6.541291125615437352e+00
6.541825489203134225e+00
6.542321360111237993e+00
6.542862967650094674e+00
6.543635809421537886e+00
6.544085391362507664e+00
6.544650463263195661e+00
6.545291745662687788e+00
6.545660706361132952e+00
6.546275556087493896e+00
6.546850248177847220e+00
6.547314655780795078e+00
6.548183810710909825e+00
6.548474609851837158e+00
6.548973286151884565e+00
6.549500234921772801e+00
6.550056838989256391e+00
6.550621084372203029e+00
6.551183422406516854e+00
6.551889749368029925e+00
6.552341639995574951e+00
6.552835448582968070e+00
6.553395716349285749e+00
6.554006203015646292e+00
6.554624780019125296e+00
6.555166546503706115e+00
6.555643411477404925e+00
6.556226797898609959e+00
6.556924672921496722e+00
6.557362039883933846e+00
6.557849582036332947e+00
6.558391249179841509e+00
6.558964407444001665e+00
6.559508180618287554e+00
6.560058176517486572e+00
6.560673467318217433e+00
6.561243323485058454e+00
6.561757993698122959e+00
6.562696234385171579e+00
6.563012297948198182e+00
6.563407969474795323e+00
6.564041153589883493e+00
6.564558013280233695e+00
6.565085148811341753e+00
6.565639241536459281e+00
6.566241192817685146e+00
6.566729656855265773e+00
6.567328659693401960e+00
6.567839046319328133e+00
6.568387413024900923e+00
6.568947327136996250e+00
6.569501499334968742e+00
6.570137027899427551e+00
6.570614055792489694e+00
6.571170290311179940e+00
6.571807722250618156e+00
6.572280593713124119e+00
6.572838878631593218e+00
6.573522448539733887e+00
6.573955361048383850e+00
6.574568303426104876e+00
6.575113777319593567e+00
6.575620083014172224e+00
6.576290869712828169e+00
6.576818037033078213e+00
6.577353493372598336e+00
6.577876166502633737e+00
6.578632744153338763e+00
6.578984808921816807e+00
6.579578272501628078e+00
6.580067837238310346e+00
6.580759338537852443e+00
6.581171866257982117e+00
6.581986486911773682e+00
6.582328100999198739e+00
6.582869839668276768e+00
6.583626107374826120e+00
6.583988567193351571e+00
6.584503134091697518e+00
6.585265807310740627e+00
6.585616723696389840e+00
6.586215619246168274e+00
6.586872120698295419e+00
6.587413537502285976e+00
6.587886202335354824e+00
6.588463405768074210e+00
6.589030623435974121e+00
6.589505700270336774e+00
6.590057031313577340e+00
6.590692329406735439e+00
6.591270267963409424e+00
6.591761140028637556e+00
6.592341057459513820e+00
6.592870879173275966e+00
6.593388211727145176e+00
6.593989968299865723e+00
6.594519698619841108e+00
6.595059339205427307e+00
6.595650549729661805e+00
6.596217060089109907e+00
6.596742288271585153e+00
6.597342061996457119e+00
6.597888036568960501e+00
6.598492117722827288e+00
6.598975471655528224e+00
6.599623294671374651e+00
6.600156569480894575e+00
6.600617011388145272e+00
6.601177306969958636e+00
6.601932076613110212e+00
6.602387722333268982e+00
6.602933577696482814e+00
6.603396010398867588e+00
6.604017221927641401e+00
6.604629262288412406e+00
6.605058475335439994e+00
6.605633457501731698e+00
6.606168826421104256e+00
6.606742314497630275e+00
6.607440058390302795e+00
6.607891611258189357e+00
6.608429404099780413e+00
6.609002371629081551e+00
6.609606381257371766e+00
6.610216701030729780e+00
6.610689739386238273e+00
6.611200829346977059e+00
6.611908515294395272e+00
6.612383584181465324e+00
6.612860731283824123e+00
6.613391669591266009e+00
6.614004381497700535e+00
6.614520732561750549e+00
6.615087342262270909e+00
6.615622866153714199e+00
6.616181222597759870e+00
6.616737524668373283e+00
6.617333165804545558e+00
6.617947081724800285e+00
6.618508835633598153e+00
6.618951797485351562e+00
6.619751822948458653e+00
6.620143759250638027e+00
6.620616384347279393e+00
6.621170568466183681e+00
6.621733029683433358e+00
6.622280907630923252e+00
6.622924657662707659e+00
6.623393607139590245e+00
6.623953886826832615e+00
6.624689022699989494e+00
6.625372095902761771e+00
6.625770505269365174e+00
6.626278909047442767e+00
6.626828567186990426e+00
6.627284844716392342e+00
6.628045793374376160e+00
6.628601749738059823e+00
6.628976504007972892e+00
6.629526801904042088e+00
6.630127068360643250e+00
6.630739339192707860e+00
6.631240928173063764e+00
6.631724337736763175e+00
6.632309746742251377e+00
6.633266409238181893e+00
6.633511765797933890e+00
6.633982559045158212e+00
6.634657438596086365e+00
6.635089325904843349e+00
6.635691928863522548e+00
6.636489824453988717e+00
6.636818806330360587e+00
6.637460815906521816e+00
6.637867812315626281e+00
6.638467665513353211e+00
6.639015710353852739e+00
6.639503073692324620e+00
6.640059773127241272e+00
6.640622194608049256e+00
6.641507411003111372e+00
6.641894634564714295e+00
6.642315220832827549e+00
6.643019692103067086e+00
6.643488446871437247e+00
6.643978186448414647e+00
6.644538338979081971e+00
6.645354966322578605e+00
6.645740691820783752e+00
6.646392718950906442e+00
6.646894609928132525e+00
6.647509256998695548e+00
6.648154687881472569e+00
6.648486101627348432e+00
6.649357052644091937e+00
6.649763341744737488e+00
6.650206756591799717e+00
6.650612902641299229e+00
6.651179663340251125e+00
6.651732544104255851e+00
6.652284721533455070e+00
6.652859242757159564e+00
6.653482254346208435e+00
6.654056827227272208e+00
6.654579885800679051e+00
6.655112977822618348e+00
6.655694226423896964e+00
6.656273496150973301e+00
6.657311439514160156e+00
6.657617191473640617e+00
6.657912699381512311e+00
6.658462957541146920e+00
6.658948147296904096e+00
6.659510799249012791e+00
6.660064888000491123e+00
6.660763009389242484e+00
6.661173272132870693e+00
6.661823213100433350e+00
6.662467308839161717e+00
6.662902315457664315e+00
6.663554386297860788e+00
6.664041769504549961e+00
6.664585642019908107e+00
6.665493969122572082e+00
6.665960506598153756e+00
6.666284640630088631e+00
6.666826017697651707e+00
6.667462579409281886e+00
6.667950228850045846e+00
6.668472921848298540e+00
6.669156217575071821e+00
6.669577169418332119e+00
6.670062883694967582e+00
6.670628956953684963e+00
6.671220874786378374e+00
6.671882216135664123e+00
6.672353820006051706e+00
6.673256027698514004e+00
6.673648234208421570e+00
6.673958138624826120e+00
6.674786674976346035e+00
6.675149945418041852e+00
6.675613903999327192e+00
6.676299726963044634e+00
6.677035097281141418e+00
6.677949742476144479e+00
6.678269040584567051e+00
6.678606077035269095e+00
6.678973031044009190e+00
6.679516478379568412e+00
6.680069243907929888e+00
6.680718437830606149e+00
6.681325002511343314e+00
6.681853552659354989e+00
6.682314085960385341e+00
6.682837033271788130e+00
6.683522506554922415e+00
6.684065997600555420e+00
6.684549427032472124e+00
6.685086031754813973e+00
6.685638880729676714e+00
6.686218126614889457e+00
6.686761971314744812e+00
6.687286825974780413e+00
6.687838872273765389e+00
6.688834917545321446e+00
6.688993859291073818e+00
6.689584608872728211e+00
6.690081799030302534e+00
6.690622031688690186e+00
6.691440832614901524e+00
6.691774459679919573e+00
6.692331711451210197e+00
6.692874038219450483e+00
6.693555307388308506e+00
6.694240999221804600e+00
6.694578675429028181e+00
6.695090695222219779e+00
6.695695225397749084e+00
6.696322135130564845e+00
6.696823656558990479e+00
6.697346862157182557e+00
6.697873874505361869e+00
6.698505183060966317e+00
6.699474310874940386e+00
6.699532341957095127e+00
6.700068310896554635e+00
6.700680009524027980e+00
6.701186132431033116e+00
6.702148767312365862e+00
6.702425873279572954e+00
6.702855102221171535e+00
6.703502853711448495e+00
6.704100728034973145e+00
6.704927821954093758e+00
6.705102701981864755e+00
6.705686179796856550e+00
6.706202797094981349e+00
6.706794357299806109e+00
6.707438230514526367e+00
6.707940518856048584e+00
6.708513081073760986e+00
6.708959261576332267e+00
6.709623503684994716e+00
6.710358893871308794e+00
6.710752673943837010e+00
6.711284180482230965e+00
6.711886024475099077e+00
6.712762959798176610e+00
6.713215057055158752e+00
6.713557740052543465e+00
6.714301705360412598e+00
6.714755777517957824e+00
6.715490289529164158e+00
6.715857378641764797e+00
6.716286122798919678e+00
6.716825421651201111e+00
6.717350983619688520e+00
6.718133620421092189e+00
6.718587501843771292e+00
6.719050510724386527e+00
6.719527455170947405e+00
6.720060610771177778e+00
6.720885936419172424e+00
6.721408490339918274e+00
6.721789797147117440e+00
6.722299238046012704e+00
6.722881488005320705e+00
6.723678108056382996e+00
6.724079314867658752e+00
6.724537054697670158e+00
6.725079484780629002e+00
6.726365327835083008e+00
6.726765787601472368e+00
6.727018761634823818e+00
6.727345728874205122e+00
6.728224945068362217e+00
6.728856221834817575e+00
6.729235235850019592e+00
6.729679191112516889e+00
6.730441546440125933e+00
6.730769670009614458e+00
6.731731196244560067e+00
6.731868616739909328e+00
6.732768297195434570e+00
6.732955932617187500e+00
6.734135309855140861e+00
6.734420553843179391e+00
6.734810145696002337e+00
6.735191178321841221e+00
6.735637990633648542e+00
6.736326324939724941e+00
6.737014182408650242e+00
6.737377063433328317e+00
6.737964097658796447e+00
6.738460799058280770e+00
6.739418288071952645e+00
6.739544312159218009e+00
6.740249840418499616e+00
6.740674483776089687e+00
6.741323439280193952e+00
6.742213932673138288e+00
6.742349259058634914e+00
6.742859502633415048e+00
6.743482724825540231e+00
6.744809893767040876e+00
6.745190922419233459e+00
6.745445815722149518e+00
6.745718642075857474e+00
6.746309149265286464e+00
6.746930642922720267e+00
6.747395241260527143e+00
6.747847239176429923e+00
6.748457658290860195e+00
6.749246231714884914e+00
6.749660146236422520e+00
6.750346823533377005e+00
6.750636498133339103e+00
6.751337691148123099e+00
6.751765032609306161e+00
6.752284665902458016e+00
6.752918573220568987e+00
6.753403234481808681e+00
6.753982440630593942e+00
6.754517793655395508e+00
6.755167770385739345e+00
6.755653131008145351e+00
6.756257764498393215e+00
6.756817770004275303e+00
6.757288432121278277e+00
6.757871874173481785e+00
6.758574167887367423e+00
6.759067555268607919e+00
6.759607191880540711e+00
6.760154378414156895e+00
6.760990548133847255e+00
6.761263271172843758e+00
6.761759968598681780e+00
6.762296660741171195e+00
6.762926367918652204e+00
6.763409189383189357e+00
6.763961501916249119e+00
6.764830239613850438e+00
6.765136198202768014e+00
6.765650745232896668e+00
6.766302633285519619e+00
6.767025756835934658e+00
6.767464109261830174e+00
6.768121528625485439e+00
6.768787511189778172e+00
6.769207068284352147e+00
6.769620116551713807e+00
6.770092082023623448e+00
6.770623958110810747e+00
6.771277928352354536e+00
6.771886368592582528e+00
6.772292113304139605e+00
6.772912939389549081e+00
6.773760791619615418e+00
6.774096528689064201e+00
6.774516936143236023e+00
6.775077331066128750e+00
6.775681773821510490e+00
6.776277263959251229e+00
6.777032776673635794e+00
6.777321525414784276e+00
6.777975300947822745e+00
6.778427668412525975e+00
6.779008702437081979e+00
6.779702397187548968e+00
6.780064876874284607e+00
6.780800227324171203e+00
6.781216565767927307e+00
6.781791802247362000e+00
6.782350035508471819e+00
6.783027235666914123e+00
6.783500206470492344e+00
6.783960394064585842e+00
6.785072708129881391e+00
6.785229051113127241e+00
6.785758527119952532e+00
6.786297762393949995e+00
6.786747829119363473e+00
6.787308239936827192e+00
6.787939588228859122e+00
6.788907337188717861e+00
6.789311039447781582e+00
6.789739676316578709e+00
6.790244118372598336e+00
6.790690771738688625e+00
6.791437284151712106e+00
6.791739614804583880e+00
6.792291311422985700e+00
6.793170658747357038e+00
6.793428683280943403e+00
6.793957944711046082e+00
6.794748338063556048e+00
6.795347424348193499e+00
6.795891034603116054e+00
6.796889209747313032e+00
6.797093582153323155e+00
6.797516576449076808e+00
6.798226475715637207e+00
6.799016416072845459e+00
6.799218297004699707e+00
6.799574995040892134e+00
6.800097449620565726e+00
6.801076821486155666e+00
6.801431008179982030e+00
6.801745291550950867e+00
6.802324748039247027e+00
6.802905464172361860e+00
6.803655227025352303e+00
6.803976424535115086e+00
6.804945190747581307e+00
6.805219976107281354e+00
6.805840762456256243e+00
6.806324160099030962e+00
6.806782583395637687e+00
6.807415894667308010e+00
6.808090853691098232e+00
6.809016235669453465e+00
6.809322476387023926e+00
6.809785497188570957e+00
6.810215628147126665e+00
6.810809528827668657e+00
6.811186571915946786e+00
6.811744956175488142e+00
6.812829947471620073e+00
6.813134324550631504e+00
6.813498890399934282e+00
6.814560655752821106e+00
6.814990528424580418e+00
6.815207866827648786e+00
6.815751401583355573e+00
6.816218125820157070e+00
6.816900336742399702e+00
6.817421682675679051e+00
6.817917569478353812e+00
6.818482085069021537e+00
6.818986296653747559e+00
6.819892521699266297e+00
6.820069440205891453e+00
6.820727928479513480e+00
6.821184158325195312e+00
6.822149352232614206e+00
6.822390226523083356e+00
6.822892530759176566e+00
6.823411206404365714e+00
6.823954602082572762e+00
6.824828652540844587e+00
6.825215371449786517e+00
6.825651355584462010e+00
6.826208980878192278e+00
6.826823572317756827e+00
6.827546270688372942e+00
6.828091990947726231e+00
6.828615168730415519e+00
6.828981808821360744e+00
6.829654562473294277e+00
6.830281456311546151e+00
6.830804447333015617e+00
6.831296340624490426e+00
6.831750329335527283e+00
6.832854692141218322e+00
6.833166337013246050e+00
6.833419191837307949e+00
6.834033652146658255e+00
6.834518925348916696e+00
6.835552219549818176e+00
6.835818966229759042e+00
6.836306452751159668e+00
6.836832563082374747e+00
6.837353642781572205e+00
6.838150076071421779e+00
6.838493923346199210e+00
6.838987751801809623e+00
6.839770952860511954e+00
6.840110476811723572e+00
6.840904629230500689e+00
6.841304198900857614e+00
6.841945823033647400e+00
6.842438268661496181e+00
6.843537028630571228e+00
6.843683922290800581e+00
6.844210267066955566e+00
6.844770975907643162e+00
6.845488830407461478e+00
6.846382872263589547e+00
6.846549781163531634e+00
6.846858223279319589e+00
6.847383077939348084e+00
6.847862180074052674e+00
6.849030915896101135e+00
6.849401573340095695e+00
6.849620767434437596e+00
6.850280928611752529e+00
6.850733407338459813e+00
6.851504103342691110e+00
6.851939086119337219e+00
6.852286744117733974e+00
6.852916292349497951e+00
6.853414034843446245e+00
6.854301802317301906e+00
6.854682763417564217e+00
6.855097214380897697e+00
6.855769793192543204e+00
6.856264122327168309e+00
6.856872208913166844e+00
6.857361853122711182e+00
6.857899292310079886e+00
6.858428474267320496e+00
6.859433221817013759e+00
6.859677048524218890e+00
6.860120673974357430e+00
6.860624233881630119e+00
6.861265873908998003e+00
6.862218387921650731e+00
6.862386834621432286e+00
6.862986719608308306e+00
6.863427809874217189e+00
6.863953395684561087e+00
6.864928587277731253e+00
6.865245505174002005e+00
6.865715634822848301e+00
6.866490725676221984e+00
6.866866922378541460e+00
6.867815613746643066e+00
6.868055566151937796e+00
6.868438454469043108e+00
6.869021554787956063e+00
6.869600971539817635e+00
6.870230023066206115e+00
6.870623842875161813e+00
6.871177252133684021e+00
6.871896970272061367e+00
6.872290662924449123e+00
6.872957722345987008e+00
6.873438374201455758e+00
6.874013495445254307e+00
6.874509151776628357e+00
6.875467427571614110e+00
6.875769702593487409e+00
6.876202082633973589e+00
6.876796662807464600e+00
6.877304963270823635e+00
6.878450838724774030e+00
6.878628249963121277e+00
6.879048430919645796e+00
6.879523630936937195e+00
6.880865641434986912e+00
6.881157104174299377e+00
6.881454726060233895e+00
6.881842251618699891e+00
6.882740286986035017e+00
6.883544019858042873e+00
6.883844260374708313e+00
6.884066311518353132e+00
6.884861075878141889e+00
6.885175693035122890e+00
6.885677150885264552e+00
6.886356699466702480e+00
6.886823280652365042e+00
6.887287898858389212e+00
6.887873884042100769e+00
6.888998218377430760e+00
6.889235933621726815e+00
6.889527471860247942e+00
6.890105366706848145e+00
6.890780512491865295e+00
6.891307071844735788e+00
6.891846219698585685e+00
6.892289948463442784e+00
6.893065166473391514e+00
6.893408604462941014e+00
6.894044172763827305e+00
6.894635403156279096e+00
6.895371592044831743e+00
6.895836186408999424e+00
6.896218915780387704e+00
6.896785632769265817e+00
6.897298101584119934e+00
6.898175211747485491e+00
6.898541100819905125e+00
6.899009342988328797e+00
6.899554324150088291e+00
6.900077454249064601e+00
6.900901254018144471e+00
6.901308306058247410e+00
6.901937715212504543e+00
6.902543715635935939e+00
6.902966618537902832e+00
6.903410383065541112e+00
6.904043571154275583e+00
6.904866623878476162e+00
6.905239347616834777e+00
6.905631033579510358e+00
6.906191547711692635e+00
6.906772673130035400e+00
6.907293462753294477e+00
6.907906158765158011e+00
6.908945326010389465e+00
6.909228869279225194e+00
6.909681646029156354e+00
6.910375360647840637e+00
6.910685173670451320e+00
6.911195361614225874e+00
6.911889489491777283e+00
6.912367129325865278e+00
6.912876454989117292e+00
6.913541154066720651e+00
6.913988200823467878e+00
6.914566075801850786e+00
6.915063794453935486e+00
6.915758363405863918e+00
6.916178516546885646e+00
6.916939592361451616e+00
6.917333849271138035e+00
6.917842932542164647e+00
6.918438859780629002e+00
6.918980737527213876e+00
6.919691081841783387e+00
6.920106029510499468e+00
6.920811657110853332e+00
6.921199417114259234e+00
6.921955708662672180e+00
6.922307511170707528e+00
6.922865780194598528e+00
6.923445192972820905e+00
6.923964182535804923e+00
6.924852621555331211e+00
6.925150223573048436e+00
6.925652507940931457e+00
6.926326982180277980e+00
6.926805520057676802e+00
6.927305312951403948e+00
6.927885707219438416e+00
6.928890494505566267e+00
6.929080299536387599e+00
6.929542609055836522e+00
6.930230081081390381e+00
6.930694421132407967e+00
6.931182094415028416e+00
6.932150832811991847e+00
6.932759177684786778e+00
6.932994786898298401e+00
6.933452554543812596e+00
6.934146626790365531e+00
6.934679893652599958e+00
6.935240606466926749e+00
6.935705594221751369e+00
6.936177742481234532e+00
6.937142328421273874e+00
6.937413223584492528e+00
6.937969505786895752e+00
6.938567384084066703e+00
6.939054822921754351e+00
6.939519313971203474e+00
6.940103232860565186e+00
6.940880314509072946e+00
6.941219373544058158e+00
6.941756733258564793e+00
6.942427794138588126e+00
6.942896346251167472e+00
6.943400609493252773e+00
6.943956875801085005e+00
6.944779733816780265e+00
6.945167164007820304e+00
6.945623286565144383e+00
6.946308791637420654e+00
6.946864167849220451e+00
6.947467168172202889e+00
6.947952636082966649e+00
6.948898283640545515e+00
6.949083725611366447e+00
6.949550338586170994e+00
6.950189888477325439e+00
6.950683470567064148e+00
6.951177616914115731e+00
6.952141837279000924e+00
6.952442085742951861e+00
6.953004634380341997e+00
6.953398470083875793e+00
6.954168883959454206e+00
6.954599968592326320e+00
6.955193873246507508e+00
6.955689410368599113e+00
6.956233179569245806e+00
6.956742254892986921e+00
6.957373293240863177e+00
6.958116443951922747e+00
6.958477207024891698e+00
6.958985292911528120e+00
6.959666689236961190e+00
6.960112377007803275e+00
6.960774970054629307e+00
6.961318743228915196e+00
6.962031133969624364e+00
6.962441563606262207e+00
6.963601919015246722e+00
6.963764222462970110e+00
6.964484079678854300e+00
6.964828860759737950e+00
6.965118372440336714e+00
6.965630372365318124e+00
6.966227734088896284e+00
6.966751893361411874e+00
6.967420570055644191e+00
6.967885164419811872e+00
6.968862191836038278e+00
6.968974530696868896e+00
6.969621491432192784e+00
6.971899843215943804e+00
6.972472564379373239e+00
6.972849154472349653e+00
6.973407649993895063e+00
6.974320375919340620e+00
6.974708056449891558e+00
6.975224590301515093e+00
6.975632401307422015e+00
6.976220420996348537e+00
6.976823918024699367e+00
6.977311980724337559e+00
6.977982819080352783e+00
6.978415997823077532e+00
6.979434553782148498e+00
6.979577497641244577e+00
6.980088464419047511e+00
6.980630485216778425e+00
6.981215898195905822e+00
6.982163830598196341e+00
6.982298334439597909e+00
6.982846983273823582e+00
6.983442695935565325e+00
6.983971691131593218e+00
6.984951404730480817e+00
6.985240844885510114e+00
6.985690617561338911e+00
6.986184581120809867e+00
6.986886552969615138e+00
6.987692904472353916e+00
6.988061447938285653e+00
6.988511478900910845e+00
6.988984310626982221e+00
6.989539027214050293e+00
6.990240526199343662e+00
6.990694693724314845e+00
6.991192921002706839e+00
6.991798690954844631e+00
6.992769360542297363e+00
6.993195331096650591e+00
6.993424956003828186e+00
6.994051158428192139e+00
6.994528679052990583e+00
6.995683495203657287e+00
6.995861184597018223e+00
6.996417208512625052e+00
6.996984108289083792e+00
6.997382140159608355e+00
6.998154894510904001e+00
6.998467036088307225e+00
6.999005063374838187e+00
6.999690087636309954e+00
