1.201463622157434852e-01
1.206691248341040801e-01
1.211079028955155401e-01
1.205733863319817800e-01
1.210120153161688972e-01
1.213734986348466993e-01
1.216617124223704494e-01
1.218832843550496925e-01
1.220464408706638526e-01
1.221600895392465080e-01
1.222331278431207924e-01
1.222739563506525240e-01
1.222901662312210203e-01
1.222883678304242938e-01
1.222741275246186365e-01
1.222519830513542072e-01
1.222255118371988747e-01
1.221974316418001916e-01
1.221697175113525269e-01
1.221437232352042823e-01
1.212196385217103600e-01
1.204735762189761417e-01
1.198885334590056306e-01
1.194445955668450576e-01
1.199907162807634098e-01
1.196042699834378720e-01
1.193117156669474266e-01
1.190993481030304668e-01
1.189535943051271971e-01
1.188616498450341119e-01
1.188118769198878155e-01
1.187940245544036877e-01
1.187993171552264027e-01
1.188204473260996430e-01
1.188515012855235753e-01
1.188878394911532244e-01
1.189259505145565665e-01
1.189632924087740129e-01
1.189981325350057961e-01
1.190293939536375412e-01
1.190565140011292655e-01
1.190793185632175177e-01
1.190979138179539820e-01
1.199822552430511724e-01
1.207137996672824620e-01
1.212983615265186277e-01
1.217479876708327247e-01
1.211785269001095511e-01
1.215686954843622214e-01
1.209698860508814366e-01
1.213480556803430144e-01
1.216493482614173782e-01
1.209835936928589373e-01
1.139634206845840936e-01
1.147161526309925517e-01
1.154702948109729288e-01
1.089200809684516269e-01
1.029128069473510543e-01
9.898699353331164019e-02
9.537174930795311312e-02
9.276511287807132078e-02
9.098475870147360034e-02
8.986476605532245365e-02
8.925832162069613496e-02
8.903860140505992504e-02
8.909849641931799624e-02
8.934959978553935755e-02
8.972072547122822428e-02
9.015614314790387773e-02
9.061366386740976608e-02
9.106268059437150342e-02
9.148224609296584653e-02
9.185925285880647273e-02
9.218676335132025557e-02
9.246252313763081432e-02
9.268767501043262413e-02
9.286567928326139310e-02
9.300143482730738320e-02
9.310058729610837247e-02
9.316900542313488742e-02
9.321240307904044009e-02
9.323608359047086402e-02
9.391215573452749155e-02
9.446240636501013199e-02
9.489441572018919580e-02
9.521994603994654582e-02
9.476351368779378781e-02
9.504285051855054789e-02
9.525287137472404631e-02
9.540310503788984597e-02
9.550348443694511857e-02
9.556367335143645114e-02
9.559260623417187297e-02
9.559820875740143720e-02
9.558726260118710627e-02
9.556537859236757804e-02
9.553704590692713161e-02
9.550573020014385683e-02
9.547399912648901754e-02
9.544365903907592319e-02
9.541589132467720447e-02
9.539138067818009326e-02
9.537043064389694180e-02
9.535306402751997368e-02
9.533910742548434847e-02
1.025764793249075435e-01
1.012431415469663420e-01
1.000022314221784558e-01
9.889109450956801162e-02
1.051716528251662730e-01
1.102760378849509948e-01
1.142935386653685104e-01
1.173435387582166811e-01
1.195599487416054707e-01
1.219635006298698254e-01
1.236627214794827623e-01
1.247733062744911248e-01
1.254092704688758442e-01
1.247513091192193890e-01
1.249135176951787773e-01
1.248758909885072654e-01
1.247000881996584987e-01
1.244369143825645452e-01
1.241267055511041661e-01
1.238002074637256644e-01
1.234797521855071079e-01
1.231805697192702720e-01
1.229121108830060205e-01
1.226792954179589668e-01
1.224836320821252045e-01
1.223241835360917573e-01
1.221983680325902100e-01
1.221026030334619872e-01
1.220328040352234300e-01
1.219847562810161268e-01
1.219543787459609341e-01
1.219378996841300467e-01
1.219319617936516220e-01
1.219336731841451638e-01
1.219406181618671869e-01
1.219508396131703254e-01
1.219628026139427668e-01
1.219753469106608090e-01
1.219876341558849830e-01
1.219990942581827831e-01
1.220093739256515875e-01
1.220182894331074408e-01
1.220257848077148655e-01
1.220318959834942873e-01
1.220367209969177580e-01
1.220403959580185216e-01
1.211435771866304911e-01
1.204201146795793598e-01
1.198533347950618833e-01
1.194237696853706066e-01
1.199806905419624758e-01
1.204792548176545353e-01
1.209107763663883617e-01
1.212725289950791208e-01
1.215662260823375806e-01
1.217966723942063290e-01
1.219706168682828107e-01
1.220958194303254363e-01
1.221803289147622706e-01
1.222319561114544317e-01
1.222579172192224117e-01
1.222646185897515725e-01
1.222575528688314428e-01
1.222412784584703260e-01
1.222194576135682276e-01
1.221949326034907912e-01
1.221698235958263989e-01
1.221456358622832195e-01
1.221233673512367446e-01
1.221036105345880696e-01
1.220866447195803062e-01
1.220725167687992663e-01
1.220611094660444262e-01
1.220521976808024434e-01
1.220454930949226302e-01
1.220406786291743373e-01
1.220374339021410570e-01
1.211360327949024818e-01
1.139481075488402162e-01
1.080685994365688796e-01
1.026521044183268394e-01
9.852998312277372328e-02
9.621643959744963226e-02
9.466985672774552718e-02
9.374319326313229617e-02
9.330036061379076706e-02
9.322003506123488492e-02
9.339772624901354625e-02
9.374640232330255785e-02
9.419600285568763276e-02
9.469216548095960029e-02
9.519446005872200800e-02
9.567437590884342313e-02
9.611325312434870760e-02
9.578548842843259692e-02
9.553539847075898095e-02
9.535162105384409337e-02
9.592309386987363240e-02
9.570821842379517719e-02
9.553904040975091938e-02
9.541022581791325230e-02
9.531603286412027032e-02
9.594728826905440933e-02
9.648073785024191551e-02
9.691717317724557468e-02
9.726220517459971404e-02
9.752465507725682770e-02
9.771518041129412246e-02
9.784516498312756383e-02
9.792587620180781549e-02
9.796787167759379855e-02
9.798062262105156073e-02
9.797231432190445233e-02
9.794978268728260495e-02
9.791854867507532312e-02
9.788291771066681690e-02
9.784611740367932242e-02
9.781045309680003186e-02
9.777746639207385293e-02
9.774808653160649285e-02
9.772276829052106706e-02
9.770161292628887217e-02
9.768447083831066635e-02
1.058834553910854570e-01
1.118209951022459681e-01
1.164804357958220127e-01
1.200075809272307392e-01
1.225635514402507731e-01
1.243111790629403135e-01
1.254057662476963930e-01
1.185974843838348836e-01
1.135962156736951556e-01
1.085435329419977002e-01
1.044566711418444260e-01
1.095156868013882345e-01
1.138906256757841184e-01
1.175509690198315305e-01
1.205135082079185072e-01
1.228280138725801329e-01
1.245648735715862987e-01
1.258050126708842864e-01
1.266321406149999440e-01
1.271271614674078787e-01
1.263995324498663475e-01
1.256668668221323504e-01
1.249696880516979469e-01
1.243335546035899686e-01
1.237727105945043427e-01
1.232930533999130329e-01
1.228945079384855532e-01
1.225729042602166086e-01
1.223214458677552852e-01
1.221318422914765556e-01
1.219951660491056522e-01
1.219024831463737524e-01
1.218452979517214985e-01
1.218158471311523439e-01
1.218072726895622626e-01
1.218137004231860665e-01
1.218302467987593118e-01
1.218529741738940686e-01
1.218788112480366781e-01
1.219054526794203230e-01
1.219312489761139595e-01
1.219550951455330434e-01
1.219763242380127455e-01
1.145997269495171444e-01
1.159679188922764226e-01
1.098372365487068070e-01
1.123332429529753096e-01
1.071745191845459022e-01
1.030773095366932512e-01
9.993665358224657069e-02
9.762860305258413973e-02
9.602260282295316252e-02
9.499047129708038106e-02
9.441251963523722424e-02
9.418134858124904696e-02
9.420382696768814235e-02
9.440170179076567969e-02
9.471122638100859525e-02
9.508212769739143866e-02
9.547617075493519678e-02
9.586552051431640464e-02
9.623105080084215501e-02
9.656070664609384124e-02
9.684799087624207381e-02
9.709061738558344423e-02
9.728935163903851269e-02
9.744704270674464652e-02
9.684614973973859620e-02
9.706553588950184164e-02
9.653374771640543806e-02
9.681217486407245332e-02
9.705111384806364150e-02
9.724989252936633299e-02
9.741011739158245142e-02
9.753493290402848181e-02
9.762840917285364739e-02
9.769505500720709890e-02
9.773944807342305197e-02
9.032968645514638517e-02
8.363010489426270233e-02
7.836913466260098104e-02
7.437204244963391275e-02
7.145339948744289238e-02
7.671474951311108015e-02
8.133969058042866962e-02
7.803203874239628135e-02
7.538383014100480395e-02
8.058087309982453483e-02
8.497036068205776616e-02
8.132858875618431682e-02
7.826843392834681445e-02
7.577405757511024298e-02
6.654011385826086311e-02
5.952489091472923377e-02
5.399621941429977312e-02
4.981545628979011653e-02
4.646413365288082353e-02
4.419499708932761450e-02
4.279412710491370397e-02
4.206757987677622879e-02
4.215508523182109890e-02
4.223811267082955290e-02
4.288440666467741025e-02
4.331374415001087996e-02
4.382750439609583992e-02
4.470048727862918625e-02
4.551584847120060395e-02
4.624761257887866073e-02
4.688181457685347553e-02
3.993161795741584363e-02
4.172421153360694746e-02
4.333636093949522206e-02
3.723160347597898046e-02
3.227165495964912090e-02
2.837415130016096576e-02
2.542418696260262401e-02
2.329068985949933612e-02
2.183863655990325725e-02
2.093767741224472623e-02
2.046780081318666511e-02
2.032265147205380984e-02
2.056538434145771532e-02
2.078469020327600170e-02
2.110262777351601393e-02
2.147201938316856129e-02
1.433890324019149176e-02
8.583199360437276937e-03
4.088223259808065890e-03
7.062880752222167047e-04
-1.723817255065096532e-03
-3.364133628610099791e-03
-4.368761588482650282e-03
-4.878224833236632918e-03
-5.016272513750363871e-03
-4.888526405167015199e-03
-4.582475504389282861e-03
-4.168408689311453585e-03
-3.700954833490088802e-03
-3.220969313567190184e-03
-2.757566538167832704e-03
-9.827162484159268629e-03
-1.557347032254008390e-02
-2.009508941248294711e-02
-1.602998905907715432e-02
-1.989099314542563945e-02
-2.287226194954561365e-02
-2.508377889540458483e-02
-1.914747735957877950e-02
-1.404406769146637757e-02
-9.717320014809738282e-03
-6.313790228704707630e-03
-3.619841133574830394e-03
-1.612568934310942836e-03
-1.816987468512554216e-04
-6.545416615757693179e-03
-4.610344258731524647e-03
-1.036338827572458321e-02
-1.512129695883324132e-02
-1.894051534316321117e-02
-2.190811567221984113e-02
-2.412824776683963890e-02
-2.571185270017006808e-02
-2.676910534798881969e-02
-2.740411672391562803e-02
-2.771148125880906754e-02
-2.777430040122119692e-02
-2.766335554540155783e-02
-3.474151342451814450e-02
-4.041680596579499962e-02
-4.481564438212393142e-02
-4.809355764450096160e-02
-5.041805238810215251e-02
-5.195608474795920806e-02
-5.286539599774964238e-02
-5.328898304307583267e-02
-5.335203344034611384e-02
-5.316073237164520293e-02
-5.280243359843228568e-02
-5.234677071483284649e-02
-5.184736491402452963e-02
-4.404106760891957073e-02
-3.759006952638443977e-02
-3.242424579316693922e-02
-2.842654414071166258e-02
-2.545352053316762841e-02
-2.335103023960094504e-02
-2.196569313260265943e-02
-2.867679414482471323e-02
-3.452908098931128933e-02
-3.946328771862583906e-02
-4.348659607910887459e-02
-4.665380299445964773e-02
-4.905059363582875420e-02
-5.077958052809328215e-02
-5.194934698948805440e-02
-5.227346055942216907e-02
-5.270597773983953793e-02
-5.247796971533325028e-02
-5.212999303185328337e-02
-5.171821994208292139e-02
-5.128422944587174293e-02
-5.085762423778805719e-02
-5.045837876450232073e-02
-5.009888430575282214e-02
-4.978569599588555938e-02
-5.679564874085740733e-02
-5.524840147004272950e-02
-6.110849697271780734e-02
-5.853825698190862070e-02
-6.351379400079459892e-02
-6.747233680752806606e-02
-7.051465224153430356e-02
-7.275885109088653380e-02
-7.432902919908590533e-02
-7.534701509355956617e-02
-7.592671122628313896e-02
-7.672969234049298315e-02
-7.718985752132256906e-02
-7.738259222923460356e-02
-7.737610269979922073e-02
-7.722965731080999596e-02
-7.699278886050731074e-02
-7.670529662403846594e-02
-7.639784294632678829e-02
-8.357681598642674459e-02
-8.192206673428503727e-02
-8.038694245982602737e-02
-8.649190313306598377e-02
-8.394163109894403618e-02
-8.914225872438397147e-02
-9.328780857541763005e-02
-8.903329406271320856e-02
-9.276416140647070208e-02
-9.569728640100083616e-02
-9.792118226328860864e-02
-9.953475088125407488e-02
-1.006388563065414576e-01
-1.013304124625056257e-01
-9.427109229823904535e-02
-9.575434204892707690e-02
-9.625041601979633654e-02
-9.662096215862470139e-02
-9.688619354434013786e-02
-9.706529064651503447e-02
-9.717575619246199281e-02
-9.723308785668982601e-02
-9.725065913994934697e-02
-9.723973620777770499e-02
-9.720958288191750007e-02
-9.716762143989754463e-02
-1.043364307238987543e-01
-1.101809035950436222e-01
-1.147978947461287813e-01
-1.183185200431815520e-01
-1.208910750784053523e-01
-1.226682498410696098e-01
-1.237979634859294187e-01
-1.244171818754220560e-01
-1.246481348754790996e-01
-1.245964117446660691e-01
-1.243504769636722962e-01
-1.239822132081260797e-01
-1.235481613214577390e-01
-1.230911876699516405e-01
-1.226423657457060834e-01
-1.222229100525411560e-01
-1.218460452034941799e-01
-1.215187312351593274e-01
-1.212431973028909038e-01
-1.282247388873412053e-01
-1.267301950760977292e-01
-1.253668571724169123e-01
-1.313671553076092291e-01
-1.290298553538733461e-01
-1.341529765414901654e-01
-1.382503032000890197e-01
-1.414184995551099888e-01
-1.437736924524026794e-01
-1.454393644898683835e-01
-1.465376132727893577e-01
-1.471831770708167397e-01
-1.403115997917341318e-01
-1.344815755120962741e-01
-1.296860297278330520e-01
-1.258652980181349523e-01
-1.229260947421666472e-01
-1.135380486710779735e-01
-1.133384174228933006e-01
-1.135837913549300193e-01
-1.133039098894743635e-01
-1.062159752098439380e-01
-1.078187029451422863e-01
-1.094537662753127805e-01
-1.039629286104806205e-01
-1.067139238018735004e-01
-1.099838447260501617e-01
-1.120367412407505814e-01
-1.137652450134010174e-01
-1.151783480475030430e-01
-1.162986228547593370e-01
-1.171568711579515920e-01
-1.177880376378923621e-01
-1.252562990366961060e-01
-1.312739245330534210e-01
-1.359676659600468351e-01
-1.324898615633280929e-01
-1.302117335994732450e-01
-1.281033131961457627e-01
-1.262263251714734746e-01
-1.237192551866990176e-01
-1.225452609349029220e-01
-1.216202175476337466e-01
-1.209194926231356160e-01
-1.204135309076923566e-01
-1.200709455389012970e-01
-1.198608339463937966e-01
-1.197543819422617339e-01
-1.197258590049739002e-01
-1.197531246736029953e-01
-1.198177657062504675e-01
-1.199049723382716870e-01
-1.200032449616248442e-01
-1.128713369288469881e-01
-1.062814509545486619e-01
-1.018565177254022736e-01
-9.779376419002416831e-02
-9.482257333747523553e-02
-9.275682186645783922e-02
-9.142249598647245179e-02
-9.066268844946701044e-02
-9.033999034914574899e-02
-9.033714680735749347e-02
-9.055656564976866107e-02
-9.091908217414812476e-02
-9.136226237219657875e-02
-8.477164285650862219e-02
-7.946108464511447700e-02
-7.532260622262887395e-02
-7.221949693295659500e-02
-7.000197236749094998e-02
-6.851889315740278263e-02
-6.762608646291479175e-02
-6.719183045547283406e-02
-6.710004830133020626e-02
-6.725172000179679976e-02
-6.756496659518496095e-02
-6.797419868989673652e-02
-6.842865568719025404e-02
-6.889059773251005048e-02
-6.933335260653161747e-02
-6.973936653944368125e-02
-7.009836243862288541e-02
-7.040567159076061010e-02
-7.066077525911151902e-02
-7.086607006286316235e-02
-7.102585468543232139e-02
-7.114552430644138781e-02
-7.123095219055186611e-02
-7.128803416949991423e-02
-7.132237050354017782e-02
-7.133906010977031364e-02
-6.422880220464355361e-02
-5.840530169463686860e-02
-5.378623913079061403e-02
-5.025037077383731621e-02
-4.765581617567971051e-02
-5.298286606116198172e-02
-5.765094964520756093e-02
-6.161391914155323057e-02
-6.487702602952127862e-02
-6.748093035023794428e-02
-6.948872816733442370e-02
-7.097576673790984003e-02
-7.202193186016514481e-02
-7.270605471509483664e-02
-7.310208160327835714e-02
-6.616492793050787746e-02
-6.747719313536859609e-02
-6.858637702666592340e-02
-6.193876190385494418e-02
-5.655187085880886144e-02
-5.231265411293462009e-02
-4.942964443176744993e-02
-4.732045680604191062e-02
-4.586521951838129496e-02
-4.494544784217802125e-02
-4.444959508216284050e-02
-4.427681708456288057e-02
-4.433916803445780985e-02
-4.456249902218889503e-02
-4.488635161010279262e-02
-4.526313032100137690e-02
-4.565680849927633567e-02
-4.604138023080972530e-02
-4.639922478708791154e-02
-4.671950523469470262e-02
-4.699668310870275256e-02
-4.722919819407511710e-02
-4.741833690701269255e-02
-4.756729404120418891e-02
-4.768041979223869298e-02
-4.742409485346632536e-02
-4.044836787912919895e-02
-3.448243268802797523e-02
-2.979868893437664923e-02
-2.624138333190551009e-02
-2.364581825431799622e-02
-2.184967925256775523e-02
-2.070036134325148325e-02
-2.005942025217888336e-02
-1.980495758357081471e-02
-1.983252159054238462e-02
-2.005494893061565698e-02
-2.054440766034049126e-02
-2.108295263270609787e-02
-2.147589652614412259e-02
-2.186631255892046433e-02
-2.223421978731598969e-02
-2.256703578081253880e-02
-2.285792910851713877e-02
-2.310438605728637462e-02
-2.330700214577685614e-02
-2.346849065280576241e-02
-2.359289038311107589e-02
-2.368495012593130333e-02
-1.677538162453640069e-02
-1.111803736013783350e-02
-1.360694207808155198e-02
-8.895653508495637851e-03
-5.183790983445124567e-03
-2.363612911691070906e-03
-3.130902375467758958e-04
-5.886190390716139476e-03
-1.070637125178719451e-02
-7.768132825110463102e-03
-5.350243909744811788e-03
-3.422303494030831672e-03
-1.937273092805336105e-03
-8.390132128117677723e-04
-6.801354777019597009e-05
4.344389997197328768e-04
7.234008235650346563e-04
8.484743605599032179e-04
8.528452733942426534e-04
7.729513292469292196e-04
6.386084528569035967e-04
4.734483162955882563e-04
2.955496332013307637e-04
1.181709088227123061e-04
-4.948491820400136021e-05
-2.015240394694917114e-04
-3.346674460396048545e-04
6.534559101177617180e-03
1.214650987992316189e-02
1.658684222094608529e-02
1.997720859742435628e-02
2.245778648485208251e-02
2.417418316509767351e-02
2.526807070321268611e-02
3.261947677822552016e-02
3.162036683718971730e-02
3.043143112603385880e-02
3.612291758025554245e-02
4.057049811452739796e-02
3.695730999935387118e-02
3.366319027202235858e-02
3.773524932802740928e-02
4.096668134536729511e-02
4.344163177317739155e-02
4.525884001651325761e-02
4.652194205592818932e-02
5.429955538870179232e-02
6.044095636022217555e-02
6.511959735864136789e-02
6.853365960842183746e-02
7.783401586303817510e-02
8.499340605996819065e-02
9.028705077385645872e-02
9.400468967005148890e-02
9.643060396428682068e-02
9.783026673069072920e-02
9.844216962305107899e-02
9.847358939227390806e-02
9.809926999923157531e-02
9.746218527204653093e-02
9.667570931407287738e-02
9.582666010959806080e-02
8.805498503827524637e-02
8.158694895442164530e-02
8.330729590213126201e-02
8.550287741349005266e-02
8.744685250518036135e-02
8.910995788006204066e-02
8.984932289700364727e-02
9.105881944564697683e-02
9.201333436336933680e-02
9.981543817897686743e-02
1.061350451669627049e-01
1.110817720021188837e-01
1.148070738832709381e-01
1.245469134246242060e-01
1.321072212503122678e-01
1.377519331815617587e-01
1.417670787934666166e-01
1.444379573658973737e-01
1.460338065839823507e-01
1.467983130345793530e-01
1.539398903227533477e-01
1.593506131322273145e-01
1.632752210549675009e-01
1.659614450571891275e-01
1.676460157205572621e-01
1.685456992238640872e-01
1.688521722157487748e-01
1.687297623332615348e-01
1.683152687689937199e-01
1.677192334847530386e-01
1.600719350452093348e-01
1.536524529438019204e-01
1.484290729489581295e-01
1.443162933304373841e-01
1.411954999851039450e-01
1.389312744475039718e-01
1.443886895662529479e-01
1.491393973376919924e-01
1.531477619576555593e-01
1.553363324790395517e-01
1.570249982038494085e-01
1.582829226838835535e-01
1.591794226709111193e-01
1.608843629524143726e-01
1.621642288596290005e-01
1.630783109407001330e-01
1.636873909739944288e-01
1.571128979528613190e-01
1.515815212540443380e-01
1.470754577774522343e-01
1.435270970633606424e-01
1.408373435523702089e-01
1.388904561822847938e-01
1.375654638369709915e-01
1.437634868401285182e-01
1.420550283007739889e-01
1.417310115835277440e-01
1.415588754733601018e-01
1.415034579854450580e-01
1.415333750028517912e-01
1.416217172957532355e-01
1.335786568798651430e-01
1.280245263413188894e-01
1.227791065443668561e-01
1.188174398442003454e-01
1.159495333678173257e-01
1.139869637540000813e-01
1.127527247560766721e-01
1.120869698406943282e-01
1.118498768101288121e-01
1.119225334203264310e-01
1.122064923680257120e-01
1.134242394956099798e-01
1.145800788559672156e-01
1.156314267980413923e-01
1.165533958527062985e-01
1.181908425811284413e-01
1.114119322230644471e-01
1.066067655804900927e-01
1.019868486231412241e-01
9.842279610218951369e-02
9.578340627523274087e-02
9.392671579705424989e-02
9.271178028897297807e-02
9.200643164899835469e-02
9.169191595335579592e-02
9.166521351718137645e-02
9.183970588457879280e-02
9.214471702638649120e-02
9.252433365039647306e-02
8.505718011882668073e-02
7.967959949886904703e-02
7.548982548115645841e-02
7.182819534422257846e-02
6.919415622683278144e-02
6.740376172264372912e-02
6.628777047111711340e-02
5.858581378496530156e-02
5.258972179125853685e-02
4.775030240504229972e-02
4.429202567959578118e-02
4.195830011100021295e-02
4.051780046369857224e-02
3.976747877826958266e-02
3.953316154588937259e-02
3.994575524152654822e-02
4.056526403831028915e-02
4.869274485925489948e-02
4.813718087256990685e-02
4.051711798969037659e-02
4.140140438815076429e-02
4.227635694278397693e-02
3.594281991388492692e-02
3.083235519015681270e-02
2.684696128314301156e-02
2.385737764355555512e-02
2.171991105223503027e-02
2.028884303614475471e-02
1.218001967539095176e-02
5.963223891166435919e-03
-5.806315443150689148e-03
-1.486013885256931566e-02
-2.157489487017594243e-02
-2.632933221632760556e-02
-2.948365985241196974e-02
-3.136729182989150821e-02
-3.227230963946969844e-02
-3.245081219450196564e-02
-3.211491119785381265e-02
-3.143851664234675880e-02
-3.777402190153034134e-02
-3.572158157744387275e-02
-4.075301821791232904e-02
-4.465345015739008439e-02
-4.754993061490586648e-02
-4.958677590835058879e-02
-5.091245660334475787e-02
-5.166995949298769375e-02
-5.199030565431939088e-02
-5.198873678176907376e-02
-5.176301429999807802e-02
-5.139328559319866763e-02
-5.808939542057300898e-02
-6.343771824754496080e-02
-7.469146003744064899e-02
-8.355887155689356582e-02
-9.030046372180744463e-02
-9.521005189538445102e-02
-9.858829619889730722e-02
-1.007244646519858122e-01
-1.089542814149031535e-01
-1.151402126639318180e-01
-1.195810471716141077e-01
-1.225757266034295245e-01
-1.244075647194640144e-01
-1.253342768856080536e-01
-1.255824355712611418e-01
-1.323726644879055225e-01
-1.385218843499733676e-01
-1.431537278936159119e-01
-1.464684060975420810e-01
-1.558107284644778545e-01
-1.629717481422607861e-01
-1.682244468907918566e-01
-1.718640894282006393e-01
-1.741845949705764784e-01
-1.754623228113265654e-01
-1.759459685404205498e-01
-1.758512465334070018e-01
-1.753591433138457223e-01
-1.746166957801180697e-01
-1.737394358304711339e-01
-1.656891116690548671e-01
-1.589467296882280944e-01
-1.534736576620558957e-01
-1.491752677521696047e-01
-1.459229906729491155e-01
-1.435715557605197201e-01
-1.419718896199531066e-01
-1.492239374691046727e-01
-1.555134730042384561e-01
-1.607897081382976268e-01
-1.650711903947861270e-01
-1.684252105791055332e-01
-1.709498925768515587e-01
-1.800505527058207100e-01
-1.872106162500064563e-01
-1.926390552214498619e-01
-1.965751906402111171e-01
-1.992655591617629174e-01
-2.009479029732657018e-01
-2.090496318627228511e-01
-2.152133851356892169e-01
-2.197093601334423330e-01
-2.228123482766282137e-01
-2.247856218548076601e-01
-2.258707041185161746e-01
-2.262815503134973927e-01
-2.262019686289096221e-01
-2.257853637428517413e-01
-2.251560876878244688e-01
-2.244118411655873224e-01
-2.236266937751709705e-01
-2.299748751737240582e-01
-2.279536044664367544e-01
-2.260918546877299651e-01
-2.244392880808725455e-01
-2.246485349107529839e-01
-2.320119124356230245e-01
-2.291367206431293990e-01
-2.337920338996224423e-01
-2.303460020323331303e-01
-2.362242857581273725e-01
-2.392448976050534082e-01
-2.415194330104120102e-01
-2.431587723813972701e-01
-2.442727166617011392e-01
-2.449644685914076359e-01
-2.453273184739801493e-01
-2.454429282990728822e-01
-2.453807529070501925e-01
-2.451982502892595672e-01
-2.519792753599354729e-01
-2.574175929929547468e-01
-2.616394842382590014e-01
-2.647957747992506494e-01
-2.670464348846894875e-01
-2.685495665064141502e-01
-2.694539009233738458e-01
-2.698940587811644587e-01
-2.699879460430931744e-01
-2.698357634741697098e-01
-2.695201965151072798e-01
-2.691074286521990544e-01
-2.686486877516358618e-01
-2.731938111296723370e-01
-2.787430431307356127e-01
-2.831292689411002428e-01
-2.864763293497480934e-01
-2.889242778776115461e-01
-2.837324208432150385e-01
-2.860715646235054699e-01
-2.878383827757806657e-01
-2.939100505607914471e-01
-3.007133028093851301e-01
-3.059997132098264405e-01
-3.099542136630237810e-01
-3.127744511327892329e-01
-3.146569183742675690e-01
-3.157873096520540379e-01
-3.163342889540854408e-01
-3.164459567744972723e-01
-3.230098889562691422e-01
-3.213753325877430900e-01
-3.264486940904833823e-01
-3.236094136523091080e-01
-3.209770542174577024e-01
-3.253796716263783750e-01
-3.288619123875691219e-01
-3.315220841395625229e-01
-3.334715191572386050e-01
-3.348246857865342374e-01
-3.356922530464903076e-01
-3.361765116971677791e-01
-3.363686356342032724e-01
-3.363473466931661271e-01
-3.361786183908845871e-01
-3.359161183887160451e-01
-3.356021458536484481e-01
-3.352688692161560624e-01
-3.349397128136182289e-01
-3.346307780905832807e-01
-3.343522167588393046e-01
-3.341094998841398489e-01
-3.339045485562579518e-01
-3.337367089696450240e-01
-3.336035678242710301e-01
-3.335016134460193626e-01
-3.401070739257894271e-01
-3.388359553814397351e-01
-3.376652897183733959e-01
-3.366262923907463733e-01
-3.357338211916389703e-01
-3.373346102634608989e-01
-3.363005566130119472e-01
-3.354298767562908790e-01
-3.347188750092777720e-01
-3.408515536240992461e-01
-3.458629418172054493e-01
-3.498348474293135890e-01
-3.528784341907522659e-01
-3.551190093433911343e-01
-3.591549217646725634e-01
-3.622227423220789611e-01
-3.710959590454157020e-01
-3.780454573421505593e-01
-3.832825067224685522e-01
-3.870468562659521439e-01
-3.895848306200104805e-01
-3.911337878129861334e-01
-3.919118869669175886e-01
-3.986863891987895148e-01
-3.972740751017684868e-01
-3.956666149936376442e-01
-3.940079347352261063e-01
-3.924010898023431171e-01
-3.974838218692400282e-01
-3.949656938038148546e-01
-3.927091563083886516e-01
-3.907538984554701500e-01
-3.891117759412727750e-01
-3.877745528775284889e-01
-3.867203882998631048e-01
-3.859190976651580840e-01
-3.853362744353083791e-01
-3.849363926391715651e-01
-3.780618835274001110e-01
-3.724882569267464749e-01
-3.681209836862475715e-01
-3.648292860029480611e-01
-3.650300446595506898e-01
-3.629575964890985329e-01
-3.615470018667852337e-01
-3.538978938132162355e-01
-3.478887126780456640e-01
-3.433452468525626244e-01
-3.400664699078395081e-01
-3.378438598233186596e-01
-3.364752401310504570e-01
-3.357739870259650594e-01
-3.355744990055367083e-01
-3.357347836183930401e-01
-3.361369222132526424e-01
-3.366860573641776710e-01
-3.373084273291042656e-01
-3.379488583051908357e-01
-3.385680241296014081e-01
-3.367446292824332055e-01
-3.376860413586839638e-01
-3.385293254098169502e-01
-3.392598743355590418e-01
-3.398733296540754623e-01
-3.403727693030376145e-01
-3.407663353670047357e-01
-3.342249588631995838e-01
-3.356939112262697922e-01
-3.370091870607425655e-01
-3.381478450693582438e-01
-3.391033347748799720e-01
-3.398808350142197288e-01
-3.404933898185791286e-01
-3.341095924646022564e-01
-3.333280586456739414e-01
-3.260041566792877266e-01
-3.201566362414347555e-01
-3.156348848045711364e-01
-3.122664843348776920e-01
-3.098729810740203927e-01
-3.082807808558234441e-01
-3.073283291903881054e-01
-3.068704801259047876e-01
-3.067807547331820039e-01
-3.069520365005244944e-01
-3.072961367008708589e-01
-3.099155867598830660e-01
-3.122150844452125096e-01
-3.072555776952015094e-01
-3.009814859309705160e-01
-2.959728506489445188e-01
-2.921097115541437805e-01
-2.892466912021618430e-01
-2.802950544932021337e-01
-2.732929358355602467e-01
-2.680212873517671124e-01
-2.642348710095765441e-01
-2.616835981599783256e-01
-2.601275506216909061e-01
-2.523359177881225879e-01
-2.463881649755077508e-01
-2.420444244610551188e-01
-2.390511484102815221e-01
-2.300689695169679805e-01
-2.216199805561835934e-01
-2.154019457012230632e-01
-2.110460471632249480e-01
-2.011717968391222300e-01
-1.937843219451762522e-01
-1.885095782442371970e-01
-1.849785513996395903e-01
-1.757869108865734997e-01
-1.677546211791536290e-01
-1.620193226381370089e-01
-1.581610507784076969e-01
-1.557962104745824750e-01
-1.476223413428903175e-01
-1.415880441730394956e-01
-1.373549996929726014e-01
-1.345958940424418770e-01
-1.330072394403694069e-01
-1.323172284752820449e-01
-1.322897855198921224e-01
-1.257240750631760662e-01
-1.207244796873470083e-01
-1.170823031593424268e-01
-1.145800208482108395e-01
-1.130053650653062292e-01
-1.121609809330834651e-01
-1.118704236042746825e-01
-1.119812480943542798e-01
-1.123658852310076561e-01
-1.129209164774283014e-01
-1.143756441541339264e-01
-1.157276468201342556e-01
-1.169353430747943623e-01
-1.179768416370090556e-01
-1.188456890642664021e-01
-1.123099577123165549e-01
-1.069201946452862373e-01
-1.026218978344897170e-01
-9.203397110295696848e-02
-8.363516134719839457e-02
-7.721374714952000673e-02
-7.251351364199565275e-02
-6.195284997540961847e-02
-5.430586277986870769e-02
-4.869130955158751384e-02
-4.481552580176817457e-02
-3.489522047520821069e-02
-2.744632544807501517e-02
-2.213244751431409085e-02
-1.845965234639712627e-02
-1.627502775581968208e-02
-1.522626429404305703e-02
-1.501291060487530693e-02
-8.042415435841832050e-03
-2.829222732183334088e-03
8.957411727046338257e-04
3.395038943231121209e-03
4.877816329341477797e-03
5.596885717867428056e-03
5.756725915617932898e-03
5.524548483748281669e-03
5.034354942302643465e-03
4.391190163603786445e-03
1.078591888142899080e-02
1.586200033828255584e-02
2.667346191225328234e-02
3.533544251677733783e-02
4.195487191457702991e-02
3.972252120824437682e-02
3.701218597859035064e-02
3.460357727081020407e-02
3.938046231948844067e-02
4.308193775504687295e-02
4.583613288779253558e-02
4.778261325729626918e-02
5.617814173701440872e-02
6.319478780396625694e-02
7.577918216516321692e-02
9.287511236878254195e-02
1.062368561647752951e-01
1.162600957665460566e-01
1.306322514650402056e-01
1.412815334332302442e-01
1.487704196981587401e-01
1.608373226574897341e-01
1.695011969904007820e-01
1.753469971895564861e-01
1.860353900366558122e-01
1.936353723576125230e-01
1.986975966976272101e-01
2.003055468683261342e-01
2.006095141065640242e-01
2.000073892015721277e-01
1.988152444392201623e-01
2.041442029836648686e-01
2.080282270249278476e-01
2.107141185914396253e-01
2.139094390080666930e-01
2.160997285219106168e-01
2.243628607543317610e-01
2.238366750179792142e-01
2.298143049790195569e-01
2.273695888010438537e-01
2.248911917405091998e-01
2.225206959140573204e-01
2.203517226159277254e-01
2.184389728743043602e-01
2.168068409107855032e-01
2.139352269438095089e-01
2.131369992953380255e-01
2.125615263629563323e-01
2.121719839354909709e-01
2.119328012546886075e-01
2.118111628167855809e-01
2.117779244051518628e-01
2.118080616395112692e-01
2.188673860875185451e-01
2.246596617757605774e-01
2.292663382187813959e-01
2.344619895845845292e-01
2.367847943346435002e-01
2.452727001101409066e-01
2.518385019503679434e-01
2.585453864802709223e-01
2.617048544341735727e-01
2.655794294926774324e-01
2.682378964393015153e-01
2.768315249778698917e-01
2.833754895803839435e-01
2.881420305868851450e-01
3.004254327437549943e-01
3.077313261348766371e-01
3.151303315267788285e-01
3.204271306101429406e-01
3.308571073189705558e-01
3.361963289974343461e-01
3.396452456556526833e-01
3.416174865812680039e-01
3.424721029413033691e-01
3.449132550480618065e-01
3.439410195335925735e-01
3.517603001340974256e-01
3.577671347308422067e-01
3.621914538468409273e-01
3.652770623325223287e-01
3.672649398838887524e-01
3.709846621849568482e-01
3.735960902131802985e-01
3.752833878888346408e-01
3.762278862775723098e-01
3.765988355054783465e-01
3.765472528017235199e-01
3.762025679049882942e-01
3.756715652825231011e-01
3.750390455306236159e-01
3.743696456378993176e-01
3.710335696518061166e-01
3.709075290840060379e-01
3.776357216821557561e-01
3.831203336318631525e-01
3.874536541024791170e-01
3.907602801313143637e-01
3.931803920206213832e-01
3.948575664422917519e-01
4.026293701000527303e-01
4.086654720372486782e-01
4.131850542451009911e-01
4.164181625877467763e-01
4.185903518172271465e-01
4.264729590685703009e-01
4.324596137093990045e-01
4.368239357491014996e-01
4.398379936227903020e-01
4.417589978668603479e-01
4.428210838452935061e-01
4.367728371881616223e-01
4.314008013514083473e-01
4.267843268856565953e-01
4.163607272028517770e-01
4.078218618624742664e-01
3.982457965634942365e-01
3.908726103686857023e-01
3.854105737137882848e-01
3.815570939346117907e-01
3.790189696262078467e-01
3.775250896853443727e-01
3.768336548298718558e-01
3.767355056683996395e-01
3.770547356546800621e-01
3.802892032308273773e-01
3.765363640863776951e-01
3.735814684942346808e-01
3.713496937119065144e-01
3.697483965275991658e-01
3.686771686502008372e-01
3.611384627123155333e-01
3.551528420554685983e-01
3.505817370259287635e-01
3.472486341718381553e-01
3.449607960590617139e-01
3.364899517277197827e-01
3.299483336902329089e-01
3.251086140530774493e-01
3.217177176877443756e-01
3.123786029728654601e-01
3.052637997423972571e-01
2.978723901336632895e-01
2.925831367716547060e-01
2.890174984000304370e-01
2.868254125738913807e-01
2.786021473054942632e-01
2.724711819857816852e-01
2.681164045698773979e-01
2.652257826551474018e-01
2.635060842771701495e-01
2.555392145809842752e-01
2.495300370940949364e-01
2.379854511229082537e-01
2.291251896797237286e-01
2.226172779059396589e-01
2.181019956758603051e-01
2.078832257327323241e-01
2.002685211460526471e-01
1.948828414431826861e-01
1.899184182528752540e-01
1.867326559727693347e-01
1.776358396655359773e-01
1.709517308010892744e-01
1.662862639147322241e-01
1.632627634917589443e-01
1.615359601571895176e-01
1.535118000885837830e-01
1.475383000975600822e-01
1.433081047175248646e-01
1.405158294063286739e-01
1.388731746697469127e-01
1.391458869286550382e-01
1.388612872530803344e-01
1.390567416841630433e-01
1.321981533192777558e-01
1.268854985670722080e-01
1.229308224531393545e-01
1.127286649292036369e-01
1.048213269432674011e-01
9.893308317197591073e-02
9.476376432629196600e-02
8.457346994385872563e-02
7.686691497237641002e-02
6.383792197080651043e-02
5.394812163692974671e-02
4.677198739000498762e-02
3.438097864430655903e-02
1.770079837443883086e-02
5.106175646341748475e-03
-3.974174890685411299e-03
-1.012712005052329722e-02
-1.391710722514138965e-02
-1.586212620954441377e-02
-2.391589726294940377e-02
-2.960239687774968154e-02
-3.334138733774905106e-02
-3.552780089445484180e-02
-3.651828514443167251e-02
-3.662403677536318902e-02
-3.610826567118885499e-02
-3.518695620167000548e-02
-3.403186452080952940e-02
-3.253112592892626331e-02
-3.108995270685088741e-02
-3.739562453579403645e-02
-4.247079042552659445e-02
-4.641886760714286631e-02
-4.900560497162009810e-02
-5.078199001379002375e-02
-4.457578106466053569e-02
-4.655369236449646841e-02
-4.804758394900887630e-02
-4.877294394051268078e-02
-4.921560457032225777e-02
-4.944239237013636767e-02
-5.663062678548014262e-02
-6.192655935660607014e-02
-7.294199039192816869e-02
-8.210165739743224833e-02
-9.545933405982598430e-02
-1.056955569065076705e-01
-1.132615142074431258e-01
-1.185983103833823105e-01
-1.221193811035199417e-01
-1.250589622615867480e-01
-1.336642911990220117e-01
-1.400883346568091437e-01
-1.376866810174703915e-01
-1.349586598115504188e-01
-1.391485902381763839e-01
-1.421697063978373254e-01
-1.442128906421360490e-01
-1.464989370467546514e-01
-1.550913253809811376e-01
-1.617954294927392844e-01
-1.739214279875833657e-01
-1.832942024826480498e-01
-1.902408791134422295e-01
-1.951242159136945542e-01
-1.983100429982977975e-01
-2.001451031364740452e-01
-2.079969284076281788e-01
-2.137733015875720177e-01
-2.178057368175541075e-01
-2.273980796066836785e-01
-2.345563120769336152e-01
-2.396542466426809792e-01
-2.447822586728067851e-01
-2.465257217032668091e-01
-2.489946815647228195e-01
-2.573812529830823426e-01
-2.636916417486170339e-01
-2.682138738826802538e-01
-2.712458479487049878e-01
-2.730760370139797555e-01
-2.720241890035886012e-01
-2.775263045764937431e-01
-2.815506128459579482e-01
-2.843524038776836793e-01
-2.949533388965837055e-01
-2.943690635326532412e-01
-2.953645562394671131e-01
-3.025002380069623520e-01
-3.079415704668124754e-01
-3.186670141552194746e-01
-3.269005644930182974e-01
-3.329690384474888187e-01
-3.372134900907988175e-01
-3.399665715050610437e-01
-3.415375969306111426e-01
-3.422035420110964843e-01
-3.422045111863443179e-01
-3.417424853809516438e-01
-3.409823974119048362e-01
-3.400547752651006395e-01
-3.390593521106834984e-01
-3.380691749597650730e-01
-3.462017012356437551e-01
-3.528172732119161381e-01
-3.580156812248780351e-01
-3.619432507554787293e-01
-3.647714328652322813e-01
-3.666799656115826700e-01
-3.678444282089494699e-01
-3.684277212044049232e-01
-3.685748486435445059e-01
-3.684103272885579372e-01
-3.747401939255792236e-01
-3.730191547842132138e-01
-3.779992283324811186e-01
-3.818457000227393205e-01
-3.847044874047274021e-01
-3.894365932155245957e-01
-3.996707133273496027e-01
-4.076975977418313413e-01
-4.137566476235776669e-01
-4.181207087015212931e-01
-4.276383231658755779e-01
-4.347777169466493508e-01
-4.398936287290369229e-01
-4.433382934624290339e-01
-4.454431010238761868e-01
-4.465075663362767511e-01
-4.498984247272508341e-01
-4.521903053387281712e-01
-4.600818863337801101e-01
-4.725205750874041932e-01
-4.756977068760532834e-01
-4.775868617695957496e-01
-4.784776751825365881e-01
-4.786253010272061292e-01
-4.782471632156535257e-01
-4.775227341023140504e-01
-4.765954358484130182e-01
-4.755759160097559057e-01
-4.778698771109366472e-01
-4.796234274905892825e-01
-4.809020122157021682e-01
-4.817777264614520050e-01
-4.888415054141102001e-01
-4.944361076271561739e-01
-5.022446397174331612e-01
-5.147823324437539316e-01
-5.245698198074408847e-01
-5.319186736990029196e-01
-5.434991741549195510e-01
-5.559948532699563462e-01
-5.653752093976440740e-01
-5.720768160309109840e-01
-5.806152054792086403e-01
-5.825629620057833913e-01
-5.831552000828978954e-01
-5.827732859949796840e-01
-5.817345198477896773e-01
-5.802943836680382050e-01
-5.786516491751408919e-01
-5.831595540303172731e-01
-5.865551384896162679e-01
-5.890056297811733232e-01
-5.906752329396213197e-01
-5.917174658030754930e-01
-5.922706622123478093e-01
-5.984945609572678293e-01
-6.033079196371172737e-01
-6.068987230864588689e-01
-6.153513484170753944e-01
-6.218163567466370445e-01
-6.265810108164587833e-01
-6.356487285314967872e-01
-6.424485458245312586e-01
-6.473416038976539388e-01
-6.450753000930263825e-01
-6.425757693234839252e-01
-6.385815107681226399e-01
-6.348902465463309719e-01
-6.316089809947302847e-01
-6.287939926316746808e-01
-6.264605473630716626e-01
-6.245929437469627254e-01
-6.231540385858665987e-01
-6.178057716211088346e-01
-6.136031394335332845e-01
-6.104149269300892522e-01
-6.080957921782910169e-01
-6.064993203294145596e-01
-6.054865129454903849e-01
-5.989551391534128078e-01
-5.957781239694309727e-01
-5.875922047805741677e-01
-5.812720529669890279e-01
-5.765744345577286101e-01
-5.732474633184541091e-01
-5.710460384517423993e-01
-5.697420565604691678e-01
-5.691306435545619991e-01
-5.690333844560810928e-01
-5.692993217871480383e-01
-5.637497633192889435e-01
-5.655059864562381744e-01
-5.611654932776646287e-01
-5.578160464789103656e-01
-5.553395064741071252e-01
-5.536060989681719224e-01
-5.462716330539050258e-01
-5.405115695590700930e-01
-5.361675519518958044e-01
-5.330504068576225052e-01
-5.309598083334243768e-01
-5.259922413597917235e-01
-5.223879725086535419e-01
-5.199120407258053245e-01
-5.120235950634983713e-01
-5.123331936356483318e-01
-5.067662676724153936e-01
-5.026218243043045764e-01
-4.996879960738223048e-01
-4.977533705779038087e-01
-4.966177943226017799e-01
-4.926528323128733788e-01
-4.898064329188480670e-01
-4.815150072754654786e-01
-4.751147325829743195e-01
-4.703651444548997418e-01
-4.670133413377268727e-01
-4.648106510858309726e-01
-4.635240347941460559e-01
-4.629432884946620419e-01
-4.628849587522063658e-01
-4.631937545797577549e-01
-4.637421188559585072e-01
-4.676822123737431891e-01
-4.711289009923773641e-01
-4.674949749952759248e-01
-4.611746884595833151e-01
-4.593439370439869052e-01
-4.580236215367019526e-01
-4.571342273239502596e-01
-4.565956713197527606e-01
-4.563320958538614747e-01
-4.562750450605368435e-01
-4.563652399068389709e-01
-4.565532370732070522e-01
-4.535154676718720079e-01
-4.511370521882935858e-01
-4.493363297272847667e-01
-4.480271099697801240e-01
-4.471248792019670848e-01
-4.399451137868937156e-01
-4.342158524362076388e-01
-4.267609198050457131e-01
-4.210726522082017809e-01
-4.168960447593086371e-01
-4.139788535532065161e-01
-4.026362742885283286e-01
-3.939070344846131722e-01
-3.874284396596547886e-01
-3.828378060838517616e-01
-3.797904349021126169e-01
-3.779705832721840242e-01
-3.770975620498717706e-01
-3.769284123753182669e-01
-3.706479993432145736e-01
-3.658788252203286628e-01
-3.624192747703773865e-01
-3.600592052340780835e-01
-3.585931846790655353e-01
-3.578298376749762255e-01
-3.575978201276048818e-01
-3.577490096400297581e-01
-3.581595100542900312e-01
-3.587290382697270186e-01
-3.593792003470104301e-01
-3.600510850108014083e-01
-3.607025172481073128e-01
-3.545589482572362172e-01
-3.495617872796752401e-01
-3.456319668829554992e-01
-3.402393880123206760e-01
-3.361610678323108115e-01
-3.332010740896067524e-01
-3.244259777606275374e-01
-3.176290189860906388e-01
-3.125631896191289893e-01
-3.089669182872503139e-01
-3.065819243960234974e-01
-3.051654203966194245e-01
-3.023759948084421278e-01
-2.938144380383365117e-01
-2.892762904191679141e-01
-2.860607044809184707e-01
-2.819590534715601393e-01
-2.810899758370581925e-01
-2.789140766469866417e-01
-2.775784019689757631e-01
-2.700975730581323120e-01
-2.643473004566294637e-01
-2.601028632120900852e-01
-2.571292783720275921e-01
-2.551966140266999084e-01
-2.472419118150486206e-01
-2.394712578635473932e-01
-2.421856814006251302e-01
-2.381511130347924166e-01
-2.352746048622191832e-01
-2.333607202471137398e-01
-2.253019187095575138e-01
-2.190786665177759662e-01
-2.144722900099633733e-01
-2.112423053583212251e-01
-2.091460914078535627e-01
-2.079529025582598223e-01
-2.004331296873684831e-01
-1.946898680371660362e-01
-1.834245824064018038e-01
-1.747270345948519488e-01
-1.682891560131991593e-01
-1.566367284073395538e-01
-1.478467301895727282e-01
-1.343427249447342042e-01
-1.241876550083331754e-01
-1.160723647892003552e-01
-1.034392003293136408e-01
-9.424537974590330158e-02
-8.079052060243574473e-02
-7.095660964171979224e-02
-6.414445888292186204e-02
-5.268130567627249405e-02
-4.444712658831817542e-02
-3.888953386226745579e-02
-3.548558693586545409e-02
-3.375965795608415476e-02
-3.329329350119936137e-02
-2.661022252997669035e-02
-2.182791829473651468e-02
-1.862270440209345956e-02
-1.668584718624810392e-02
-1.573524068687381927e-02
-1.552217744077344364e-02
-1.583433985420690249e-02
-1.649599011914726354e-02
-1.736618416563340261e-02
-1.833569125364964414e-02
-1.217847525289528221e-02
-1.407719692807507528e-04
2.336030344806783177e-03
1.119194809339929542e-02
1.804724035301585872e-02
3.044379091545978966e-02
4.732443846792655506e-02
6.768392600969197481e-02
8.331522922239820161e-02
1.020972510363700181e-01
1.160352836310156732e-01
1.321381462275625918e-01
1.435476553874863725e-01
1.511636798055873143e-01
1.557906104574757755e-01
1.581265424260571706e-01
1.587634921764782270e-01
1.581932019404290735e-01
1.509150930845002403e-01
1.441301868455004964e-01
1.380475764347106615e-01
1.256269251384960484e-01
1.153071414106117132e-01
1.134183782472752977e-01
1.122721223933746959e-01
1.116974516780091520e-01
1.115469451924762101e-01
1.116971092091370021e-01
1.120472619011099180e-01
1.054595539564424644e-01
1.072854016029536339e-01
1.090324483067541816e-01
1.106331837677916319e-01
1.120482776682338866e-01
1.132600003980397396e-01
1.213006596739669707e-01
1.278506052124190884e-01
1.330199301787993171e-01
1.369574983044432592e-01
1.468248763534558687e-01
1.545066413733167110e-01
1.602665891753851657e-01
1.713326132203556451e-01
1.797510071100480999e-01
1.858907661548356849e-01
1.901267572718101651e-01
1.928181390378691518e-01
1.942946039197861463e-01
2.017179723464732621e-01
2.072005076186196337e-01
2.110483881990250499e-01
2.135591163939736248e-01
2.150087791680201921e-01
2.156444257498810746e-01
2.156802685595737845e-01
2.152966826651294685e-01
2.146411927769413808e-01
2.138308047572323733e-01
2.129551729257819215e-01
2.120802050997643295e-01
2.112518008453170282e-01
2.173239586455619765e-01
2.237760454118682407e-01
2.289377985977261165e-01
2.397917630171275682e-01
2.466261291950642143e-01
2.534053264014490825e-01
2.584031867448861597e-01
2.618898885150724443e-01
2.641354938782753958e-01
2.585521976167870495e-01
2.534427969908981115e-01
2.489366217131490089e-01
2.450919031460943032e-01
2.419136838630457920e-01
2.393695031592351086e-01
2.374025368512688861e-01
2.289975314359065095e-01
2.222743980744734671e-01
2.240614513043897027e-01
2.259192134297300925e-01
2.277274853832436108e-01
2.294055552810985166e-01
2.309043559473136220e-01
2.391204958935424507e-01
2.458355279437616225e-01
2.511562953893256012e-01
2.620697141103760508e-01
2.706140493742705821e-01
2.770711280768654028e-01
2.817444311630896703e-01
2.849363155381423596e-01
2.869328190063835660e-01
2.879941750618641993e-01
2.903581699199380139e-01
2.918635246178338249e-01
2.926819661982571485e-01
2.929722652300026375e-01
2.928753983602236932e-01
2.925118895536984454e-01
2.988670243365436630e-01
2.969963313068162414e-01
2.951772747089227433e-01
2.934911930698278493e-01
2.919876335598563522e-01
2.997086770706955949e-01
3.060468117342731720e-01
3.180013079271544196e-01
3.274863522424777962e-01
3.415994032299489724e-01
3.524677720119724356e-01
3.605132672219053536e-01
3.661790921912770891e-01
3.765961606190377786e-01
3.841927594260154954e-01
3.988010703927917788e-01
4.098478019334179656e-01
4.178273109846173394e-01
4.166692572486843105e-01
4.212253784977200155e-01
4.174745946885820569e-01
4.135661540004154091e-01
4.097537113763249916e-01
4.062106617256460162e-01
4.002036964197284163e-01
3.885342312375383855e-01
3.790427953940878059e-01
3.715622324889122918e-01
3.658702376068010409e-01
3.617187527928833468e-01
3.588551675561075793e-01
3.570369391821084371e-01
3.560410639082645101e-01
3.556696009011508508e-01
3.557522322024013750e-01
3.493989076388468451e-01
3.444523263617385034e-01
3.407519726568695173e-01
3.381191813909447674e-01
3.363719673748879480e-01
3.353357668450920315e-01
3.279836111134382115e-01
3.222687695709574029e-01
3.180048568179307811e-01
3.149828569853281302e-01
3.129893867603183999e-01
3.118198153888118718e-01
3.112869415566956732e-01
3.112260336671859307e-01
3.114970422835587893e-01
3.119847293115687314e-01
3.125973580892880133e-01
3.062889869684464195e-01
3.012413745043800439e-01
2.973429303774857146e-01
2.944540757936999764e-01
2.924231741412062213e-01
2.840273352996869338e-01
2.774596903148009996e-01
2.725208429862888693e-01
2.689832150366200381e-01
2.666120758433656590e-01
2.580058043651960453e-01
2.514176419227218684e-01
2.393480794588382921e-01
2.300510980273002826e-01
2.231930794686729502e-01
2.095033860798136693e-01
2.007233868817599465e-01
1.930454851415237538e-01
1.878099429842237100e-01
1.845318755545808376e-01
1.755102927094425169e-01
1.689710984222192458e-01
1.644981331096746491e-01
1.616953034324573046e-01
1.602007964348692859e-01
1.524057003813863442e-01
1.466449119286890035e-01
1.342858887383238109e-01
1.176918859627624769e-01
1.050300164195823172e-01
8.848847686460969975e-02
7.610461592248807250e-02
6.725278299007197980e-02
6.131584695879910285e-02
5.045079277483588420e-02
3.544707047883499662e-02
2.435265374106676539e-02
1.668824478523056598e-02
1.165034966414846274e-02
8.742036039653733326e-03
3.245152710396048690e-05
-6.118632630232267999e-03
-2.639143975002644638e-03
-6.318270241910672880e-03
-8.592637137503800204e-03
-9.764224152839950932e-03
-1.010411546718592568e-02
-9.846475843468649458e-03
-9.186638888254217150e-03
-8.282109666316816998e-03
-7.201323920693836200e-03
-1.352933560944191704e-02
-1.848456491827099590e-02
-2.207666321142243149e-02
-2.464328811829297194e-02
-3.355540901279363553e-02
-4.043374613884909152e-02
-4.556499982022610418e-02
-5.591953795723347831e-02
-6.372778374052034955e-02
-6.988756880640334401e-02
-8.125337340232574590e-02
-8.988404644082348405e-02
-9.615716753700032093e-02
-1.074663404852373993e-01
-1.158985907305807306e-01
-1.218812781269753565e-01
-1.258404253202629608e-01
-1.281792386994580202e-01
-1.362775465703052191e-01
-1.421597684860911315e-01
-1.472269371196628374e-01
-1.506462238910686313e-01
-1.527180020481098133e-01
-1.537285329966711078e-01
-1.539382981095578362e-01
-1.535748239005503279e-01
-1.599989986158958377e-01
-1.660831781816771713e-01
-1.706744664200625650e-01
-1.739637271103973148e-01
-1.761585175286368710e-01
-1.774662944207394677e-01
-1.853760095564003230e-01
-1.928483250891488421e-01
-1.985173983648695906e-01
-2.099714382837682969e-01
-2.187571785985311656e-01
-2.252027393002686839e-01
-2.296683509954977609e-01
-2.325147926838557755e-01
-2.340819777831499859e-01
-2.401965156040875016e-01
-2.463206050324471263e-01
-2.507008911245984795e-01
-2.536386975620725792e-01
-2.554189269782796146e-01
-2.634885329825666922e-01
-2.695500383586328930e-01
-2.739012649462879700e-01
-2.768377243400299559e-01
-2.857364592073021736e-01
-2.924228772355035311e-01
-3.042462507498182589e-01
-3.131807343624175566e-01
-3.196537670735886127e-01
-3.309819368729594036e-01
-3.393557295381124383e-01
-3.452545061780798452e-01
-3.491347853642141619e-01
-3.514145262540628867e-01
-3.524645781281194878e-01
-3.526050692282975962e-01
-3.588626869110786988e-01
-3.567134208725641908e-01
-3.544017281721458801e-01
-3.520974867793407181e-01
-3.499191819015219362e-01
-3.504245206795373324e-01
-3.575876646743854081e-01
-3.633724930779784756e-01
-3.678818237373360223e-01
-3.712570950703251160e-01
-3.736591173761021345e-01
-3.752532833366530873e-01
-3.761989139284787065e-01
-3.793709165459919763e-01
-3.816990593843401225e-01
-3.833058780279987587e-01
-3.815193479175902347e-01
-3.797829005517587841e-01
-3.781741816465262751e-01
-3.794795053898174508e-01
-3.804818124270648028e-01
-3.812179189348448016e-01
-3.789495853154314364e-01
-3.770207864978563084e-01
-3.822957604262506859e-01
-3.865747812877684542e-01
-3.899454340328039059e-01
-4.020818311631124686e-01
-4.118122450705141713e-01
-4.163874862641940844e-01
-4.195401843535169206e-01
-4.311405802731154147e-01
-4.401099190162387487e-01
-4.467783012272723564e-01
-4.580117777502297205e-01
-4.664038410323587680e-01
-4.756951896987628992e-01
-4.824743220058989035e-01
-4.871275422869887350e-01
-4.900401300015675421e-01
-4.915764795657684427e-01
-4.920666828766366852e-01
-4.982817451185965751e-01
-5.027770870380929846e-01
-5.058432337033342829e-01
-5.177360989739909769e-01
-5.269288685635906688e-01
-5.337500857482728733e-01
-5.385557820686839303e-01
-5.417017463790012588e-01
-5.435243579894979415e-01
-5.506025660182738424e-01
-5.495113257958332831e-01
-5.542169141950006317e-01
-5.575317075150336699e-01
-5.597108173622431515e-01
-5.671250556720204283e-01
-5.726749278153203671e-01
-5.805975495340401915e-01
-5.925725756100089781e-01
-5.957414844598268866e-01
-6.035617501816894492e-01
-6.092402021694581782e-01
-6.131342988295117591e-01
-6.214525641977886039e-01
-6.275160733670995805e-01
-6.317094488202104063e-01
-6.343931276692158505e-01
-6.301452929980480011e-01
-6.318070324214952738e-01
-6.269661205053056463e-01
-6.225975045950699061e-01
-6.229826119435756260e-01
-6.232100109294713697e-01
-6.173475783830291164e-01
-6.141842735951191790e-01
-6.116777948921348074e-01
-6.139601975089374886e-01
-6.159892878826611629e-01
-6.177324551834735278e-01
-6.149254158135141202e-01
-6.126327008087837367e-01
-6.108161292518402563e-01
-6.153527976343711181e-01
-6.191196943549138743e-01
-6.221615358527385897e-01
-6.245462443533597030e-01
-6.263538478230964435e-01
-6.218915168793407444e-01
-6.180571627107704913e-01
-6.148625265831877407e-01
-6.122831414842933029e-01
-6.102699118005060486e-01
-6.087587418255631100e-01
-6.076782462517960060e-01
-6.028622934634632058e-01
-5.991188747980440432e-01
-5.903942329987026394e-01
-5.835228834056402913e-01
-5.822412521655789819e-01
-5.777097335011899260e-01
-5.744348645418160260e-01
-5.722068729730104275e-01
-5.647538338290987170e-01
-5.590360840319323898e-01
-5.548387973250776817e-01
-5.481452656940484225e-01
-5.432464374968457577e-01
-5.398429716713111226e-01
-5.376504063394054178e-01
-5.364097646427723465e-01
-5.358930373543844272e-01
-5.297630827635766426e-01
-5.312725121319783472e-01
-5.267753141979982789e-01
-5.234104292400778569e-01
-5.210160108472867702e-01
-5.194272539542039713e-01
-5.149392034584321376e-01
-5.151449605596432058e-01
-5.156811262455627265e-01
-5.164202498108929618e-01
-5.109809868404942002e-01
-5.130005563990494011e-01
-5.086019975832569706e-01
-5.051624418248119586e-01
-5.025789015946346971e-01
-5.007326656220310035e-01
-4.995005017203455466e-01
-4.987628780260984218e-01
-4.885187086708107085e-01
-4.804129394005525189e-01
-4.742171438627456048e-01
-4.664125784198869251e-01
-4.542355168637621787e-01
-4.449469853999759028e-01
-4.381392433687811838e-01
-4.334032697498226838e-01
-4.303501956652016069e-01
-4.286245429606292401e-01
-4.279115780901336930e-01
-4.279404561564874587e-01
-4.284843703575651475e-01
-4.228616836681418079e-01
-4.156906564911193591e-01
-4.102705583090959784e-01
-4.091606529352453947e-01
-3.993907303855526170e-01
-3.918565758148877531e-01
-3.862753982027471444e-01
-3.823473307142721822e-01
-3.797766756926337361e-01
-3.782862681276961681e-01
-3.776263988045749365e-01
-3.775795532541046384e-01
-3.779620261556801974e-01
-3.786232881471134348e-01
-3.728105233174860977e-01
-3.682560242372074910e-01
-3.648237825622850927e-01
-3.623585966813882564e-01
-3.607000520763734563e-01
-3.596927506708307298e-01
-3.499685215773331581e-01
-3.423666711276276420e-01
-3.366317378415855099e-01
-3.348238731783426125e-01
-3.315521514709407480e-01
-3.293857349715405558e-01
-3.213582033783504155e-01
-3.152314067220955973e-01
-3.039534406037223135e-01
-2.952642946510222188e-01
-2.888469334459318194e-01
-2.843580313226576894e-01
-2.814543551363131169e-01
-2.778398284970733378e-01
-2.687315793718119128e-01
-2.619508049445764541e-01
-2.571348575518968005e-01
-2.470730029352625756e-01
-2.464135618288807450e-01
-2.414850949455731310e-01
-2.380704429267868072e-01
-2.359093193585199977e-01
-2.260658810236788607e-01
-2.115666936403719500e-01
-2.003891755349325177e-01
-1.921201354725621258e-01
-1.805232751216683251e-01
-1.706380282354456046e-01
-1.564540294098626383e-01
-1.459328969020996514e-01
-1.313280513183445741e-01
-1.197147784611547472e-01
-1.124324617010712402e-01
-9.985724355131897489e-02
-9.090152477858692848e-02
-8.490594785540817035e-02
-8.126473540012502106e-02
-7.944036780699126332e-02
-7.896917982405815550e-02
-8.002833918958307535e-02
-8.164790156078183259e-02
-7.638402391395482383e-02
-7.250192013757161824e-02
-6.979967609470349998e-02
-6.079169183333399396e-02
-5.386096142495100381e-02
-4.144101351408835399e-02
-3.189195370185782252e-02
-2.485973124533691347e-02
-1.262152861921306268e-02
-3.470296154836738367e-03
3.043348157234060380e-03
1.470966687615726798e-02
3.060862015750376308e-02
4.986399233014626731e-02
7.115259561832010249e-02
8.690444865845070588e-02
1.051736572632908651e-01
1.183332478673666532e-01
1.343335477096820885e-01
1.466835491521176760e-01
1.551389588103000428e-01
1.674751691256217700e-01
1.760355701804696693e-01
1.815068030518964814e-01
1.915805376014960704e-01
1.984947827152228061e-01
2.028448312057167247e-01
2.051800292673457982e-01
2.059887749863047457e-01
2.056914797763724767e-01
2.046392351649215513e-01
1.960714779744843206e-01
1.885229695772439040e-01
1.891665344154169759e-01
1.882931857290084388e-01
1.875335992088595916e-01
1.868919049533888099e-01
1.863647519627549265e-01
1.872518385173458366e-01
1.880000113655824201e-01
1.886114656783641763e-01
1.890947799687732189e-01
1.894627032773843478e-01
1.897303091593220969e-01
1.899135265191616018e-01
1.829585022309969666e-01
1.772200891902833142e-01
1.714066914715413059e-01
1.681203637208539270e-01
1.657293320911776835e-01
1.558535559813492011e-01
1.481658602958570992e-01
1.434080133186419470e-01
1.400403556923830450e-01
1.368439159233278968e-01
1.357420555475237212e-01
1.343760561551374799e-01
1.337042407849076131e-01
1.264975568733626154e-01
1.209611039791858023e-01
1.168730744730912541e-01
1.069555169354827751e-01
9.931960515053050997e-02
9.434219958614886714e-02
9.023291941648858838e-02
8.041749701255662686e-02
7.302362956775243497e-02
6.770515708857249848e-02
6.457131871480559226e-02
6.226889871071428217e-02
6.106571149186201808e-02
5.354537620666155462e-02
4.793347821657101271e-02
4.394420695674527977e-02
3.415396234116307994e-02
2.674110467553791892e-02
1.413085049022777540e-02
4.674193038174623283e-03
-2.126574644990109064e-03
-6.795834991859317498e-03
-9.683792754151099302e-03
-1.120683558665125368e-02
-1.868794452488797830e-02
-2.414032514639385951e-02
-2.790301912603676548e-02
-3.029714271277428317e-02
-3.161548797669921917e-02
-3.211671322689357844e-02
-2.524322107848098184e-02
-1.911668575647862411e-02
-1.384158691232606486e-02
-9.447554195531893129e-03
-5.950644600438925735e-03
-3.199864257675377743e-03
-1.128685139341278898e-03
-6.974454904278282186e-03
-1.211067953693012456e-02
-1.645367730026503494e-02
-1.999479837029904949e-02
-3.030472885438806330e-02
-3.829090296272585903e-02
-4.436556089395748970e-02
-4.879759998887789330e-02
-5.186235805067362925e-02
-6.117789002838991408e-02
-6.824052725191154245e-02
-6.606788327961488072e-02
-6.365361325683127625e-02
-6.119856995211137018e-02
-5.884392440700780824e-02
-4.903393807662315140e-02
-4.097544631708327501e-02
-3.478732350273627816e-02
-2.993757904425997651e-02
-2.627837954178269264e-02
-2.381785379692891169e-02
-2.216044810652495478e-02
-2.116251893775955573e-02
-2.068543602984651564e-02
-2.044863443605926534e-02
-2.067278199484201551e-02
-2.108174533875728507e-02
-2.159868751821680810e-02
-2.216363194362758193e-02
-2.273189844000200743e-02
-2.309830109717414537e-02
-2.361857540205059003e-02
-2.407834600787439605e-02
-2.447151777552747376e-02
-2.479737488777300491e-02
-2.505900886379808234e-02
-2.507387250478543272e-02
-2.507151293727227781e-02
-1.756021672434582293e-02
-1.154136756212742476e-02
-6.896468584692838633e-03
-3.316405645968467653e-03
-7.220529811304832180e-04
1.090363267668870151e-03
9.505948066957259357e-03
1.611308160571844894e-02
2.110894612328539921e-02
2.453676270093851919e-02
2.680557267150329714e-02
2.836261947144547158e-02
2.919115713889164354e-02
2.946438119767158526e-02
2.933346234051703583e-02
3.648389452886946493e-02
3.477553933362642624e-02
4.014324050216999673e-02
4.458165300766214756e-02
4.791153619965182742e-02
5.028141128004826044e-02
5.934079458445595812e-02
7.388702106020827998e-02
8.528016732168985925e-02
9.457332207980928551e-02
1.089715678141622845e-01
1.199280688440742537e-01
1.278736865992533556e-01
1.408556217028891222e-01
1.503794284125476999e-01
1.569836770353205679e-01
1.612038032891489614e-01
1.635415136759343913e-01
1.719610460115201800e-01
1.779406649162253995e-01
1.819130461773326157e-01
1.842839830965024017e-01
1.854188150221982578e-01
1.930685128985647481e-01
1.986887303056985576e-01
2.026073698376471555e-01
2.051401505823642335e-01
2.139356473048028562e-01
2.205252983499734754e-01
2.252412424384315770e-01
2.284106197892104007e-01
2.376148717203434568e-01
2.445003578307487491e-01
2.494191214027481340e-01
2.527165766358738797e-01
2.547158322479097237e-01
2.628902386913407607e-01
2.689770178412420609e-01
2.732985761982682504e-01
2.832714631316999299e-01
2.907537608606558521e-01
3.031402177098387885e-01
3.147112334363477704e-01
3.303498425784401338e-01
3.397250352135425810e-01
3.461872841698807601e-01
3.571228472077370153e-01
3.675114262640994944e-01
3.749393783261594226e-01
3.799091719157963176e-01
3.896572504159834249e-01
3.966117143836174197e-01
4.012609360103107647e-01
4.107329600325562158e-01
4.175173333016626298e-01
4.220886466914790525e-01
4.278812946651466831e-01
4.383969134327434514e-01
4.395888437572923468e-01
4.462614612389421698e-01
4.574903116204704911e-01
4.691173788402032141e-01
4.777970324175973005e-01
4.839461684770844929e-01
4.879942683639690859e-01
4.968438360483862226e-01
5.031741402496154869e-01
5.074235210113666739e-01
5.136021718431509342e-01
5.142350178536414518e-01
5.139445006827689788e-01
5.193886090255210863e-01
5.232460314005862312e-01
5.258094742380863273e-01
5.273466391095285033e-01
5.280943982579018314e-01
5.319099231937609584e-01
5.409093937439735100e-01
5.478722162626716852e-01
5.530485333414540960e-01
5.567068279014584231e-01
5.652502743301153210e-01
5.716314054632498642e-01
5.801306663462911795e-01
5.864609949091472707e-01
5.909344739973673155e-01
5.938691136458159603e-01
5.955703652014699978e-01
5.963184618558531325e-01
5.963607429019572859e-01
6.019542356350644496e-01
6.060937876205825248e-01
6.131915506884112466e-01
6.245148001692990558e-01
6.332153913179231486e-01
6.396361565890708034e-01
6.499281524147976219e-01
6.575220517249844576e-01
6.628615411409360947e-01
6.663676791508825747e-01
6.684241562077080090e-01
6.693697404658085492e-01
6.694955061754782610e-01
6.690452247210733061e-01
6.682178235192073323e-01
6.716160124203331971e-01
6.741311539765592054e-01
6.804503179306008454e-01
6.853873935442252874e-01
6.890770294488961500e-01
6.916842691118308961e-01
6.933868762458990087e-01
6.991672794559367077e-01
7.092975039618608646e-01
7.171356467555374259e-01
7.229506816741639863e-01
7.270438103793376294e-01
7.352896203896535088e-01
7.413247767632005214e-01
7.455216033332503489e-01
7.482323659097546154e-01
7.497763200204206058e-01
7.504334250794685301e-01
7.608125561322328645e-01
7.688318176173498664e-01
7.747922527609134580e-01
7.841966157685189565e-01
7.911533866235326284e-01
7.960634319245899482e-01
8.095113804728223394e-01
8.197379161677650350e-01
8.272016418718750597e-01
8.323611746540716672e-01
8.410082066504492859e-01
8.472592375374644602e-01
8.514963848076902986e-01
8.540950669306068832e-01
8.554065949058875518e-01
8.557466480020671229e-01
8.553888032684207055e-01
8.649076658618449764e-01
8.722519696901781527e-01
8.776919166571879316e-01
8.815180124693634545e-01
8.886377337919854069e-01
8.892354258156526248e-01
8.834461606183870996e-01
8.782117774982840519e-01
8.736356528932703869e-01
8.697545107897273198e-01
8.665576919354918140e-01
8.640025399116497695e-01
8.620264590570293484e-01
8.605561709046887220e-01
8.595146407626145235e-01
8.588260859642607992e-01
8.482747230591876075e-01
8.397818331043068740e-01
8.331723884403761105e-01
8.282248114204250333e-01
8.246967772475398695e-01
8.223443267715413452e-01
8.209352766793578393e-01
8.202579415690993692e-01
8.201261283025793603e-01
8.203812679684024944e-01
8.208924384062614710e-01
8.166126238200913656e-01
8.132747194702567572e-01
8.107776779315394311e-01
8.090048223345528422e-01
8.128848657047219595e-01
8.163048639442395116e-01
8.192248679319881211e-01
8.216444284479811344e-01
8.235899010055358627e-01
8.304406525724271626e-01
8.305970717784657564e-01
8.304993661661905779e-01
8.302307415511263056e-01
8.298577229644388265e-01
8.294318584954357698e-01
8.289916672873991477e-01
8.285646490806016784e-01
8.281692337739612331e-01
8.278165932353341860e-01
8.275122690703327066e-01
8.272575928380223598e-01
8.270508917066876631e-01
8.268884843846689980e-01
8.214848738009397078e-01
8.171186722552905568e-01
8.136965119171039040e-01
8.111051167726703870e-01
8.042995161680334126e-01
7.989449947774713845e-01
7.948897644391145212e-01
7.919591021100975681e-01
7.899708887983236671e-01
7.887472975828703214e-01
7.881229837106569214e-01
7.879502570749716828e-01
7.881017812042772075e-01
7.936265398719596353e-01
7.983861428270963012e-01
7.919959418825200936e-01
7.866835752658379866e-01
7.824114927752003901e-01
7.739483831726046148e-01
7.620489809755667254e-01
7.526844369455146788e-01
7.401629908704221439e-01
7.255820842187318265e-01
7.145174888994213491e-01
6.961205544952628888e-01
6.821939218871070354e-01
6.675687924305274690e-01
6.513289590563692277e-01
6.394800025937004140e-01
6.312958936585205683e-01
6.260832361131567492e-01
6.190038118427343417e-01
6.145169495877405019e-01
6.120434390173705719e-01
6.070209547680842643e-01
5.980677218946468532e-01
5.916318842627110719e-01
5.872721635123779871e-01
5.845790361513629740e-01
5.831843409894762464e-01
5.827661753925605925e-01
5.771382237275292093e-01
5.730302445255284205e-01
5.702076263809650047e-01
5.684370893113246392e-01
5.674983704097611437e-01
5.671921394669607874e-01
5.612614492295435742e-01
5.567152321581134711e-01
5.533863162047798490e-01
5.411019596614723426e-01
5.315075727874440936e-01
5.242971688959845444e-01
5.128147236291720201e-01
5.041327890725679772e-01
4.978744788119684461e-01
4.871895989950310035e-01
4.758997103361473080e-01
4.709817061911587555e-01
4.646680285042024128e-01
4.539412727561051852e-01
4.460919404753591611e-01
4.406616095352706708e-01
4.305615405621174840e-01
4.135101389952364759e-01
4.005897668355933305e-01
3.912205888467197301e-01
3.780311691164286447e-01
3.684359625992006393e-01
3.592813280886713034e-01
3.531262166949142856e-01
3.493547221852044693e-01
3.474218954993031350e-01
3.468592108842234456e-01
3.472738625261144740e-01
3.415877881619693301e-01
3.375246051384781509e-01
3.348083512699460140e-01
3.331759540322576374e-01
3.323866890910753824e-01
3.322278877841740030e-01
3.325176246077949926e-01
3.239324168326969122e-01
3.104044833411265802e-01
2.997833072634767948e-01
2.917409630271163845e-01
2.859135207950742608e-01
2.750167560296929992e-01
2.649635018245359852e-01
2.576828651874385478e-01
2.458018257831124931e-01
2.301063362214734731e-01
2.182626190022194379e-01
2.097231457061015103e-01
1.969464800194773435e-01
1.876378123768505102e-01
1.812440521946676597e-01
1.759698829202258619e-01
1.658494694792593815e-01
1.586703278203180911e-01
1.538980166254542148e-01
1.521073373726316014e-01
1.515887866270810846e-01
1.509197959226669106e-01
1.521441295033125751e-01
1.537464991527399683e-01
1.555305983118668856e-01
1.502260511295319123e-01
1.532650858880675315e-01
1.489271597679056036e-01
1.455729274757968650e-01
1.430856335805976709e-01
1.413364815679549746e-01
1.329966899088990129e-01
1.255344104617497347e-01
1.127694097791029915e-01
1.029105305843767137e-01
8.845889794207417722e-02
7.745181653271759892e-02
6.940688178162246480e-02
6.383622824190360312e-02
6.027399600743676977e-02
5.829342334825438066e-02
5.751642574021764709e-02
5.761778525827199182e-02
5.832551147317199813e-02
5.941853752889736384e-02
6.072264042331476652e-02
6.210527871254911680e-02
6.346989119360113563e-02
6.475007684477041003e-02
5.879229818285258702e-02
5.397974420738149703e-02
4.309241251465500966e-02
3.443205681546324115e-02
2.064184308622163400e-02
9.905632903930206012e-03
-5.280034414449685798e-03
-1.685400506656553610e-02
-2.512101389807930296e-02
-3.777263357002902389e-02
-4.695460277669338822e-02
-5.365025059327677148e-02
-5.803252013206372517e-02
-6.714973098153587117e-02
-7.408761352717108117e-02
-8.583563557011930634e-02
-9.450456626965042517e-02
-1.005622335234395148e-01
-1.115259967761907944e-01
-1.194960735820018716e-01
-1.319906261115508794e-01
-1.411499636737942875e-01
-1.545018796384192150e-01
-1.642668791351848956e-01
-1.710297607985977741e-01
-1.822848506209728825e-01
-1.903259879998275839e-01
-1.970926499588547820e-01
-2.084895898009997417e-01
-2.152548465024530788e-01
-2.211580206451759789e-01
-2.318463360169833454e-01
-2.395809920635880719e-01
-2.448444291978728593e-01
-2.549859433310242007e-01
-2.622815230567707712e-01
-2.672161917703965717e-01
-2.721540075556305727e-01
-2.753014927836723302e-01
-2.839219789763867130e-01
-2.832945610783321744e-01
-2.868210440439751263e-01
-2.889960447590371739e-01
-2.901290264990108447e-01
-2.925235977649276453e-01
-2.940004559344844282e-01
-2.947554743263671728e-01
-2.880944158618368167e-01
-2.822554535219097271e-01
-2.773039496721578789e-01
-2.801900661778011781e-01
-2.826488138994422972e-01
-2.846792972387230947e-01
-2.932066112138744796e-01
-3.022077216403105115e-01
-3.162817066218572837e-01
-3.274210395321770495e-01
-3.359178326919982638e-01
-3.489361568354620857e-01
-3.587364579946532572e-01
-3.683848487512211278e-01
-3.753603362214048556e-01
-3.868559377082727568e-01
-3.952676936815502362e-01
-4.010830388372221833e-01
-4.047815961802088136e-01
-4.068106272577463045e-01
-4.075703459037378629e-01
-4.170260294380234711e-01
-4.241336560272315204e-01
-4.358840446514147260e-01
-4.446961455626992077e-01
-4.509993550545363661e-01
-4.552262731021290421e-01
-4.610814243205338947e-01
-4.649692878390008222e-01
-4.673170686575969235e-01
-4.748013256611611776e-01
-4.801930382218018156e-01
-4.871515414489604456e-01
-4.921868872926749017e-01
-5.018125391733108120e-01
-5.089817392280995278e-01
-5.140726208757162574e-01
-5.174537663522360553e-01
-5.290919419308470761e-01
-5.343603196283515100e-01
-5.474580256694216995e-01
-5.573744844864205739e-01
-5.645584355517294650e-01
-5.791808734493935074e-01
-5.902262640616754430e-01
-5.981876082860168031e-01
-6.093660879662392560e-01
-6.214398538738883371e-01
-6.302155431453388967e-01
-6.362138548263441828e-01
-6.399489013454164876e-01
-6.475781739069781384e-01
-6.471508567690423819e-01
-6.458187680653895146e-01
-6.482218353260830179e-01
-6.438096911820506696e-01
-6.395508235037299372e-01
-6.356286135487515532e-01
-6.321562643818355864e-01
-6.248666497855821511e-01
-6.291641608718311351e-01
-6.328080558589196380e-01
-6.358028558285007126e-01
-6.381873817601662058e-01
-6.400216536230100006e-01
-6.370413947003649158e-01
-6.402625118511261482e-01
-6.427847997931248614e-01
-6.489746874377803065e-01
-6.439235569065432374e-01
-6.438128235502478258e-01
-6.493273560298690184e-01
-6.537517446022581558e-01
-6.571850549908582195e-01
-6.597478189083512135e-01
-6.615694177878900240e-01
-6.627787787399244124e-01
-6.622558552090486161e-01
-6.615673226427302156e-01
-6.563207390220093806e-01
-6.518792191624936949e-01
-6.482375643013856825e-01
-6.453481161702158131e-01
-6.387877540844673074e-01
-6.336703526636991990e-01
-6.298141719521026527e-01
-6.270283593688404933e-01
-6.251263767150315731e-01
-6.239343791150772089e-01
-6.232960373986780045e-01
-6.230748827927258260e-01
-6.231549413315516928e-01
-6.234402038587435468e-01
-6.180620609869647009e-01
-6.137765431296108298e-01
-6.104846016591790603e-01
-6.080640444856555415e-01
-6.022968750711982233e-01
-5.919921589840443366e-01
-5.839350419088322752e-01
-5.739738484900104298e-01
-5.665151429210355527e-01
-5.611680397068654624e-01
-5.575549057964268584e-01
-5.590595228257013716e-01
-5.511947077581169641e-01
-5.452731189070929574e-01
-5.410192892233993689e-01
-5.381533048092239646e-01
-5.302716501394875159e-01
-5.207760011352113860e-01
-5.136796297444556902e-01
-5.086182579532825265e-01
-4.990182906338285207e-01
-4.918635151665606831e-01
-4.867956937950037588e-01
-4.834536207519524176e-01
-4.782095141063640309e-01
-4.746707277191741792e-01
-4.757113857876338336e-01
-4.772139325558824030e-01
-4.726318027950859868e-01
-4.692477183906824667e-01
-4.668872882971886185e-01
-4.621585218857240385e-01
-4.587202864488442167e-01
-4.499452556931005098e-01
-4.431970924389705413e-01
-4.382176935046588895e-01
-4.347333130382180499e-01
-4.259682379463922697e-01
-4.164237071511940336e-01
-4.121763577174821780e-01
-4.065856400296699036e-01
-3.961876084457320868e-01
-3.883892863710161070e-01
-3.761870770308455292e-01
-3.644422511698521827e-01
-3.558510572678312833e-01
-3.498828679457541835e-01
-3.394001392964642871e-01
-3.317871406573107418e-01
-3.265707372875081838e-01
-3.232970549303357810e-01
-3.215488722031594193e-01
-3.142340864153363444e-01
-3.021802037876712976e-01
-2.930146152015216110e-01
-2.843574143056837311e-01
-2.782558302518129967e-01
-2.742389881065887547e-01
-2.718731312057252048e-01
-2.639791556770010317e-01
-2.582585426765768855e-01
-2.475123689860125875e-01
-2.394566262599155948e-01
-2.337073594704692781e-01
-2.229521783404175839e-01
-2.149690097224843388e-01
-2.093507205904585611e-01
-2.056848398363615438e-01
-2.035778137839006074e-01
-2.026708955633425013e-01
-2.026492676740234700e-01
-2.032459298274444937e-01
-1.958237071619508551e-01
-1.915730197550840064e-01
-1.885764334667789921e-01
-1.866160854250036305e-01
-1.854842544569446083e-01
-1.766598478703123032e-01
-1.698918557813915431e-01
-1.578972463974341878e-01
-1.497394623874162001e-01
-1.427003155088046871e-01
-1.377293847930365356e-01
-1.344513196696854873e-01
-1.254944335574861292e-01
-1.188571910335205484e-01
-1.141823142384279510e-01
-1.040729598293228531e-01
-9.652331004464587139e-02
-9.115657391915621410e-02
-8.759474821656199062e-02
-7.895636961610352778e-02
-7.253673810435912195e-02
-6.079926326275342241e-02
-5.191841667306484887e-02
-4.519879330622433855e-02
-4.069265749938955068e-02
-3.075332109460182650e-02
-2.352666620503929273e-02
-1.855745507823103324e-02
-1.541221901238576386e-02
-1.369591622444921164e-02
-1.306072864866614225e-02
-1.320941458991531370e-02
-1.389497097343839194e-02
-1.491786862300381600e-02
-8.988170351146740344e-03
-4.424717661054788920e-03
-8.188386508499512217e-03
-4.519475528173222401e-03
-8.966964167236080030e-03
-1.293289324568358545e-02
-1.623024985282262023e-02
-1.174284643039213982e-02
-8.046959277088649998e-03
-5.095422559381779237e-03
4.349920115166439061e-03
1.188396058502738661e-02
2.484295739409869697e-02
4.211575939668743551e-02
6.269029998959285699e-02
7.857688318242228576e-02
9.037367814397523347e-02
1.057789572602991779e-01
1.240678920175872779e-01
1.366015211373119431e-01
1.451772008224896382e-01
1.506066736938231898e-01
1.546642923303553907e-01
1.567165742550822305e-01
1.641609911596013660e-01
1.692729098313217051e-01
1.724863860018335249e-01
1.742041435813646011e-01
1.760175458700485862e-01
1.838013017868305177e-01
1.895803874948791545e-01
2.006661937387956840e-01
2.090481109865696130e-01
2.150918139786235361e-01
2.261748565004173539e-01
2.343748333008974782e-01
2.401381181420849664e-01
2.508201435787995592e-01
2.586159209086282829e-01
2.708404705200111451e-01
2.798151145520446637e-01
2.860762511395016361e-01
2.901341861098472030e-01
2.944924826874506518e-01
3.039586539971748103e-01
3.108888466825443508e-01
3.156769173672957507e-01
3.187129050445078882e-01
3.271191820720613652e-01
3.332196660457991122e-01
3.373965922045922827e-01
3.400171913374789856e-01
3.480875609847473573e-01
3.539857694617998263e-01
3.580719154302625107e-01
3.606891284258080255e-01
3.646579278494721521e-01
3.673184678133787351e-01
3.689157369930753383e-01
3.696797456486111688e-01
3.698176574497711311e-01
3.761962191728316363e-01
3.810477206404705441e-01
3.872836015392859821e-01
3.919737376849692367e-01
4.020089627298881751e-01
4.096919638477292125e-01
4.182676302890362408e-01
4.216518349240678809e-01
4.266583205404528290e-01
4.270352356849100861e-01
4.332675776735344098e-01
4.377387580919802623e-01
4.407629790851672613e-01
4.426316244722212634e-01
4.436048984553122576e-01
4.469987177997978289e-01
4.428398552414072320e-01
4.424342619164243207e-01
4.418418441726392754e-01
4.411519480182510833e-01
4.369703912642401988e-01
4.303476438775069024e-01
4.249296901316013120e-01
4.272170431196629092e-01
4.292959553930681960e-01
4.311210574861958911e-01
4.326744986431654283e-01
4.339581614040299851e-01
4.349873809730175900e-01
4.322937092729803865e-01
4.299993450657879634e-01
4.281097374284161816e-01
4.266073146483528866e-01
4.254585570250939419e-01
4.246202911052538997e-01
4.240449204226988122e-01
4.206591063632341143e-01
4.113137734207275020e-01
4.038646232556863946e-01
3.953066335611152837e-01
3.888391078144797230e-01
3.774638795465561358e-01
3.687749283754657714e-01
3.623977760944265825e-01
3.579551149951041289e-01
3.483524102250705745e-01
3.411950197294557618e-01
3.361230962600161298e-01
3.327758356955692332e-01
3.308102276276196907e-01
3.207678724579898777e-01
3.132406360822208580e-01
3.078468353242980182e-01
2.973751036610807752e-01
2.895485859552500152e-01
2.819807906252405072e-01
2.767059393848134707e-01
2.664720062627456976e-01
2.589444703881982335e-01
2.536845092270478830e-01
2.502722866405537872e-01
2.483220196513977740e-01
2.406450340120844800e-01
2.350218091293634348e-01
2.311296867459715632e-01
2.286522316367323171e-01
2.272936773606346605e-01
2.283968644163503203e-01
2.282191873571841612e-01
2.284912650600918749e-01
2.306941807373343867e-01
2.327999653411261249e-01
2.347253253515093618e-01
2.364208314909723718e-01
2.307647342460554807e-01
2.261208382008654816e-01
2.152672002699753673e-01
2.065545587189963062e-01
1.925686551089598186e-01
1.816086097957712031e-01
1.733581507462067517e-01
1.601205072083193848e-01
1.501454671110458161e-01
1.356122913859827417e-01
1.247508148318425825e-01
1.096198016316911605e-01
9.098999666999496583e-02
7.647602938782283033e-02
5.884882413248315736e-02
3.873138623146821224e-02
1.667889132848809908e-02
4.922922361931814095e-04
-1.784956751705202294e-02
-3.077831866852154263e-02
-3.934003584042278234e-02
-4.446374307452605201e-02
-5.403942972790676258e-02
-5.327930450530105055e-02
-5.123172275514442653e-02
-5.547104247464473836e-02
-5.843262002355809059e-02
-6.719760279921471735e-02
-6.646267099848590654e-02
-7.226120092517018811e-02
-7.636037027652031739e-02
-7.904726279050944271e-02
-8.787558751226942633e-02
-9.450505250979501781e-02
-1.065101788274871453e-01
-1.156057537562933391e-01
-1.294228593531803195e-01
-1.397989318529300196e-01
-1.544143596147433684e-01
-1.652515059726535895e-01
-1.729019315175557292e-01
-1.779425773051908077e-01
-1.879922662993667171e-01
-1.951259253956429962e-01
-2.068923857455142734e-01
-2.154321499687885666e-01
-2.298756300667228469e-01
-2.406749860399302055e-01
-2.483470318304894509e-01
-2.534208189639788333e-01
-2.634110704342416120e-01
-2.704947200016285525e-01
-2.821341620363875258e-01
-2.905526719611717379e-01
-3.031692121960778419e-01
-3.123217936190478827e-01
-3.186023176367422938e-01
-3.293214389311782675e-01
-3.369487368169807873e-01
-3.487013295664198598e-01
-3.571649589580925266e-01
-3.629227067915929972e-01
-3.665127101365930340e-01
-3.684156402681393327e-01
-3.690493174342106553e-01
-3.752790153927672012e-01
-3.796774854548405909e-01
-3.825793373590382629e-01
-3.842923326140801343e-01
-3.915142207913095973e-01
-3.904617489414177189e-01
-3.916604369585372503e-01
-3.986564657865443451e-01
-4.039934147715087409e-01
-4.078843323108138907e-01
-4.133884824439977290e-01
-4.145566469373775931e-01
-4.214425988431507175e-01
-4.265643983035585229e-01
-4.331490172270575645e-01
-4.444314605740371515e-01
-4.530566486798441872e-01
-4.593735132775851326e-01
-4.700626246888675031e-01
-4.812238968894984037e-01
-4.895280278257814199e-01
-4.953882905242823487e-01
-4.992259327843802108e-01
-5.076836747589190679e-01
-5.137238815068621012e-01
-5.177699692975064050e-01
-5.202205608573449158e-01
-5.311163721328180376e-01
-5.454138819777578640e-01
-5.599911704858802075e-01
-5.710177508609662889e-01
-5.849220689391848582e-01
-5.951064301555983871e-01
-6.079964441659019281e-01
-6.213031107566986400e-01
-6.309193573091764762e-01
-6.374515487314780238e-01
-6.471536084889806251e-01
-6.538199146982154319e-01
-6.580385534077600740e-01
-6.603424954609893316e-01
-6.655347639635934565e-01
-6.689134509552789876e-01
-6.763832472477858682e-01
-6.761829090434059442e-01
-6.807513396833170249e-01
-6.838176678991332302e-01
-6.856804109973388961e-01
-6.866098511623862644e-01
-6.868423956491778171e-01
-6.865785974821800863e-01
-6.859837048507946289e-01
-6.896774437859970464e-01
-6.924804461595835958e-01
-6.945075738526020892e-01
-6.958814780122997146e-01
-6.967238295193092235e-01
-6.971489472214228433e-01
-7.027524991244962216e-01
-7.117602172736003929e-01
-7.188602980762325290e-01
-7.242484993769031654e-01
-7.329768427094727201e-01
-7.450038769512248304e-01
-7.541987017397883131e-01
-7.661493360393633045e-01
-7.749891249801280635e-01
-7.862788905530015970e-01
-7.995792603614980676e-01
-8.093494118496490364e-01
-8.161719987520672515e-01
-8.254127846810016544e-01
-8.417224822840899678e-01
-8.538533900401107379e-01
-8.624854897066654980e-01
-8.735809365059306053e-01
-8.814807253000671583e-01
-8.867340465761055501e-01
-8.942515492632988616e-01
-8.992784505716401311e-01
-9.120605380905525417e-01
-9.214853077283977623e-01
-9.322128337524819841e-01
-9.357609036367675603e-01
-9.431192167173275687e-01
-9.425935210585344448e-01
-9.467901603936486055e-01
-9.397444706470278186e-01
-9.331836232874928250e-01
-9.217265577149328371e-01
-9.176723782515094907e-01
-9.143762124934149416e-01
-9.117868328687149804e-01
-9.054812479834674077e-01
-9.004593037962270730e-01
-8.955022894050681526e-01
-8.873957737414748248e-01
-8.856477815704802969e-01
-8.793216792555684780e-01
-8.702039500005435135e-01
-8.632723807991522502e-01
-8.536490831341847496e-01
-8.463656386362453654e-01
-8.358901798753770596e-01
-8.281144967719847871e-01
-8.178449497660651435e-01
-8.053794989283282746e-01
-7.959833395464073202e-01
-7.892657746379238004e-01
-7.796850407102950964e-01
-7.779639599106094039e-01
-7.724239143010840358e-01
-7.687762598689418247e-01
-7.666618431317003823e-01
-7.657402471351633100e-01
-7.657047704022884593e-01
-7.662908028556013607e-01
-7.672788967286345851e-01
-7.684939372206276431e-01
-7.750734185729012404e-01
-7.702936200994491278e-01
-7.664775927133160582e-01
-7.635263831880092500e-01
-7.511035186867893731e-01
-7.412270595150026731e-01
-7.282544701848109314e-01
-7.126753148559754614e-01
-7.005252778056795249e-01
-6.914469530061132518e-01
-6.746207838557115588e-01
-6.618788809594412514e-01
-6.526786435057172486e-01
-6.464445804011291763e-01
-6.322412463717556053e-01
-6.218406016287157945e-01
-6.146320933450588608e-01
-6.039429961063158547e-01
-5.963633354381790985e-01
-5.913659304254443860e-01
-5.843261865629245655e-01
-5.734839337018755590e-01
-5.656540273922392448e-01
-5.603351909328377900e-01
-5.507252255029511101e-01
-5.373912362096489037e-01
-5.236192341733885147e-01
-5.135181020753609715e-01
-5.065040060015435497e-01
-4.954332832403132159e-01
-4.875072472090713482e-01
-4.720799483359772175e-01
-4.606658621462167424e-01
-4.493906493208186248e-01
-4.348918714207599123e-01
-4.244011203431778956e-01
-4.104706894651202198e-01
-4.004088038757154244e-01
-3.907524709743515068e-01
-3.842967687318608050e-01
-3.803760520023879987e-01
-3.784055086884929864e-01
-3.711148899057021833e-01
-3.660817417897563875e-01
-3.560443659419822993e-01
-3.461689102094047676e-01
-3.390775757015827008e-01
-3.274109865171774825e-01
-3.188220996637636251e-01
-3.128267582058368301e-01
-3.089525708260130177e-01
-3.045761754115186015e-01
-3.040719555891382431e-01
-2.975437752491791876e-01
-2.858658689702382460e-01
-2.769456957234532890e-01
-2.704415176615893035e-01
-2.588414922565578369e-01
-2.573453341131202166e-01
-2.480743448806874696e-01
-2.431570775784679395e-01
-2.310702650888529774e-01
-2.204655701789006716e-01
-2.128770878787147325e-01
-2.077404216248575075e-01
-1.961088947838260932e-01
-1.876604067671927556e-01
-1.748825797104480717e-01
-1.654835278233843798e-01
-1.588944080368022149e-01
-1.476643649339148823e-01
-1.394931456870209807e-01
-1.260358467865534404e-01
-1.161780145023729727e-01
-1.093070907412323489e-01
-9.865813953138591330e-02
-9.095132367025504649e-02
-8.572257014562945088e-02
-7.548175565882786486e-02
-6.100406281561032706e-02
-5.015877676425528620e-02
-4.244156375810104187e-02
-3.019719171539270164e-02
-2.133166933386321240e-02
-8.149941256083037544e-03
1.432276249172970140e-03
1.504229847314642043e-02
2.478203846654736253e-02
3.838233912579136486e-02
4.846730983209424082e-02
5.502579402221385863e-02
6.648333961830932282e-02
8.171612587228760383e-02
9.999729938000179175e-02
1.136102796117508529e-01
1.302638297892881880e-01
1.433484191142970765e-01
1.596097534522131767e-01
1.701572473135151142e-01
1.853329876612406224e-01
1.961744358814325739e-01
2.034062194823096359e-01
2.147429995925733692e-01
2.225267601303395626e-01
2.343925177952881356e-01
2.496068866354195226e-01
2.605940515587390482e-01
2.680840566094855326e-01
2.746823754277818441e-01
2.856503717302933953e-01
2.934050225062785344e-01
3.053363432992473037e-01
3.160932432832730399e-01
3.237236945856036829e-01
3.287404126242592373e-01
3.409521511398629912e-01
3.499374179446874678e-01
3.630686147886155180e-01
3.726427357368147231e-01
3.860601904101119697e-01
3.957319337749272137e-01
4.051862231266218917e-01
4.184536867178487718e-01
4.347410722979194730e-01
4.466563539972849828e-01
4.549161921225632899e-01
4.602108309358277083e-01
4.631733001826714435e-01
4.643632460261140071e-01
4.642605157221366685e-01
4.632651245375085658e-01
4.617013140584731445e-01
4.598241292841094285e-01
4.578274076170518736e-01
4.558523818731388122e-01
4.572168372353724308e-01
4.647863658274027365e-01
4.708345814584902200e-01
4.788987050718453986e-01
4.852049700300147261e-01
4.899283265475000704e-01
4.998986809002368137e-01
5.074939188357510123e-01
5.130285865495309849e-01
5.233299316695667613e-01
5.272331885209429192e-01
5.333099855947165402e-01
5.337817433081772922e-01
5.334426704523180796e-01
5.325673483668500463e-01
5.350483991150565277e-01
5.304194504049344339e-01
5.262138678941248315e-01
5.188664172426074028e-01
5.127943069083078509e-01
5.079273057519710921e-01
5.041530217092111688e-01
4.978488217054570786e-01
4.866779615711593898e-01
4.779573808992021444e-01
4.713899176764035914e-01
4.666587430591708774e-01
4.634497088488085392e-01
4.614663795482361053e-01
4.539629928173765094e-01
4.483291769538575444e-01
4.443031892725439747e-01
4.350146986180727371e-01
4.249334056620699407e-01
4.107634737412761972e-01
3.999571523356102443e-01
3.920679848363299858e-01
3.866282032508892019e-01
3.737340979590699774e-01
3.642093170256361923e-01
3.575099139132975612e-01
3.531134235114692377e-01
3.437725953707944093e-01
3.370508003918888384e-01
3.325087972736198161e-01
3.297262262175078007e-01
3.283175787863792383e-01
3.279416405533144285e-01
3.283058988622291618e-01
3.291671754964173857e-01
3.303295447843799248e-01
3.247719215606905685e-01
3.204836352680919820e-01
3.173114318255625399e-01
3.150881975282660008e-01
3.066794677021373872e-01
2.979772175166839343e-01
2.844301416148113937e-01
2.739729181050893914e-01
2.643152070772991635e-01
2.504425800514344935e-01
2.400897205528904621e-01
2.326995933872060274e-01
2.277380508239399415e-01
2.247138977128655402e-01
2.231896575698775198e-01
2.158655387593535480e-01
2.190717372392978479e-01
2.209137035997392751e-01
2.229737507403957153e-01
2.250765907296683466e-01
2.270984427328619493e-01
2.273541131746048549e-01
2.292850617627995025e-01
2.240657104432817182e-01
2.198229518406389360e-01
2.164871877758387519e-01
2.124582486496873202e-01
2.094394429033041849e-01
2.003881223407961709e-01
1.933134371336691082e-01
1.879791040004952229e-01
1.841313725322493156e-01
1.746150753149606771e-01
1.673420542477708217e-01
1.620156199201214786e-01
1.503202388249802457e-01
1.494322831634493642e-01
1.494970854326587162e-01
1.432732549637587560e-01
1.467216852143946593e-01
1.421080108593641977e-01
1.397430207011214343e-01
1.372520859086194811e-01
1.285750488376364853e-01
1.218918198342779924e-01
1.106577378172215465e-01
1.012014501492850549e-01
7.992989619322554695e-02
5.579674263600686857e-02
3.743230280477338745e-02
2.398989447270127862e-02
1.462865935517965177e-02
1.579441663790870365e-03
-1.454390905900693198e-02
-2.620499641511075950e-02
-3.416948285775789351e-02
-4.609241659505491917e-02
-4.748104349857373840e-02
-5.413293786423234444e-02
-5.837141624825337161e-02
-6.070798079263561853e-02
-6.159709635786514426e-02
-6.143059437069342543e-02
-6.053673413823368321e-02
-6.612685474612933767e-02
-7.020021566140699498e-02
-7.300277666160659429e-02
-7.529617373417818449e-02
-7.616283429390247051e-02
-7.641482483171402329e-02
-7.676257556804944038e-02
-8.376055820597283486e-02
-8.923766504857844062e-02
-9.335333962494263282e-02
-9.629415130019047808e-02
-1.053450521295660192e-01
-1.123099418267161642e-01
-1.245178359931429224e-01
-1.338691131184113203e-01
-1.477637369407889256e-01
-1.582543794995867614e-01
-1.658318210710136853e-01
-1.709906326320200787e-01
-1.742005189998696579e-01
-1.758889150157496584e-01
-1.764316862477106618e-01
-1.761495479235584138e-01
-1.753084364337842427e-01
-1.741225287345566919e-01
-1.727589365641910568e-01
-1.713433433733944078e-01
-1.768999459368070237e-01
-1.812797199384004188e-01
-1.846115352543455934e-01
-1.939292401769878715e-01
-2.012090721788963865e-01
-2.066930243633722242e-01
-2.106427764517393442e-01
-2.133197921484479842e-01
-2.149718175729127267e-01
-2.226321051646389382e-01
-2.300165975130414875e-01
-2.355801624804565453e-01
-2.464191140728499985e-01
-2.529261809244713888e-01
-2.592546834253659505e-01
-2.618803794904971394e-01
-2.650938149642418917e-01
-2.738337136018642592e-01
-2.803591600051371646e-01
-2.849968288595781107e-01
-2.880744561087620337e-01
-2.899029318842820668e-01
-2.907648551813613036e-01
-2.976280747309336672e-01
-3.094069160712180633e-01
-3.117981390349844339e-01
-3.196828331282679514e-01
-3.254764875030511373e-01
-3.295198936844998538e-01
-3.321391606968184806e-01
-3.424781504434346591e-01
-3.503932917357661658e-01
-3.627254926641241273e-01
-3.720540789225748046e-01
-3.787988898323675357e-01
-3.833894066594516481e-01
-3.862384007130224006e-01
-3.877249543167238244e-01
-3.908400639584073133e-01
-3.927530339417615313e-01
-3.937145630340195268e-01
-4.032797236433698362e-01
-4.107112270842356860e-01
-4.162342295229104483e-01
-4.266912816452601565e-01
-4.376143947648258870e-01
-4.458509711928870800e-01
-4.517482619109958186e-01
-4.556828765951717042e-01
-4.645827575048349090e-01
-4.743488692591502076e-01
-4.880317994314797847e-01
-4.982840698329866758e-01
-5.056001568007091329e-01
-5.168539371688711803e-01
-5.249318290854372293e-01
-5.303940161773490480e-01
-5.399669062800092068e-01
-5.528179026018611442e-01
-5.621561705604296577e-01
-5.686115667150699604e-01
-5.727572448285535023e-01
-5.750997077477444375e-01
-5.760761800821109224e-01
-5.819004193863014374e-01
-5.955799580340566113e-01
-6.003106111194459471e-01
-6.033437774230059336e-01
-6.050279359612386054e-01
-6.056777307604880312e-01
-6.055683008102864529e-01
-6.089721832790276901e-01
-6.113376860877174357e-01
-6.028545080456002569e-01
-5.954660496356334320e-01
-5.892407279134386222e-01
-5.841624369695715968e-01
-5.861579998223805932e-01
-5.880059054161994592e-01
-5.896533748346054482e-01
-5.910749899992047141e-01
-5.922652784715182195e-01
-5.873263052403536744e-01
-5.832439915654467066e-01
-5.799766369022355539e-01
-5.774520557656906972e-01
-5.795066957056866919e-01
-5.814252944547441126e-01
-5.831457890349255324e-01
-5.846346528557756494e-01
-5.858808205139708347e-01
-5.970911909775048487e-01
-6.062668143828110479e-01
-6.135210116157954197e-01
-6.250381592109081064e-01
-6.338856988917213053e-01
-6.462615674299152513e-01
-6.656951447838697078e-01
-6.805893052785407793e-01
-6.970961262115030754e-01
-7.091952813007588174e-01
-7.229678408641798670e-01
-7.327130526050118497e-01
-7.392122134002816480e-01
-7.431549204351396432e-01
-7.502038840651948925e-01
-7.497986176597281061e-01
-7.484270566082374954e-01
-7.413644821844739274e-01
-7.395417866669128371e-01
-7.328775210881151025e-01
-7.270893119938525162e-01
-7.222218847347117165e-01
-7.182576226989264567e-01
-7.151357150533258489e-01
-7.127682614034643871e-01
-7.110532026552419671e-01
-7.152362761030449656e-01
-7.188536569474913707e-01
-7.218895312795755581e-01
-7.243639515222453085e-01
-7.263201718470928547e-01
-7.278149997281234684e-01
-7.236931137462050412e-01
-7.248211942095358351e-01
-7.257336855842384526e-01
-7.317610430013468115e-01
-7.313402702070704864e-01
-7.308178590421228193e-01
-7.302517024132020307e-01
-7.296851305956446598e-01
-7.291486559985294047e-01
-7.286620049865816240e-01
-7.282362171686430630e-01
