-1.743809915342624528e-01
-1.741492208254651342e-01
-1.742040027411291270e-01
-1.744553748454631403e-01
-1.748303036584195613e-01
-1.752714206585055390e-01
-1.757353022527086139e-01
-1.761905281907796272e-01
-1.766156920170618427e-01
-1.769974856823477438e-01
-1.773289383898548621e-01
-1.776078565272711796e-01
-1.778354861956710220e-01
-1.780154012793193630e-01
-1.781526070703751685e-01
-1.782528410842041389e-01
-1.783220478901559325e-01
-1.783660026787965425e-01
-1.783900581595947443e-01
-1.783989906293597105e-01
-1.783969231847628567e-01
-1.783873066901449089e-01
-1.700632910911648032e-01
-1.715587925801123070e-01
-1.729534597755524317e-01
-1.742045375593834766e-01
-1.752895991800933473e-01
-1.762016658578771100e-01
-1.769449632580315512e-01
-1.775313452588318519e-01
-1.779773768244463650e-01
-1.783020371886334665e-01
-1.785249830126105497e-01
-1.786652983880743228e-01
-1.787406533307649426e-01
-1.716741726718093997e-01
-1.658561111867409288e-01
-1.612175105693325339e-01
-1.576473760146679393e-01
-1.550113030052526764e-01
-1.531657990204946529e-01
-1.519687704829055797e-01
-1.512867428360709088e-01
-1.438446412313714173e-01
-1.451570293566561975e-01
-1.404318176743526436e-01
-1.357886424225731581e-01
-1.323209826433897618e-01
-1.298545520469633896e-01
-1.282145830629195515e-01
-1.200221752032606393e-01
-1.208776593891167650e-01
-1.220213068760369612e-01
-1.233047260304473980e-01
-1.174130003417592771e-01
-1.119757357699575628e-01
-1.078668346152962254e-01
-1.048840112272095837e-01
-1.028310245415762214e-01
-1.015258968894037217e-01
-1.008054586148914300e-01
-1.005274261224229360e-01
-1.005708295670662000e-01
-1.008353422629073570e-01
-1.012398921404522589e-01
-1.017208257076349653e-01
-1.022298238041130514e-01
-1.027317200366839600e-01
-1.032023370805248419e-01
-1.036264272882718718e-01
-1.039957794329111618e-01
-1.043075318424737663e-01
-1.045627134938904579e-01
-1.047650189883793104e-01
-1.049198109036069138e-01
-1.050333338241025150e-01
-1.051121182090377637e-01
-9.740513866639233242e-02
-9.180925197900036139e-02
-8.737042594915656046e-02
-8.397420173577940794e-02
-8.148567581569410301e-02
-7.976254493844803228e-02
-7.157232065512708630e-02
-6.470014970149029487e-02
-5.998101995597071578e-02
-5.659777366447937830e-02
-5.432718489405363727e-02
-5.295417167852711771e-02
-5.228067838120242783e-02
-5.176243725374196636e-02
-5.168568703620346483e-02
-5.191550673592493226e-02
-5.271202740759428629e-02
-5.318972238428232302e-02
-5.372239579421256295e-02
-5.426506378824202947e-02
-5.478624924295760756e-02
-5.526531889239949535e-02
-5.569014491116552890e-02
-5.605509339586323136e-02
-5.635932463108805912e-02
-5.660538208671428428e-02
-5.679804378896657902e-02
-5.694340847173107178e-02
-5.704818859295612832e-02
-5.711918249012071236e-02
-5.716289858347689545e-02
-5.718530565306334523e-02
-5.719168483667447234e-02
-5.023471136938240100e-02
-4.453542338972216186e-02
-4.001393646507245272e-02
-3.655211282194081868e-02
-3.401145317094345089e-02
-3.224666124021391411e-02
-3.111544784150921394e-02
-3.048518684341416929e-02
-2.326556456553974250e-02
-1.759821044228981890e-02
-1.331149885040794345e-02
-1.021265663564752124e-02
-8.104545398473383955e-03
-6.797509963500480978e-03
-6.117180787927223307e-03
-5.909066170209031910e-03
-6.040681853357154907e-03
-6.401863114750439010e-03
-6.903800092124434684e-03
-7.477237526137381352e-03
-1.515075355644412980e-02
-1.442704656187410173e-02
-1.384766579978635725e-02
-1.321858875826142921e-02
-1.267256242228342877e-02
-1.221307122327175421e-02
-1.183786864008684603e-02
-4.549141150227198338e-03
1.378576067387227155e-03
6.048958204892374013e-03
9.667528326746888112e-03
1.225638725583433342e-02
1.412842004667824725e-02
1.533820438337629710e-02
1.601662991968222371e-02
1.628503817201609749e-02
1.625130581550382480e-02
1.600774529724580120e-02
1.563050584204606075e-02
1.528959988006772797e-02
1.489662495857269064e-02
1.448770415809996770e-02
1.408947519732683951e-02
2.105119570131486206e-02
2.673058863571231569e-02
3.120717046593735056e-02
3.460358249716688483e-02
3.679488277964271248e-02
4.547308114931358780e-02
5.254296629953203457e-02
5.747822403366442678e-02
6.140141609657678856e-02
6.409550051603263299e-02
6.578701456462709984e-02
7.394249572411570881e-02
8.018124544882088145e-02
8.475233301576734490e-02
8.791847455999413086e-02
8.993770407143708567e-02
9.830404313029617036e-02
1.046473247309596122e-01
1.100475502784254989e-01
1.130655808858931355e-01
1.149031465253265161e-01
1.166743484425369903e-01
1.249444629727003431e-01
1.239358432436554747e-01
1.299085402757624852e-01
1.269847070227394514e-01
1.324630562459696570e-01
1.366513085684466500e-01
1.396995659158799530e-01
1.342313701056063735e-01
1.368827876824052492e-01
1.388229787735202336e-01
1.401610680546183652e-01
1.410069345650015737e-01
1.414644473455559659e-01
1.416272225974966048e-01
1.415763842436816855e-01
1.489353658594285701e-01
1.547999925545555655e-01
1.593176236962143832e-01
1.626622115572362581e-01
1.724949308179060115e-01
1.726649555031321004e-01
1.797390406944259222e-01
1.850727104074454399e-01
1.889190224245869132e-01
1.915309769893669412e-01
2.005354064594373487e-01
2.073903913112171704e-01
2.123956445497232615e-01
2.158550416055102783e-01
2.253674690098874667e-01
2.325303265797655783e-01
2.376898047699287364e-01
2.484180571231409118e-01
2.564551331633606601e-01
2.622090472325391275e-01
2.660798852744596932e-01
2.684416934229392204e-01
2.696316210593441287e-01
2.699443157831895590e-01
2.696300885825777538e-01
2.760206050686508927e-01
2.808401319795121864e-01
2.843173236328100373e-01
2.866804353399341476e-01
2.951918372195427853e-01
3.016854513014317618e-01
3.064418480945649836e-01
3.097451281396150780e-01
3.188096518661245327e-01
3.256396023166157061e-01
3.305667948988773031e-01
3.339185546861096476e-01
3.452807927347600891e-01
3.515037352867844689e-01
3.583572875906648747e-01
3.632537767307355558e-01
3.665175157423916641e-01
3.752986556878072921e-01
3.817933244666935622e-01
3.863540510987808485e-01
3.893288387773619075e-01
3.910436092314348855e-01
3.917914969144302706e-01
3.985664447817034439e-01
4.064598061161575071e-01
4.124100936444139442e-01
4.166799827722922345e-01
4.195441797478016710e-01
4.212712462869137031e-01
4.221108189814328782e-01
4.222855436658334849e-01
4.219868947780984758e-01
4.213740121396618576e-01
4.205747322261148557e-01
4.196880883070364110e-01
4.187876780603654314e-01
4.179254282613091842e-01
4.171354098793222942e-01
4.164374650510653808e-01
4.158404962211019740e-01
4.153453368552002534e-01
4.119799193371245227e-01
4.122120006714016238e-01
4.124852704310140172e-01
4.030861215667189690e-01
4.051273606766232493e-01
4.070362096432524890e-01
4.087522700845780399e-01
4.102433089145451905e-01
4.114986038673953406e-01
4.125231074888766614e-01
4.133324979113495168e-01
4.207101658764782481e-01
4.297241689622346428e-01
4.369484010297313148e-01
4.425312504208573916e-01
4.466653930170638720e-01
4.495644830317158114e-01
4.581741781558081872e-01
4.647112181962853583e-01
4.694655296839507219e-01
4.727330206810942403e-01
4.747972435802418900e-01
4.759179226811853791e-01
4.763245756073402060e-01
4.762138142894727366e-01
4.757492282144417661e-01
4.750630106920747942e-01
4.842647930927446165e-01
4.916380820377876937e-01
4.973400020824931822e-01
5.015698447358678536e-01
5.045459871708550814e-01
5.064884078212599228e-01
5.076062473116669249e-01
5.080896790281141939e-01
5.081052864963762072e-01
5.180259738085735144e-01
5.221440075149244020e-01
5.288195644631721315e-01
5.338586353355618819e-01
5.374840725972651612e-01
5.399278783088907741e-01
5.478708381990924359e-01
5.474371298198157376e-01
5.529474183257450104e-01
5.569753363465743679e-01
5.637672360332721677e-01
5.752177748542440794e-01
5.840181182294883477e-01
5.905097772418930191e-01
5.950531387360401547e-01
5.980018789417816949e-01
5.996860021477120606e-01
6.065782990838015643e-01
6.115892058441622092e-01
6.150403487735498498e-01
6.215557338742194737e-01
6.263363541934350298e-01
6.252486781499837498e-01
6.281341827495405816e-01
6.300228841882475894e-01
6.266933906967981915e-01
6.235734786802605845e-01
6.207633016861441311e-01
6.226497287090260180e-01
6.241272833974736978e-01
6.313142140328273921e-01
6.370538531713910713e-01
6.414859797655148022e-01
6.447768017422601527e-01
6.471017460328575277e-01
6.486332790535723758e-01
6.495327515399330620e-01
6.499453830236971985e-01
6.559020526871556234e-01
6.546254364609990217e-01
6.532550434080011126e-01
6.518910502659897022e-01
6.564953805014882571e-01
6.601194033734559818e-01
6.628764581490047547e-01
6.648896804873862809e-01
6.662825055065343394e-01
6.729080017372288669e-01
6.780406663454540128e-01
6.818787988644858800e-01
6.892224298294744589e-01
6.902280529514291940e-01
7.007722110136608284e-01
7.089637251474151247e-01
7.150922886652373300e-01
7.194659082717969056e-01
7.223895590987046145e-01
7.295459987414605330e-01
7.396074116911763863e-01
7.472284004494227361e-01
7.527438015756348078e-01
7.564980893197451595e-01
7.690775487436679603e-01
7.786808548281134446e-01
7.856988256966711548e-01
7.905423146306038706e-01
7.988232769111460740e-01
8.151883411364920784e-01
8.277800433266415681e-01
8.419619163832092745e-01
8.578654639162017759e-01
8.743703570634521194e-01
8.863883370900681458e-01
9.003756448720822148e-01
9.046204083949823671e-01
9.065737935336961595e-01
9.068418201069464724e-01
9.116498439480511529e-01
9.146554571811479351e-01
9.162389494440039694e-01
9.211692863683953458e-01
9.244844461092438515e-01
9.163674530197963852e-01
9.091269055669253252e-01
9.028754433847111516e-01
8.976396127044241613e-01
8.933848772092713997e-01
8.900360575060297652e-01
8.819146868205109957e-01
8.755610458838943844e-01
8.661291387809810782e-01
8.540806302251734428e-01
8.446527356732628222e-01
8.326511658819463202e-01
8.234651441708249475e-01
8.218715548719678354e-01
8.164367363704470026e-01
8.127907923256743050e-01
8.106034852574165450e-01
8.095595841493172795e-01
8.093732860455175038e-01
8.149871269030490861e-01
8.255122805144738951e-01
8.343950421926843442e-01
8.416584833613367511e-01
8.423922670336788654e-01
8.420791118241232054e-01
8.471710812606852992e-01
8.511136749506963417e-01
8.484068713232090220e-01
8.403518799712134113e-01
8.336771663738181681e-01
8.229295176836962655e-01
8.144450362235577945e-01
8.079366729563072225e-01
8.031126138755446675e-01
7.947061088014184538e-01
7.883125257674836739e-01
7.786102089537607629e-01
7.713368774727603627e-01
7.661220521373152126e-01
7.626052192573001820e-01
7.604503740684386282e-01
7.541658192271359917e-01
7.447118179504806923e-01
7.376234051701988648e-01
7.325508826691956576e-01
7.291459243909587107e-01
7.270794277958265717e-01
7.213416939750071366e-01
7.172823540942788734e-01
7.145896636461736007e-01
7.129796349849393255e-01
7.122016177395054104e-01
7.067138879153834763e-01
6.980728915294408532e-01
6.914900825964116482e-01
6.866775924918835372e-01
6.833445660720859349e-01
6.812130257409066969e-01
6.800280012296939791e-01
6.741061529734334590e-01
6.696720921021394046e-01
6.665179376549066337e-01
6.600881853532892807e-01
6.596466336661892527e-01
6.555041728185263539e-01
6.525866632620691554e-01
6.493260559106107666e-01
6.428018347756613293e-01
6.378995241868063992e-01
6.343880216389736759e-01
6.320317279293219404e-01
6.306048143360835079e-01
6.200223521880268152e-01
6.118130163281336742e-01
6.056835343702978713e-01
6.013203384538340357e-01
5.984130161781060497e-01
5.966698809589210395e-01
5.958275126206333816e-01
5.956557931153484420e-01
5.959596549542846011e-01
5.965785015703196636e-01
5.876375524061691058e-01
5.805901916634326199e-01
5.752265577432484900e-01
5.713129701429359164e-01
5.686116996246008970e-01
5.668945972522327903e-01
5.659519251198819045e-01
5.655975092962683970e-01
5.597560582069218693e-01
5.552591835574707257e-01
5.519439301598629832e-01
5.496328156137895160e-01
5.481474629544675903e-01
5.473184876208816441e-01
5.469920563573773542e-01
5.470336548846814750e-01
5.436626552817467317e-01
5.387293928805199084e-01
5.313107743917120374e-01
5.255820627304268466e-01
5.151995916342508863e-01
5.071470628441154815e-01
5.011494955155264552e-01
4.969048876762884870e-01
4.941086640150631482e-01
4.924709187699447543e-01
4.917276372326182532e-01
4.916470909563401825e-01
4.954104100346499173e-01
4.954827555198857425e-01
4.957729502110261866e-01
4.961988837668227514e-01
4.904147819774125061e-01
4.857834752052925253e-01
4.822046607322894030e-01
4.795516975121958403e-01
4.680348809322925074e-01
4.589751015526182254e-01
4.552329700016319869e-01
4.527546474816805944e-01
4.512970505637001750e-01
4.474992764941660983e-01
4.479944722384034961e-01
4.392470765521991893e-01
4.324923620489709020e-01
4.274792813004557601e-01
4.239407017957226298e-01
4.216130978939851559e-01
4.202496433370672690e-01
4.196281910393599990e-01
4.101151195969898744e-01
4.027669654842338520e-01
4.000666852081806724e-01
3.956500229407475810e-01
3.925868898779438787e-01
3.840377161654116023e-01
3.775400650134599356e-01
3.728145451040114633e-01
3.695734222015123471e-01
3.675380592129373625e-01
3.664506785320214011e-01
3.660815416905940367e-01
3.662325394738683570e-01
3.667380680998844067e-01
3.674639457911836882e-01
3.683050041247215578e-01
3.691818728381364156e-01
3.700373679689816786e-01
3.708327939725606370e-01
3.648627393138048625e-01
3.599959501449971899e-01
3.561593671260430138e-01
3.532467836170947173e-01
3.511343640643658226e-01
3.428956672099894298e-01
3.364110789584591199e-01
3.315010258354009753e-01
3.279542495418683590e-01
3.255489922150498483e-01
3.264035960945861348e-01
3.275704309547839976e-01
3.218662540305701203e-01
3.174266232289737477e-01
3.141204509302344405e-01
3.117912511891889338e-01
3.102737461970961341e-01
3.094063526325543378e-01
3.090397295764353292e-01
3.090419149324106218e-01
3.093007359121748845e-01
3.097241986877672382e-01
3.030539503287994485e-01
2.977211349507611349e-01
2.936065066513970923e-01
2.905609008788994085e-01
2.884225730501166485e-01
2.891874980759090441e-01
2.901637048791847473e-01
2.912378253815726126e-01
2.827460017281140381e-01
2.855022712224035697e-01
2.806360701110077738e-01
2.747087412275366347e-01
2.722305909852975603e-01
2.705346914631960864e-01
2.694787382426218070e-01
2.689277115012640440e-01
2.612138234446819141e-01
2.627005498616594714e-01
2.547356837766352466e-01
2.485665445510456539e-01
2.439586352170874939e-01
2.406683983358968160e-01
2.309934034991247831e-01
2.235488369995273228e-01
2.180448377890722433e-01
2.141790411298321040e-01
2.116559848373025243e-01
2.102001566495135254e-01
2.095640570424712745e-01
2.170345729152267644e-01
2.235400872622643753e-01
2.215654846922261445e-01
2.199679376301333367e-01
2.187174844809078866e-01
2.177750066206696200e-01
2.245913428864230177e-01
2.210838369481411547e-01
2.181899560290694318e-01
2.158687700267900578e-01
2.140626574849242569e-01
2.127057706737922604e-01
2.117299695278567206e-01
2.095118688487402903e-01
2.093897227255316906e-01
2.094433533192499031e-01
2.080770604328792128e-01
2.086023908124048365e-01
2.091497419468459906e-01
2.008935574872099394e-01
1.942474620618215297e-01
1.890616340716197996e-01
1.851572062644555317e-01
1.823446284777008319e-01
1.804365642888448029e-01
1.792565762274818120e-01
1.786445921478732046e-01
1.797735672906206617e-01
1.736519051891349807e-01
1.687882989124855904e-01
1.650743680455994955e-01
1.623705465106097812e-01
1.530264512635111096e-01
1.457131061510437142e-01
1.326574860844405013e-01
1.225199881952412362e-01
1.140997467440902913e-01
1.013805759696593256e-01
9.181182117181285740e-02
8.431499926360053188e-02
7.987108546581689339e-02
6.961956990224016373e-02
6.212819571052707879e-02
4.932219142136218260e-02
3.213215658583323808e-02
2.659432761964075631e-02
2.335962513611122837e-02
2.187285445679099105e-02
1.415125047908705191e-02
8.729820468889482044e-03
-2.302119816302239386e-03
-2.994921248261395164e-03
-1.004419500274655874e-02
-1.496782569817822761e-02
-1.818353041821763050e-02
-2.736212298278339894e-02
-3.415302802128228343e-02
-3.894416260965916088e-02
-4.210298548468593971e-02
-4.396553747082498909e-02
-5.208395886469396885e-02
-5.813713251014895889e-02
-6.243732536729895699e-02
-6.529197782528628480e-02
-7.424031501136818534e-02
-8.156039352475330517e-02
-8.694390884058589286e-02
-9.067113376849311734e-02
-9.303039257907852466e-02
-9.430030716821180548e-02
-1.029350092002485617e-01
-1.012661311254487995e-01
-9.927902906017838092e-02
-9.717752144828062377e-02
-9.510930241233372939e-02
-1.006410009123701599e-01
-9.753392614196232380e-02
-9.474978443933590455e-02
-1.005338783573928030e-01
-1.052541777450917149e-01
-1.014117322899106277e-01
-1.055940860085795574e-01
-1.089073289316808690e-01
-1.114343670908422013e-01
-1.132764861651649468e-01
-1.145420193990334123e-01
-1.229414560520305510e-01
-1.295673971177191408e-01
-1.356416932856523427e-01
-1.402200734289382744e-01
-1.434970105518227346e-01
-1.445585685484480631e-01
-1.449310136798809268e-01
-1.459259109122923448e-01
-1.540536263774203718e-01
-1.603990286559535683e-01
-1.651600131555419626e-01
-1.685607930652861519e-01
-1.708314913175155159e-01
-1.798538083234639817e-01
-1.791108676017867385e-01
-1.779363807005582832e-01
-1.765234904129329152e-01
-1.750193968518427567e-01
-1.721984871623181146e-01
-1.697456628237443699e-01
-1.676739040436718842e-01
-1.647251692235849330e-01
-1.636044669945626584e-01
-1.627697595049750756e-01
-1.621767455390339396e-01
-1.617825547358073823e-01
-1.603441739175528458e-01
-1.604506901498494731e-01
-1.594416916701439924e-01
-1.587009496783224893e-01
-1.581832462750363266e-01
-1.578462792281414284e-01
-1.649267732996417823e-01
-1.707622110623232548e-01
-1.681916588748386676e-01
-1.658975687078387828e-01
-1.639154452605087187e-01
-1.622542066600185517e-01
-1.609036248852038220e-01
-1.525510301040491346e-01
-1.457656245801051131e-01
-1.404335630995112716e-01
-1.374135870207109367e-01
-1.352998736057684503e-01
-1.329402094862301986e-01
-1.248883115611749695e-01
-1.185903515008412956e-01
-1.138686190436017931e-01
-1.105101729913313680e-01
-1.074683751693312761e-01
-1.055178331416477544e-01
-1.044203585331484607e-01
-9.650370115306783347e-02
-9.790188469807259430e-02
-9.208545962420133790e-02
-8.771263668096196398e-02
-8.457049510434799799e-02
-8.244762664559712739e-02
-8.114445291066885169e-02
-8.047974812716085502e-02
-7.286411885842558611e-02
-6.694292007517899101e-02
-5.506385322729290266e-02
-4.580856404366762114e-02
-3.887246652439468875e-02
-3.391979862441396598e-02
-3.061122838759056108e-02
-2.862313111614911421e-02
-2.017660790985598140e-02
-1.385945934547794245e-02
-9.359922738495729533e-03
-6.412273483240360505e-03
-4.637297173258891902e-03
-3.788124722994501425e-03
4.023473085041473496e-03
9.895947172025021388e-03
1.409594051474916121e-02
1.692132809719537612e-02
1.879170944939279053e-02
1.980147947558719146e-02
2.779713898686586582e-02
3.394282078874133468e-02
3.846548837623742223e-02
4.161218924390541751e-02
4.363027295234167546e-02
4.475351294707730077e-02
4.519322998859154339e-02
4.513343311509721012e-02
5.240998088402037958e-02
5.805693182351334691e-02
6.227152370593369568e-02
6.577180287204464904e-02
7.538155398965340481e-02
7.506539714264404139e-02
7.423273362523818975e-02
7.308604455630085539e-02
7.943744236500083211e-02
9.267497991854534156e-02
1.032364615042182798e-01
1.113505059417758680e-01
1.250556621838310178e-01
1.355256114855516447e-01
1.431753407499276598e-01
1.484491524127637962e-01
1.595044684098507748e-01
1.676031777407829271e-01
1.732193306242852948e-01
1.844682347855455262e-01
1.926929330282867170e-01
1.983895684788092861e-01
2.004931281513451236e-01
2.012555284588157800e-01
2.010637062054232427e-01
2.076223177137064280e-01
2.139735132956115393e-01
2.186005519305045386e-01
2.217771549277771648e-01
2.329606895805957922e-01
2.398191458067799875e-01
2.447015567245829359e-01
2.479520993388313332e-01
2.518050912613327696e-01
2.543310181608504639e-01
2.633118624844155153e-01
2.680392073835105027e-01
2.786035883918869249e-01
2.864865804606944177e-01
2.921172638899041107e-01
3.031362496724214761e-01
3.112976627861494539e-01
3.170712820644971952e-01
3.208999989524907726e-01
3.302516060968840872e-01
3.370825466664963965e-01
3.418198788396273891e-01
3.518151178068646967e-01
3.591645296698016132e-01
3.643060250172003300e-01
3.771856321258930667e-01
3.869666161955851447e-01
3.940641233486430473e-01
3.989091678962306542e-01
4.019221286030179030e-01
4.034942376547347997e-01
4.108174426134880708e-01
4.259209920354003476e-01
4.375788352918092983e-01
4.462078733097105676e-01
4.589754148315767779e-01
4.683495294694228761e-01
4.748785914103474948e-01
4.856586148826009808e-01
4.933502960409281712e-01
4.985124423778495295e-01
5.116428777839168163e-01
5.214116982153795821e-01
5.346613678842839779e-01
5.443411464298288926e-01
5.510458353939631237e-01
5.553400502658247806e-01
5.577383427824393891e-01
5.586947163025504093e-01
5.585985573290863648e-01
5.678404421670881774e-01
5.748108331318182440e-01
5.798243897550211523e-01
5.893099091823202906e-01
5.963195360131537948e-01
6.012464367208122384e-01
6.044716836556546236e-01
6.063477059639621469e-01
6.131289438936075031e-01
6.180190934379155010e-01
6.213513611532175407e-01
6.234345782439925099e-01
6.245452927225660922e-01
6.307001151854098042e-01
6.352310094637648730e-01
6.384085449433769544e-01
6.404870560620644637e-01
6.416973099268293845e-01
6.422427257962095570e-01
6.465408536301391340e-01
6.454716863858650511e-01
6.442329977784723161e-01
6.472027556881994048e-01
6.494451927248630074e-01
6.510567796211857994e-01
6.478043035939681227e-01
6.492363229874719144e-01
6.445456777639073653e-01
6.362205117867877346e-01
6.395009376785669719e-01
6.322560307988057682e-01
6.264173572243100230e-01
6.218660205512402950e-01
6.184502131800075908e-01
6.160039373033464605e-01
6.143604947901351032e-01
6.133616941767772168e-01
6.069699810851308941e-01
5.979288870170298420e-01
5.909492411177160731e-01
5.897409004307837543e-01
5.853162815348703640e-01
5.822009228302943429e-01
5.801555125050652517e-01
5.729623427867781560e-01
5.674896628245178487e-01
5.635101179216959189e-01
5.569782361405239968e-01
5.522091775243826994e-01
5.428185514568573122e-01
5.357045999992848806e-01
5.305518419532238017e-01
5.234649153719015402e-01
5.184122689150660879e-01
5.150223796615474026e-01
5.068118218605588421e-01
5.007294532733082004e-01
4.964495587105757224e-01
4.936515093877180682e-01
4.920343727638005760e-01
4.880063484759846748e-01
4.852838626009350342e-01
4.868681934964056435e-01
4.824256029810536361e-01
4.854152319685538508e-01
4.849675749571271677e-01
4.786494828786360678e-01
4.769549327723117127e-01
4.726474006876995038e-01
4.694429693509374335e-01
4.671729050114967752e-01
4.656709595997690077e-01
4.584726767419686766e-01
4.528747609570189514e-01
4.486927545035999110e-01
4.457222131656681796e-01
4.373245618342354035e-01
4.308644395461103116e-01
4.231685532552327267e-01
4.204096584255436753e-01
4.187960324974924209e-01
4.180708551525573746e-01
4.180061034147075638e-01
4.118259362902170206e-01
4.071206358806491732e-01
4.037018304415884717e-01
3.985532526422406185e-01
3.948419857548772782e-01
3.923162811998184285e-01
3.841363658099994360e-01
3.779004600982556195e-01
3.733451538481959986e-01
3.701990811505779799e-01
3.615195718697012950e-01
3.549335419434105354e-01
3.501615628020104953e-01
3.469112170456110089e-01
3.448965826354701836e-01
3.438516835530469606e-01
3.435388771077494408e-01
3.437531820079369194e-01
3.419032023562185163e-01
3.407277654446965176e-01
3.400765522157103149e-01
3.331321704003677997e-01
3.277035480707435333e-01
3.236116174714378513e-01
3.184445835120923718e-01
3.168603504583165087e-01
3.160078133131301037e-01
3.089788137951077207e-01
3.035486866811525353e-01
2.995266158688110192e-01
2.967040648765666422e-01
2.880188439572424208e-01
2.813364468457399958e-01
2.764151951045081823e-01
2.729898300336113248e-01
2.707932473869565371e-01
2.695719644140777138e-01
2.602576706760941772e-01
2.531681650721480104e-01
2.479861958758511342e-01
2.443928430500104110e-01
2.403952134240789906e-01
2.309395552987583144e-01
2.254010922943165962e-01
2.199713946758934391e-01
2.162204382936523395e-01
2.138220932817129771e-01
2.056788269811793413e-01
1.995799076007009898e-01
1.965823579716539093e-01
1.947551132676637042e-01
1.855741647188451360e-01
1.786190995370224854e-01
1.748055201593803343e-01
1.723344452526889281e-01
1.709436008760496506e-01
1.703882703182355574e-01
1.633462901124524969e-01
1.580009775138568884e-01
1.541325002365703245e-01
1.515050576305576602e-01
1.498853234145851587e-01
1.490551516474998284e-01
1.416405828408526801e-01
1.359578349685841570e-01
1.317859327748793774e-01
1.360873546098251285e-01
1.329177932522205285e-01
1.297205664807701275e-01
1.355459025112593086e-01
1.335087669505481411e-01
1.320049164052947699e-01
1.300149736011251278e-01
1.214923257569431314e-01
1.147665529331369783e-01
1.096323164596355593e-01
9.880420599272499160e-02
9.041691298295329027e-02
8.416317621310054342e-02
7.971948035355813644e-02
7.731530022385602052e-02
7.598709222266619712e-02
7.495049292163669108e-02
7.462759934900331515e-02
7.481584324958756582e-02
6.822983176207131351e-02
6.271851580469345322e-02
5.908176982000767907e-02
5.654296211793807814e-02
5.451621380426074914e-02
4.628151073800546023e-02
3.998583004798605955e-02
3.535440401049716463e-02
3.211339840897653453e-02
2.305353626144412971e-02
1.616556691466941587e-02
1.114549211870463630e-02
7.740124109906654226e-03
5.564664749434511393e-03
4.405811043459051390e-03
3.995253552916411266e-03
4.143117734239698535e-03
1.197247182879479510e-02
1.877129474276273413e-02
2.447401875059740384e-02
2.909703705029142995e-02
3.271342744340755004e-02
3.543129891279184207e-02
3.737644902663217472e-02
4.602667527841131090e-02
4.546526298396980081e-02
5.192810609257447751e-02
5.686872881934390556e-02
6.049024711053863079e-02
6.300411010156525826e-02
6.461586348299586113e-02
6.599774102737332448e-02
6.626895248201880584e-02
6.614805690039937680e-02
6.576192312326734069e-02
6.521234227621164337e-02
6.457839458004044353e-02
6.345614246648079160e-02
6.290251888288467264e-02
6.193767912549108523e-02
6.827650461002066073e-02
7.339513880106673938e-02
7.740827683590723041e-02
8.045062674073744091e-02
8.266389815030339427e-02
9.124468954479558747e-02
1.050010837182677736e-01
1.158079365786894854e-01
1.240045973391163958e-01
1.299608769667630614e-01
1.410322144935094446e-01
1.492994429810641233e-01
1.551862576552500705e-01
1.660507402245265940e-01
1.671336566194552287e-01
1.740150514595988351e-01
1.788403981972752632e-01
1.819838178814299212e-01
1.837927179498592967e-01
1.845781082274351448e-01
1.846097462229905339e-01
1.841148179018776698e-01
1.832791348573465928e-01
1.822500404746763003e-01
1.811403844497678772e-01
1.800330618520975534e-01
1.802454215985977992e-01
1.803258067216879645e-01
1.803084310847282712e-01
1.802229495662228675e-01
1.800940980392444768e-01
1.870247072158590651e-01
1.926532907022968644e-01
1.984925764229561462e-01
2.015928670405500167e-01
2.123558340573632464e-01
2.208532184271758680e-01
2.344047932326642769e-01
2.448641626322352050e-01
2.526103731842086475e-01
2.650809443132655652e-01
2.743378033866490373e-01
2.808794996683539047e-01
2.921138964842850960e-01
3.002669101008097474e-01
3.058641480190376072e-01
3.094008919580082395e-01
3.181177795075913473e-01
3.243389753379515295e-01
3.285111875032566964e-01
3.310476120601337779e-01
3.390022586430079254e-01
3.447592118315367937e-01
3.486966277350656007e-01
3.536049160449925566e-01
3.569596152257514809e-01
3.657150087714575726e-01
3.722539100051380778e-01
3.768984902026641937e-01
3.799749432392514059e-01
3.884127945300706042e-01
3.946412847603819607e-01
3.990104355339847420e-01
4.083753183785658880e-01
4.152985857066366915e-01
4.201742874735638900e-01
4.262844655873085919e-01
4.276392042359578038e-01
4.343938388714330134e-01
4.392369401588431810e-01
4.487904096784842700e-01
4.589422990037781425e-01
4.665374038067935381e-01
4.657113037778894959e-01
4.641920460829811468e-01
4.622638746599196935e-01
4.601496829406712674e-01
4.580167678652433683e-01
4.559839056258523371e-01
4.636663185965645972e-01
4.698767858376184936e-01
4.780209630013831923e-01
4.908412140178264327e-01
5.009103204213820604e-01
5.085063124683071312e-01
5.175651709266353429e-01
5.242576261327389631e-01
5.252059966393178847e-01
5.251285560146041753e-01
5.243460008062288402e-01
5.231177237267377045e-01
5.216465272401002995e-01
5.200852712651724552e-01
5.122088623755893799e-01
5.055555750973039775e-01
5.001100535812617043e-01
4.957972516971971277e-01
4.925041575249846648e-01
4.900972635728853000e-01
4.914429544442819875e-01
4.928226643180555477e-01
4.975723547032686600e-01
5.016091289406434672e-01
5.014695810147440369e-01
5.012958557849678254e-01
5.011077504904759561e-01
4.980755810789943006e-01
4.921309137326821403e-01
4.873151827255592927e-01
4.835382497257980638e-01
4.743076297744523995e-01
4.669893267015559069e-01
4.613994750700489700e-01
4.573167880144926034e-01
4.545053547205224476e-01
4.461849792965588701e-01
4.398364613733809492e-01
4.352117794172964960e-01
4.320425915108023762e-01
4.233662832336404502e-01
4.168048906994561431e-01
4.120808977635823656e-01
4.088980050340687011e-01
4.001240702207262689e-01
3.935347359285246149e-01
3.888326417820699987e-01
3.857046875891292359e-01
3.838448548377291214e-01
3.759892871107968215e-01
3.743750652268698076e-01
3.737077330371672002e-01
3.695032295802520572e-01
3.665171967804135011e-01
3.645461064276720453e-01
3.633923065534740982e-01
3.628728290923195487e-01
3.628250189273629633e-01
3.631094522922888590e-01
3.636106968568642017e-01
3.642364760922434108e-01
3.649157563647518199e-01
3.655961982178586034e-01
3.591622637466360679e-01
3.539415123224216586e-01
3.472582864178723749e-01
3.421159380137843709e-01
3.383042769156783258e-01
3.285430801419992886e-01
3.209829631140446171e-01
3.082231192469004899e-01
3.055240245634815999e-01
2.969254370210192562e-01
2.884288038672953025e-01
2.823005472837465391e-01
2.781216109968438488e-01
2.683841434946090398e-01
2.611630167902618815e-01
2.560684064088669665e-01
2.527196467408641123e-01
2.507616605106843810e-01
2.409219823697148488e-01
2.335782338293861393e-01
2.283369127312064872e-01
2.248195513926809497e-01
2.155647169993277767e-01
2.086684186401084329e-01
2.037746170128642564e-01
2.005319950344621738e-01
1.986101846922461167e-01
1.962845388071543518e-01
1.879018937104663944e-01
1.816305931562380849e-01
1.771438119204831185e-01
1.741250256314452738e-01
1.722806759600947757e-01
1.701333887333331685e-01
1.689062547486208654e-01
1.614165054089262696e-01
1.568308092004413457e-01
1.535413367590767741e-01
1.513360283303302189e-01
1.429140285378778241e-01
1.364306197868070392e-01
1.316532420331382180e-01
1.211446156017799147e-01
1.058926722194029058e-01
9.408568402288919330e-02
8.532396588339641319e-02
7.915974145439763632e-02
7.568996003382233440e-02
6.641908857298961522e-02
5.183215859329703967e-02
4.119792027006785595e-02
3.327156049921287106e-02
2.057399381371660674e-02
1.134689397081278806e-02
-2.340261450398006815e-03
-1.232369564185464839e-02
-1.921564067586656321e-02
-3.091377448062604394e-02
-3.929172713050577137e-02
-4.492585476433164082e-02
-4.835902377963940957e-02
-5.008247981411217964e-02
-5.016074018243910082e-02
-4.940207269861174311e-02
-4.811073995217252097e-02
-5.365213104773114416e-02
-5.732510803277968137e-02
-6.024412051082062014e-02
-6.217625821916983320e-02
-6.332179473540811010e-02
-6.385973813906664631e-02
-5.687467579355032221e-02
-5.792863951609206197e-02
-5.868572333687516185e-02
-5.919590822797360374e-02
-5.950698607797888506e-02
-6.676137140413684889e-02
-7.260328604930488261e-02
-8.424095053350888485e-02
-9.410092748210030500e-02
-1.081270996199970025e-01
-1.189119343397757600e-01
-1.268813547066556247e-01
-1.395088226903711259e-01
-1.488803237595477391e-01
-1.555055719807416637e-01
-1.598805962721285834e-01
-1.624656071249259703e-01
-1.706159290873219270e-01
-1.764592787689704956e-01
-1.803964310854353492e-01
-1.828039431141195159e-01
-1.840223326605641141e-01
-1.925793542026990046e-01
-1.990605108087404318e-01
-2.037358309383825450e-01
-2.068926090726044276e-01
-2.158016255804335870e-01
-2.224681581891900795e-01
-2.272161290591141469e-01
-2.303751286391164665e-01
-2.322601424166459427e-01
-2.400957584252794152e-01
-2.459075663700356351e-01
-2.568845828212458215e-01
-2.651609214515957547e-01
-2.730394534157498665e-01
-2.787276898088635324e-01
-2.874124386851393265e-01
-2.956957891586122766e-01
-3.016425655637149372e-01
-3.124331833215332477e-01
-3.203908710102214563e-01
-3.326830922013876979e-01
-3.417473216405333414e-01
-3.481018684433510035e-01
-3.522467347846833796e-01
-3.546425972037237084e-01
-3.556991306902013150e-01
-3.557698375541775704e-01
-3.642392357461947672e-01
-3.772422112306299535e-01
-3.872376573105780206e-01
-3.946077167806807395e-01
-3.997587165385685370e-01
-4.030915942235411276e-01
-4.114775450528980194e-01
-4.239691847047326601e-01
-4.362485961334585660e-01
-4.454029179718015374e-01
-4.518887994299154443e-01
-4.561669595659074705e-01
-4.586765694162455720e-01
-4.598184250844141729e-01
-4.599451704821786446e-01
-4.625271581092862405e-01
-4.640821808763027079e-01
-4.648276613069706187e-01
-4.682327705623032799e-01
-4.706458115402887277e-01
-4.787856181293681512e-01
-4.885234370863327236e-01
-4.960758678265504429e-01
-5.053030367815365409e-01
-5.188989389916502937e-01
-5.293006659481336307e-01
-5.408141136513848757e-01
-5.493317784835232143e-01
-5.552608356943280477e-01
-5.656054200737028470e-01
-5.729969725617228837e-01
-5.886393790121345893e-01
-6.003698049439375461e-01
-6.150545618153739902e-01
-6.318872717862488164e-01
-6.441116401807474023e-01
-6.571427875059246970e-01
-6.663650251247145162e-01
-6.783451098608409557e-01
-6.866802412554060542e-01
-6.978049733530066190e-01
-7.054790321782797857e-01
-7.208053632975822689e-01
-7.320339977022796152e-01
-7.502440733152129226e-01
-7.637783961360551377e-01
-7.785955130152421022e-01
-7.891145467765205979e-01
-8.013479238369612956e-01
-8.149257453871284751e-01
-8.195432355969844984e-01
-8.218357723988252150e-01
-8.223771064388354368e-01
-8.216615351936670253e-01
-8.255172194692518284e-01
-8.228460323136447263e-01
-8.305450931904075906e-01
-8.363650425447414216e-01
-8.405367247894517391e-01
-8.433176118435380397e-01
-8.449688154620389469e-01
-8.457381739032496792e-01
-8.401092366903172293e-01
-8.351098230631156527e-01
-8.308127305088950365e-01
-8.272290233917759528e-01
-8.243277470166525678e-01
-8.220513055751950127e-01
-8.148409155104561208e-01
-8.091721087280193681e-01
-8.048568430353100212e-01
-8.016972435356425342e-01
-7.994989204325806398e-01
-7.929003838987804809e-01
-7.878219410260408617e-01
-7.840767472041137998e-01
-7.762193093938341004e-01
-7.702904705255844142e-01
-7.606356118979399339e-01
-7.532735598831329371e-01
-7.479083146336071852e-01
-7.386760889065867586e-01
-7.317536416919829811e-01
-7.268336991895363308e-01
-7.185564442048613110e-01
-7.125918451233895778e-01
-7.027720082108919186e-01
-6.955060038481768458e-01
-6.904154924009685557e-01
-6.811823962970677826e-01
-6.743949679821639176e-01
-6.696959674244227223e-01
-6.667178847473173020e-01
-6.651069487645118183e-01
-6.645394529504924375e-01
-6.708322820298833200e-01
-6.704310011097676103e-01
-6.704260171707927540e-01
-6.706978682051389917e-01
-6.602426017305755845e-01
-6.519006059830141364e-01
-6.454689188790796450e-01
-6.344707357790412283e-01
-6.259595312107135712e-01
-6.151347716721909942e-01
-6.070898028495432808e-01
-5.949952958078943421e-01
-5.859436387944284563e-01
-5.794951649538294669e-01
-5.686525192688565156e-01
-5.672838948708889273e-01
-5.671844439180617758e-01
-5.613673642817644804e-01
-5.573069891142623522e-01
-5.572172529627534843e-01
-5.578185125946271139e-01
-5.588589463337407803e-01
-5.601452270857443239e-01
-5.615331174249886814e-01
-5.629187213321411587e-01
-5.642306980281726059e-01
-5.654235013581385694e-01
-5.600352508985999567e-01
-5.516286430545020991e-01
-5.449414024373087084e-01
-5.332760494196016055e-01
-5.203063952281790083e-01
-5.103536299037259028e-01
-4.963985754666606631e-01
-4.857854928004399220e-01
-4.746103841870574769e-01
-4.598935957657162010e-01
-4.489534380536470692e-01
-4.412052673125668178e-01
-4.292887110024461439e-01
-4.206559171418811083e-01
-4.147776738677459996e-01
-4.042050931914127343e-01
-3.965983714777139291e-01
-3.885968068226515193e-01
-3.761901161128688997e-01
-3.741709236278087936e-01
-3.666577452779440360e-01
-3.588590714887900379e-01
-3.509690047071463148e-01
-3.456041048299189899e-01
-3.422251188726472826e-01
-3.379773580687193135e-01
-3.286318868894944067e-01
-3.218058374875896188e-01
-3.170539682384647673e-01
-3.118107070058804275e-01
-3.016797705565568144e-01
-2.941640459553407361e-01
-2.821706100260719108e-01
-2.731597463629713562e-01
-2.666920292214243204e-01
-2.555823396912508816e-01
-2.473626560299291288e-01
-2.399295862135739643e-01
-2.281049303389526273e-01
-2.194355412335955435e-01
-2.134078876929510482e-01
-2.027213088484403070e-01
-1.949593393444521983e-01
-1.827889153738577743e-01
-1.738287428516653854e-01
-1.675866436574862117e-01
-1.566472648209302765e-01
-1.487158834459167966e-01
-1.363315716687936163e-01
-1.272456165148301288e-01
-1.209507334097119635e-01
-1.106865633743905342e-01
-1.032612711325042731e-01
-9.754628719164815109e-02
-8.684277602591028433e-02
-7.913623388761004129e-02
-7.392123782787707320e-02
-6.358380843479904954e-02
-5.611895498378327574e-02
-5.104596997761357002e-02
-4.077503124646897348e-02
-3.331696852632193284e-02
-2.801018812267241920e-02
-2.468838943734730229e-02
-2.289912268456339994e-02
-2.225554910108673567e-02
-2.243469505993433977e-02
-2.317291113920472156e-02
-1.731262416797685333e-02
-1.291444461803359367e-02
-9.761421767712441522e-03
-7.692550286387822567e-03
-6.426505055527886867e-03
-5.755134177881870983e-03
1.434851736316300475e-03
6.973548392956718800e-03
1.107473822321902723e-02
2.109212080838163139e-02
2.183366139724718380e-02
2.893648551621086362e-02
3.426468004131888456e-02
3.806252288378697557e-02
4.738123858969767177e-02
5.434837269592751596e-02
6.633960719259124339e-02
7.537019569582237288e-02
8.188711571679685441e-02
8.632827315146585079e-02
9.601630100790314870e-02
1.100064792374022549e-01
1.205459583032282289e-01
1.281455174379875217e-01
1.333100451864706049e-01
1.433394599609321141e-01
1.505767492247611639e-01
1.554976924624509316e-01
1.517535711071864579e-01
1.477869762930179576e-01
1.448681942149225854e-01
1.419746104839252343e-01
1.462005570592666004e-01
1.494654432145707812e-01
1.518805943531760239e-01
1.546596186716688859e-01
1.566694993954560466e-01
1.651313576528119498e-01
1.646740288433652388e-01
1.710079268776141248e-01
1.687091386630299450e-01
1.664039661627523259e-01
1.726217628597768172e-01
1.775588357080271074e-01
1.813252468702302167e-01
1.913182687775807356e-01
1.991170664038581783e-01
2.049648432838129253e-01
2.091398554924366326e-01
2.191238904975967294e-01
2.266473496852230429e-01
2.320668727191856906e-01
2.428473547834084645e-01
2.527047528934036613e-01
2.670990297821513870e-01
2.780016885009766181e-01
2.858869328888293815e-01
2.982937785442807410e-01
3.073380562287686413e-01
3.135716819000371469e-01
3.221582576376968987e-01
3.280029304914573451e-01
3.408163872200133948e-01
3.502807710663893292e-01
3.569320713918147092e-01
3.612846292391738157e-01
3.704988725345019773e-01
3.770614659316575690e-01
3.907585458106177523e-01
4.010737816269975831e-01
4.150615226955802761e-01
4.253854702749855221e-01
4.391054212778446875e-01
4.426170082321980725e-01
4.506470920933673963e-01
4.592088970312948604e-01
4.651583899726976501e-01
4.689574773167417554e-01
4.710455707809773074e-01
4.815909339502510988e-01
4.894621717371019365e-01
4.950304639743186019e-01
4.986835518796757238e-01
5.072158465661225080e-01
5.169669665136396031e-01
5.204796786845677925e-01
5.324373505986432775e-01
5.376323611168984939e-01
5.508676129777001496e-01
5.607573001468268981e-01
5.738833395027944650e-01
5.834831184503062040e-01
5.960682552509546372e-01
6.051169483868533705e-01
6.112765257423520282e-01
6.151331627104396071e-01
6.172030076901419138e-01
6.179301352472744702e-01
6.176884545463132703e-01
6.167859319957321729e-01
6.252346121900683729e-01
6.317062675990033904e-01
6.364566296844548221e-01
6.397541531530537284e-01
6.418627270492728298e-01
6.486526976736449734e-01
6.480778597155754106e-01
6.470453667240336770e-01
6.457472271970967626e-01
6.443319393652195970e-01
6.429096039059428724e-01
6.358676918796971611e-01
6.356741872418262274e-01
6.298263626995265207e-01
6.250578452621405878e-01
6.254944377406259637e-01
6.319422461518345857e-01
6.315765610649429762e-01
6.312897252673449477e-01
6.354160333529357274e-01
6.447874416716727897e-01
6.524017272281003033e-01
6.583737870665079539e-01
6.628768094744765804e-01
6.661137629411749694e-01
6.729018732232829869e-01
6.838307109612846713e-01
6.922265722658879072e-01
6.984131847009776850e-01
7.075493967178527743e-01
7.143423905566856913e-01
7.191250292235717989e-01
7.222414582175576969e-01
7.296304746201132119e-01
7.349276183235229354e-01
7.490130407191687434e-01
7.492620297619021486e-01
7.485821411739441711e-01
7.577565015974424556e-01
7.646478746323766007e-01
7.800452612964939858e-01
7.919112839065136633e-01
8.060269483242319399e-01
8.166602639658965268e-01
8.348430710718365289e-01
8.486079327846077769e-01
8.585463764987023572e-01
8.710243316421227844e-01
8.847441813991975268e-01
8.945256754437150848e-01
9.010538155335522381e-01
9.049785378341409503e-01
9.174053288661646599e-01
9.263734294539895942e-01
9.368957012326823985e-01
9.485116542775930970e-01
9.626016501465556319e-01
9.728164131186128882e-01
9.798378501364299886e-01
9.882720374558805476e-01
9.999175630224335087e-01
1.008269187826638102e+00
1.013906483185050833e+00
1.017366645732972863e+00
1.025259915237771047e+00
1.034495942096037568e+00
1.047268715476896261e+00
1.056762583354141416e+00
1.063465861531941226e+00
1.067866650143598273e+00
1.073873520909721879e+00
1.077790634047120166e+00
1.086373841287659125e+00
1.092560542273836921e+00
1.096754510225182999e+00
1.102571303993166385e+00
1.112848261406575556e+00
1.123529984362497069e+00
1.131310300795461909e+00
1.143047496524687512e+00
1.151710360244071918e+00
1.157790586406117761e+00
1.161760270728969813e+00
1.170490557295314815e+00
1.176794382957805807e+00
1.181066277800576270e+00
1.183689693400947318e+00
1.191586881173651413e+00
1.190747785519301161e+00
1.195890096750943155e+00
1.192859066740990626e+00
1.189758915712736176e+00
1.186775521620232698e+00
1.184031758745641483e+00
1.181600150340912592e+00
1.176787716408296935e+00
1.175545627297786222e+00
1.171840045573476541e+00
1.171673419679378103e+00
1.168895595565218049e+00
1.166737933648351211e+00
1.167966711735793695e+00
1.169144969747359042e+00
1.170225614963696037e+00
1.161813286144520951e+00
1.154963462686893871e+00
1.140064849213082265e+00
1.128114591611802942e+00
1.118872708383239711e+00
1.112023041484742070e+00
1.107213493416568939e+00
1.104086587897338045e+00
1.099127714192761118e+00
1.092547338911826316e+00
1.087860693667224155e+00
1.078407622882835648e+00
1.071409561957705980e+00
1.060263877166343072e+00
1.042355795450617073e+00
1.028629402956311001e+00
1.018517092228261367e+00
1.011438926890253942e+00
9.970908110844689531e-01
9.864464487857165231e-01
9.749730722357466961e-01
9.667230533211299548e-01
9.611923073270409734e-01
9.578759075281781943e-01
9.503908620944775398e-01
9.410544420230945173e-01
9.343703246043933985e-01
9.299089928814794348e-01
9.169844679791921971e-01
9.072905579261422160e-01
9.003814854602915085e-01
8.854264729993950311e-01
8.742001408236836912e-01
8.661818671988498197e-01
8.503999377359894307e-01
8.386540422598194322e-01
8.253291768483502766e-01
8.102512376627515334e-01
7.941238583991032662e-01
7.823165384863233207e-01
7.687755394631112793e-01
7.591201934660103401e-01
7.475450886191148392e-01
7.396204128148183843e-01
7.239630218748089874e-01
7.126165500691691301e-01
7.048604098254119821e-01
6.894004703449314597e-01
6.829270681065738868e-01
6.790636574359587563e-01
6.725056055306786185e-01
6.683659555891907633e-01
6.661150280887531139e-01
6.593601730437980146e-01
6.546945765927562055e-01
6.531508547156592570e-01
6.467791794056244603e-01
6.422938713830944613e-01
6.393494629331566426e-01
6.376275206064739853e-01
6.368443884202630301e-01
6.367547504145695259e-01
6.371522384983853149e-01
6.318662663839489380e-01
6.278274212707893875e-01
6.248789978854214500e-01
6.228525772824275997e-01
6.172074009784335180e-01
6.129937029194367781e-01
6.099898223510458184e-01
6.079794088589133283e-01
6.067614661312843438e-01
6.000341858641208281e-01
5.948543177023903894e-01
5.910313139894156631e-01
5.883600076623786146e-01
5.866355477524161088e-01
5.856641227612394696e-01
5.852700230281813187e-01
5.852996677938450132e-01
5.856232361079949378e-01
5.861345071159596021e-01
5.867494497011777055e-01
5.874040180402476663e-01
5.880515201130804837e-01
5.886598394356762354e-01
5.892087120601230410e-01
5.896871943529929938e-01
5.900914032578693513e-01
5.904225692519714519e-01
5.906854117293278694e-01
5.908868253789957281e-01
5.910348524806046111e-01
5.869730841836939828e-01
5.877969827520473922e-01
5.885419886578996396e-01
5.891928315350255518e-01
5.897437301376581287e-01
5.901958751037258422e-01
5.905552902905348844e-01
5.908310717180003113e-01
5.868713581103867094e-01
5.836461510114423490e-01
5.748797858523451154e-01
5.678299114215665799e-01
5.623454436210078011e-01
5.582395896393992363e-01
5.553101938469122700e-01
5.469916896886246604e-01
5.367311055887147297e-01
5.353158895364811265e-01
5.322030421573455961e-01
5.264442726024156638e-01
5.222875840287675153e-01
5.130024069971639289e-01
5.059333568080022214e-01
5.007882147399769224e-01
4.906675894726182374e-01
4.830081897343667663e-01
4.707568864489659610e-01
4.580789599677523860e-01
4.486875789192417141e-01
4.420751045567137272e-01
4.309002652972035996e-01
4.227538001099220288e-01
4.171551205487142866e-01
4.066764781710328069e-01
3.961173961230306517e-01
3.914684410070687903e-01
3.788453919896217492e-01
3.695509188847621029e-01
3.630580809314081225e-01
3.588524172979943305e-01
3.564564637906346700e-01
3.554438851199486216e-01
3.554461676796001335e-01
3.490669937403003686e-01
3.444171813532683757e-01
3.412234071069359942e-01
3.392168682394476331e-01
3.309525813896401214e-01
3.319052245412787983e-01
3.260593762121914985e-01
3.217409191443583172e-01
3.187215175915547594e-01
3.167710520464066537e-01
3.156708577371323265e-01
3.152223690438344939e-01
3.079230122159071215e-01
3.022711182535269270e-01
2.906632263704873598e-01
2.816010737391507757e-01
2.748093381337690655e-01
2.699703280907321812e-01
2.592096203517948450e-01
2.510972780552067629e-01
2.376447430411385842e-01
2.274519732409239214e-01
2.200906416570425073e-01
2.151041916724996117e-01
2.042975806170885811e-01
1.963864479193695445e-01
1.909233379411876541e-01
1.782291177560753059e-01
1.689069363479287489e-01
1.623949103304838104e-01
1.504448788736283404e-01
1.339839578323958058e-01
1.216180457098576806e-01
1.118775035266219575e-01
1.052865286455726412e-01
1.011916701677095798e-01
1.066095097247148349e-01
1.120364959957322881e-01
1.088249509034688867e-01
1.067319946842459899e-01
1.055102249919930291e-01
9.684336756466449536e-02
8.296199633824774544e-02
7.170579444425473348e-02
6.336476727182160928e-02
5.031426029770580399e-02
4.055372713097371573e-02
2.648090654464474447e-02
1.597109742158253631e-02
8.465159563397772757e-03
3.429631676059141654e-03
-6.691734813001781745e-03
-1.409687038971174644e-02
-1.920605367083161319e-02
-2.241774328343648648e-02
-3.136228272104224502e-02
-3.787089473286808783e-02
-4.231866243689985652e-02
-5.238133169210534845e-02
-6.023540227699153426e-02
-6.583716497424019209e-02
-6.953978223350465449e-02
-7.170078020301939858e-02
-7.265982341207477546e-02
-7.272369727679550699e-02
-7.215774310502731659e-02
-7.118254913322652477e-02
-6.997455761675230868e-02
-6.918909806165629561e-02
-6.778215894726558055e-02
-6.645682991567714026e-02
-6.525908907994759645e-02
-7.171453467611921262e-02
-7.693470632267662701e-02
-8.848371748619321409e-02
-9.837267839837360306e-02
-1.060884091437637178e-01
-1.118632982795444430e-01
-1.235186668405379162e-01
-1.248597706511607175e-01
-1.327340016464135797e-01
-1.384903873077547587e-01
-1.424638174857908446e-01
-1.449841101832936019e-01
-1.463590430705230538e-01
-1.543978865009645318e-01
-1.604102574700267958e-01
-1.634620663403687502e-01
-1.726718024795788065e-01
-1.795153132433471299e-01
-1.843855156490759040e-01
-1.948773269121273355e-01
-2.098875170774805454e-01
-2.212911183070800369e-01
-2.366905863483237393e-01
-2.481893875574301411e-01
-2.564057168539450871e-01
-2.619291357994082414e-01
-2.653010819360606121e-01
-2.739393361416506689e-01
-2.800424335518625352e-01
-2.840710340463961092e-01
-2.933168549596052443e-01
-3.000112205782192731e-01
-3.045894886144233649e-01
-3.142468956925341672e-01
-3.212967497998537869e-01
-3.261748534040012082e-01
-3.292935746872254210e-01
-3.400709110218445019e-01
-3.482035912309315862e-01
-3.540513256067687742e-01
-3.646925507166525193e-01
-3.725463032812255104e-01
-3.807040186360080014e-01
-3.865159627208929471e-01
-3.970674268090228498e-01
-4.048013973471102922e-01
-4.167951191709649006e-01
-4.255854707806052684e-01
-4.316921367724191327e-01
-4.452139295785084716e-01
-4.553020713396704888e-01
-4.624565453419582362e-01
-4.769499139924631148e-01
-4.877863195857430334e-01
-4.954777959757132866e-01
-5.105252779610445213e-01
-5.217308318604771955e-01
-5.296348269919146645e-01
-5.449717046804987142e-01
-5.563298670438214799e-01
-5.683001985006697065e-01
-5.768307347035647181e-01
-5.824595494187614353e-01
-5.920660100810422044e-01
-6.029630309586206938e-01
-6.169577799547992791e-01
-6.271155487148166729e-01
-6.340611199641426055e-01
-6.490703740213641382e-01
-6.554534320113760693e-01
-6.639328749744595193e-01
-6.696379650312638265e-01
-6.683991988358911618e-01
-6.662964250825229584e-01
-6.695855549746672075e-01
-6.669746907808237202e-01
-6.642691441453735246e-01
-6.616400860701090458e-01
-6.591984582194034825e-01
-6.570103041607836536e-01
-6.551085287384053046e-01
-6.535019636529053599e-01
-6.521824106336238103e-01
-6.411184934579803318e-01
-6.321409587415166564e-01
-6.250781407779901766e-01
-6.238824778677213301e-01
-6.133307741052888007e-01
-6.050831055397546399e-01
-5.988871272789092481e-01
-5.904192388821417614e-01
-5.842175731823431306e-01
-5.799055733142698399e-01
-5.771250407471488764e-01
-5.657019843496415845e-01
-5.608280888026269118e-01
-5.575797797071992967e-01
-5.556419210858718483e-01
-5.448480138188596111e-01
-5.366305682488323736e-01
-5.270338301160384376e-01
-5.138706377355275468e-01
-5.039738386760315159e-01
-4.935004906600870545e-01
-4.798176291438243091e-01
-4.697108399165532688e-01
-4.626061526382845290e-01
-4.516504780405614650e-01
-4.437516891897144156e-01
-4.384064577713902011e-01
-4.257729298157957309e-01
-4.100533040233913518e-01
-4.010434628668542167e-01
-3.948419647471255178e-01
-3.842954562941796048e-01
-3.699658996426762325e-01
-3.567242415682290169e-01
-3.403599348731547458e-01
-3.259759155774988315e-01
-3.158080086862875557e-01
-3.022259571854080118e-01
-2.905650186892074771e-01
-2.826449335551484143e-01
-2.796336132800256724e-01
-2.697950314006485328e-01
-2.629806905400837724e-01
-2.586102961181009352e-01
-2.476270878213231441e-01
-2.414083136294924437e-01
-2.305318805678131522e-01
-2.225897749436345219e-01
-2.171242598809055568e-01
-2.136835879823248963e-01
-2.118434784692233563e-01
-2.028219596300493421e-01
-1.962686832265165826e-01
-1.848524996641234264e-01
-1.763587549618181871e-01
-1.634062544109062820e-01
-1.537434033638367392e-01
-1.468808807166681607e-01
-1.353526783980569803e-01
-1.269320602310033408e-01
-1.141085291932586454e-01
-9.763149292015294023e-02
-7.821090448333989364e-02
-6.314883812005045449e-02
-5.244412875279746977e-02
-3.830404256455333112e-02
-2.829925979614689169e-02
-2.167323770402163063e-02
-1.084941311474252323e-02
-3.263098443225143086e-03
1.640518472273644335e-03
4.395848324765472270e-03
5.494847719919260243e-03
5.373034121282982412e-03
1.154070384665928373e-02
1.587446017595972592e-02
1.869666455229146429e-02
2.031418260718820257e-02
2.815737625102210373e-02
3.376766964946020799e-02
4.504358804690822282e-02
5.364029867337083424e-02
5.991541491444918321e-02
6.424119393352167862e-02
6.698016551334817770e-02
7.557018143659788301e-02
8.190891883392992234e-02
8.634655827552695229e-02
9.562983592160123614e-02
1.093830656787733169e-01
1.197161370712238604e-01
1.349771051748258621e-01
1.455068864749609059e-01
1.539865928015013985e-01
1.587105128186396819e-01
1.614340182460864970e-01
1.706013263552981218e-01
1.703895112626507835e-01
1.761560141913962596e-01
1.869902634652702567e-01
1.950970215695051468e-01
2.008732640775976463e-01
2.047197598715300160e-01
2.153497197163689592e-01
2.233369746350548635e-01
2.274367296039037090e-01
2.367056812518724129e-01
2.450957633873398489e-01
2.511134852794969508e-01
2.619744155764591742e-01
2.699784808285872195e-01
2.823420519922004157e-01
2.914568741636818228e-01
2.978393042339744223e-01
3.108060520030386797e-01
3.204603246882440359e-01
3.339646710970900489e-01
3.438794725790734752e-01
3.507711908244217636e-01
3.551953079320240292e-01
3.576689902148886269e-01
3.677722678050630023e-01
3.751743593418319644e-01
3.802865763603759941e-01
3.901225044351357418e-01
3.972471838028370783e-01
4.086318903333783226e-01
4.198239482690673263e-01
4.280118462090451992e-01
4.401251681278588457e-01
4.584841838119808610e-01
4.724134074317620779e-01
4.888285090566595326e-01
5.042478516746946582e-01
5.154441012255766008e-01
5.329608597668265002e-01
5.458607829532211575e-01
5.648769863481681863e-01
5.789044885106880978e-01
5.947573624526357738e-01
6.059147987546987801e-01
6.191677636865698942e-01
6.324687971901733485e-01
6.474851399014820430e-01
6.580150019691423102e-01
6.648930468062294041e-01
6.688854738435956460e-01
6.762852120812040679e-01
6.809876831623117299e-01
6.835917367882784479e-01
6.846141165256671712e-01
6.844901901609374839e-01
6.835784756538648699e-01
6.921287875940744794e-01
6.985932634194634838e-01
7.078769121307495471e-01
7.148981557098068595e-01
7.247231043427889707e-01
7.321230502252111805e-01
7.374013155577904266e-01
7.463053114479203387e-01
7.527438002135355966e-01
7.571222458191688709e-01
7.545056624891116615e-01
7.566091083591249822e-01
7.577356220903306294e-01
7.632941888623091531e-01
7.676182717615298579e-01
7.758655678759415197e-01
7.821045670486745927e-01
7.919160930722893843e-01
8.046300659739409333e-01
8.143005059162687909e-01
8.319859361994692559e-01
8.454958582021894209e-01
8.504124489602867820e-01
8.581991308090597403e-01
8.691865564682842438e-01
8.819544316095324632e-01
8.911914681440089581e-01
9.034086784987516161e-01
9.168474027241145796e-01
9.265146098815073561e-01
9.330726250430644297e-01
9.431810984191535407e-01
9.502885709167183670e-01
9.592428036930406021e-01
9.653755173111222554e-01
9.692420991909413974e-01
9.774917704536372209e-01
9.874238384765178234e-01
9.945315209036872384e-01
9.993201179503982123e-01
1.006195243333727785e+00
1.010853529323782141e+00
1.023699203845151562e+00
1.033267759925321716e+00
1.043694871028714166e+00
1.051127388363553017e+00
1.062268683190310092e+00
1.070385289006408058e+00
1.082196775383171161e+00
1.090894570059099955e+00
1.106478644099948783e+00
1.118135341436559127e+00
1.135844584058744111e+00
1.155429171613638895e+00
1.170052022144259629e+00
1.186994047300287569e+00
1.199317988755412623e+00
1.207756770795562762e+00
1.219715462780166737e+00
1.228014175209284575e+00
1.242414254571294840e+00
1.259500253723166097e+00
1.271981142790191033e+00
1.280590710971392321e+00
1.286048298546917490e+00
1.289022574595794612e+00
1.297004616182373393e+00
1.304267951378883295e+00
1.315895985574147442e+00
1.324273277384791836e+00
1.329960514678020678e+00
1.341994752777705635e+00
1.350693152897230798e+00
1.356648757097090430e+00
1.353603570755997687e+00
1.350124043575539279e+00
1.344975932088153137e+00
1.341748649299895790e+00
1.338762390040217687e+00
1.336098855303325728e+00
1.333798032288460389e+00
1.331869093619352018e+00
1.328641149332876026e+00
1.326016332683901178e+00
1.317148250562680367e+00
1.310010235778386045e+00
1.304463883098604837e+00
1.300326043614370430e+00
1.290608014714705210e+00
1.283148206168451821e+00
1.277652184549342707e+00
1.273810428669043704e+00
1.264629515474358312e+00
1.257776842570218934e+00
1.252895118049697221e+00
1.240792178561067383e+00
1.227306104636986417e+00
1.214825273440818698e+00
1.199077041284753564e+00
1.193742468365500020e+00
1.181486306981702095e+00
1.172489211406364085e+00
1.166263621045723342e+00
1.155851474246627486e+00
1.148444157223047490e+00
1.137132210452688863e+00
1.122716089530656269e+00
1.112180663745007569e+00
1.101736638619212005e+00
1.088217661057161889e+00
1.078424753386888701e+00
1.071733197874475296e+00
1.058091529146854448e+00
1.044591321279828122e+00
1.028638778951669774e+00
1.016890916873388617e+00
1.008714681085543630e+00
9.996469427546144093e-01
9.836087419334743620e-01
9.716807010708069514e-01
9.573784656061256060e-01
9.471614563136275811e-01
9.403378310444536758e-01
9.261444425820273274e-01
9.158964088660884739e-01
9.089449827388936809e-01
9.046590864678788479e-01
9.024560817371759525e-01
9.075083661081934094e-01
9.069517808742717513e-01
9.027420639012208037e-01
8.998919005395601411e-01
8.924444960912563118e-01
8.766782722707320286e-01
8.541541586227578975e-01
8.312198946720906756e-01
8.036241734970225314e-01
7.826954990854426697e-01
7.625148656515683410e-01
7.429102856068691141e-01
7.188641483630321405e-01
7.012856445593663723e-01
6.846245898983724931e-01
6.732748374648106493e-01
6.606408758855714103e-01
6.522531750285645025e-01
6.472624806087970972e-01
6.406943575146605285e-01
6.368860527502139268e-01
6.295488926774647220e-01
6.247622558237755364e-01
6.179423995975213968e-01
6.077545488546326480e-01
6.004343423127375123e-01
5.896799319043962706e-01
5.818480451652194851e-01
5.764872552964636077e-01
5.731470708502909295e-01
5.714018294430801559e-01
5.708665659507257129e-01
5.651821717360960839e-01
5.611564412619918230e-01
5.585134119874040071e-01
5.508267191683899888e-01
5.450714691216445029e-01
5.346987162251142234e-01
5.267910964339270752e-01
5.146080393491425653e-01
5.053504643589827872e-01
4.986665390631184192e-01
4.941593360917804212e-01
4.812554222232499068e-01
4.716407319087738692e-01
4.648245585118364609e-01
4.603121052320211515e-01
4.509232999323724567e-01
4.409573958682460049e-01
4.338489528081508340e-01
4.260303297254448562e-01
4.140585718701805806e-01
4.053108930939826049e-01
3.964403543198853352e-01
3.930547079696429247e-01
3.885902970650543242e-01
3.858860331045563807e-01
3.845278951561008629e-01
3.841665547794463897e-01
3.779642566890761834e-01
3.734181712369555317e-01
3.702645887386135648e-01
3.682484346923395879e-01
3.671328211536275532e-01
3.641702031455800181e-01
3.555925888758213471e-01
3.490129208548689022e-01
3.441634050928494837e-01
3.407688901539727144e-01
3.385631902172512309e-01
3.306442673398966026e-01
3.246386426345144738e-01
3.202879950482711013e-01
3.173241520045486652e-01
3.154860156869676580e-01
3.056223201021683877e-01
3.001915064412763456e-01
2.895218045101459747e-01
2.813525268827439252e-01
2.753781837215216743e-01
2.712641262586115154e-01
2.686736816587276255e-01
2.603124585016123316e-01
2.541121123195613229e-01
2.497575119970001367e-01
2.398678636288185118e-01
2.253438870121844406e-01
2.142001866157519085e-01
2.075377571368763885e-01
1.943181378306975127e-01
1.845094363500836554e-01
1.789266784665561882e-01
1.754519541215500134e-01
1.649858444107632494e-01
1.586037103579382990e-01
1.543622644199982297e-01
1.518573793795083837e-01
1.507072172850281166e-01
1.430363521108153346e-01
1.374363280189312420e-01
1.260095728741079668e-01
1.173757925291494253e-01
1.111570288094356762e-01
1.069560060606653540e-01
9.676156661297241612e-02
8.158381807625469939e-02
7.004516701659735389e-02
5.399256055476020499e-02
4.197664209510754141e-02
3.341328845912250323e-02
1.987385923778539620e-02
1.019354955531825979e-02
3.662230186407322563e-03
-3.672721817478130646e-04
-2.446899699140692164e-03
-1.037815162787958378e-02
-8.571844635921976874e-03
-1.341575489141444422e-02
-1.663108356129461285e-02
-1.857186028661983457e-02
-2.661179913324751567e-02
-3.261738897924959524e-02
-3.006496381534606854e-02
-3.446639025752507024e-02
-3.763125257971178250e-02
-4.697328674418588257e-02
-5.419644110423327277e-02
-5.954811459599973489e-02
-7.056655258019794985e-02
-7.838093689943481657e-02
-9.110651640059819201e-02
-1.006137094545282995e-01
-1.074100904877477447e-01
-1.119843433141500810e-01
-1.147862810344646434e-01
-1.232482813918756026e-01
-1.293780983138848040e-01
-1.274667911433364775e-01
-1.250830872966541829e-01
-1.224888381802564652e-01
-1.127036648271690922e-01
-1.043075387583878300e-01
-9.733716352029642138e-02
-9.107725385033371701e-02
-8.626239030546911657e-02
-8.329457322704936217e-02
-8.123666098156379078e-02
-7.992607640214410836e-02
-7.920859075219532919e-02
-7.894416879984667013e-02
-7.121722024530119377e-02
-6.520879958086256423e-02
-6.069854159340737354e-02
-5.745661591387962730e-02
-4.812894471634798776e-02
-4.096072560260100026e-02
-4.308680396262687395e-02
-4.545126549093381207e-02
-4.786061911076910924e-02
-4.291964567154105126e-02
-3.907930704485540474e-02
-3.621603013098617652e-02
-3.418997468885254243e-02
-3.285759059247461700e-02
-3.208075422064848858e-02
-3.173287345099762291e-02
-2.437767596330653319e-02
-1.858392798544650226e-02
-1.408255173928574244e-02
-3.618059431206299692e-03
4.422632973308138205e-03
1.037749510524532681e-02
1.458562758697379280e-02
1.736915334530664268e-02
1.902242783146146365e-02
1.980627218069286322e-02
1.994564585743630047e-02
2.673897575893002809e-02
3.193200116052641313e-02
4.284471902723252512e-02
5.129260496549337134e-02
5.758127951255520571e-02
6.913052683222531414e-02
7.786629302221603766e-02
9.061800929353647227e-02
1.077652271585207711e-01
1.208110943010829441e-01
1.303184557891352569e-01
1.368641833581851763e-01
1.479823553251460311e-01
1.559214693864032775e-01
1.612338687804317772e-01
1.644405567606215257e-01
1.729513249280734133e-01
1.789620687760831164e-01
1.842076807518115977e-01
1.876264720551494847e-01
1.951942925160545794e-01
2.019620292041781617e-01
2.067119541864530508e-01
2.167700796096074800e-01
2.242205506032968199e-01
2.363954217153922954e-01
2.471950192544487557e-01
2.602324639623527780e-01
2.716810838307246456e-01
2.799583292664840073e-01
2.904019089698681722e-01
2.976947326063239530e-01
3.024453236056663386e-01
3.073260856879318492e-01
3.103266522655190318e-01
3.186021352001344731e-01
3.245292360814651111e-01
3.285083151343066721e-01
3.309208110403722980e-01
3.321148752899842904e-01
3.414670737706035908e-01
3.485697060740273745e-01
3.629756416337381886e-01
3.782228234660998112e-01
3.924226773293737480e-01
4.030114351303464293e-01
4.171204298121715670e-01
4.274134645777400987e-01
4.345108798735060063e-01
4.455039406367657939e-01
4.532186469390939720e-01
4.582666914716306827e-01
4.612080865555594489e-01
4.688723778456482805e-01
4.773901024003839311e-01
4.897268621974972813e-01
5.022551494843423558e-01
5.177715410606997803e-01
5.293447372044663979e-01
5.436725846802841211e-01
5.600566971001135208e-01
5.719500658958036610e-01
5.898680512077753013e-01
6.030235118081186396e-01
6.179051416365420879e-01
6.284151186162800773e-01
6.395079970615923370e-01
6.470928112599828586e-01
6.518238662972913877e-01
6.543078069433798660e-01
6.550873619754614685e-01
6.589470005465751790e-01
6.612116393566369599e-01
6.622262417116541178e-01
6.724052103730340235e-01
6.801393028502827898e-01
6.857376029009010221e-01
6.951078426843032565e-01
7.019487856424995176e-01
7.121137243797540650e-01
7.241963281638205130e-01
7.331626178476823297e-01
7.394901660113003539e-01
7.436499204028945709e-01
7.512980232476946796e-01
7.566155131647984700e-01
7.649332106729639369e-01
7.758872050561601563e-01
7.891686715187461454e-01
8.045090339486461462e-01
8.162528621385478633e-01
8.196852792351829731e-01
8.263824129690573450e-01
8.307382465314997466e-01
8.280739084502454217e-01
8.192382259750308204e-01
8.112421698998214525e-01
7.934857754237520933e-01
7.788175719506406081e-01
7.618425452756193428e-01
7.486464990484485993e-01
7.387407704487780613e-01
7.316148026326793063e-01
7.163157110292309726e-01
7.048205939020337762e-01
6.965494285607196634e-01
6.852434599347984046e-01
6.724392324245493935e-01
6.631701257325597343e-01
6.568294362170428169e-01
6.528475228930552543e-01
6.448572825682926668e-01
6.392881787923271331e-01
6.313441624145822439e-01
6.301511282121157187e-01
6.301190685892624765e-01
6.309040767329653354e-01
6.322206763965436682e-01
6.278131956745895970e-01
6.245958387310864834e-01
6.223897948549257375e-01
6.210133543379364740e-01
6.202929040705602581e-01
6.095066933859344394e-01
6.010271116553025372e-01
5.946041994603172842e-01
5.836504013977825700e-01
5.711635370991291483e-01
5.617770150259639994e-01
5.550266506377807829e-01
5.440453306729542415e-01
5.321260092524802143e-01
5.234400726679331317e-01
5.109589669157565961e-01
5.017927737448706349e-01
4.888320140374684541e-01
4.792869202634104653e-01
4.726451355936436283e-01
4.616335590609434991e-01
4.536859799390520198e-01
4.414192181040432761e-01
4.292270922791787680e-01
4.205097463157252413e-01
4.076700613641572879e-01
3.983807771014571397e-01
3.920642868315762364e-01
3.881566108335550158e-01
3.861350805326264624e-01
3.826742384235430894e-01
3.807823394169205233e-01
3.800640355670756865e-01
3.732039987401496450e-01
3.682041290418491819e-01
3.620950275266849872e-01
3.508164775701885230e-01
3.422864162472409877e-01
3.361009763104707559e-01
3.224862057726820552e-01
3.122522730540508995e-01
2.978774254052978243e-01
2.871210110239799107e-01
2.723771111074082540e-01
2.614199681262761032e-01
2.536834531301457307e-01
2.414374357188857623e-01
2.325800710417249562e-01
2.193144594762550526e-01
2.096331859395357267e-01
1.956423793258315058e-01
1.868168804895160573e-01
1.808530319463068636e-01
1.772499985525304300e-01
1.679016108108730698e-01
1.612964683627318152e-01
1.492782859405588081e-01
1.404689924477453555e-01
1.343920882049964849e-01
1.227681711664572184e-01
1.134319018217686548e-01
1.000803940307684048e-01
9.025880048512324727e-02
7.560492958132880581e-02
5.696393045869463378e-02
3.486740262302800986e-02
1.850320117303239087e-02
6.937243405248816330e-03
-8.368560800831259527e-03
-1.899916950166491425e-02
-3.343135411532793810e-02
-4.352108792332143317e-02
-5.011866279908483435e-02
-6.139994770903256516e-02
-6.920831772314905983e-02
-8.221181747653183436e-02
-9.166257175445968741e-02
-1.056131895478249483e-01
-1.082614628576072935e-01
-1.165955569670622527e-01
-1.222325195364133421e-01
-1.332305465610497119e-01
-1.411375598678235033e-01
-1.539936342515320078e-01
-1.633791984900365701e-01
-1.773299827509460247e-01
-1.875184840915153917e-01
-2.019666223592675447e-01
-2.124671195129834711e-01
-2.270071855462632016e-01
-2.375087106312441243e-01
-2.537713522840765457e-01
-2.657795624972361104e-01
-2.741730140930009885e-01
-2.889931322866741148e-01
-2.998555699150942111e-01
-3.073396693041430261e-01
-3.193591985114736520e-01
-3.278299262637693889e-01
-3.333717002809062357e-01
-3.438240375706731466e-01
-3.511174787842488154e-01
-3.558384722538672218e-01
-3.612271289959325671e-01
-3.646112955587892390e-01
-3.736213538044841354e-01
-3.872632932237809467e-01
-3.974339074032127161e-01
-4.046616987341324911e-01
-4.164855888722356347e-01
-4.281958601994191316e-01
-4.367110008436221325e-01
-4.494815818372372984e-01
-4.587567768906410937e-01
-4.651154746776482440e-01
-4.691135316855541415e-01
-4.747641669151803079e-01
-4.852803521413577847e-01
-4.929400895949469508e-01
-4.981971249630781085e-01
-5.014977855454363365e-01
-5.070252855118151381e-01
-5.175723824050832977e-01
-5.253942394233692692e-01
-5.376302446902874177e-01
-5.466589247041855337e-01
-5.595780633451978847e-01
-5.731736198907834146e-01
-5.831959478464894264e-01
-5.966181422266549905e-01
-6.107402176417546791e-01
-6.210761974762982751e-01
-6.344892667996800961e-01
-6.487545626566000312e-01
-6.591107590161308094e-01
-6.723067707562080386e-01
-6.816343582309540849e-01
-6.937694616791750812e-01
-7.072000793964888787e-01
-7.226085254912053557e-01
-7.388528939743929103e-01
-7.563083892551523135e-01
-7.742846105758204311e-01
-7.928108904445430039e-01
-8.061228146153507357e-01
-8.259574788929797684e-01
-8.403270056175998759e-01
-8.501618407206522621e-01
-8.621301773550463787e-01
-8.810776616756985646e-01
-8.949478625946178934e-01
-9.045311248042979813e-01
-9.167425784500348174e-01
-9.251478539261474010e-01
-9.350713674850202883e-01
-9.416070841881922782e-01
-9.562629338807313584e-01
-9.711672498881893656e-01
-9.817400945559630054e-01
-9.951587475878267419e-01
-1.004671896869070435e+00
-1.010982636959238068e+00
-1.018719851025638334e+00
-1.030131564914733566e+00
-1.038232484962594793e+00
-1.050139421830480480e+00
-1.062429230540365310e+00
-1.071187228001282410e+00
-1.077047783322513164e+00
-1.087221518779317497e+00
-1.097859554370874680e+00
-1.112016140306691714e+00
-1.132349815318327568e+00
-1.144540428998731763e+00
-1.162964144224339025e+00
-1.176545920114276722e+00
-1.192984389004992041e+00
-1.204876575182427523e+00
-1.220014796546207148e+00
-1.237986154551307116e+00
-1.251141925737783156e+00
-1.262517754771791401e+00
-1.277255091622133687e+00
-1.294888142216697569e+00
-1.314976428012787579e+00
-1.329688992309080886e+00
-1.347303641005360930e+00
-1.359892375368643158e+00
-1.368288010300740432e+00
-1.374801352809390087e+00
-1.378364814159874774e+00
-1.372296921444609907e+00
-1.366053166602066771e+00
-1.352694402140243612e+00
-1.341199726445672535e+00
-1.324376928706051615e+00
-1.310746573225822553e+00
-1.298038264800071673e+00
-1.288137909562623751e+00
-1.275746059338513261e+00
-1.264309542667281683e+00
-1.248791461345675646e+00
-1.237122534722641554e+00
-1.226236387693532714e+00
-1.211398859952466101e+00
-1.200440092806295933e+00
-1.185799304339397064e+00
-1.175189566091056070e+00
-1.167941834825235281e+00
-1.156551749599969980e+00
-1.148594121410105640e+00
-1.140322913958014439e+00
-1.127973516381243657e+00
-1.115785290479085479e+00
-1.100205328684431105e+00
-1.085194385399552042e+00
-1.067447738393373813e+00
-1.054374933924390412e+00
-1.045278066374084602e+00
-1.032853474059512333e+00
-1.020291786157605296e+00
-1.011490987486997728e+00
-1.005798943479291996e+00
-9.961005643129325904e-01
-9.788738522333229053e-01
-9.616986635208754075e-01
-9.489626749385143833e-01
-9.446130345173703313e-01
-9.363963591269111042e-01
-9.311279686866137384e-01
-9.281560862946943713e-01
-9.269170701727206252e-01
-9.223597812544395147e-01
-9.194914188806324606e-01
-9.179590955523895257e-01
-9.174446753797143028e-01
-9.223213471019964249e-01
-9.161233706987810255e-01
-9.114224865773805639e-01
-9.080062639347503683e-01
-9.009367831724494069e-01
-8.895736642238202263e-01
-8.759131718325013916e-01
-8.544117399308572836e-01
-8.375319454920381324e-01
-8.191250768839408725e-01
-8.054684481077731828e-01
-7.849306241839060228e-01
-7.697105720794155115e-01
-7.537253304057514036e-01
-7.368821733537741503e-01
-7.140956269489259212e-01
-6.972770076364003256e-01
-6.795669615829691423e-01
-6.669387252973754121e-01
-6.585450907693612965e-01
-6.535655013264695112e-01
-6.512423206869434322e-01
-6.509025892374886713e-01
-6.457796818757781665e-01
-6.380170476284752201e-01
-6.327268375425484370e-01
-6.186172261844192777e-01
-6.017357860916778822e-01
-5.889832464602950957e-01
-5.797917533436046655e-01
-5.670113429263656801e-01
-5.536334053307745418e-01
-5.374006591026303514e-01
-5.254770234801557915e-01
-5.103735896405303674e-01
-4.956680084294884381e-01
-4.783328559539445912e-01
-4.657312451118631458e-01
-4.466453820998221858e-01
-4.327808148027512125e-01
-4.232539018745231640e-01
-4.101160794002842724e-01
-4.009821478069652834e-01
-3.879073372029211431e-01
-3.786844908363846685e-01
-3.698121658385131738e-01
-3.567941125087994436e-01
-3.475715739486164857e-01
-3.341099015816468842e-01
-3.145831508976275614e-01
-2.926997850801551504e-01
-2.764096351453846356e-01
-2.648650332799811213e-01
-2.572251661525557509e-01
-2.451639972105996712e-01
-2.292638437454430633e-01
-2.177580734820985242e-01
-2.099430232520613782e-01
-1.958819235700355321e-01
-1.859528318669962932e-01
-1.717437501287610857e-01
-1.616122067633101178e-01
-1.471652237444855960e-01
-1.367957864691311531e-01
-1.220957561075710629e-01
-1.115077994325766042e-01
-9.658772427636064251e-02
-8.516588716394735137e-02
-6.975593756815379187e-02
-5.106671789105310388e-02
-2.974893243943443899e-02
-1.405054203409705771e-02
-3.062717235823519957e-03
4.087258339893429238e-03
1.584216077725897343e-02
2.387301899183191800e-02
2.889401086691867349e-02
4.683164616290502735e-02
6.019067723340709719e-02
6.966255225525674888e-02
8.418790886442928389e-02
8.707285197198300075e-02
9.497285464139060274e-02
1.077621428288022543e-01
1.169225847045831657e-01
1.306836822825370170e-01
1.481658744230331948e-01
1.685387041373342942e-01
1.836266146398342070e-01
1.957497527618226041e-01
2.115541137705378993e-01
2.229148466943013940e-01
2.379975172087014368e-01
2.487091849314289060e-01
2.631848183685834286e-01
2.733913974512380829e-01
2.801023203563328678e-01
2.913095755578518631e-01
3.039653985968728822e-01
3.197681195147419331e-01
3.310487261238632684e-01
3.386829141902092388e-01
3.502485623458717612e-01
3.582767555992605324e-01
3.701543373117368585e-01
3.851262953421601409e-01
3.959729216367477989e-01
4.034384943402034018e-01
4.174655924227186343e-01
4.277320377455733347e-01
4.442756139261763160e-01
4.566281632299020732e-01
4.717642188767035005e-01
4.860529704097538151e-01
5.026977870153317429e-01
5.246653736136706048e-01
5.411030546437725075e-01
5.589531894284824887e-01
5.716415823917330163e-01
5.901174395930248728e-01
6.093379071623367116e-01
6.230378434930902154e-01
6.322063764811470810e-01
6.435000160853475704e-01
6.552124389039741814e-01
6.731688091503955640e-01
6.862625064613588899e-01
6.998966762013173470e-01
7.094607752744108708e-01
7.259500000085497007e-01
7.379200477647397394e-01
7.460656507785849989e-01
7.510880580228381787e-01
7.536520663954936472e-01
7.493156779538422407e-01
7.499739475067874750e-01
7.548967745346814029e-01
7.630352330268822536e-01
7.692676362009104318e-01
8.827498783673453087e-01
8.827498783673453087e-01
8.915154829888040089e-01
8.981697084332286307e-01
9.111789475982408071e-01
9.194070116355772537e-01
9.302999228044470659e-01
9.501322260086879634e-01
9.630375992969969490e-01
9.714483072327924074e-01
9.876140883831983075e-01
9.988877732824629208e-01
1.006526297488152588e+00
1.021184220354579786e+00
1.031680568102316897e+00
1.044846489547921475e+00
1.054263774749414351e+00
1.060584277457971458e+00
1.064409082997091138e+00
1.066286117365637498e+00
1.066702095814201279e+00
1.062667668620705497e+00
1.052352497158843381e+00
1.049442740371216765e+00
1.046776547479365327e+00
1.047041639599671337e+00
1.047187569627615833e+00
1.047240097714046136e+00
1.053658158749267937e+00
1.058935122374802029e+00
1.073311597045178756e+00
1.084813916496782049e+00
1.100366259530676682e+00
1.112438271427571124e+00
1.121414550693659917e+00
1.127741819866831197e+00
1.141889486230450945e+00
1.152380567051340510e+00
1.159789615104624527e+00
1.164678810650568996e+00
1.174428441676889090e+00
1.181403831294765228e+00
1.188859823539355931e+00
1.200771636000741216e+00
1.209492758650060340e+00
1.224982256264249836e+00
1.236472997507511273e+00
1.251528622789635392e+00
1.264801206495435704e+00
1.281109635677362357e+00
1.301859650401424817e+00
1.315368913668609085e+00
1.333480113397213840e+00
1.346587375562991795e+00
1.355565279554975744e+00
1.361223944144852815e+00
1.364289156662555902e+00
1.370929885253653779e+00
1.375205106936283395e+00
1.384689728824405996e+00
1.392770954331994826e+00
1.398284536328297190e+00
1.401722758964699445e+00
1.403538065317520234e+00
1.411252826380925418e+00
1.416787755290226158e+00
1.420511381900831926e+00
1.423834838107298495e+00
1.424765667895206311e+00
1.424865262899337015e+00
1.431512685173212285e+00
1.436493542085511832e+00
1.440981846396458765e+00
1.443163573040464831e+00
1.437260385067597568e+00
1.439085367203570831e+00
1.433131235936019321e+00
1.427987551927556886e+00
1.416535252536534895e+00
1.407218228740714894e+00
1.399878291465125990e+00
1.394300026023050254e+00
1.384495450178977904e+00
1.377128142007715050e+00
1.364906041987982821e+00
1.355704161326232615e+00
1.347504161570524772e+00
1.341617072573071612e+00
1.337656804871032890e+00
1.336893422382370522e+00
1.335418296805295002e+00
1.334869037899070854e+00
1.328118999234677133e+00
1.323086157436629939e+00
1.319516561745584182e+00
1.317155638203337364e+00
1.324366430500498515e+00
1.323883832813904871e+00
1.322026414189209076e+00
1.320721921203817928e+00
1.318108676998268169e+00
1.317942749085626586e+00
1.311167460957866293e+00
1.297107834253822478e+00
1.285855958367527307e+00
1.270341120426450754e+00
1.258365614025507284e+00
1.247223071118049198e+00
1.232218977361730916e+00
1.220975572037676038e+00
1.206221390487338230e+00
1.188756663703675942e+00
1.173146220889252689e+00
1.161788005046492378e+00
1.147426733492465267e+00
1.133754415685974459e+00
1.121246189966092155e+00
1.106262656974309255e+00
1.095646581132807107e+00
1.082383428966915861e+00
1.073156571412534399e+00
1.067178977481915592e+00
1.063748834658152509e+00
1.062256493242216715e+00
1.056161301466516100e+00
1.052184146992747760e+00
1.049874220385791812e+00
1.045399910889450279e+00
1.042462961561754220e+00
1.034787206110273194e+00
1.029165481333316201e+00
1.021653913554847470e+00
1.010217486190674752e+00
1.001590319241254079e+00
9.915557884585441961e-01
9.782920777003404345e-01
9.683856388136240501e-01
9.572922947571723684e-01
9.492327754659273253e-01
9.379788667301481864e-01
9.313821390954081236e-01
9.314087414981654378e-01
9.224506111798215224e-01
9.160292256217544837e-01
9.117271833200087938e-01
9.046631720579619840e-01
8.939944971728182033e-01
8.861442001370469779e-01
8.760189275402593401e-01
8.582652460468623845e-01
8.446527221669246632e-01
8.242374910154504075e-01
8.141722847664258911e-01
8.021704468956631917e-01
7.936758981486435882e-01
7.827563166799503813e-01
7.752531541531187953e-01
7.705374527326849243e-01
7.627715470457830937e-01
7.576835657572583704e-01
7.492306304277546181e-01
7.383082151911144475e-01
7.249295682686517361e-01
7.150686815118629802e-01
7.033369980590652437e-01
6.997837255913047505e-01
6.933167348740044700e-01
6.834046073625037465e-01
6.716751218198367956e-01
6.632120446239665457e-01
6.574421149267473119e-01
6.538326240826298763e-01
6.474849536795334037e-01
6.374406781698312985e-01
6.258632111778247298e-01
6.174312875574872184e-01
6.057014975108828692e-01
5.971010614268827954e-01
5.871344739332540197e-01
5.741167925977058717e-01
5.645489504752045917e-01
5.578819710795226428e-01
5.437281635597694951e-01
5.271049144167809786e-01
5.146618290057536349e-01
5.023297706241267591e-01
4.873900294854802695e-01
4.765677578482097054e-01
4.691773070290652381e-01
4.581446539473428281e-01
4.504129086146513306e-01
4.485333084296543316e-01
4.482620460532373841e-01
4.424993222222244338e-01
4.386500450215866653e-01
4.264696675117900515e-01
4.173232113833365009e-01
4.107901515881762222e-01
3.995634943873198619e-01
3.913021759137833566e-01
3.855601027157713467e-01
3.818857870003040667e-01
3.770872967365432871e-01
3.671666346740249942e-01
3.599223166561957843e-01
3.549104994605427610e-01
3.542692180688415959e-01
3.520038923085553328e-01
3.464121261301140731e-01
3.424159365439471969e-01
3.397622451044548519e-01
3.381983206662353414e-01
3.374854989249496118e-01
3.277352453206909821e-01
3.226450324247582824e-01
3.094038452256668847e-01
2.991933244132647385e-01
2.938296103647282109e-01
2.880672511174395822e-01
2.863408080348044393e-01
2.857158140322455520e-01
2.858999939698472215e-01
2.940464621954879121e-01
3.011826911418686858e-01
2.998662175660373741e-01
2.988237580364543344e-01
2.980283130447167750e-01
2.974476527122795755e-01
2.970476790743654671e-01
2.990791681298148319e-01
2.910495837847399958e-01
2.844975444028792211e-01
2.793260163240325333e-01
2.753919605087140621e-01
2.725286644803015523e-01
2.705624368974557381e-01
2.617809870692910934e-01
2.624982603132095527e-01
2.559946610717767079e-01
2.606346921475104494e-01
2.572608305851482591e-01
2.547443714612409593e-01
2.529696632781408550e-01
2.498240915821865471e-01
2.495272194050144332e-01
2.495896257682816977e-01
2.479250406420907549e-01
2.390671459838953350e-01
2.320809569784203497e-01
2.267584953732724173e-01
2.228678832500934348e-01
2.201736529118822894e-01
2.107332164377213601e-01
2.034570110051674430e-01
1.980725119835191617e-01
1.942902378052708823e-01
1.918240625046028214e-01
1.826130652073394423e-01
1.834227887899333442e-01
1.847299949766767480e-01
1.863145220430295623e-01
1.880084211397081706e-01
1.896889923579982984e-01
1.897746147810916995e-01
1.899793888819190091e-01
1.825987937107158565e-01
1.690248721526435016e-01
1.581785079486826007e-01
1.410019857580624425e-01
1.277441977473194878e-01
1.178621682913751911e-01
1.108126075391731025e-01
9.851235432971705563e-02
8.944933886611350360e-02
8.310334477589487179e-02
7.139143868585362540e-02
6.281144298029706086e-02
5.643391343913584102e-02
5.233849332376605545e-02
4.221759503168209804e-02
2.762786549347029386e-02
1.681390805748050887e-02
1.838609598389107092e-03
-9.215272242944605452e-03
-1.699972092055568318e-02
-2.228575430435264515e-02
-3.281707489422203139e-02
-4.042173983128560799e-02
-4.556432822539391303e-02
-5.612425337707849238e-02
-6.378313549127456739e-02
-6.952076139742180416e-02
-8.017408098112510650e-02
-8.854010730022010556e-02
-1.019652092243357178e-01
-1.119626501314503475e-01
-1.181124869770238117e-01
-1.294117275781858645e-01
-1.374665451050831599e-01
-1.428660531130636624e-01
-1.535186227583220653e-01
-1.611478892358519932e-01
-1.735837846316194977e-01
-1.826574859486373992e-01
-1.889373987040641190e-01
-2.001569537231302487e-01
-2.154038075333077895e-01
-2.267101779616116364e-01
-2.417704617369391684e-01
-2.527822916412878484e-01
-2.604266289086134556e-01
-2.722987086829413705e-01
-2.807155789695954251e-01
-2.931806154815808085e-01
-3.020962633355528393e-01
-3.148816901382551769e-01
-3.240475987743094421e-01
-3.302403554003627839e-01
-3.340554088384541931e-01
-3.383716332238788649e-01
-3.409037882907426376e-01
-3.487999273654760479e-01
-3.569490902015641787e-01
-3.628401022143556975e-01
-3.694592390628392842e-01
-3.741040192969473654e-01
-3.840425788815571284e-01
-3.942791959909766053e-01
-4.048772458390710316e-01
-4.167184822945964040e-01
-4.253474427774124322e-01
-4.312630709021842979e-01
-4.419025994579111050e-01
-4.528065039030630956e-01
-4.572684946869176592e-01
-4.597547325290560760e-01
-4.607505658191111131e-01
-4.708094016505517398e-01
-4.782741193176949235e-01
-4.835382095850746520e-01
-4.936601801564761693e-01
-5.010738282822231326e-01
-5.062265465319777391e-01
-5.095448628308265615e-01
-5.216420135805002189e-01
-5.308011956371323503e-01
-5.438689320745511147e-01
-5.575428271291167359e-01
-5.700505768602119883e-01
-5.831121761847877227e-01
-5.926009656368047551e-01
-6.095348542293937966e-01
-6.282746244480030828e-01
-6.421424937208853878e-01
-6.519074345139828086e-01
-6.629036649986360663e-01
-6.763417437763113993e-01
-6.906176480846401011e-01
-7.008925747365398751e-01
-7.127667659551204515e-01
-7.211145209937853684e-01
-7.322591997055959423e-01
-7.399443906338711852e-01
-7.500510802344856343e-01
-7.626590737917484653e-01
-7.770246078727476302e-01
-7.874777449371890281e-01
-8.000580580556514443e-01
-8.144955654428043257e-01
-8.301615715077234059e-01
-8.471711658531096978e-01
-8.595499148974518056e-01
-8.789825588518068722e-01
-8.932345128324484795e-01
-9.031272468244269103e-01
-9.156171292724996080e-01
-9.289314121031375659e-01
-9.444219163155226360e-01
-9.619094923344573278e-01
-9.746760083143265474e-01
-9.834292588082365061e-01
-9.998580728276326157e-01
-1.011670887662085461e+00
-1.019635945817908063e+00
-1.024498257500634502e+00
-1.037785990047427997e+00
-1.047226835636777764e+00
-1.060367047567641663e+00
-1.069782100812340930e+00
-1.086779563058616560e+00
-1.099267524596575951e+00
-1.107972748820703179e+00
-1.113598247036574618e+00
-1.127242323783753886e+00
-1.137043407421126195e+00
-1.150774084082824222e+00
-1.160710305755160210e+00
-1.167482029500587659e+00
-1.181875292577776015e+00
-1.192331971622975662e+00
-1.199522333585312683e+00
-1.211306760042021091e+00
-1.219734211793607415e+00
-1.225376348022758854e+00
-1.228777707975042155e+00
-1.237786804998300516e+00
-1.244188720394492131e+00
-1.258293006332489083e+00
-1.276232949442469122e+00
-1.289785273870307947e+00
-1.307094619594933560e+00
-1.319931339250085323e+00
-1.336581273647606816e+00
-1.348754381737848007e+00
-1.364856588327134856e+00
-1.376509586957219478e+00
-1.392222537767261459e+00
-1.404833327794495990e+00
-1.413386261267907340e+00
-1.426446905419675559e+00
-1.435556270148556246e+00
-1.441453156457167983e+00
-1.444815267277002935e+00
-1.447204052355407278e+00
-1.455622894514985166e+00
-1.462277830501825804e+00
-1.474129258787450381e+00
-1.482743651446018163e+00
-1.488705433051579430e+00
-1.493118319500851721e+00
-1.488430657578627914e+00
-1.483796193775252625e+00
-1.478768325894352698e+00
-1.474214472863531800e+00
-1.462924888789452593e+00
-1.447153323040307971e+00
-1.434540296216459510e+00
-1.417603360261650902e+00
-1.404490471814290542e+00
-1.394693511563795729e+00
-1.386379255121941600e+00
-1.373414478532851479e+00
-1.356663256280189467e+00
-1.344049881451343298e+00
-1.327929400883955058e+00
-1.316086213683826056e+00
-1.300848261277763429e+00
-1.289865568911269911e+00
-1.275503253425533723e+00
-1.265287733965101413e+00
-1.258469414967295918e+00
-1.247573967638518022e+00
-1.240050396429990265e+00
-1.226161320506511831e+00
-1.218474519345477791e+00
-1.204408820891981424e+00
-1.194142020789077829e+00
-1.187060796664821671e+00
-1.175997116688237476e+00
-1.165411136854592966e+00
-1.148451767855354078e+00
-1.135663961799296295e+00
-1.119960288552948713e+00
-1.098755890318197315e+00
-1.082834706080579856e+00
-1.065068334483091572e+00
-1.046035817937417622e+00
-1.032443908080145745e+00
-1.017181351091371866e+00
-1.006698313204313244e+00
-9.940763098033702505e-01
-9.817002752420040945e-01
-9.732573213304672732e-01
-9.621814939185444615e-01
-9.506132519379373313e-01
-9.368790187311050177e-01
-9.271416494304138833e-01
-9.150993916865607369e-01
-9.024295650399348778e-01
-8.880055921361407201e-01
-8.678463832309183390e-01
-8.528908559168326686e-01
-8.423306935192665934e-01
-8.353758381413081135e-01
-8.261486904264752074e-01
-8.153676577349878718e-01
-8.079301184931014790e-01
-8.032175557262641874e-01
-7.957579544131373472e-01
-7.857729147352686683e-01
-7.787418268287443768e-01
-7.641876632768224153e-01
-7.533920711119682645e-01
-7.358463991215007383e-01
-7.227529558187805181e-01
-7.035474414280695754e-01
-6.883441825304635886e-01
-6.728725802575391546e-01
-6.605803967920567121e-01
-6.520399781622683300e-01
-6.407970523668856666e-01
-6.227197835085411803e-01
-6.093416105804224658e-01
-5.958432288574954105e-01
-5.803909663687407683e-01
-5.694287715547472484e-01
-5.582663350731240648e-01
-5.446268930793145557e-01
-5.250766748332873490e-01
-5.072703097600945732e-01
-4.946751008711822717e-01
-4.829657359240133729e-01
-4.690161144057227727e-01
-4.593617251900892207e-01
-4.468398085522715668e-01
-4.381356186683549314e-01
-4.261397148031849103e-01
-4.177100620454938795e-01
-4.122246462926311139e-01
-4.090936589235243392e-01
-4.077793466224384211e-01
-4.012294513412573149e-01
-3.967792875245581552e-01
-3.846455185414743294e-01
-3.689061767065604514e-01
-3.569773619032863277e-01
-3.458999148180748051e-01
-3.313816873830806031e-01
-3.185454538160277238e-01
-3.027918098350053100e-01
-2.846152028750965624e-01
-2.712215806319238087e-01
-2.600362833929799056e-01
-2.475289573816084054e-01
-2.371164473736877554e-01
-2.317510348480424920e-01
-2.204323034230857292e-01
-2.125210400917298958e-01
-2.073845540488701289e-01
-2.044420511311133559e-01
-2.031779526027817084e-01
-2.031476424221043686e-01
-1.971663752719443607e-01
-1.943172338459375759e-01
-1.926742828518186457e-01
-1.836946328240502968e-01
-1.769386915330555254e-01
-1.720904231387683225e-01
-1.688267452501435173e-01
-1.668379816224889733e-01
-1.658408841745377948e-01
-1.586311601817447237e-01
-1.543010611209725269e-01
-1.441995460124727568e-01
-1.283407957880546846e-01
-1.169112510369696434e-01
-1.004538450013026107e-01
-8.089099207621930354e-02
-6.658775230590197047e-02
-5.616874815037098401e-02
-4.177680807544859043e-02
-3.114671562756998746e-02
-2.400955596806975123e-02
-1.246622357794247016e-02
-4.422301305959885909e-03
7.806156762117932857e-04
3.745208969911484331e-03
5.003928631933218796e-03
5.013445988131248754e-03
4.154908088881414940e-03
2.737882787306133991e-03
1.006567050842344102e-03
6.272444558945489135e-03
1.024558767890582089e-02
1.310966246127542867e-02
1.505064701963476637e-02
2.337483124278549873e-02
2.981426807036013926e-02
3.460176556661398450e-02
4.510992016504644653e-02
5.278044327937525537e-02
5.831094573113171364e-02
6.252419875955128603e-02
7.937634802837867376e-02
9.251590023319122835e-02
1.023726678885470420e-01
1.164492446819760385e-01
1.198827514893983093e-01
1.285533268670482343e-01
1.416086514349224057e-01
1.581961057093599354e-01
1.705778589743693896e-01
1.793937575196358214e-01
1.921692977441822325e-01
2.013077816334274406e-01
2.074489482034358456e-01
2.111907144016653692e-01
2.130711259356230514e-01
2.219068843925326995e-01
2.214059452410661599e-01
2.269586319345875403e-01
2.307498518580006763e-01
2.400169647454051258e-01
2.468854601989460829e-01
2.517178850986783178e-01
2.548764173287336732e-01
2.635587864388855284e-01
2.718386294074541798e-01
2.779087638675341587e-01
2.821006282286766531e-01
2.916397936566259563e-01
2.986918179032334031e-01
3.036354839968329333e-01
3.136757433340209289e-01
3.210592007259456260e-01
3.262128739924379239e-01
3.386347254136898854e-01
3.480156230429836128e-01
3.547694309785986988e-01
3.660457513206860636e-01
3.742914498349152463e-01
3.799963928377172451e-01
3.836356006049175260e-01
3.922588215256859190e-01
3.984007624276526549e-01
4.053055066341537671e-01
4.166837008611725679e-01
4.251319159137836312e-01
4.310900661845127324e-01
4.349973367387534040e-01
4.437439060984449402e-01
4.531368575835472701e-01
4.599850096001429911e-01
4.711179400929896843e-01
4.826311180636759790e-01
4.975311609335344443e-01
5.086593207134262329e-01
5.228504558744111463e-01
5.393439894497935594e-01
5.551338041686193492e-01
5.726784030799950687e-01
5.854357912718904933e-01
5.942170178355974386e-01
5.997887624347376656e-01
6.028460747295522060e-01
6.039990780920101443e-01
6.095938469556456685e-01
6.172290287593839020e-01
6.225624366610100768e-01
6.260043919599870277e-01
6.336925140904113851e-01
6.434024453165378965e-01
6.505630483631840155e-01
6.555554991496751471e-01
6.644219857610771385e-01
6.752620158847523202e-01
6.832915691049991080e-01
