-3.724897727831200100e-02
-3.738653338150399463e-02
-4.447573523267611684e-02
-5.061181299350447915e-02
-5.553942154809754506e-02
-5.935675110249460928e-02
-6.219116583088291073e-02
-6.418468240335917230e-02
-6.548235813550107309e-02
-6.622360513242231406e-02
-6.653622696430283590e-02
-6.653282078767763785e-02
-6.630910671416700986e-02
-6.594372824572647396e-02
-6.549909602179337931e-02
-6.502290398990062670e-02
-6.455001686374850500e-02
-6.410449883367563828e-02
-6.370161858397849208e-02
-6.334972092345347860e-02
-6.305189950775980101e-02
-6.280743863222859602e-02
-6.261301619836046051e-02
-6.246367635419547426e-02
-6.235359064014667219e-02
-5.475651236179457371e-02
-4.863772176401792713e-02
-4.385396863013579782e-02
-4.722903048861071262e-02
-4.331520029266533456e-02
-4.031988011020537499e-02
-3.811652316285840669e-02
-3.657731846152723065e-02
-3.557977655454691579e-02
-3.501106996439373731e-02
-3.477064238253513295e-02
-3.477149057087935979e-02
-3.494044455587319575e-02
-3.521771415896668422e-02
-3.555592483449054875e-02
-3.591882768902765477e-02
-3.627983440103932367e-02
-3.662049630265418187e-02
-3.718850600381951033e-02
-3.767668170610893874e-02
-3.808248491291421622e-02
-3.840852331848165768e-02
-3.866098777429649580e-02
-3.884828379293114864e-02
-3.897990541059725977e-02
-3.906556585787113178e-02
-3.911457280726060581e-02
-3.913541847299173426e-02
-3.913554613738057242e-02
-3.912125287453216416e-02
-3.909769102128168861e-02
-3.906893622275409150e-02
-3.903809608212016613e-02
-3.900743954400387459e-02
-3.897853256983596637e-02
-3.895237018155905950e-02
-3.892949852563964974e-02
-3.891012332381116323e-02
-3.889420306066404542e-02
-3.888152665154698262e-02
-3.887177626720572654e-02
-3.886457657514230668e-02
-3.885953198218650151e-02
-3.885625359956756952e-02
-3.171156356165516499e-02
-2.587169089305185743e-02
-2.124907490305227853e-02
-1.771827624282451552e-02
-1.513417862123267454e-02
-1.334568823055293230e-02
-1.220556646004644641e-02
-1.157705460854230317e-02
-1.133792155392598922e-02
-1.138250872607371456e-02
-1.162227603271426268e-02
-1.198527692505857445e-02
-1.241491629611335412e-02
-1.286827488854158652e-02
-1.331422046216301780e-02
-1.373147030449839434e-02
-1.410672224558529031e-02
-1.443293212365004408e-02
-1.470778421537133340e-02
-1.493237679794412465e-02
-1.511012689179191959e-02
-1.524588541225835314e-02
-1.534524550451199509e-02
-1.541402186669516006e-02
-1.545787658330022296e-02
-1.548206669612617326e-02
-1.549128984367387218e-02
-8.278544430965206757e-03
-2.452040939665112163e-03
2.118418415723910542e-03
5.586893448740415380e-03
8.115335807733714546e-03
9.862874162017032376e-03
1.097888061144036698e-02
1.159875341042115870e-02
1.184165699851202902e-02
1.180967525444942545e-02
1.158797933652522261e-02
1.820970566147650516e-02
2.349601181060667621e-02
2.757430703361940516e-02
2.362709924591865907e-02
2.702744115786726020e-02
2.960612873785195553e-02
3.147642163882524713e-02
3.275455800178406207e-02
3.355275249349598532e-02
3.397451120933547841e-02
3.411181490182046971e-02
3.404375816946680899e-02
3.383627897545293806e-02
3.354266471278033457e-02
3.320457392366638061e-02
3.285336373765690432e-02
3.251156003811583872e-02
3.219434898782180809e-02
3.191100417111769616e-02
3.188891887862821406e-02
3.164171408182192557e-02
3.143655290782088052e-02
3.827593047371458113e-02
4.385634542475091990e-02
4.128107533234492976e-02
3.922204398023487748e-02
3.738064891810100043e-02
3.579036681045733026e-02
3.446162123644302966e-02
4.024289877826192630e-02
4.496398407353674465e-02
4.870396423046030598e-02
5.156983715494800613e-02
5.368135200486889858e-02
5.516042751147343104e-02
6.308897714678263213e-02
6.236591997751950167e-02
6.837072311279435155e-02
7.299238265721319507e-02
7.641095703191735922e-02
7.881391130849824123e-02
8.731147155025542617e-02
9.387409816476210977e-02
9.874658248494316837e-02
1.021874774614952575e-01
1.044514130708680266e-01
1.057770911586171092e-01
1.132798966683552511e-01
1.189794401587007666e-01
1.222796048104335398e-01
1.244095165841496708e-01
1.256269079361922447e-01
1.270144446508838509e-01
1.277467864595294156e-01
1.279807152840242157e-01
1.278525615675043525e-01
1.274772664863532690e-01
1.269486729178099793e-01
1.263407744265818700e-01
1.257096362156056024e-01
1.250957171260649314e-01
1.245263585106182180e-01
1.240182541685019846e-01
1.235797667769784614e-01
1.232130040162815465e-01
1.229156080863011979e-01
1.226822439843480161e-01
1.225057947769272459e-01
1.223782871386775994e-01
1.231441371838313259e-01
1.237949962914888236e-01
1.243300437748831033e-01
1.247549150331688228e-01
1.250795955150805217e-01
1.323663404583681480e-01
1.312470994316787820e-01
1.301499068412457216e-01
1.361826669581300830e-01
1.339775017742514951e-01
1.390292717731580474e-01
1.430348626509754251e-01
1.461011830724598948e-01
1.483526739089151558e-01
1.499190391268925282e-01
1.509266043326094042e-01
1.514926021273415024e-01
1.517217467423015442e-01
1.517045456292818173e-01
1.515168849105303917e-01
1.512205098369048262e-01
1.578484387722034477e-01
1.631649733428548465e-01
1.672907190775634323e-01
1.703720069828271733e-01
1.725652299102919951e-01
1.740255656444007482e-01
1.748992674331815156e-01
1.753187880347992778e-01
1.754001009647172538e-01
1.752416786021884221e-01
1.749246755005064990e-01
1.745139451496426908e-01
1.740595896969585610e-01
1.735988052364492162e-01
1.800896321120657451e-01
2.005185055504370428e-01
2.018476931310984046e-01
2.023597038680651217e-01
2.175284950945581830e-01
2.230708938914092165e-01
2.433249528959371411e-01
2.568384698860084470e-01
2.661862448499225930e-01
2.726004963470676223e-01
2.558491467387351559e-01
2.414459981215553164e-01
2.292322818735343937e-01
2.280319466491536051e-01
2.423848067950962193e-01
2.437825264762285560e-01
2.546193431281111863e-01
2.574888366529421990e-01
3.330857593411795659e-01
3.330857593411795659e-01
3.330857593411795659e-01
3.330857593411795659e-01
3.330857593411795659e-01
3.330857593411795659e-01
3.298730896177690664e-01
3.277907441474900985e-01
3.264254039789704631e-01
3.255240139626427442e-01
3.249376516461057740e-01
3.245760307794125499e-01
3.266241756533245777e-01
3.217494436899817067e-01
3.178309171156887825e-01
3.147570248307509644e-01
3.145729103191998721e-01
3.146486731045385898e-01
3.149081545313308084e-01
3.152851477131228819e-01
3.157250083133755769e-01
3.161851085360347646e-01
3.166342137857076633e-01
3.170511201592958184e-01
3.174229280773110951e-01
3.245473823566011884e-01
3.303418056867151176e-01
3.349067883990717309e-01
3.383785636764620186e-01
3.409097103068532419e-01
3.426555067452603520e-01
3.437647146982483193e-01
3.510200581518736485e-01
3.566486828232555695e-01
3.608574660255967625e-01
3.638629513557096740e-01
3.658770785209015663e-01
3.670978123105850255e-01
3.677034498342264257e-01
3.678496587025279485e-01
3.741870835939418161e-01
3.790928143841370002e-01
3.827501521641636373e-01
3.853505857065533391e-01
3.870814062375276254e-01
3.881174884382245782e-01
3.886162520268052756e-01
3.887150207531648860e-01
3.885301574966537608e-01
3.881574800934419756e-01
3.903174791972350288e-01
3.892931509518509081e-01
3.909561379586681262e-01
3.922152971265480126e-01
3.865615020649786349e-01
3.817561596976795091e-01
3.778071204438508968e-01
3.746728010613358251e-01
3.816365307954436847e-01
3.808612107695772409e-01
3.870223666529513107e-01
3.921151580258404046e-01
3.961847710888350971e-01
3.993203480211291456e-01
4.016361786738604778e-01
4.032571568545151308e-01
4.043081934196546268e-01
4.049070293556076283e-01
4.051598023529510151e-01
4.051587330714652158e-01
4.116577882781422559e-01
4.167886687006681079e-01
4.207040126040635375e-01
4.265566831986506990e-01
4.310343203625854880e-01
4.343080620640380474e-01
4.365625656152329892e-01
4.379824329618140499e-01
4.387422826974867185e-01
4.390001452729590525e-01
4.388936937539811289e-01
4.483779408256751697e-01
4.559590371447728163e-01
4.617993622131657538e-01
4.661080532105577046e-01
4.725083210763592056e-01
4.772799947817454314e-01
4.806419535876995663e-01
4.793179101029405587e-01
4.776960058994583758e-01
4.759559986017303235e-01
4.742275273718983275e-01
4.692166395498540421e-01
4.650410298079332705e-01
4.616549534221490170e-01
4.589864100241978218e-01
4.601834072050565716e-01
4.580797229134281334e-01
4.499182887895620819e-01
4.433712290177986848e-01
4.382920469638524885e-01
4.345027470381637169e-01
4.318121182356042809e-01
4.300293602055869080e-01
4.289737270419420323e-01
4.284808533320323409e-01
4.284063950915293351e-01
4.286275706104352157e-01
4.290431269606984621e-01
4.295721905558518294e-01
4.301523884587479252e-01
4.307375549674550275e-01
4.312952689632501002e-01
4.318044044906659273e-01
4.322528220390930986e-01
4.326352820118373188e-01
4.262511125369110587e-01
4.210007782422857670e-01
4.168232399646101261e-01
4.136183321855435580e-01
4.044307304595553543e-01
4.011284419979281868e-01
3.988944095805948553e-01
3.975105519809924992e-01
3.900286826151904140e-01
3.870404789941823687e-01
3.822611140627825144e-01
3.815387160560654856e-01
3.814076687407534916e-01
3.817010161417238034e-01
3.725829605936763489e-01
3.654233342540715856e-01
3.600039973275139804e-01
3.560798542874838990e-01
3.603419864337233935e-01
3.643119135945989129e-01
3.678705378951678817e-01
3.640934581040973228e-01
3.610853838826697526e-01
3.587716965176221962e-01
3.570640689055633032e-01
3.558690804726265533e-01
3.481481110721611483e-01
3.445063246901043374e-01
3.418070789850389257e-01
3.374120323585074743e-01
3.341756515927525317e-01
3.319169184565395891e-01
3.304570760142271357e-01
3.296291599540626116e-01
3.292836569786907752e-01
3.292912797381262191e-01
3.295436843015731032e-01
3.299527887450628416e-01
3.304492005809691602e-01
3.309801337596649518e-01
3.315070932548116467e-01
3.320035242088492655e-01
3.300356754666646797e-01
3.284734605387282791e-01
3.296436961807700516e-01
3.306884352295240692e-01
3.245650704252718288e-01
3.195354251049500327e-01
3.155403011430273352e-01
3.124831082834620410e-01
3.030768366049121365e-01
2.956271091538107409e-01
2.899493782651725304e-01
2.858170132399755481e-01
2.829865806828943953e-01
2.812167001065686289e-01
2.729661310217208481e-01
2.666603152090500917e-01
2.620517650341129823e-01
2.588748516206154093e-01
2.494599633990102205e-01
2.497266045496122633e-01
2.431743011074500860e-01
2.457926494042046439e-01
2.485119571230416380e-01
2.511568222498767877e-01
2.536096414171513658e-01
2.557991105734123138e-01
2.576897628186645139e-01
2.573302871980363005e-01
2.570338630925013135e-01
2.640282753703815377e-01
2.644485359216828257e-01
2.646555148300846483e-01
2.647017228296586477e-01
2.573066109531194634e-01
2.511229219292614445e-01
2.442706118271069649e-01
2.315596988353383345e-01
2.288785500705436959e-01
2.198761343179433947e-01
2.130170872086749601e-01
2.006333774014803506e-01
1.911259658221737823e-01
1.766967379051245235e-01
1.657099382710185420e-01
1.577111955152392664e-01
1.522228627598714024e-01
1.487772863492839992e-01
1.469391865169307199e-01
1.387938351592838959e-01
1.328911760071180836e-01
1.288677984053390180e-01
1.263692526601105648e-01
1.241220137034317883e-01
1.238960508944753069e-01
1.233702307204387338e-01
1.159825155336795532e-01
1.104020165080459304e-01
1.063602061035771040e-01
1.043698392938934294e-01
1.024756735122256401e-01
1.021664740609311561e-01
1.015759964351861111e-01
1.014562392492843745e-01
1.024333046709231532e-01
9.596246373020189679e-02
9.081897637664293477e-02
8.622645555291841291e-02
9.038151390135706897e-02
8.664272105044346084e-02
8.383633957744618392e-02
8.928942362426006696e-02
8.655771003200651847e-02
8.444850814359061708e-02
8.288206839153144934e-02
8.177490663797026826e-02
7.359769806672988857e-02
6.707703344025550685e-02
6.205376568393949910e-02
5.833839147098762723e-02
4.825551425167029507e-02
4.043922442608005596e-02
3.461617693492446968e-02
3.048998698338878377e-02
2.776414842713936793e-02
1.852037181645549424e-02
1.162794226735064385e-02
6.708078241711268319e-03
3.400288893935066170e-03
1.375348273581211700e-03
-6.968388124854119070e-03
-5.918255304574460141e-03
-4.435514945586360724e-03
-2.709515020892450110e-03
-9.507717907690782511e-04
7.666679399409570550e-04
-4.872984381079970007e-03
-9.314079456857582429e-03
-5.535275227197100634e-03
-9.342517077691514515e-03
-1.229771119643019439e-02
-1.450933347870297929e-02
-1.609011082332512110e-02
-1.715028789062356118e-02
-2.473780484184939787e-02
-3.065615684829370302e-02
-3.512272756686130037e-02
-4.533217310241566267e-02
-5.321890254131367293e-02
-5.909191136175051540e-02
-6.326595216505470631e-02
-6.604454781201796187e-02
-6.770890610808089072e-02
-7.543268651343670861e-02
-8.124836438544535966e-02
-8.543195707579886999e-02
-8.826001353017964846e-02
-9.690645970817368671e-02
-1.034338454598360268e-01
-1.081436428385194048e-01
-1.113408040710734959e-01
-1.133167661589373765e-01
-1.143384025880815891e-01
-1.146416135965369065e-01
-1.144284447314030118e-01
-1.138668069551649342e-01
-1.130920331046154637e-01
-1.122096467761384275e-01
-1.105326108629378634e-01
-1.090425009371553955e-01
-1.084987134150037225e-01
-1.080185239067505965e-01
-1.144705149292639668e-01
-1.197516880003448581e-01
-1.239370918662441312e-01
-1.271369345115143101e-01
-1.363405436930238412e-01
-1.435614304718650924e-01
-1.490214178639492903e-01
-1.529682714039659608e-01
-1.556543176236269144e-01
-1.573215568030104095e-01
-1.650054081263345740e-01
-1.720095987208207777e-01
-1.772632920715748739e-01
-1.865832709374797282e-01
-1.948845522625888282e-01
-2.010146316950833789e-01
-2.052973954244967647e-01
-2.080595075569873220e-01
-2.164598456772111046e-01
-2.226719893454265353e-01
-2.217488272631227275e-01
-2.271717048317123400e-01
-2.310570504931204194e-01
-2.336524922558682604e-01
-2.352034833164453609e-01
-2.428847398491866816e-01
-2.486783659496052401e-01
-2.528500807985170074e-01
-2.556726407497647013e-01
-2.642808508475369411e-01
-2.707537308900518358e-01
-2.734954919259127148e-01
-2.750673788091786420e-01
-2.757591722728525152e-01
-2.824516898221309802e-01
-2.874349482553280044e-01
-2.909863756037107674e-01
-2.953559308931785754e-01
-2.984616835393645307e-01
-3.005165777456446641e-01
-3.083472624020038300e-01
-3.143169686846318811e-01
-3.186732757189290055e-01
-3.216743063035578665e-01
-3.301493830927506590e-01
-3.365301562336855401e-01
-3.411222587129274508e-01
-3.442316460019185786e-01
-3.461481330358930908e-01
-3.471351598646397196e-01
-3.474242076474840513e-01
-3.536857446588219656e-01
-3.608305296530041062e-01
-3.662730092623314171e-01
-3.702310820328722496e-01
-3.729372431502977481e-01
-3.746220916070439610e-01
-3.819985537220929039e-01
-3.875627415767726180e-01
-3.915735974492839944e-01
-3.942937891652067428e-01
-4.023730436522698906e-01
-4.111976626098348131e-01
-4.178685532658861224e-01
-4.226757863593475495e-01
-4.322866358208896642e-01
-4.394471775010269088e-01
-4.445270381474781818e-01
-4.478934958035252212e-01
-4.436010530786929085e-01
-4.393856866171976794e-01
-4.417844443345118055e-01
-4.434308357818415036e-01
-4.444681947238038333e-01
-4.480468795688008488e-01
-4.507395097991493405e-01
-4.526648015011927040e-01
-4.570767165397338072e-01
-4.604480625764135748e-01
-4.628987388144549797e-01
-4.645656012915526656e-01
-4.753937055422265967e-01
-4.840047701330354446e-01
-4.905846159213171909e-01
-4.953802343540025799e-01
-4.986664282122252878e-01
-5.007205714774747296e-01
-5.082532625540989724e-01
-5.138323150135528650e-01
-5.177655130555556262e-01
-5.203533990866853198e-01
-5.218745356452922923e-01
-5.189742788599691625e-01
-5.161691242445363148e-01
-5.135763181546788569e-01
-5.050407198155983934e-01
-4.979425460511837098e-01
-4.922140081814563306e-01
-4.877381632484463214e-01
-4.906740103960489652e-01
-4.933961809321645298e-01
-4.895629182749539066e-01
-4.865402487563772471e-01
-4.875906514556489491e-01
-4.853006093388259057e-01
-4.835841331379822083e-01
-4.887080260623630767e-01
-4.930487902571158987e-01
-4.966191037522003082e-01
-4.994684884363658206e-01
-5.016689146710735514e-01
-4.999010199806339649e-01
-4.954636603139366269e-01
-4.917009420583884349e-01
-4.886089010763701168e-01
-4.861500519132406772e-01
-4.842647802158783765e-01
-4.765108819117951366e-01
-4.767103216797907717e-01
-4.707668032518561585e-01
-4.661327417711962351e-01
-4.626645583708273168e-01
-4.601979815125210038e-01
-4.585633637209580726e-01
-4.575968280779543207e-01
-4.571477337929117368e-01
-4.570830881797962597e-01
-4.572895657925371005e-01
-4.576737581348200301e-01
-4.516168325696707786e-01
-4.467784615544390103e-01
-4.399308138855353434e-01
-4.346853149927927262e-01
-4.308202453441056790e-01
-4.215374997031771098e-01
-4.143837165815906776e-01
-4.090890093668992922e-01
-4.053679315843159436e-01
-3.962654271028924757e-01
-3.893728109502923029e-01
-3.843941159928485618e-01
-3.742243726532195058e-01
-3.665458618824715131e-01
-3.610273960761902767e-01
-3.503889647159421639e-01
-3.424291570137421026e-01
-3.367786300642525710e-01
-3.330501995571739648e-01
-3.308665076286958495e-01
-3.227987798665061803e-01
-3.168837597715135068e-01
-3.127937222841108422e-01
-3.101988590035253957e-01
-3.087867790688032521e-01
-3.060080822798092459e-01
-3.043205095231504842e-01
-3.034692313610030112e-01
-3.032368515168426537e-01
-3.034426911091681056e-01
-3.039402227629144360e-01
-3.046135811722976428e-01
-3.053737043113893268e-01
-2.991710393028996773e-01
-2.942021546090831663e-01
-2.903559184359740808e-01
-2.874962022128120243e-01
-2.783973904060377258e-01
-2.712485149005903207e-01
-2.658451145728977227e-01
-2.547685300201154579e-01
-2.389808655511158619e-01
-2.266845794639242850e-01
-2.175000892748715220e-01
-2.109885290132955671e-01
-2.066952002320183723e-01
-2.041806721075616338e-01
-2.030412712313882651e-01
-2.014127648179560026e-01
-1.934848397751374183e-01
-1.876588746779246364e-01
-1.835870173065488054e-01
-1.809391325068574474e-01
-1.721517266937866442e-01
-1.655494009996401061e-01
-1.608129037476702106e-01
-1.492246932750305177e-01
-1.405104394112068888e-01
-1.342259680690551793e-01
-1.227400533356264312e-01
-1.141863826102922364e-01
-1.008986373349032295e-01
-9.030423858932490333e-02
-8.277854594335010141e-02
-7.062820728225971401e-02
-6.178520382069208061e-02
-5.568462308216015622e-02
-5.179865589577303808e-02
-4.965064096162841167e-02
-4.172877677875974634e-02
-3.605865484805326204e-02
-3.225373412117460425e-02
-2.994834378854616119e-02
-2.880968374021786182e-02
-2.157434045096717767e-02
-1.615699149639970855e-02
-1.231626014054554297e-02
-2.499514817432935132e-03
4.959872608057525056e-03
1.036250485477596683e-02
1.403375747281887520e-02
2.364653020457496702e-02
3.081451325822159859e-02
3.589507105771594375e-02
3.925119966959722539e-02
4.122888329837581800e-02
4.947655763026914677e-02
5.558476571954984458e-02
5.988288060814217495e-02
6.269601088968057567e-02
7.111080371393541100e-02
8.447536417369505557e-02
9.459068866317266178e-02
1.090477392781699084e-01
1.198759294388849206e-01
1.276462560393465395e-01
1.389259185725280066e-01
1.469655987691207422e-01
1.534433326326045677e-01
1.566135991813009110e-01
1.581895300693587636e-01
1.596822493939582532e-01
1.601429101733238269e-01
1.598526565476874328e-01
1.590489457144057539e-01
1.648609507758687087e-01
1.692590033292979967e-01
1.724366603377407436e-01
1.828007622215244155e-01
2.048737044406354624e-01
2.223927400006409094e-01
2.426942147236699210e-01
2.668084552020864031e-01
2.920966130487165913e-01
3.111126583018095637e-01
3.314891280904614934e-01
3.527577521612117462e-01
3.679493424306068405e-01
3.781589256062067861e-01
3.843994508052179793e-01
3.875719594841047222e-01
3.884545633803337950e-01
3.941594552108533822e-01
3.975678570010168222e-01
3.992114019256209900e-01
3.995469064859304975e-01
3.989572184439544866e-01
4.004587312962291090e-01
4.011104063929773478e-01
4.011268609629534687e-01
4.071889837716970995e-01
4.117797271277368054e-01
4.179654514283959177e-01
4.226208321847091387e-01
4.259459346859024720e-01
4.346809232782851140e-01
4.413095374463462672e-01
4.557062211879365776e-01
4.668802512152054884e-01
4.751994081010806337e-01
4.810786082716229650e-01
4.883292238614653780e-01
4.934083847403025747e-01
4.966802664690133096e-01
4.985029036566559490e-01
5.027630400695690671e-01
5.055952821442792899e-01
5.175033991282493862e-01
5.267372926200262206e-01
5.335743320939232426e-01
5.448729442732898054e-01
5.572416472469263748e-01
5.664784537356375438e-01
5.730125535597001551e-01
5.731295184445278634e-01
5.722114705492127307e-01
5.706318864096742161e-01
5.750173676209926477e-01
5.780385644096021069e-01
5.799676483380454828e-01
5.872170743209492727e-01
5.926265389957321439e-01
6.025161838301952288e-01
6.141225932426481737e-01
6.288505639780603840e-01
6.400446607300913637e-01
6.482231047271012070e-01
6.595787684710654464e-01
6.677914640601453344e-01
6.789534961414589453e-01
6.869462166854514162e-01
6.923577227306173532e-01
6.957163676516957551e-01
6.974854235860235008e-01
6.980625971785362482e-01
6.977823662832485230e-01
6.969200092748952802e-01
6.956966824975324704e-01
6.942851387180313250e-01
6.928157869288492643e-01
6.913828433117314987e-01
6.900503544926017696e-01
6.888579060285505706e-01
6.878258671101841193e-01
6.869600656190381072e-01
6.862558320552584190e-01
6.857013922507273485e-01
6.852806239798239218e-01
6.849752197489746841e-01
6.847663166992943307e-01
6.846356652344496307e-01
6.845664118782039953e-01
6.845435704661595455e-01
6.845542506145215755e-01
6.845877048780901752e-01
6.791650183733621837e-01
6.747145238953159430e-01
6.711834769800616440e-01
6.684854381115752364e-01
6.665146752262751662e-01
6.651576490242411266e-01
6.586504356024203144e-01
6.535273211667042004e-01
6.496525646792112862e-01
6.468619849448272729e-01
6.406454091260487260e-01
6.417545072597402589e-01
6.373871364330464528e-01
6.341832964971494402e-01
6.319532945522086109e-01
6.305152393615256479e-01
6.297020507009878365e-01
6.293654520413656250e-01
6.293777597308628513e-01
6.296320961985004683e-01
6.300415112399999629e-01
6.305373856278153610e-01
6.310674062094890902e-01
6.315933341573939375e-01
6.320887331140421228e-01
6.325367785128513942e-01
6.371491193895987282e-01
6.409703495816889696e-01
6.440309839824126525e-01
6.463933742278937800e-01
6.481393594077191622e-01
6.493600988408145813e-01
6.501482055647199720e-01
6.505920769613453558e-01
6.406135683863205532e-01
6.323218673145165614e-01
6.256427765540427677e-01
6.204375591640906018e-01
6.165310558654604201e-01
6.096047145491295671e-01
6.044113659405782046e-01
6.006787185569526510e-01
5.981453536348716460e-01
5.965707834788428476e-01
5.957408126064943632e-01
5.896188958362981181e-01
5.849414798354591882e-01
5.776429863878884685e-01
5.759943073106833511e-01
5.713212216150302947e-01
5.679868842553057462e-01
5.657526234068670501e-01
5.643967438627432998e-01
5.637206167931740897e-01
5.576084974538622063e-01
5.529168739062251259e-01
5.434209664311600019e-01
5.323974667432163077e-01
5.275322425307535923e-01
5.144868729738334423e-01
5.044874218105825925e-01
4.971466308125391809e-01
4.920498824406163152e-01
4.791651690890139648e-01
4.695444604578196124e-01
4.563332605601058134e-01
4.465241439282912062e-01
4.396063644127194969e-01
4.350699351862530317e-01
4.230183760170371787e-01
4.142028293378348103e-01
4.080883667651160618e-01
4.041641694869342327e-01
3.927616936777236223e-01
3.844232179174258413e-01
3.786299683724239085e-01
3.684083570139609076e-01
3.674832881220653213e-01
3.612060529260427977e-01
3.568920885440827195e-01
3.541747902427778705e-01
3.527150434488863784e-01
3.456274191955539532e-01
3.404041271412683312e-01
3.367649349522390256e-01
3.367616030515394598e-01
3.373802953560907092e-01
3.384082193075532707e-01
3.396707185983962596e-01
3.410306985669677715e-01
3.423859031783322848e-01
3.436647447520497778e-01
3.379610317146082288e-01
3.333428248886611822e-01
3.297331533458653929e-01
3.270223108257168665e-01
3.158495857937408946e-01
3.001470526329581556e-01
2.878323492269532213e-01
2.715337686489960323e-01
2.590611601888352933e-01
2.499149257282982095e-01
2.348074696449751197e-01
2.166650284364508572e-01
1.960934722313054657e-01
1.807069143802224609e-01
1.697299129235665394e-01
1.623918662482088937e-01
1.508603506553398699e-01
1.428710242884154713e-01
1.377730377287629260e-01
1.349605500154733573e-01
1.338908060544226064e-01
1.269244717868367456e-01
1.221303251809267021e-01
1.191073217285314456e-01
1.174809912282932522e-01
1.169154687175928409e-01
1.171198468256093861e-01
1.178502003635986117e-01
1.189084645352294078e-01
1.201391690079571806e-01
1.223119310928841852e-01
1.243190438971797374e-01
1.261025004833122853e-01
1.276329701808189832e-01
1.298679489316907354e-01
1.241997355703621242e-01
1.269900057593373877e-01
1.217700515039275011e-01
1.174661815740167814e-01
1.140412961668442193e-01
1.114189759410801894e-01
1.086637998976458519e-01
1.066835950621081164e-01
9.781241787318450953e-02
9.087618557649812523e-02
8.563902084079799693e-02
8.124101521531290615e-02
7.819686048736418371e-02
6.890941659420612986e-02
6.185379567095505848e-02
5.669749619376029948e-02
4.584548416287792527e-02
3.760829412839306052e-02
2.434023070623858587e-02
1.426678122791469328e-02
-3.382468375288105733e-04
-1.132212778855401503e-02
-1.920738617292250261e-02
-3.180861536139412138e-02
-4.100884348016231584e-02
-4.735558374160420136e-02
-5.138022729671321009e-02
-6.086469644673608848e-02
-6.762518722125387960e-02
-7.161075647307124648e-02
-7.385628959301926422e-02
-7.479331911195874483e-02
-7.478278310967079179e-02
-7.411985900900330826e-02
-7.252453616812881698e-02
-7.781622477888117118e-02
-8.177023449996712046e-02
-8.460418644980971514e-02
-8.652189635971740955e-02
-8.770838900110944358e-02
-9.521466851489157612e-02
-1.010256615615678921e-01
-1.053589700610142454e-01
-1.084400776757548091e-01
-1.173521549922358354e-01
-1.173236899942273759e-01
-1.244605323767951077e-01
-1.298996179117508643e-01
-1.338509096700415402e-01
-1.435268976010399822e-01
-1.509185562908621492e-01
-1.632950318027073244e-01
-1.727040453781751861e-01
-1.795447859056535922e-01
-1.911655436097015048e-01
-1.997472586392319283e-01
-2.057675248297516912e-01
-2.165507448170411742e-01
-2.243871594173625361e-01
-2.297721608510541191e-01
-2.331763109375755150e-01
-2.366621413135554519e-01
-2.386977663693219398e-01
-2.396017486433863475e-01
-2.396603203839295926e-01
-2.443092941496958215e-01
-2.475850690173193591e-01
-2.497450016358362390e-01
-2.510237786937339344e-01
-2.516281086709823978e-01
-2.517349291880102147e-01
-2.514918299003376934e-01
-2.442995302059152163e-01
-2.381887990600668470e-01
-2.347688328228487720e-01
-2.320358454261215453e-01
-2.299339476754895806e-01
-2.283896563823937242e-01
-2.273206242939760369e-01
-2.250489635925563281e-01
-2.233958587422866238e-01
-2.222565265218616748e-01
-2.146756632797455211e-01
-2.086860322611658880e-01
-2.041160894272124882e-01
-2.007723296959180725e-01
-1.984562896292891843e-01
-1.969764272796008520e-01
-1.961559325625967798e-01
-1.972091580092469876e-01
-1.983924551192692842e-01
-1.912590688687196838e-01
-1.856125855248333956e-01
-1.812990255693389674e-01
-1.781398439317818383e-01
-1.759495485971653839e-01
-1.733320022191175980e-01
-1.715821652694844435e-01
-1.636848856529768970e-01
-1.575962696167509947e-01
-1.530736679987383386e-01
-1.498699833717449525e-01
-1.477473160260842633e-01
-1.396705084720730738e-01
-1.334946441794078176e-01
-1.280861009339213652e-01
-1.251230001873102626e-01
-1.232696926950216376e-01
-1.222899539287400916e-01
-1.219727650871003100e-01
-1.152724640882352158e-01
-1.101335460831807112e-01
-1.063585284124513031e-01
-9.615943835338747192e-02
-8.836819801350359604e-02
-8.264457618243059578e-02
-7.864658698878468357e-02
-7.604957731319328396e-02
-7.506776152733252161e-02
-7.483260869566410456e-02
-7.513678703076642762e-02
-7.580482002731026014e-02
-7.669323884974388328e-02
-7.768908320365186526e-02
-7.175719560345261705e-02
-6.704191872647147221e-02
-6.342832772610829117e-02
-6.077631874091737885e-02
-5.195375658754697312e-02
-4.506656694732735779e-02
-4.017572278318670698e-02
-3.665820320054935522e-02
-2.718461751227896350e-02
-1.991106173914269917e-02
-7.361540794605492266e-03
2.135682319888143610e-03
1.624657666942952439e-02
2.692141623524402227e-02
3.462351509541927719e-02
3.983977546395056635e-02
4.304511580072167831e-02
5.220896899977955918e-02
5.889582182472841154e-02
6.347405366312863784e-02
7.360888382521513229e-02
8.835209106785035793e-02
9.948679186011988307e-02
1.075066822107253461e-01
1.129281123274856746e-01
1.235080946638431598e-01
1.311071226635105447e-01
1.362342540637551114e-01
1.393745071763659027e-01
1.481651545653281943e-01
1.544622044486920753e-01
1.586989525530202449e-01
1.612835562685241975e-01
1.625852471304403135e-01
1.700571256209575388e-01
1.755247605032805858e-01
1.810355731176294114e-01
1.822701708954039823e-01
2.073236618903004924e-01
2.250143963437589711e-01
2.664245016070436733e-01
2.973194402583414497e-01
3.200873744046794922e-01
3.298055117958378357e-01
3.333307025335221496e-01
3.472136825949319050e-01
3.045109722827830101e-01
3.045109722827830101e-01
3.102951198525174537e-01
3.217003698198839245e-01
3.203527972297521842e-01
3.183767968620578870e-01
3.262187331817942848e-01
3.312289874920197885e-01
3.372731697572803888e-01
3.413643283349310220e-01
3.514249039416774689e-01
3.586892381324009449e-01
3.638319707899608790e-01
3.673199319436135646e-01
3.787432053761072837e-01
3.874308506426074050e-01
3.937751844700456694e-01
3.981498787573714004e-01
4.009135682747404505e-01
4.089417116810081243e-01
4.176576911205607257e-01
4.240866734987294162e-01
4.220075699154097748e-01
4.290792038306867617e-01
4.343080228436428936e-01
4.379493354770840341e-01
4.402737933579579099e-01
4.415467738843208423e-01
4.451988732276415117e-01
4.544454118993059843e-01
4.615318824124983177e-01
4.667220510627552166e-01
4.703074084128531229e-01
4.792262119502643802e-01
4.858477730833516972e-01
4.905304680544924079e-01
5.001189249083950461e-01
5.071897190399761168e-01
5.221407543108895766e-01
5.335621542040878129e-01
5.419340336282680859e-01
5.539709307550206852e-01
5.666246288743292947e-01
5.820511005563806517e-01
5.934627210042787704e-01
6.074709207387833931e-01
6.175325037954129126e-01
6.285879764664825675e-01
6.363423224525501798e-01
6.471862891011795904e-01
6.547592072004552177e-01
6.596684969188103542e-01
6.681437217446259957e-01
6.739216661340202696e-01
6.830810413733516828e-01
6.894767797290307643e-01
6.936499475829569494e-01
7.014387041688416868e-01
7.068562267868926385e-01
7.149047176255863834e-01
7.206682016034139382e-01
7.245381969184152560e-01
7.268837909804263253e-01
7.280410473762791712e-01
7.329950024544886755e-01
7.364991083168775932e-01
7.440286087645339164e-01
7.544594235303676566e-01
7.624224197271457504e-01
7.783567427062570987e-01
7.906504635591213859e-01
8.099004774869227319e-01
8.245689213624142200e-01
8.352555516491990684e-01
8.479919267188478216e-01
8.571001942489164804e-01
8.678714699414364908e-01
8.752694657206167017e-01
8.799422452330163402e-01
8.824824787920233504e-01
8.889820090725292223e-01
8.933218899301109683e-01
8.959181045826218881e-01
9.028494645465783286e-01
9.077769075293758982e-01
9.155057349554132085e-01
9.268586586522647996e-01
9.353695891902532589e-01
9.516865199107055195e-01
9.580763367116593709e-01
9.681378409691848708e-01
9.753107133192978617e-01
9.861819304896968230e-01
9.980666200130431376e-01
1.006637686537213749e+00
1.012464930741477698e+00
1.019888867855368808e+00
1.030989435840451218e+00
1.039011952917834769e+00
1.048069043351255392e+00
1.054341785129062847e+00
1.064559705346509011e+00
1.071916744239577390e+00
1.076904104766026160e+00
1.083303091395718010e+00
1.093789651193882717e+00
1.101451991038319367e+00
1.106754656880184928e+00
1.119530471354953427e+00
1.129027161756481323e+00
1.135761586161285308e+00
1.146583558639337586e+00
1.154474475971542846e+00
1.159903378936611329e+00
1.169790860222951867e+00
1.179658224717523352e+00
1.184035927473418015e+00
1.186597553611624889e+00
1.187747394335354478e+00
1.187845566162745392e+00
1.187201632847127541e+00
1.186072692954807994e+00
1.184664888899566337e+00
1.183137323106785876e+00
1.188227281022024684e+00
1.192206690550539072e+00
1.201896003423002623e+00
1.209558576049969192e+00
1.222194402515539347e+00
1.232052475035842365e+00
1.239426567969098780e+00
1.251611538236741206e+00
1.260799597461959243e+00
1.267388706355220940e+00
1.271803277023170864e+00
1.274460997870045187e+00
1.275750376053640611e+00
1.276017164155421213e+00
1.275557713924429848e+00
1.274617431269418066e+00
1.280466567590063054e+00
1.284900662268102955e+00
1.288110408912500171e+00
1.290294952651765525e+00
1.298797502035502038e+00
1.298192581129262946e+00
1.304355683996526905e+00
1.308992537936390921e+00
1.312316572203258147e+00
1.314547605380553374e+00
1.323141052955725261e+00
1.331525477287165415e+00
1.344985462936542087e+00
1.355301671440007016e+00
1.362900650050211215e+00
1.368219937127567842e+00
1.371680788774212179e+00
1.380898261883812594e+00
1.389012561645081245e+00
1.394754072284949853e+00
1.405723399149501063e+00
1.413838963942222637e+00
1.419557949542725295e+00
1.423318421452326232e+00
1.425523519499664271e+00
1.433692750126162707e+00
1.440620927068291257e+00
1.445479574581662208e+00
1.455746900797202148e+00
1.463377641805187590e+00
1.469506614385862164e+00
1.473629480987879603e+00
1.475504711790605272e+00
1.476298351626860406e+00
1.483328195916463255e+00
1.488544643364200004e+00
1.492216818406678636e+00
1.494614193613541309e+00
1.503102714074958435e+00
1.509528086950533865e+00
1.521312153759357688e+00
1.530603700250380950e+00
1.537096310590654324e+00
1.541785646284295597e+00
1.551812532826303048e+00
1.559169115314225307e+00
1.571316469968033758e+00
1.580350001113563163e+00
1.586756145913587934e+00
1.591006578806311245e+00
1.600520924705103099e+00
1.607427283400542972e+00
1.612159147089014199e+00
1.622102653802514505e+00
1.629387830212394750e+00
1.634440907687634281e+00
1.637674951558451220e+00
1.639472431328764079e+00
1.640174769907738694e+00
1.640077162428972724e+00
1.639427287808290501e+00
1.638902441850183855e+00
1.631021062716552894e+00
1.624203419537835646e+00
1.618500823380185194e+00
1.613888823371820935e+00
1.610290090345983138e+00
1.607594281155555693e+00
1.605674243913281618e+00
1.604398446616167595e+00
1.596442805884182636e+00
1.590204936828448989e+00
1.585495675221973766e+00
1.589294488283251372e+00
1.592865533784304510e+00
1.596088718844047794e+00
1.591717884624186619e+00
1.595409310716410456e+00
1.591405099635768039e+00
1.588188130707957502e+00
1.592863116700406589e+00
1.596854323002811160e+00
1.592989471321466066e+00
1.596955227530767685e+00
1.600237377610496559e+00
1.602870673984010619e+00
1.604913516408347007e+00
1.606437665834618667e+00
1.607520396262532625e+00
1.608238750526509886e+00
1.608665557589986417e+00
1.608866882098827888e+00
1.608900603433961463e+00
1.601651132323151927e+00
1.595631121818517961e+00
1.590785521143671000e+00
1.587013759266923341e+00
1.584188948442319722e+00
1.574999393024680616e+00
1.567790389919650362e+00
1.562341383487959146e+00
1.551233426831517770e+00
1.542700858416556464e+00
1.536411281329869816e+00
1.524853398251979852e+00
1.516549275791070794e+00
1.510701127592916082e+00
1.499822230752562602e+00
1.491844855367931766e+00
1.486278194133948682e+00
1.482663380674032805e+00
1.473660240964403734e+00
1.467114070282472760e+00
1.462611393096724832e+00
1.459761888584117928e+00
1.451321017477531727e+00
1.444255528842306457e+00
1.439174379222412092e+00
1.428785141603388986e+00
1.420998177079008551e+00
1.415451533979397380e+00
1.404778294246512127e+00
1.396886608854584821e+00
1.384394533160907104e+00
1.375135152106912617e+00
1.361709277182939548e+00
1.351826543978323913e+00
1.338090511626205847e+00
1.321303820310537613e+00
1.315636698520505465e+00
1.305666210507543612e+00
1.298792266333493206e+00
1.287781263496154072e+00
1.277996966720468475e+00
1.271125241277682782e+00
1.260022631412178296e+00
1.252057906585565039e+00
1.237839974281555566e+00
1.227252139326712399e+00
1.219782116087047230e+00
1.205775431255089014e+00
1.188784628743688287e+00
1.176142764137467545e+00
1.160679995486453286e+00
1.149540883371473532e+00
1.139024624312269696e+00
1.125398998113858795e+00
1.109320511358349748e+00
1.097740993649535923e+00
1.089886081076331115e+00
1.085022804699039112e+00
1.082487612277638789e+00
1.072121745877428811e+00
1.064734472931122777e+00
1.053644513140330474e+00
1.045708006237189513e+00
1.040374226392634993e+00
1.031077126282483825e+00
1.020896204053186818e+00
1.013576170386292219e+00
1.008643204620185196e+00
1.005639927684359503e+00
1.004144298110528188e+00
9.939622197617182797e-01
9.923118642458889083e-01
9.917879900382564617e-01
9.920885564363526310e-01
9.929541824001241190e-01
9.841020875698729409e-01
9.772195866886930204e-01
9.720909534377607519e-01
9.684670418729613983e-01
9.600832936192973399e-01
9.538397277399883745e-01
9.392625199614726972e-01
9.280377018142208501e-01
9.139899437902447854e-01
9.035542964023116630e-01
8.961510477664704766e-01
8.811661937002754907e-01
8.700052726145098836e-01
8.520087868927518349e-01
8.385068491775515831e-01
8.236008704605849440e-01
8.129215196095338491e-01
7.957250005945756266e-01
7.782106251357784332e-01
7.605347514052057667e-01
7.477150651022459460e-01
7.342423891611590259e-01
7.197597449531980551e-01
7.050270775637054177e-01
6.893840668220840850e-01
6.782413848924105926e-01
6.708208594437534700e-01
6.663869236666040141e-01
6.544722629563296534e-01
6.404812578452888649e-01
6.303274327690815415e-01
6.234074109761152949e-01
6.191233933159391301e-01
6.111113355817792137e-01
5.997746813631034124e-01
5.915247459707624333e-01
5.819168138345850450e-01
5.691737182201848100e-01
5.537186914818903460e-01
5.422215435327162325e-01
5.341342295415498764e-01
5.225056453632381803e-01
5.142384085678903816e-01
5.087872281488177162e-01
5.121045635381042960e-01
5.095168221291568322e-01
5.083070213237055324e-01
5.146144305661188856e-01
5.204277424436472010e-01
5.191720579416363446e-01
5.183823284752531180e-01
5.179598440174424390e-01
5.178160076436248982e-01
5.178740903348968416e-01
5.180698038467355104e-01
5.183510108356954582e-01
5.186768501090146533e-01
5.190165063428713310e-01
5.193478042917367699e-01
5.196557616706494187e-01
5.199311949708840253e-01
5.201694394749711847e-01
5.203692186918242868e-01
5.205316787621221408e-01
5.206595892125009950e-01
5.207567017929608522e-01
5.208272530733628614e-01
5.144076993134338860e-01
5.091182126267357333e-01
5.049019527726263945e-01
4.914968863889819239e-01
4.808419122768112786e-01
4.659905641957693412e-01
4.544540234867964212e-01
4.426305579043297023e-01
4.340020222145359874e-01
4.212715233811874516e-01
4.118999306143718009e-01
4.053545166030989577e-01
3.982424691911847781e-01
3.935428508489420274e-01
3.907410971504898800e-01
3.826461959721605410e-01
3.809096317604849791e-01
3.736724209227129112e-01
3.685253985144421041e-01
3.650843816818947207e-01
3.630001860138656333e-01
3.619640038273206351e-01
3.617093281757741696e-01
3.620115499794178682e-01
3.626859655002121485e-01
3.635847058602843518e-01
3.645929719517653211e-01
3.656248808689779306e-01
3.599240191401149591e-01
3.595416492873853009e-01
3.619444563150762129e-01
3.573977629752662644e-01
3.512806258305689600e-01
3.489205360898459674e-01
3.472522436912168775e-01
3.461579396725662505e-01
3.387168641044260298e-01
3.328323956064658251e-01
3.214496775017230412e-01
3.124954677080433729e-01
2.987122767081606955e-01
2.880462594646950869e-01
2.730174821619204550e-01
2.615964305332330042e-01
2.533273974350032098e-01
2.314572227256208592e-01
2.148121561669698032e-01
1.954123636360707295e-01
1.810988578380603453e-01
1.698265243581940087e-01
1.551838095242497051e-01
1.449184843083217711e-01
1.372054996122378245e-01
1.325302103041321455e-01
1.301600054334910439e-01
1.224774684871514641e-01
1.164863583225015375e-01
1.126959540712917374e-01
1.105999869438549776e-01
1.029111733694856312e-01
9.741153330444429770e-02
9.370985459576730570e-02
9.144704094007405359e-02
8.343237902172040421e-02
7.749597182183798338e-02
7.331963884385661601e-02
6.367959125498323658e-02
5.643630361821183605e-02
5.089577862115013396e-02
4.031173024933942806e-02
3.246888450461815623e-02
2.711169367475219083e-02
2.355474370519949900e-02
2.145097065435264128e-02
2.033794763733731692e-02
1.322428147688214928e-02
8.016232149033575283e-03
4.398265234504261656e-03
2.070116489746087751e-03
-6.067334782428268625e-03
-1.217400216686082004e-02
-1.655043192818728137e-02
-1.949497345411921323e-02
-2.810104674540503389e-02
-3.456559137554737760e-02
-3.920027127343050921e-02
-4.912302694167114403e-02
-5.657833525363775706e-02
-6.234854386788057923e-02
-7.271711178175777057e-02
-8.095243916597238965e-02
-8.689008549830901096e-02
-9.712234800422581138e-02
-1.052892186568945565e-01
-1.179503282278449028e-01
-1.273884860830809540e-01
-1.340725350641822633e-01
-1.453408402194658056e-01
-1.535213804979720376e-01
-1.591210417063604332e-01
-1.626301277579771387e-01
-1.713136656484168796e-01
-1.774955666141835309e-01
-1.828693068917699449e-01
-1.864081523531690987e-01
-1.884647658271361159e-01
-1.962522295052069321e-01
-2.019370007655516552e-01
-2.142037108727707917e-01
-2.235949895572555413e-01
-2.304539372665186381e-01
-2.351633524051623958e-01
-2.467921114856301834e-01
-2.555428518509121893e-01
-2.599223257290601552e-01
-2.643747016044162290e-01
-2.721630143453710460e-01
-2.776177932645993440e-01
-2.811805336115755782e-01
-2.900550842811204788e-01
-2.964924449258123929e-01
-2.988483849589087527e-01
-3.086628589907298714e-01
-3.159471406224474421e-01
-3.189333613105245213e-01
-3.270402457738494917e-01
-3.328740365770119780e-01
-3.326780086657563640e-01
-3.382297582503990263e-01
-3.357263601308149159e-01
-3.330454189297491485e-01
-3.303788804387424172e-01
-3.278620477816014400e-01
-3.255827160479631832e-01
-3.235902105160095577e-01
-3.219039408933366264e-01
-3.205211520120645474e-01
-3.194236570980948375e-01
-3.185834513982841454e-01
-3.179672014425258819e-01
-3.175396788400717263e-01
-3.172662552905816113e-01
-3.171146001820699389e-01
-3.170557287067583552e-01
-3.170645422663398438e-01
-3.171199889241012038e-01
-3.172049536613832377e-01
-3.173059690043378289e-01
-3.174128180413495759e-01
-3.108913118295792977e-01
-3.143604051817388001e-01
-3.173761762542623988e-01
-3.199118968012133468e-01
-3.197418868155039728e-01
-3.195313676638795730e-01
-3.193041787211881033e-01
-3.190775565115053780e-01
-3.188633146463870638e-01
-3.252740025909184318e-01
-3.304660148667339925e-01
-3.345442497429687023e-01
-3.376387623986558673e-01
-3.398900985768611438e-01
-3.414389023019221980e-01
-3.424188329382324980e-01
-3.429520241441548212e-01
-3.431464794467893320e-01
-3.454280409542775931e-01
-3.471353970249564380e-01
-3.549158436615060808e-01
-3.610956950325487913e-01
-3.658269657954917875e-01
-3.692945258061011149e-01
-3.716958668324343851e-01
-3.797422248826016755e-01
-3.793937897201076215e-01
-3.850930282060955889e-01
-3.893210878669157715e-01
-3.923071014530019607e-01
-3.942749787589991950e-01
-3.954330930498437535e-01
-3.959681737260676293e-01
-3.960422899241473615e-01
-3.984831267890158735e-01
-4.066826813367339089e-01
-4.131431023872662589e-01
-4.180436335617916388e-01
-4.215936139302904895e-01
-4.304017246817586351e-01
-4.370928379126062246e-01
-4.419633651220349346e-01
-4.515910420213653520e-01
-4.587889011025256814e-01
-4.639340123653576953e-01
-4.735285189676776696e-01
-4.805959235729460044e-01
-4.887605411218063356e-01
-5.007190361991069594e-01
-5.096622304029245765e-01
-5.160403942168374503e-01
-5.202998269265279863e-01
-5.263076266176518470e-01
-5.304141985183083996e-01
-5.329608065450806009e-01
-5.342728320558363109e-01
-5.382397786195898259e-01
-5.409132155567486500e-01
-5.486143123039290970e-01
-5.581365261896189534e-01
-5.653805006330478999e-01
-5.766784430910099069e-01
-5.851433213732667449e-01
-5.911816816475655711e-01
-6.011279693273963165e-01
-6.083165833787183008e-01
-6.189997759581922221e-01
-6.267101083705303166e-01
-6.417514456706941983e-01
-6.530217857037331486e-01
-6.665678505503288553e-01
-6.763960398085724357e-01
-6.831625931920963790e-01
-6.927433034617547225e-01
-7.037636249279778378e-01
-7.116595720518090751e-01
-7.220978564403390809e-01
-7.345041622989979535e-01
-7.479673960914606790e-01
-7.577838196879104204e-01
-7.645551816613110896e-01
-7.688545615102959641e-01
-7.712070968935004212e-01
-7.768221420482346318e-01
-7.853626164266613863e-01
-7.914605802019787362e-01
-7.955363135017761156e-01
-8.028816406776421166e-01
-8.081187041155880602e-01
-8.115940940169746876e-01
-8.136470732409090134e-01
-8.193122572470165066e-01
-8.232640931479752178e-01
-8.258226297790961512e-01
-8.272825328092172636e-01
-8.279050267756755677e-01
-8.232855707146479185e-01
-8.190560367354401405e-01
-8.153230193985236962e-01
-8.121355939920309464e-01
-8.094992517511190311e-01
-8.025828315052432327e-01
-8.019868113268551202e-01
-8.017221729748834624e-01
-8.017078734642401061e-01
-7.967610227816053214e-01
-7.928726630377133100e-01
-7.899296764737225862e-01
-7.878009588579929501e-01
-7.813682059022559745e-01
-7.764514313965694692e-01
-7.728347176088978809e-01
-7.703020345707237704e-01
-7.686490459320182156e-01
-7.626907306641218520e-01
-7.581498819511290899e-01
-7.548404765919282111e-01
-7.478112119048163642e-01
-7.425330749766276828e-01
-7.387428805186934122e-01
-7.310333626365659310e-01
-7.252129749569232731e-01
-7.164395303862377551e-01
-7.046390383836589333e-01
-6.912066110577891331e-01
-6.757237773393123259e-01
-6.639971586694430883e-01
-6.512967868394833326e-01
-6.421621614372040598e-01
-6.304165873112415053e-01
-6.179977067633217747e-01
-6.091555088781275273e-01
-6.032391585122078848e-01
-5.996511422264186875e-01
-5.884365001921020299e-01
-5.803256971120074326e-01
-5.784768528731122350e-01
-5.722749178135241310e-01
-5.680553515669348741e-01
-5.617749605284934056e-01
-5.516170327726155342e-01
-5.440926149068268103e-01
-5.328441172061539888e-01
-5.244722041687233105e-01
-5.124689306952978640e-01
-5.035545909595173786e-01
-4.877146862571744013e-01
-4.758552905699418023e-01
-4.674082888415107551e-01
-4.554430320276356969e-01
-4.468627899711843376e-01
-4.411105596222770764e-01
-4.376417585188427939e-01
-4.265236212913812164e-01
-4.185070466199167782e-01
-4.102435335306988673e-01
-4.046352069284491204e-01
-4.011319827660493331e-01
-3.928805145238392083e-01
-3.933975264608218225e-01
-3.857416357756586756e-01
-3.802618936024506624e-01
-3.765595483933363852e-01
-3.679501308760917411e-01
-3.615822342033898629e-01
-3.571060124436764571e-01
-3.541816448391008620e-01
-3.524926335598730365e-01
-3.453358323101793914e-01
-3.400218390120246514e-01
-3.297784971617212513e-01
-3.219702598253393333e-01
-3.162895988727119079e-01
-3.102832395806447430e-01
-2.996033072886437054e-01
-2.850554575562946891e-01
-2.740082976277797844e-01
-2.659847611354335672e-01
-2.520932096737587003e-01
-2.435284300591065154e-01
-2.360394098640654637e-01
-2.244395343857450431e-01
-2.160783341407044311e-01
-2.103995834125191866e-01
-2.068789112210291936e-01
-1.983672779400695863e-01
-1.923298749259181317e-01
-1.883357399893057504e-01
-1.872492794409486017e-01
-1.803857559680706046e-01
-1.754299760647797246e-01
-1.720900164403127430e-01
-1.700696153083691708e-01
-1.621292936802156692e-01
-1.562078290820612114e-01
-1.450078508794692134e-01
-1.303772508910543415e-01
-1.190340976473280854e-01
-1.106447950972826444e-01
-1.048022715948315753e-01
-1.010720753535319094e-01
-9.241073017755674357e-02
-7.873412177896166320e-02
-6.837713937394118702e-02
-5.343229581441577558e-02
-4.227979291041039644e-02
-3.440089244920185862e-02
-2.168459445121739826e-02
-1.252492719393205611e-02
-6.338950954065225574e-03
4.999796515607224379e-03
1.307352132004013789e-02
1.844775445851465356e-02
2.166139194422433967e-02
2.320418558119974328e-02
2.350486321110256682e-02
2.292674752355416956e-02
2.176847896520439640e-02
2.026805389315811112e-02
1.860885619723084972e-02
1.692671482963237217e-02
1.531728996473180615e-02
1.384329929182959162e-02
1.254125836520403325e-02
1.142753489406489464e-02
1.050361314287884262e-02
9.760536375200912218e-03
9.182546785326595185e-03
8.749977355307914095e-03
1.594506160325570576e-02
2.186985352702364160e-02
2.659757947425589464e-02
3.001739527175817379e-02
3.989355764019375528e-02
4.757643696533575550e-02
5.296485211438795027e-02
6.396452720547629589e-02
7.176560853774871518e-02
7.733492984699563699e-02
8.806736081079313827e-02
9.604160869665889777e-02
1.085904376623414436e-01
1.179801672035116766e-01
1.247164279443824242e-01
1.360697959910726063e-01
1.444222999855711009e-01
1.512954289930206198e-01
1.549208185217316736e-01
1.580046950720406240e-01
1.596769263484536516e-01
1.602625909447767949e-01
1.669840712690693341e-01
1.719139464829932962e-01
1.753268035380295409e-01
1.774971818568538140e-01
1.786843198149030698e-01
1.791223565972928089e-01
1.790149571553916186e-01
1.785333365328847233e-01
1.790747240588919098e-01
1.792624924320702640e-01
1.932880434898158750e-01
2.131071750068009862e-01
2.360605204973824645e-01
2.629723557265433165e-01
2.910566806654271144e-01
3.125457369985511491e-01
3.236421695737516924e-01
3.378459163532019360e-01
3.476213495654820740e-01
3.511783610496095331e-01
3.522925036824189338e-01
3.516657173490005395e-01
3.567569369221321729e-01
3.598351480858987816e-01
3.613681544930762435e-01
3.617564372314723276e-01
3.613340441241599255e-01
3.671161386260530790e-01
3.713108889171099491e-01
3.741917559700680407e-01
3.826545008746160548e-01
3.890323483433288931e-01
3.936403073572638522e-01
4.033066828764944045e-01
4.105559305572461515e-01
4.157617625547955775e-01
4.256801514761319183e-01
4.330314393189813593e-01
4.382314758278005318e-01
4.446657338243185098e-01
4.555151555696206334e-01
4.636356839603468227e-01
4.694249517735400445e-01
4.795181131815007269e-01
4.901782583590632569e-01
5.042245593180620933e-01
5.147256602877763321e-01
5.222024307803723175e-01
5.332410817623041144e-01
5.447413301202990166e-01
5.530554017375484133e-01
5.586967235185111846e-01
5.681371882778734062e-01
5.688193007699242632e-01
5.721260298125995236e-01
5.739423918064276986e-01
5.746053459938414987e-01
5.744178621507152194e-01
5.736415045207798880e-01
5.663630930088070503e-01
5.599483977104238175e-01
5.506434052760376119e-01
5.430785358110434835e-01
5.433366547678415426e-01
5.438564976638518011e-01
5.383799100125354897e-01
5.341072860911957321e-01
5.272825019771694155e-01
5.220851085596429630e-01
5.182758896828723039e-01
5.156201631409800257e-01
5.043405472949407109e-01
4.956123555306906070e-01
4.890946641070612610e-01
4.844413170841359584e-01
4.751392209392371058e-01
4.681576319834523936e-01
4.538035773633881664e-01
4.428489477251182915e-01
4.348287721808188344e-01
4.292672453837451663e-01
4.257062170229217735e-01
4.173593720492563275e-01
4.113465244697807055e-01
4.072860533792352911e-01
3.983325400764337054e-01
3.917521967816914863e-01
3.845312544289820611e-01
3.795058467590377571e-01
3.697347148634431147e-01
3.625516396795829266e-01
3.600198332084847408e-01
3.588018553510861075e-01
3.585775906177666172e-01
3.523518025196088477e-01
3.477782848953425709e-01
3.446154327861383759e-01
3.426144139420002066e-01
3.415356560369708916e-01
3.319262649566590007e-01
3.245694953762194856e-01
3.194158441682175553e-01
2.500898679523828605e-01
1.855633327473695804e-01
1.855633327473695804e-01
1.855633327473695804e-01
1.875351553952502304e-01
1.785791815350177281e-01
1.709541527729492305e-01
1.586155992967726025e-01
1.502872673829394046e-01
1.356148478253660361e-01
1.253241766860766493e-01
1.190350284592616159e-01
1.148349676317697021e-01
1.114773299126641248e-01
1.103258080166222843e-01
1.101218169015529824e-01
1.030048578495521561e-01
9.846934284900377143e-02
9.535651802103162211e-02
9.340817096366182959e-02
8.545581142570291000e-02
7.249689083063359796e-02
6.203216998734295551e-02
4.743395508346126554e-02
2.957022386075403020e-02
1.606511874957616826e-02
6.279820166391392178e-03
-7.250409547065350679e-03
-2.384666946723146275e-02
-3.606865034058204245e-02
-4.461664384498331692e-02
-5.016675075430021558e-02
-6.013208509190048900e-02
-6.703438483863100039e-02
-7.144490611055398510e-02
-7.389019010219022299e-02
-8.161608375858397935e-02
-8.700891853497250139e-02
-9.111332904917590625e-02
-9.362524163274077438e-02
-1.017541327596460654e-01
-1.077074156491621970e-01
-1.118150825384252034e-01
-1.144099217598864016e-01
-1.158078745568940082e-01
-1.162952036119457855e-01
-1.161212949766881053e-01
-1.154958458467525428e-01
-1.145892590381389908e-01
-1.135352122484962756e-01
-1.124345527962009594e-01
-1.113598564553961445e-01
-1.103601631967161545e-01
-1.094655527400680839e-01
-1.086913448784041503e-01
-1.080418038931354463e-01
-1.075132959174289748e-01
-1.070968968237282493e-01
-1.067804803475449482e-01
-1.065503356209727137e-01
-1.063923734124874176e-01
-1.062929838519870440e-01
-1.062396073627174253e-01
-1.062210765177111771e-01
-1.062277807712979083e-01
-1.062516993507385266e-01
-1.062863406488445683e-01
-1.063266196686785126e-01
-1.063686987263330330e-01
-1.064098108984581348e-01
-9.953417816502918569e-02
-1.008334733937985561e-01
-1.020418851513065217e-01
-1.031232319816330900e-01
-1.040590530531853020e-01
-1.048441884340147734e-01
-1.054830026887461081e-01
-1.067265024219101743e-01
-1.077262164258432353e-01
-1.085004959723945284e-01
-1.090745079298467424e-01
-1.094769692249542015e-01
-1.097375231783492833e-01
-1.098847830598259634e-01
-1.099450009971543185e-01
-1.099412764483358451e-01
-1.098931975195591715e-01
-1.098168057584276713e-01
-1.105115484032772599e-01
-1.110629397718430056e-01
-1.186868587744860370e-01
-1.249100152838640287e-01
-1.370258067239453759e-01
-1.466337855498511811e-01
-1.611534068894340255e-01
-1.723627170949568743e-01
-1.877893671994519398e-01
-1.994206061503642768e-01
-2.078110950744098684e-01
-2.135164595677583321e-01
-2.100450503075297348e-01
-2.131986915989596554e-01
-2.149918372089250074e-01
-2.087354667063221481e-01
-2.029889926142876000e-01
-2.049380707992902728e-01
-2.063312842068161235e-01
-2.002372649911170477e-01
-1.950496622840278693e-01
-1.978204884491367999e-01
-1.931159864665261683e-01
-1.892733005638111976e-01
-1.862346295134280627e-01
-1.839170998723114181e-01
-1.906621091936984147e-01
-1.964529048946868084e-01
-2.012628479016171923e-01
-2.051258630171226560e-01
-2.081174618306187440e-01
-2.175207349731986817e-01
-2.249428870572740546e-01
-2.305899827295068150e-01
-2.418198261386135250e-01
-2.504258348102481602e-01
-2.567593854491860839e-01
-2.611845371008540972e-01
-2.691280149577619518e-01
-2.748125755738461962e-01
-2.854771757618725925e-01
-2.933560312204357423e-01
-3.056080021437299621e-01
-3.125511554686157822e-01
-3.193547595705221731e-01
-3.218252643063135299e-01
-3.229511420340223093e-01
-3.230992630657016917e-01
-3.225671186743641616e-01
-3.237406311933304082e-01
-3.242682991367926704e-01
-3.243128180831365004e-01
-3.240142950751725426e-01
-3.234898302197197761e-01
-3.228341201060975774e-01
-3.286895796990734198e-01
-3.333412751943063412e-01
-3.369085899557910935e-01
-3.395325473818253670e-01
-3.413614554917041577e-01
-3.490379507581444773e-01
-3.549833822105850079e-01
-3.618495934611727360e-01
-3.670452819964311608e-01
-3.707908762585807594e-01
-3.707896644956856225e-01
-3.766884215969314997e-01
-3.810234326962402829e-01
-3.840565425237092434e-01
-3.923311900183230616e-01
-3.985683467278489100e-01
-4.092682413206560899e-01
-4.173469585535960480e-01
-4.259641082144742796e-01
-4.323023218528949663e-01
-4.367134786800912494e-01
-4.395435930652762391e-01
-4.411176696931342622e-01
-4.417295459847057071e-01
-4.416359747912890210e-01
-4.471921772888198809e-01
-4.542768685177147603e-01
-4.596510852762252242e-01
-4.635371247368917924e-01
-4.661717465047441333e-01
-4.739200302932464748e-01
-4.797286547109707033e-01
-4.931594565384413986e-01
-5.035587436925905713e-01
-5.112883333292574939e-01
-5.167451041199389028e-01
-5.203280089941531017e-01
-5.283634900620144403e-01
-5.376284271532847381e-01
-5.444344112625447707e-01
-5.550342662855924925e-01
-5.628143224240222953e-01
-5.682271506363998359e-01
-5.717120039596657044e-01
-5.794156868396794779e-01
-5.886471076533099644e-01
-5.915721799810592652e-01
-5.969035088285706836e-01
-6.004997904149902421e-01
-6.026915728733825972e-01
-6.037846765795626958e-01
-6.040515911485641043e-01
-6.037269917694404464e-01
-6.030065108319041522e-01
-5.963360413374418911e-01
-5.905504622168065154e-01
-5.798608038766858153e-01
-5.710670533214747824e-01
-5.603301317374624890e-01
-5.520019202510579870e-01
-5.457875693336753375e-01
-5.413678521841560620e-01
-5.384255815767446940e-01
-5.306621230871002570e-01
-5.248818102406895836e-01
-5.207947288146075326e-01
-5.216015717001685204e-01
-5.229092407877971027e-01
-5.245024602359693588e-01
-5.298275858927423698e-01
-5.345513466877911402e-01
-5.385927750081573873e-01
-5.381778900843827707e-01
-5.377592970116009674e-01
-5.373608443173727434e-01
-5.369977790453084321e-01
-5.366786288234208779e-01
-5.364068735876403871e-01
-5.361823627014317140e-01
-5.298063597089488486e-01
-5.245807801084592104e-01
-5.105926244951906057e-01
-4.994159297231621775e-01
-4.877994338403641716e-01
-4.689608653941206295e-01
-4.542442316066830355e-01
-4.432099828184121737e-01
-4.286686609386656244e-01
-4.111425725023805100e-01
-3.951280888511929934e-01
-3.767018550617553529e-01
-3.631879091206755561e-01
-3.468619669697161623e-01
-3.351407467791776007e-01
-3.178775411370426962e-01
-3.055290215554451461e-01
-2.972270500796156956e-01
-2.851111042055194389e-01
-2.767758060416474208e-01
-2.715106583901294446e-01
-2.667194762513471762e-01
-2.641472054978233341e-01
-2.543986998850931158e-01
-2.475641000311072926e-01
-2.413690497174911798e-01
-2.305687639085418628e-01
-2.212468826436546632e-01
-2.147509167185763790e-01
-2.104972668717619566e-01
-2.013462452614371845e-01
-2.013901212172271027e-01
-1.956870790553204564e-01
-1.917560360255907703e-01
-1.825997600208029148e-01
-1.690603942307511431e-01
-1.586743799900605101e-01
-1.520805757008614201e-01
-1.407012084367429416e-01
-1.322108699911037633e-01
-1.192337426337504169e-01
-1.032448841342055168e-01
-9.105329379713178461e-02
-8.224580266068404200e-02
-6.904001692808048318e-02
-5.947791971403892930e-02
-5.300821630259755501e-02
-4.200901996639561098e-02
-2.668788378161224273e-02
-1.521710228520789521e-02
-7.299278370081818679e-03
5.152554240819950948e-03
2.134472377679275112e-02
3.314874542341694763e-02
4.828835699047195895e-02
6.623899151169898580e-02
8.636739120410252823e-02
1.010201792534188847e-01
1.182294462981281491e-01
1.304704046077611590e-01
1.456476658794023660e-01
1.562917709769240382e-01
1.632575154949560403e-01
1.673171753381417215e-01
1.772958572798077892e-01
1.842176108051516437e-01
2.095303087134798847e-01
2.444784188549069537e-01
2.785080110970448164e-01
3.042992606429859581e-01
3.297131409433999849e-01
3.520898227216995302e-01
3.674700614195018922e-01
3.773116993583396361e-01
3.918365886794001884e-01
4.015134639591928511e-01
4.073278246635487765e-01
4.101552417786054061e-01
4.198626301371555236e-01
4.263791065303830230e-01
4.332365075315076641e-01
4.375997769310810970e-01
4.463793888501990104e-01
4.555919773500594072e-01
4.685382212668129931e-01
4.780392457947086893e-01
4.909827072506205425e-01
5.037794590310908927e-01
5.193308943783228049e-01
5.306910130502429102e-01
5.484584609219191886e-01
5.615856563954675362e-01
5.808139045112553633e-01
5.950261926612410157e-01
6.151300020756056419e-01
6.401669876783219193e-01
6.588970293817959512e-01
6.721982973044423604e-01
6.866910383760550518e-01
6.964480991982132663e-01
7.127113273539225080e-01
7.295753710681903703e-01
7.413759534952366614e-01
7.592511010177064312e-01
7.771164179099565583e-01
7.897120894667449820e-01
7.980525741138458917e-01
8.030418841426034682e-01
8.054646824528696181e-01
8.059875712809592141e-01
8.051654980553036856e-01
8.034507005418234371e-01
8.012029170465346795e-01
7.987001958741396512e-01
7.961498866394859375e-01
7.936994854244719955e-01
7.914470439962655313e-01
7.894508894666438792e-01
7.877384504034306012e-01
7.912718633462254569e-01
7.941526408111985180e-01
7.964320726663307592e-01
7.981767567928552687e-01
7.945933049171866047e-01
7.914947625506552065e-01
7.938211713821273774e-01
7.957378866821184227e-01
7.972700184348516794e-01
7.935789320214631237e-01
7.953632365575616925e-01
7.968238793688040555e-01
7.979831275349928976e-01
7.988722204013897210e-01
7.946598808154409221e-01
7.911119841516341955e-01
7.882184290396708759e-01
7.859374853906639924e-01
7.842070366309419338e-01
7.829538672321539883e-01
7.770581861302593429e-01
7.723621953273845930e-01
7.687633303499323834e-01
7.661289446745696008e-01
7.593577284827618401e-01
7.489745588457343839e-01
7.408930375373415922e-01
7.401561209160929522e-01
7.349111488096816691e-01
7.364717150506129295e-01
7.382955283056215068e-01
7.450119848670457845e-01
7.508446522858553962e-01
7.557508624968847233e-01
7.649202116685716035e-01
7.722417742828465714e-01
7.779003459349046468e-01
7.871084403563595178e-01
7.991229057623832066e-01
8.083783786826608253e-01
8.152316202956995106e-01
8.200550798183806611e-01
8.279730833171277116e-01
8.336443453144368743e-01
8.426627080655896274e-01
8.492958257861962235e-01
8.584944348685090709e-01
8.651521719014264589e-01
8.750297786507060804e-01
8.822850909627927285e-01
8.917155174625953640e-01
9.039205270309487172e-01
9.129776514697443002e-01
9.193601612019534075e-01
9.235395489624153020e-01
9.357347456352745896e-01
9.447759615518220855e-01
9.568467859798542863e-01
9.657449380970389852e-01
9.719456579214892367e-01
9.817892950874006486e-01
9.888618428516768866e-01
9.996052856005881448e-01
1.011265355018591716e+00
1.025802551167291021e+00
1.036577950680802607e+00
1.050393343310970007e+00
1.064012579549373561e+00
1.080079224001867733e+00
1.098246896110883108e+00
1.114872628359617979e+00
1.126737615430543737e+00
1.144191028986189851e+00
1.156663750896159248e+00
1.171591947364995168e+00
1.191323630060180827e+00
1.205642805248333671e+00
1.222087676911328025e+00
1.233755464562160453e+00
1.250390257031038121e+00
1.262171609272328521e+00
1.269993733608041353e+00
1.281341843632819222e+00
1.289068568328429532e+00
1.293868226283452216e+00
1.303116909542460622e+00
1.316230568528985234e+00
1.324048813523581281e+00
1.336195979379604992e+00
1.345019953080254460e+00
1.359653646167864327e+00
1.376038771816470829e+00
1.388230937118760444e+00
1.404078290568936183e+00
1.422984983720843477e+00
1.437945535243426720e+00
1.448352939211392520e+00
1.462382080635162840e+00
1.479460263960964417e+00
1.491711305785654806e+00
1.507289001358265379e+00
1.518315231364673723e+00
1.525927222545663930e+00
1.537661850678371245e+00
1.545657234161291305e+00
1.550669702955626006e+00
1.553367822617964578e+00
1.554327396150377627e+00
1.554033054366553257e+00
1.552883546092971523e+00
1.551199088497322798e+00
1.556364970385923918e+00
1.560212231480416101e+00
1.569895743031650914e+00
1.577267426932429162e+00
1.589668561656791601e+00
1.599118064222011304e+00
1.606035539844304250e+00
1.618134248358464644e+00
1.627287363003739662e+00
1.633882133081669075e+00
1.645417322841645991e+00
1.653937067101911573e+00
1.666993641836581608e+00
1.676644136283989672e+00
1.690492584730332037e+00
1.700658155690490281e+00
1.714774951437307404e+00
1.726147313579106335e+00
1.740086669190534341e+00
1.758387554226646721e+00
1.772014716364205045e+00
1.781647582548572473e+00
1.794980426335209600e+00
1.804374316232022268e+00
1.808843130390105136e+00
1.812713885059934693e+00
1.814601892075286438e+00
1.820159722583898354e+00
1.823671186132694633e+00
1.825600070003260189e+00
1.833074461262476307e+00
1.838413709810060581e+00
1.848652821089004750e+00
1.858185555202701567e+00
1.865216575554570877e+00
1.876762464391148466e+00
1.885347955542638454e+00
1.898003700149279549e+00
1.907353073234425267e+00
1.920422801571785243e+00
1.932414709057322266e+00
1.941124269453242457e+00
1.953542448831006917e+00
1.962508442038686240e+00
1.977744583046747717e+00
1.989058798464263589e+00
1.997019631110833915e+00
2.011574495033458643e+00
2.022289103324139248e+00
2.029726953258862210e+00
2.040820651933735963e+00
2.048580032373380710e+00
2.059869822736025036e+00
2.067794363544627867e+00
2.079113380025104263e+00
2.087073098311051034e+00
2.098301446718191521e+00
2.109731852486233628e+00
2.123773768445604393e+00
2.133978269323873356e+00
2.140999939601889057e+00
2.154947346691585608e+00
2.165172552551919871e+00
2.172266251241916635e+00
2.182442486296483963e+00
2.189524437973334514e+00
2.198107579825270719e+00
2.209567331083131414e+00
2.217801051888856900e+00
2.227549871898968359e+00
2.234446682073585322e+00
2.238969718498053929e+00
2.245942751922896274e+00
2.250703949975799034e+00
2.253640908813406618e+00
2.259658377680422880e+00
2.269337478653050244e+00
2.270949655893783170e+00
2.276906659974519798e+00
2.280994953759361010e+00
2.283562980550890575e+00
2.284937053545255115e+00
2.285408878899000129e+00
2.285229516400640648e+00
2.290011477050917232e+00
2.293491983183803651e+00
2.295895064472070590e+00
2.292124424175298714e+00
2.288637100292958415e+00
2.285530337574990689e+00
2.282852654355382871e+00
2.280615647091736697e+00
2.274184971278799150e+00
2.269037257104514094e+00
2.265044597006275140e+00
2.262058671915948338e+00
2.259925158475482032e+00
2.254062955531678902e+00
2.249622839868054669e+00
2.246389327698831817e+00
2.244153959277464860e+00
2.242723362859774916e+00
2.246222318745345614e+00
2.245108659887497193e+00
2.244403534953669510e+00
2.238610143076257941e+00
2.234016700260534449e+00
2.230506874732148148e+00
2.227941992586235820e+00
2.216393737886222404e+00
2.207285458499579800e+00
2.200360364326442664e+00
2.191267038724189931e+00
2.184565704622279725e+00
2.179860421181562646e+00
2.171118816540824170e+00
2.164668623753303933e+00
2.160155262524003916e+00
2.157230377940147381e+00
2.149785867339718326e+00
2.140566989699440814e+00
2.133769099543437520e+00
2.123135327641926473e+00
2.111627567060538446e+00
2.103161556024281786e+00
2.091293746884325788e+00
2.082548908060793735e+00
2.076441207483597395e+00
2.066433728808131587e+00
2.059199010958060683e+00
2.051082526672136641e+00
2.045498257414002818e+00
2.035814766486215621e+00
2.028835126429088032e+00
2.017885849551060318e+00
2.009845419407637834e+00
2.004271848037388448e+00
2.000722388285317344e+00
1.989563093952722683e+00
1.974967623322075649e+00
1.963980589850107927e+00
1.956092502205577066e+00
1.944294101432266775e+00
1.935717422514689368e+00
1.929852330241820901e+00
1.926195264064686441e+00
1.924275141592571847e+00
1.930251954270436388e+00
1.938470681327850054e+00
1.945816093405467351e+00
1.952156611082494830e+00
1.957453408123188687e+00
1.961735903873604192e+00
1.965080075466260956e+00
1.960989252214017320e+00
1.957368583256079653e+00
1.954270936225906086e+00
1.945006350282253660e+00
1.937430444992434442e+00
1.924644346687880869e+00
1.914475058344038416e+00
1.897423024432049798e+00
1.884242780075932044e+00
1.865414212172491926e+00
1.851261560901679371e+00
1.832328497553584734e+00
1.818429494685297687e+00
1.808680074507719171e+00
1.795484146121587798e+00
1.784688851062216974e+00
1.772064177381522887e+00
1.763113020616533300e+00
1.757191211694614230e+00
1.745629514972692808e+00
1.730662920421864870e+00
1.719724313611331823e+00
1.712149991665815385e+00
1.700467319016659706e+00
1.692173103858267025e+00
1.686675719275500862e+00
1.683417239851497715e+00
1.675003061422220441e+00
1.669120647534086510e+00
1.658395015901572123e+00
1.650567224029063196e+00
1.638223815519991744e+00
1.629122369259620395e+00
1.615786413964594548e+00
1.598973453073200046e+00
1.586404205999621286e+00
1.570457176977978264e+00
1.558791631208161999e+00
1.543722298449637709e+00
1.526186926834388835e+00
1.506658631675154014e+00
1.492483720395072488e+00
1.482113179712209128e+00
1.475312191770572268e+00
1.471367128700680427e+00
1.462733440955873210e+00
1.450092985648467447e+00
1.441029249558179126e+00
1.428066904684337945e+00
1.418763946450310343e+00
1.411395362504955564e+00
1.399699414585045654e+00
1.384404339781474258e+00
1.373135877189001208e+00
1.356916400273427303e+00
1.344902408075332012e+00
1.329573082909908166e+00
1.311609149149568054e+00
1.291673064931019077e+00
1.277133181633803849e+00
1.258202670368717246e+00
1.237743870188572570e+00
1.216273305443677177e+00
1.194239634712657816e+00
1.178464036731188713e+00
1.161416393521820023e+00
1.149716751475847953e+00
1.133119381316013641e+00
1.121499356894450683e+00
1.107747101511803223e+00
1.095241544108641829e+00
1.080614336496030781e+00
1.064332553665257919e+00
1.052841782358286515e+00
1.045266876222548991e+00
1.037295353352104765e+00
1.026347588859370052e+00
1.012969850162169561e+00
9.998032415885637070e-01
9.904532486570467587e-01
9.842739437856838913e-01
9.709231782298510804e-01
9.612660918174054103e-01
9.489901662588471343e-01
9.361808955688128986e-01
9.213877383066866322e-01
9.063956407085589362e-01
8.900198688967121408e-01
8.727984213195272289e-01
8.506068962607962192e-01
8.342820013967834347e-01
8.228613534079068925e-01
8.154245769805261723e-01
8.063379870393108106e-01
8.004848460500262330e-01
7.922238225497948427e-01
7.819450398271807767e-01
7.748193523783289960e-01
7.702814356264029438e-01
7.677967052375153090e-01
7.617783519623777533e-01
7.529226085636859800e-01
7.414057189685119287e-01
7.275584977860626301e-01
7.124168914585859991e-01
6.956827584206236592e-01
6.831931963662841722e-01
6.641625074494875713e-01
6.442333307546913579e-01
6.294324170491313319e-01
6.148042224217115104e-01
5.986897418899697065e-01
5.832560866062899141e-01
5.664664804971955014e-01
5.545735409462688725e-01
5.429670719937835788e-01
5.255633137445021585e-01
5.132121919539200938e-01
5.015624421236026809e-01
4.877332304957366915e-01
4.781277496297342555e-01
4.719211874023137021e-01
4.591026286348303120e-01
4.500703364819058638e-01
4.378920196156848021e-01
4.292510896405732357e-01
4.207050855955842827e-01
4.087901397470883325e-01
4.003043745818861687e-01
3.946426662225241966e-01
3.848840682297056670e-01
3.780007759905792408e-01
3.670440381563464527e-01
3.591098214037531378e-01
3.537227590280711542e-01
3.438250665419546603e-01
3.277788468779840869e-01
3.179426064300605592e-01
2.248031172927875687e-01
3.110554303423651579e-01
2.249841581889373554e-01
3.014173686730712287e-01
1.987173234484131967e-01
1.916601595032325633e-01
1.863440625970258502e-01
1.833712157689226796e-01
1.740008319962911276e-01
1.679754062954879057e-01
1.557120073576525598e-01
1.472914655076311696e-01
1.415708283055929773e-01
1.378227918536110153e-01
1.355611637387192925e-01
1.273799084805722348e-01
1.214570793233267221e-01
1.182114458134611024e-01
1.092578451047863108e-01
9.483959492166826877e-02
8.388205516539981588e-02
6.890001617678032098e-02
5.770881776514458217e-02
4.939941148889914757e-02
3.697411174434472869e-02
2.119671576402315516e-02
9.611250174047958339e-03
-5.319083211431818725e-03
-1.614612814101934468e-02
-3.037623161090508006e-02
-4.060797984848019127e-02
-4.753550850769916458e-02
-5.858552325200516719e-02
-6.632352913182115728e-02
-7.135460453563569061e-02
-7.423871483024924167e-02
-8.224436829156145379e-02
-8.780102933612443650e-02
-9.198492489708409714e-02
-1.013491921890212755e-01
-1.082045723529365677e-01
-1.129280879379161995e-01
-1.159015832260104073e-01
-1.174891003894062980e-01
-1.180217038275843677e-01
-1.177886644531089821e-01
-1.170337351932986270e-01
-1.159552422275180739e-01
-1.147088244351495145e-01
-1.134118268149935105e-01
-1.121485533037156479e-01
-1.109757822337906763e-01
-1.099281256079989166e-01
-1.090229621605125487e-01
-1.090217143928633448e-01
-1.082629903455085696e-01
-1.076477352599378712e-01
-1.071646482109274157e-01
-1.067988392421876931e-01
-1.065337640079655479e-01
-1.063526277280244514e-01
-1.069817584515408981e-01
-1.067844884154822704e-01
-1.066374175067430485e-01
-1.134582644781796379e-01
-1.190267019712345498e-01
-1.234334522195896788e-01
-1.336766852707160780e-01
-1.417418483652841399e-01
-1.478733062103658735e-01
-1.591582695736608599e-01
-1.677825659105731670e-01
-1.808761278743000744e-01
-1.907751598563451889e-01
-1.979433533167647141e-01
-2.042307509670491239e-01
-2.084840988930629635e-01
-2.110778107818223059e-01
-2.191713451959520498e-01
-2.250493008830289909e-01
-2.358512903939788963e-01
-2.438831853767404745e-01
-2.562929823860202738e-01
-2.654993397142733080e-01
-2.786522041557524254e-01
-2.949088393580332479e-01
-3.069764753270523006e-01
-3.155291703623033239e-01
-3.298526781684094633e-01
-3.403717419223304397e-01
-3.541113813486020945e-01
-3.703949475475178943e-01
-3.822737351901166480e-01
-3.904844576507324749e-01
-3.957263331636213799e-01
-4.048666207123861049e-01
-4.110615664624031051e-01
-4.176288668766303669e-01
-4.219066650077214486e-01
-4.305482959517010766e-01
-4.395332305637313919e-01
-4.459625836687104439e-01
-4.564507371350552400e-01
-4.640574570414457423e-01
-4.692474425884096689e-01
-4.786041283082187459e-01
-4.884853552814827360e-01
-5.016982968443399749e-01
-5.114631143609333908e-01
-5.217488427475471813e-01
-5.350859163000349916e-01
-5.448379950146835515e-01
-5.574658831060812503e-01
-5.722962150326322828e-01
-5.830055659249475664e-01
-5.903277184293561630e-01
-5.987627081178409361e-01
-6.044313144727126996e-01
-6.078668133486327951e-01
-6.095590149551477488e-01
-6.155537833818947036e-01
-6.195711171409761242e-01
-6.220081590683521622e-01
-6.232219448957543317e-01
-6.330416884582585890e-01
-6.404823149380196590e-01
-6.458725211861995330e-01
-6.495493257235479545e-01
-6.572492538597525247e-01
-6.670316787232855038e-01
-6.796621844160510850e-01
-6.891475973650208475e-01
-7.055194751828537392e-01
-7.179257695234120273e-01
-7.319683159978176423e-01
-7.467266443675333321e-01
-7.575355886481313084e-01
-7.745958754257747936e-01
-7.872106272334004062e-01
-7.960596270527241503e-01
-8.067157201238053243e-01
-8.140848415084777079e-01
-8.187470426450151884e-01
-8.263260093587916355e-01
-8.313970957646984461e-01
-8.344203148457153274e-01
-8.358358307501025930e-01
-8.360442625320624321e-01
-8.400999926184732347e-01
-8.427129839447916604e-01
-8.494244474083662011e-01
-8.589133761063973971e-01
-8.659835984395788389e-01
-8.710117789519045139e-01
-8.787761216999419034e-01
-8.799767562513507446e-01
-8.802118017375205605e-01
-8.797632122106026076e-01
-8.788622534400468700e-01
-8.776933517064694490e-01
-8.807738911715986552e-01
-8.830163780899735748e-01
-8.802397916127198130e-01
-8.776871795240767105e-01
-8.754247006010054122e-01
-8.690533057199690825e-01
-8.637580788924638098e-01
-8.595044334024791732e-01
-8.562118813226163860e-01
-8.537711986545188925e-01
-8.474093157320631287e-01
-8.424418735850652817e-01
-8.387278407177869433e-01
-8.360972864892902701e-01
-8.295326274646126485e-01
-8.245199450892902737e-01
-8.208763434516285207e-01
-8.183946994984064860e-01
-8.168631843966679407e-01
-8.160795157279439049e-01
-8.158603069138010699e-01
-8.160462776996745271e-01
-8.165042453725658289e-01
-8.121037545134600633e-01
-8.190891361537632198e-01
-8.250859398480381302e-01
-8.300683285217501650e-01
-8.340739566475737776e-01
-8.371828568060410980e-01
-8.499549112592527100e-01
-8.601259429102350307e-01
-8.679457201582611026e-01
-8.737157296407891405e-01
-8.777556325861328723e-01
-8.907535884991184538e-01
-9.007014098400822899e-01
-9.183088738621997260e-01
-9.317626340328674095e-01
-9.416330105932422256e-01
-9.527325907437905750e-01
-9.605272015580499367e-01
-9.715832767305936368e-01
-9.834740656771575606e-01
-9.919339117798776639e-01
-1.003596224009929427e+00
-1.015740215506666377e+00
-1.024382433420332195e+00
-1.033775657285613603e+00
-1.040155669010051298e+00
-1.053598678625421448e+00
-1.063368577229439449e+00
-1.070123252301379946e+00
-1.074458868200800277e+00
-1.076902339552612942e+00
-1.077909627171461437e+00
-1.077867399964269834e+00
-1.077096729617377013e+00
-1.072598482946299114e+00
-1.068382746798018479e+00
-1.064586813541568588e+00
-1.057869541635356292e+00
-1.052219781296628298e+00
-1.047632415853147814e+00
-1.037893316986820746e+00
-1.030192581732039647e+00
-1.021970320771110607e+00
-1.015884987231792769e+00
-1.011576686997318619e+00
-1.002888557058163155e+00
-9.985313879070119025e-01
-9.956230171635210846e-01
-9.881005708209303906e-01
-9.825611406961136662e-01
-9.786868863973771093e-01
-9.722963049208637187e-01
-9.619444135580887956e-01
-9.541237808780725915e-01
-9.428754806879298123e-01
-9.345259212196233012e-01
-9.286163586830702421e-01
-9.151022880896850786e-01
-9.049315098519363776e-01
-8.976188075946129885e-01
-8.926776567578780242e-01
-8.896461710135447065e-01
-8.881034612014839791e-01
-8.876787980439785342e-01
-8.837057956019717109e-01
-8.757189121896935546e-01
-8.697787411400293989e-01
-8.558488887697737191e-01
-8.451198092941930584e-01
-8.320847863094054109e-01
-8.224355110908585509e-01
-8.059720983627615132e-01
-7.936303254052456957e-01
-7.800026083883643269e-01
-7.653754444216189778e-01
-7.501240078296180780e-01
-7.391433189874764276e-01
-7.266750471791092458e-01
-7.178772442467827863e-01
-7.121025732450823043e-01
-7.035973737434687569e-01
-6.978380177239386084e-01
-6.890418280712750088e-01
-6.785550632338884780e-01
-6.656869783700987142e-01
-6.507239192859556320e-01
-6.395777959343380559e-01
-6.260249948508418427e-01
-6.062453141339123608e-01
-5.913972627173676999e-01
-5.709393994458022981e-01
-5.498159797768815693e-01
-5.342937952860429274e-01
-5.172890483123597782e-01
-4.954445791206303351e-01
-4.731543585319302192e-01
-4.569594397219007842e-01
-4.427936432513606135e-01
-4.269513080103284342e-01
-4.161229405838231532e-01
-3.999305727282047584e-01
-3.887187149103206174e-01
-3.815227890870673821e-01
-3.748767836461441849e-01
-3.621246338235941664e-01
-3.533504351675886834e-01
-3.477289331385418070e-01
-3.445485188272308097e-01
-3.367761801782389597e-01
-3.315152591004579818e-01
-3.282717444351488378e-01
-3.201083393942425470e-01
-3.142799222901455636e-01
-3.103936895448842215e-01
-3.014740751470281754e-01
-2.882685016852783999e-01
-2.763194354676745679e-01
-2.626840323473011996e-01
-2.456684852402704067e-01
-2.327842421460111222e-01
-2.235120158461594286e-01
-2.103081380764337815e-01
-2.007993474690539237e-01
-1.873439720980254464e-01
-1.763950851127562558e-01
-1.630599278715700873e-01
-1.453182954800900095e-01
-1.323442666336347440e-01
-1.162748975138647722e-01
-1.047415811629308635e-01
-8.987499643955665363e-02
-7.221924020796932631e-02
-5.940710144893990297e-02
-5.100514056111027372e-02
-3.853659220430660781e-02
-2.982329477495482273e-02
-1.694381952751422560e-02
-7.847710159174514644e-03
5.426692214935524561e-03
1.485926114682323274e-02
3.577151931821287434e-02
5.106212142083355054e-02
6.950838548500581915e-02
8.954921740743015945e-02
1.119153671317714149e-01
1.274253639987443787e-01
1.450340641182799040e-01
1.573235960842818137e-01
1.653298773765132790e-01
1.711766944117161238e-01
1.800153212007835624e-01
1.869753141207071145e-01
1.912523136803470081e-01
1.934200331179043442e-01
2.149854199440728308e-01
2.331574208838533835e-01
2.607428398802986713e-01
2.907584238681659716e-01
3.136813463093917065e-01
3.303879126084459106e-01
3.486741372104662506e-01
3.613870837958774729e-01
3.762858404550006863e-01
3.863075479769206844e-01
3.990535444156391165e-01
4.075107950279377445e-01
4.097397858679652227e-01
4.098908996150871786e-01
4.086193982769796840e-01
4.064395438911352354e-01
4.037470269625818009e-01
4.008389217753798306e-01
3.942015725806213844e-01
3.883013192100552846e-01
3.832307353102482050e-01
3.790139243145644876e-01
3.756232034135640330e-01
3.729946537867281364e-01
3.643388632972430763e-01
3.574359113319203196e-01
3.496572270392972470e-01
3.438060890455896246e-01
3.395957875924675573e-01
3.391087152411060845e-01
3.392679319396310067e-01
3.398731530794365518e-01
3.407592727504094032e-01
3.417950742642470452e-01
3.428804496748674158e-01
3.439426716066842360e-01
3.449322004772785721e-01
3.433776857848365172e-01
3.445844683404277742e-01
3.432123592017457536e-01
3.445431439963919651e-01
3.456891594911153387e-01
3.509358460599305563e-01
3.551539966210741639e-01
3.650436595635446757e-01
3.728396011995200876e-01
3.787966982424419982e-01
3.857972854631224191e-01
3.884024860625632236e-01
3.899683027890028519e-01
3.907344454096135511e-01
3.909068868066616353e-01
3.906583597815160847e-01
3.901301921455180288e-01
3.958317841050746910e-01
4.002652153294998794e-01
4.035890332778702128e-01
4.087064963227216019e-01
4.125864616148500197e-01
4.153898644960796194e-01
4.201471458762189304e-01
4.236985085094462367e-01
4.262017152817147991e-01
4.278275275199061589e-01
4.257681896778173769e-01
4.266747107926645022e-01
4.205709577202052518e-01
4.219132712199300528e-01
4.229403534796229991e-01
4.236923606558600230e-01
4.212531003141648522e-01
4.191930085807249462e-01
4.175022623096387164e-01
4.190379362622378423e-01
4.203530844949008305e-01
4.214447170247612728e-01
4.157578071474210546e-01
4.110347389356481251e-01
4.072401374453562539e-01
4.042991978843102352e-01
4.021131330405376403e-01
3.977521111734121373e-01
3.944758036562112657e-01
3.921184411811819981e-01
3.878159421863520695e-01
3.781180242554440518e-01
3.731647286393517948e-01
3.670306714448485774e-01
3.625501473884125136e-01
3.594436064681691967e-01
3.508726739575007691e-01
3.533854633146245039e-01
3.494025936434623780e-01
3.465551929475789716e-01
3.446619880744405950e-01
3.435428871273706886e-01
3.338324691690284229e-01
3.262838829657197515e-01
2.850362904406007480e-01
2.464342489325990204e-01
2.170662893906998292e-01
1.954323959469321803e-01
1.801295888059042394e-01
1.699054737261460613e-01
1.636713317883291552e-01
1.604970458222789720e-01
1.595992118168343410e-01
1.603274907230616275e-01
1.621510443880891383e-01
1.580848815221327364e-01
1.621154713520793766e-01
1.661571053481041282e-01
1.634097163915249062e-01
1.615066886869462870e-01
1.602948752073192207e-01
1.529902613129359157e-01
1.472926822950280101e-01
1.430220483000630427e-01
1.399758212495088028e-01
1.312408544154528567e-01
1.245318810128877018e-01
1.128537097508335307e-01
1.038886472832967200e-01
9.729627468974055837e-02
9.271018790899931972e-02
8.298176617747010653e-02
7.578616075979249800e-02
7.073892173851614729e-02
6.065009337841309467e-02
4.638612445166168108e-02
3.535550769402662219e-02
2.071644390566751426e-02
9.995082554583811785e-03
2.382938183026261925e-03
-9.380295071182320754e-03
-1.787957381837412818e-02
-3.043522959605882150e-02
-3.956212575761819394e-02
-4.580852245550404156e-02
-5.651035463931575187e-02
-6.413192457197514074e-02
-6.920202154430166175e-02
-7.222542967445155782e-02
-8.045928649277644951e-02
-8.626576675117925141e-02
-9.007677610120534695e-02
-9.229838405339552132e-02
-9.393559138350404680e-02
-1.014175124872671585e-01
-1.000630985540353901e-01
-1.051621661094925830e-01
-1.088046774051012466e-01
-1.043078297844117763e-01
-1.000816767891583581e-01
-9.627087921815791205e-02
-9.295385382680865227e-02
-9.015833250973415147e-02
-8.849274969582765493e-02
-8.717563623025847974e-02
-8.617531638520836701e-02
-8.545194178262116580e-02
-8.496205430971381922e-02
-8.466214075822242613e-02
-8.451118034226112741e-02
-8.447228285284302807e-02
-8.451357023469130425e-02
-8.460847351433975483e-02
-8.473561056968659244e-02
-9.199975672187710174e-02
-9.795087031523541654e-02
-1.105501568445377281e-01
-1.207104228461142181e-01
-1.286115455571998911e-01
-1.416803045040528897e-01
-1.517167758552899759e-01
-1.650608358683480770e-01
-1.749221523185102711e-01
-1.888595199700111582e-01
-1.990869230523704125e-01
-2.131054468158317672e-01
-2.217776174484442642e-01
-2.358174909634305205e-01
-2.443850556787940942e-01
-2.583585231197949028e-01
-2.685491538711650694e-01
-2.821539471333336380e-01
-2.919782814190396980e-01
-2.986752338775091609e-01
-3.093360064888939220e-01
-3.168188977048982391e-01
-3.281257769761520837e-01
-3.361713926399743091e-01
-3.415432679206928945e-01
-3.447830739933266386e-01
-3.486736279851361253e-01
-3.509406343616383595e-01
-3.519414332610837359e-01
-3.519963857036221277e-01
-3.513827303302052840e-01
-3.527151085399202746e-01
-3.533760334254516522e-01
-3.535243383168777953e-01
-3.599071125871928789e-01
-3.648438694596796150e-01
-3.685049099087762681e-01
-3.776284138653978051e-01
-3.872683094658895264e-01
-4.011663322816354516e-01
-4.118666586201162882e-01
-4.261893970443317858e-01
-4.369080923141277495e-01
-4.445689665440235583e-01
-4.559767616530370216e-01
-4.641619489157902123e-01
-4.697008743563799715e-01
-4.731255961066389570e-01
-4.749104468364193643e-01
-4.724749060189192829e-01
-4.696606851793978521e-01
-4.667239406215821784e-01
-4.638551570011175684e-01
-4.611866851276151813e-01
-4.619940775630084762e-01
-4.562655708894771678e-01
-4.577895312601409916e-01
-4.590603487886106837e-01
-4.538669766952700968e-01
-4.495985606403742896e-01
-4.461972185257978563e-01
-4.406162058450158181e-01
-4.363069635781389177e-01
-4.268697388434408158e-01
-4.194890348475217579e-01
-4.139223315020681415e-01
-4.099079059621375531e-01
-4.044856805612955242e-01
-3.943806631452630995e-01
-3.867091620348104275e-01
-3.811240485402689337e-01
-3.709624920629484013e-01
-3.633338146781774913e-01
-3.491406187793517635e-01
-3.384077930048536853e-01
-3.306342198404228494e-01
-3.253186616845558099e-01
-3.155696977383735113e-01
-3.085245256495867672e-01
-2.972545267422121995e-01
-2.889571999800366608e-01
-2.747604463688342324e-01
-2.576860297348189111e-01
-2.448933122153473807e-01
-2.357531081077981483e-01
-2.230203528073797514e-01
-2.138977279252944896e-01
-2.024795263970657899e-01
-1.943208995689067464e-01
-1.820779714725158094e-01
-1.732450701181498243e-01
-1.672992227817136079e-01
-1.497723547265927824e-01
-1.365399273481242570e-01
-1.199920411391135477e-01
-1.078312931764797700e-01
-9.229646945939906644e-02
-8.052680711202797603e-02
-7.259928305918772473e-02
-6.772968849118576884e-02
-6.521932495423876652e-02
-6.446614957020235792e-02
-6.451611491940445475e-02
-5.861526029278252281e-02
-5.460470114067339509e-02
-4.528802090564543192e-02
-3.840919054966751567e-02
-2.677991058074891129e-02
-1.806316179698042035e-02
-1.182095018605378023e-02
-8.341663890276684867e-04
1.406558465165930194e-02
2.529859849918603132e-02
4.696821842114395906e-02
6.353203921038685920e-02
8.243840437924543352e-02
9.637487450996440330e-02
1.128621254457606859e-01
1.313869521527719630e-01
1.447904807765065804e-01
1.549823222023549718e-01
1.616332725924503055e-01
1.721869611962179025e-01
1.793242764448801374e-01
1.917461069859200951e-01
2.006309818272227208e-01
2.065376908129006317e-01
2.372733271432989621e-01
2.743420113243535408e-01
3.025525155400992094e-01
3.231851240855521112e-01
3.439381109187953367e-01
3.607381653595451709e-01
3.721281202399138177e-01
3.816867537543890965e-01
3.874405417688080444e-01
3.901942334576662397e-01
3.971009242949374851e-01
4.012291610098244199e-01
4.031956226866300064e-01
4.063010621860010385e-01
4.077775690417326793e-01
4.145050000420191783e-01
4.191792247183343534e-01
4.315528016962641988e-01
4.409369060178880417e-01
4.541290605783872003e-01
4.702534631045764968e-01
4.822510162116027121e-01
5.003061751002961799e-01
5.137869606730063321e-01
5.294518804517494015e-01
5.443382012881849974e-01
5.610044265255427209e-01
5.730197251993933705e-01
5.909003775900257827e-01
6.039300247302082925e-01
6.128894643901542372e-01
6.185389522305351218e-01
6.272837955307764002e-01
6.329723209243826032e-01
6.362517374383372948e-01
6.376929641657347325e-01
6.377851582193624358e-01
6.313218938442982653e-01
6.252343975977624480e-01
6.254228620171217168e-01
6.196047413255324487e-01
6.145848605852824997e-01
6.103893304136864817e-01
6.069927877309498898e-01
6.043348387453135739e-01
6.023337046810852691e-01
6.008970594885689742e-01
5.999302334136310533e-01
5.993420785786851557e-01
5.990488566011230587e-01
5.989765253886761842e-01
5.990617862527005677e-01
5.992522159162874118e-01
5.995057609637681750e-01
6.055996079690451062e-01
6.105991354864237497e-01
6.145804472625608916e-01
6.217147556921543972e-01
6.273599629950582512e-01
6.316629522467508417e-01
6.404699904461799154e-01
6.472205117370940508e-01
6.521895914435548169e-01
6.611962825700410384e-01
6.679077537781369367e-01
6.780840954549289812e-01
6.899726172457200102e-01
6.989071071143536651e-01
7.053236245846464803e-01
7.141667880772526456e-01
7.205700411176944042e-01
7.301213522881127016e-01
7.370147909112740869e-01
7.416970301875172034e-01
7.445953127155456874e-01
7.508355016299328444e-01
7.551999808242049195e-01
7.630904405046818884e-01
7.687851966444927410e-01
7.775468051706029282e-01
7.889438595480641192e-01
7.974111594400152825e-01
8.084408103984378480e-01
8.213579013655858407e-01
8.360398373282518225e-01
8.469908148664953007e-01
8.646590776247142784e-01
8.778741666067768623e-01
8.872829339921524117e-01
8.979226727593299096e-01
9.106628679350096123e-01
9.197159225777579161e-01
9.313356988510539392e-01
9.436929061430553434e-01
9.621364788081832042e-01
9.757454223934352022e-01
9.911081509102445120e-01
1.002162496546205039e+00
1.019237023940399389e+00
1.031621205050677448e+00
1.040097540195042081e+00
1.051452660891522672e+00
1.059275276697955626e+00
1.064209212281418626e+00
1.066859390114160311e+00
1.067771239280880025e+00
1.070796408441450964e+00
1.072327872684925909e+00
1.078876035488161023e+00
1.083517130034832077e+00
1.086586695141759762e+00
1.088400478477798083e+00
1.095447550956017535e+00
1.103833387000346278e+00
1.116279721518965928e+00
1.125770688298404876e+00
1.139041936787765996e+00
1.158303360137518112e+00
1.172998679663363131e+00
1.190224027884648983e+00
1.212023731916397340e+00
1.228286767700899063e+00
1.246444204845991610e+00
1.259579993330964820e+00
1.277205966873593557e+00
1.289757678772233351e+00
1.304798211006827913e+00
1.323698537103248141e+00
1.335667352044428213e+00
1.343655850779400529e+00
1.356654212091420675e+00
1.365600078384563876e+00
1.377989541426932085e+00
1.386598555605631944e+00
1.398874434351397911e+00
1.414285420148101657e+00
1.425494128520547132e+00
1.440008552160755295e+00
1.450433068083978538e+00
1.464331029237612603e+00
1.474239992866904991e+00
1.487763314131335335e+00
1.497374590680009554e+00
1.510705452148650263e+00
1.520175216493786285e+00
1.533434533230204622e+00
1.542861483376136489e+00
1.556117930219102830e+00
1.565554738113060340e+00
1.578781863672986674e+00
1.588204732153303489e+00
1.594505257566390499e+00
1.605034458512725859e+00
1.612581709454747436e+00
1.624089534886181019e+00
1.632639621290607357e+00
1.645352549385023178e+00
1.654579629177625577e+00
1.667808215654670967e+00
1.684308932574505313e+00
1.696490978839121144e+00
1.712884531384492703e+00
1.724980993280649022e+00
1.733406131064002764e+00
1.745757083785106190e+00
1.761365039352801976e+00
1.772654648377399944e+00
1.780340150481734440e+00
1.785112549915941482e+00
1.787607359830832854e+00
1.788386802146457732e+00
1.787932152899648353e+00
1.786643032707812884e+00
1.784841306366535374e+00
1.789642924647546041e+00
1.793105388251905241e+00
1.802275631678599499e+00
1.809273888261682117e+00
1.814401181597987689e+00
1.824700321741887787e+00
1.832460067366773249e+00
1.844719714913123809e+00
1.853924424293735607e+00
1.869129957816429544e+00
1.880699952513480433e+00
1.889117425569591502e+00
1.901456709697056269e+00
1.910418549960290591e+00
1.925459666615749299e+00
1.936668408556758703e+00
1.951086267573731492e+00
1.964240920982682104e+00
1.973722020888722284e+00
1.980104862320531733e+00
1.983965688152585116e+00
1.988737776236532362e+00
1.991536138366313047e+00
1.992781618253412379e+00
1.992861402779911195e+00
2.001798308430580153e+00
2.008499060907120271e+00
