1.909715468812176464e-01
1.905344370832779965e-01
1.974630642651089563e-01
1.955782713723619448e-01
2.012230699849992810e-01
2.056688906215002888e-01
2.090476054274841289e-01
2.115068800672370575e-01
2.131975285201852532e-01
2.142646545678177361e-01
2.132444876254560029e-01
2.048679351308271279e-01
2.066809885017133475e-01
2.081815732495182480e-01
2.078360418691920231e-01
2.090422516269598852e-01
2.099958749879151654e-01
2.107223690860524634e-01
2.023677527590919123e-01
2.043350964456061014e-01
1.986991997267273380e-01
2.015168243711149554e-01
2.039903570150334300e-01
2.060924238018542187e-01
2.078237466892618457e-01
2.017972604914808343e-01
1.967914464952831288e-01
1.927649822324113416e-01
1.896363325172198966e-01
1.873002762082012218e-01
1.856408320289177905e-01
1.845408788618827511e-01
1.838889015081235367e-01
1.835833495999883436e-01
1.909970272545939984e-01
1.972091841270402490e-01
2.022592838703420881e-01
2.046989947194133297e-01
2.064437810627668402e-01
2.076226509224659011e-01
2.083521870253404185e-01
2.087347315478669252e-01
2.088579756732713566e-01
2.087953928142483040e-01
2.086071696729974168e-01
2.083414209910792181e-01
2.080355516653547010e-01
2.077176750587990117e-01
2.074080229130716990e-01
2.071202990819192014e-01
2.068629414427474167e-01
2.066402664239148645e-01
2.064534796838299879e-01
2.063015448111844563e-01
2.046846803169202200e-01
2.033866001196307227e-01
2.038411365751069404e-01
2.099020012882855113e-01
2.148406078819484755e-01
2.187503564626454011e-01
2.217479311708365763e-01
2.239598482112414857e-01
2.185384435447348395e-01
2.138506474532997359e-01
2.169152280337289795e-01
2.210025316631092362e-01
2.227349511255085623e-01
2.256273215443140856e-01
2.278740920379684898e-01
2.224316828804002721e-01
2.232755960527481598e-01
2.255336528595304202e-01
2.256955851239264010e-01
2.273643799810736166e-01
2.286543853354554567e-01
2.279560085112897205e-01
2.289222366207634973e-01
2.296379449626975155e-01
2.284825390019589175e-01
2.291065194983765707e-01
2.279229460765128668e-01
2.269138639240462219e-01
2.260781088480861012e-01
2.270221331179003155e-01
2.261952928282930930e-01
2.200745549425642267e-01
2.150324695137404429e-01
2.110180677040642827e-01
2.079406278706728006e-01
2.041922850918209686e-01
2.014453084417870965e-01
1.995335420027124496e-01
1.982986084246549652e-01
1.975960805860883518e-01
1.972986974563706308e-01
1.972975578328650670e-01
2.045468476579344053e-01
2.106171512674850366e-01
2.155526464227586203e-01
2.194426892860119604e-01
2.224032495844017188e-01
2.245628553799468019e-01
2.260522666925910418e-01
2.269971889626365424e-01
2.275134307642998621e-01
2.346613771194983045e-01
2.402862903193234700e-01
2.445584089017005525e-01
2.476665805138777987e-01
2.498026477328525452e-01
2.511505903902961911e-01
2.518794393124343944e-01
2.521391206725656087e-01
2.520585270131385780e-01
2.517452317930848338e-01
2.512863684506607687e-01
2.507502847756895026e-01
2.501886614690331800e-01
2.496388520122769794e-01
2.491262604253807744e-01
2.417487803557687442e-01
2.426160487409301236e-01
2.365250627645958392e-01
2.385815320446298404e-01
2.404663498646435471e-01
2.351922263934593804e-01
2.309384149690250077e-01
2.276219092425768586e-01
2.251348981807301808e-01
2.233579879984437522e-01
2.221701057444296357e-01
2.214555128633570735e-01
2.211084037899502253e-01
2.210355647975748017e-01
2.211575371238356791e-01
2.214086785479190134e-01
2.217364588512260593e-01
2.221002639425382341e-01
2.224699255414659405e-01
2.228241410273072987e-01
2.231489028332263036e-01
2.234360190679713920e-01
2.236817766849512612e-01
2.238857748877081111e-01
2.240499387402432596e-01
2.241777102364870267e-01
2.242734054788741993e-01
2.243417212867910848e-01
2.243873717572815174e-01
2.244148343915632893e-01
2.244281858436196764e-01
2.244310087019463218e-01
2.244263526321779167e-01
2.313920399417290774e-01
2.370623449406223937e-01
2.415350112519176751e-01
2.449408938661155055e-01
2.474267201021285167e-01
2.491424890898406019e-01
2.502326579427291975e-01
2.508303492654155864e-01
2.510539175672537038e-01
2.510053136084884340e-01
2.507697783684947890e-01
2.504164804536357369e-01
2.499997829251980885e-01
2.495608888471352316e-01
2.491296702686827125e-01
2.487265334696191488e-01
2.483642144660025419e-01
2.480494332782887668e-01
2.477843636220062873e-01
2.475678969246304373e-01
2.473966964557563486e-01
2.472660495355649690e-01
2.540689593106144617e-01
2.527434483968638013e-01
2.584096912534969981e-01
2.629457365623497633e-01
2.664585658624818443e-01
2.690761042007663306e-01
2.709340033378677681e-01
2.721661872863341269e-01
2.748193609039326635e-01
2.748138116550857823e-01
2.745440903793505694e-01
2.741053883620454545e-01
2.735725860904592022e-01
2.730025570942380408e-01
2.724367192712144892e-01
2.719036103742384913e-01
2.645845637964723274e-01
2.654155437927507855e-01
2.662246989102754480e-01
2.601268589494185601e-01
2.551883582040204157e-01
2.513206022597558320e-01
2.484048710291948403e-01
2.463076440074813966e-01
2.517959586228999402e-01
2.565599662578483819e-01
2.605692425451133776e-01
2.638427972579231451e-01
2.664326935216969616e-01
2.684110636085144108e-01
2.698601319752711447e-01
2.708648135834037518e-01
2.715074584489474141e-01
2.718643414379162682e-01
2.720035365414075201e-01
2.651508768805654892e-01
2.662726441236762387e-01
2.672390865047207242e-01
2.661818900445225289e-01
2.671716526002796410e-01
2.679999073887739947e-01
2.686719735167375500e-01
2.691996969794894223e-01
2.627694846246637628e-01
2.574524165276992349e-01
2.531960013986132019e-01
2.499069657477253070e-01
2.474682950737838727e-01
2.457526428366783033e-01
2.446323553557836483e-01
2.439865136982375393e-01
2.437054705599788207e-01
2.436933770730600468e-01
2.438691694622838746e-01
2.372309332787179148e-01
2.319153367800415033e-01
2.294343654735160332e-01
2.260676084071722158e-01
2.252421930199091094e-01
2.232792768481370871e-01
2.219728547678274655e-01
2.211906431839478770e-01
2.208130614433381211e-01
2.223212891186077123e-01
2.237671617920020672e-01
2.250926101861323581e-01
2.333867368270345910e-01
2.402122901074317252e-01
2.456483189463678496e-01
2.498258537399564716e-01
2.529045058929177969e-01
2.550546852353381411e-01
2.564447840734362938e-01
2.572325217178630385e-01
2.575596237975918967e-01
2.575490695455526780e-01
2.643509901560925357e-01
2.696923832992290659e-01
2.737403086989680379e-01
2.766784260934120887e-01
2.786920346710584084e-01
2.799578674514151544e-01
2.806375759519241786e-01
2.808740233368280936e-01
2.807896706388242070e-01
2.804864811911322864e-01
2.730760795329967294e-01
2.668451164129976849e-01
2.687821113034909448e-01
2.705186814137485740e-01
2.720241285939060116e-01
2.752605489784571979e-01
2.759348678785387143e-01
2.784156454486406140e-01
2.803905756445779218e-01
2.819037987409080959e-01
2.901137185213944480e-01
2.966800461632015384e-01
3.017499873142157618e-01
3.055077888471990910e-01
3.081527419196437023e-01
3.098833034565846578e-01
3.108863389874143568e-01
3.090857972226273009e-01
3.095265702755953807e-01
3.096532910692588736e-01
3.073320516058262175e-01
3.074848642701708545e-01
3.053177519022634012e-01
3.034850865689997512e-01
3.019785755810784345e-01
3.007757026086825825e-01
3.066990083054030869e-01
3.115738012314384076e-01
3.154708638485057559e-01
3.117032295387043295e-01
3.105925985097870434e-01
3.095743139937132682e-01
3.156038305490143081e-01
3.205329900223150563e-01
3.174884105304083270e-01
3.217218591054689103e-01
3.180960106163541745e-01
3.149258113217212607e-01
3.192469656107919107e-01
3.157812750872484031e-01
3.128508804219658490e-01
3.104503016249589020e-01
3.085470535869281328e-01
3.070916362315538883e-01
3.060254583432249209e-01
3.123105422999477021e-01
3.105565576709958808e-01
3.090993740240512988e-01
3.079258960931279265e-01
3.070119819554517626e-01
3.063270810133318367e-01
3.058378045478049589e-01
3.055105610268462613e-01
3.053133995034562620e-01
3.052172039216034527e-01
3.051963726884572292e-01
3.052291045065937958e-01
3.052973955376589998e-01
3.076171621260768152e-01
3.073069243186015154e-01
3.070270397721692746e-01
3.067830823303021592e-01
3.088213012155125448e-01
3.082371656849536290e-01
3.170657818697459884e-01
3.148895688986101948e-01
3.199471389839390056e-01
3.239229794218339009e-01
3.269437101194765383e-01
3.315309321161266087e-01
3.350376251171791608e-01
3.375992688291611366e-01
3.368985667743438217e-01
3.359962683011685769e-01
3.350029977611161947e-01
3.339993577184166007e-01
3.354506871745608354e-01
3.365512861690651558e-01
3.373467940962875389e-01
3.448973405767821188e-01
3.509573471561624469e-01
3.486714178294658684e-01
3.534625159985165244e-01
3.571421241390000390e-01
3.598538452540429589e-01
3.617491738729652351e-01
3.629767732624458176e-01
3.636753139167097082e-01
3.639691202636525791e-01
3.639659592693438306e-01
3.637564053982165202e-01
3.634143162748839639e-01
3.629980451931957841e-01
3.625520974948148734e-01
3.647545553229321058e-01
3.665206847254409706e-01
3.678845874639258273e-01
3.688921127361044494e-01
3.695951032392530422e-01
3.700467846507220493e-01
3.702983396532395499e-01
3.703965894022340777e-01
3.703826284223608045e-01
3.702912226234802429e-01
3.701507760247539913e-01
3.699836889681034080e-01
3.768853760932648900e-01
3.754177045062598861e-01
3.810964595557639889e-01
3.856045632607332241e-01
3.890651015856694261e-01
3.916181128525675348e-01
3.934078421550293303e-01
3.945739271015271665e-01
3.952456351326156803e-01
3.955384308343203870e-01
3.955522915813765028e-01
3.953713056822383276e-01
3.950641806911778797e-01
3.946853650264203761e-01
3.942765478721137473e-01
3.938683539737541928e-01
3.934820936542819947e-01
3.861686318662096440e-01
3.801388883179350753e-01
3.753279428056406353e-01
3.716252320320665437e-01
3.688939037602358972e-01
3.669860644304283603e-01
3.657541661496293006e-01
3.650589750836805703e-01
3.647746646805383186e-01
3.718746141258033600e-01
3.778570875661644290e-01
3.827498394126374048e-01
3.838074772173036830e-01
3.872806092088068031e-01
3.899439637037336315e-01
3.919041372090434905e-01
3.932716756383936030e-01
3.912943939258639592e-01
3.963111943386834479e-01
3.934318167917543185e-01
3.908725346535693035e-01
3.886673389510220122e-01
3.868218516778008098e-01
3.853218246089737953e-01
3.869023546466421326e-01
3.951205667749864148e-01
3.950551397439623358e-01
3.988252516275951898e-01
4.046466102424344236e-01
4.092392355426572870e-01
4.127292654807737105e-01
4.152637029957986226e-01
4.169963793577622369e-01
4.180776329170041716e-01
4.186472311109810107e-01
4.188299931514207763e-01
4.187335604561472913e-01
4.252409777733396901e-01
4.303602463229392328e-01
4.342494531979970152e-01
4.370825577640509163e-01
4.323352903308939066e-01
4.280869657072996493e-01
4.311553839509434383e-01
4.268565152817531683e-01
4.232093530216975985e-01
4.202100202410592455e-01
4.246008438462880452e-01
4.282928610371208311e-01
4.313056734175129137e-01
4.336887484582563346e-01
4.355094330360564925e-01
4.301422533973282558e-01
4.225331548676656279e-01
4.163456491943835491e-01
4.114630019439728947e-01
4.106489661273762248e-01
4.035036473148370106e-01
3.978637896467032142e-01
4.004645076560791050e-01
4.030264865885009318e-01
4.054250018051748228e-01
4.046431167045136945e-01
4.002025049470110396e-01
4.035251698281669963e-01
4.034988109248223154e-01
4.064689511020471713e-01
4.089699941114326442e-01
4.110115395519946535e-01
4.126244836027692653e-01
4.138530779641287349e-01
4.147486012724501681e-01
4.153645223219546434e-01
4.157529854999189034e-01
4.159624220649960069e-01
4.160360833731187036e-01
4.160112994462401570e-01
4.159192836707461538e-01
4.157853276540821597e-01
4.156292559287935173e-01
4.154660357529051939e-01
4.221039508664898854e-01
4.274791329781391092e-01
4.316980197152933130e-01
4.348947951639352549e-01
4.372155064796634516e-01
4.356970467395828717e-01
4.341786942501382196e-01
4.327399581755875246e-01
4.344693922403524144e-01
4.327467383830130299e-01
4.342773552730954112e-01
4.354832593982167488e-01
4.363979210799073805e-01
4.370600446319126142e-01
4.375101499221709656e-01
4.377879551733079300e-01
4.379305110178066673e-01
4.379709998223466627e-01
4.379380914727148966e-01
4.378557380284440192e-01
4.377432927496185400e-01
4.376158504600904386e-01
4.374847224067028861e-01
4.373579766410031766e-01
4.372409922797650950e-01
4.371369914366642906e-01
4.370475255055366048e-01
4.369729026657276361e-01
4.369125511381211080e-01
4.368653181786650297e-01
4.301252456268112034e-01
4.313292220728073278e-01
4.324563971489669978e-01
4.267469934210605942e-01
4.221147232589486098e-01
4.184819045342784705e-01
4.157407202553966563e-01
4.137679442850492606e-01
4.124362363804618958e-01
4.184368351843745781e-01
4.167859210537399051e-01
4.223106884197391775e-01
4.269084059580310342e-01
4.306214881945731321e-01
4.335259797325488051e-01
4.357169250265480187e-01
4.372974603701873519e-01
4.383709584366137779e-01
4.390356247841762372e-01
4.460256621573055469e-01
4.449182700350948760e-01
4.503374751191282499e-01
4.545286987546806046e-01
4.576501271020001482e-01
4.598666069663936984e-01
4.613391037114302762e-01
4.622177213133820128e-01
4.626374399538575322e-01
4.627159003488852118e-01
4.625527024611406635e-01
4.622297941188462378e-01
4.618126097200727642e-01
4.613516873987277833e-01
4.608845497699189941e-01
4.604376818084301437e-01
4.600284812414232594e-01
4.596670928212200913e-01
4.626135532029054254e-01
4.617577437622604197e-01
4.609947972168588759e-01
4.603368311357054488e-01
4.564448602012236567e-01
4.499779155288663457e-01
4.447740982112304842e-01
4.407283165076294473e-01
4.377045509900558962e-01
4.355529713152883620e-01
4.341225027090374056e-01
4.332695197567315581e-01
4.395473545760797407e-01
4.449008191634022946e-01
4.493330189045294798e-01
4.528947589567864362e-01
4.556666502041046840e-01
4.577455293589498542e-01
4.592344279078879321e-01
4.602354049795078783e-01
4.608446582023875138e-01
4.611494221619423239e-01
4.612262475420412233e-01
4.611403240711828833e-01
4.609455687723698070e-01
4.704859338667348734e-01
4.717190290262796015e-01
4.724682683469560995e-01
4.728358733971809169e-01
4.795212992548987252e-01
4.847850562783697637e-01
4.887791588015015787e-01
4.916782149146163849e-01
4.936624638218372052e-01
4.949059767069112770e-01
5.020458639941949297e-01
5.075210985817788512e-01
5.115599926178782120e-01
5.143947707102454192e-01
5.162480036779155679e-01
5.173241615214385636e-01
5.178048688731593518e-01
5.178468061732424133e-01
5.175814744115081467e-01
5.171162413267977875e-01
5.165362305732270620e-01
5.159067197912523550e-01
5.152757921215398440e-01
5.146770475421664770e-01
5.141322309996656514e-01
5.136536766263239961e-01
5.132465028294972420e-01
5.165081258868007286e-01
5.155772203308355284e-01
5.147542977557786337e-01
5.140500375765688634e-01
5.134654950279913255e-01
5.129950328204126997e-01
5.126286944805966694e-01
5.159523643275507609e-01
5.187260794091812510e-01
5.209648604185277421e-01
5.227079570186126123e-01
5.304306595069601116e-01
5.301885749169639173e-01
5.361067029572208487e-01
5.343237966149347873e-01
5.287944332091498723e-01
5.240988545640059559e-01
5.202258280758729203e-01
5.171239468164099407e-01
5.147175031916562116e-01
5.129182414377420063e-01
5.116338427615134687e-01
5.107738609639496108e-01
5.102536882405934726e-01
5.099970112929435029e-01
5.099371221472406290e-01
5.100173740715656656e-01
5.101910160248723791e-01
5.104205943490343067e-01
5.142571091909307057e-01
5.174830543633457403e-01
5.201068017550478650e-01
5.221664483902801468e-01
5.237195004242021223e-01
5.248341328467456268e-01
5.255822265883611788e-01
5.260341821974610088e-01
5.326907585835918280e-01
5.315660360008169771e-01
5.367995234136466731e-01
5.344981726338484673e-01
5.323536511240232194e-01
5.304318628397226565e-01
5.287670276407809844e-01
5.273693815562969789e-01
5.262318667224723523e-01
5.253357432710605845e-01
5.246551361961997451e-01
5.241605875562915795e-01
5.238217204116073500e-01
5.236091393571717933e-01
5.234956975543381130e-01
5.234572557446490748e-01
5.169997709981719591e-01
5.182403423768693340e-01
5.194214570853259438e-01
5.204986901327486315e-01
5.149587014290273324e-01
5.169617484274273700e-01
5.187398009751582606e-01
5.202675122937236996e-01
5.215406157782787044e-01
5.160893101768833091e-01
5.115741625397691728e-01
5.079540821390153837e-01
5.117134294578566944e-01
5.149862008467358532e-01
5.177483665682900416e-01
5.200105606324603169e-01
5.218066034824921928e-01
5.231844639391642904e-01
5.279495200578216973e-01
5.252506218292445350e-01
5.293773224168645264e-01
5.326578932369998576e-01
5.351698084879337181e-01
5.370094726601621904e-01
5.382811227393147213e-01
5.390885547231754060e-01
5.395293850131472890e-01
5.396914458982660090e-01
5.396508789555134467e-01
5.355805607282695391e-01
5.360245185142875624e-01
5.325229125471411251e-01
5.334862570344838240e-01
5.343328735259835760e-01
5.350534617637010548e-01
5.356480568593366964e-01
5.361232898932537516e-01
5.364900937347629739e-01
5.367618480460258912e-01
5.369529377263879688e-01
5.370776840311819456e-01
5.371495981828600108e-01
5.371809032405387985e-01
5.371822703880297922e-01
5.371627194450221410e-01
5.371296391086726185e-01
5.370888891651879327e-01
5.370449538788644173e-01
5.370011224160864405e-01
5.434709830232684613e-01
5.487156795250049957e-01
5.528388068247924725e-01
5.559704268366802982e-01
5.582517471459591540e-01
5.598243280256560706e-01
5.608227788523705293e-01
5.613701124788836871e-01
5.655892205762422797e-01
5.752210716067158724e-01
5.828417983980419548e-01
5.886555943663485113e-01
5.866045777329579325e-01
5.864964029972949966e-01
5.901800694253531709e-01
5.928611448045518761e-01
5.947017371946816677e-01
5.958592878060950948e-01
5.964796774685944269e-01
5.966930074954714947e-01
5.966114832254811873e-01
5.963288848805932130e-01
5.959211779851415480e-01
5.891591318323475823e-01
5.793101392767586733e-01
5.713604352494079386e-01
5.651452673756263145e-01
5.604585713196250651e-01
5.506728566222172105e-01
5.430991166142353777e-01
5.374739373351564709e-01
5.335093136061006547e-01
5.270949349267930462e-01
5.290071677137107020e-01
5.349733174917090661e-01
5.365144564824309015e-01
5.380371643677084315e-01
5.394676307348409416e-01
5.407601808757909190e-01
5.418904279990850448e-01
5.428497191044527881e-01
5.436406648072122927e-01
5.505118861833075972e-01
5.560617016902873466e-01
5.604106327871869464e-01
5.637028457976429596e-01
5.660916033515583923e-01
5.677289721115388321e-01
5.687587960798377029e-01
5.693121781401304649e-01
5.633886446692353278e-01
5.621669437121477042e-01
5.571768822045759517e-01
5.530604600503044033e-01
5.497738683236992330e-01
5.472415651181046226e-01
5.453700484356638345e-01
5.440584994717356793e-01
5.432065880301462091e-01
5.427198413845655267e-01
5.425130166362068795e-01
5.425119066250683186e-01
5.426539699856127719e-01
5.428881216940431020e-01
5.431739616035722307e-01
5.434806614218548049e-01
5.437856789619643916e-01
5.440734239681344064e-01
5.443339628072136893e-01
5.483950070582397363e-01
5.478842913956087912e-01
5.473881408698355600e-01
5.469284317861102807e-01
5.465183642808202347e-01
5.461644483649485959e-01
5.458682280349740346e-01
5.456277312504176358e-01
5.454386545402996056e-01
5.452953032675997846e-01
5.451913149768363720e-01
5.451201957920912555e-01
5.450756999072314812e-01
5.450520807471810336e-01
5.387360188913532522e-01
5.335490104472275785e-01
5.294292675039109497e-01
5.262763685914171319e-01
5.239678718566371796e-01
5.223724818753319177e-01
5.213599070647172429e-01
5.208077450748813675e-01
5.206058478976893777e-01
5.206586595980300380e-01
5.171983611786123980e-01
5.182046754398552668e-01
5.192254744821687140e-01
5.165332902284611727e-01
5.180894921775500706e-01
5.195008098940367969e-01
5.207367270690952399e-01
5.217849969809724708e-01
5.226469035563194865e-01
5.233331864547847712e-01
5.238606547399713431e-01
5.242494736676572842e-01
5.245210773047406239e-01
5.209892767761750143e-01
5.180927122880532032e-01
5.157847307532119618e-01
5.176193689267505338e-01
5.156144720523094804e-01
5.140495018147084316e-01
5.128703263969227599e-01
5.092106818565056425e-01
5.127466974618792861e-01
5.158291267196708496e-01
5.119594488518603992e-01
5.152690184306754073e-01
5.115454892591742020e-01
5.048373492184003997e-01
4.994634803715685134e-01
5.018082196573674381e-01
4.975092956371403030e-01
5.042129238264447810e-01
5.063538313546185332e-01
5.081444955364347038e-01
5.031926028023223640e-01
4.991058492072726338e-01
4.958361606776757746e-01
4.933076627234760370e-01
4.914288161677005107e-01
4.901017807740117860e-01
4.892293485853811408e-01
4.852835933648214084e-01
4.822795864752487116e-01
4.834519554064771185e-01
4.846723742872278695e-01
4.824606577561261211e-01
4.807967312287799722e-01
4.829594616153010112e-01
4.815160163626046597e-01
4.804307927777913267e-01
4.732154138705113589e-01
4.738723869518490783e-01
4.746459445550368361e-01
4.754596793000254173e-01
4.762586226180904880e-01
4.770054216980910144e-01
4.712553084628974265e-01
4.665651905342198535e-01
4.693444191007787314e-01
4.718328911463514075e-01
4.739880474910205255e-01
4.757979851174760633e-01
4.772726236308246772e-01
4.720072942686055484e-01
4.740762149116608537e-01
4.758216236639134511e-01
4.772500658543565866e-01
4.719488575890780080e-01
4.675367315380967170e-01
4.639807466992575957e-01
4.612122978181503186e-01
4.591412402031012086e-01
4.576671480562235494e-01
4.566878499627831101e-01
4.561055242627585216e-01
4.558307161032142396e-01
4.557846658851132382e-01
4.559003286969971480e-01
4.561224294503016807e-01
4.564068501291524971e-01
4.567195924565632392e-01
4.570355072679790354e-01
4.573369345736226776e-01
4.576123575128103749e-01
4.578551397424024394e-01
4.580623890488537686e-01
4.550263205149922552e-01
4.525725873620567441e-01
4.506471522113029149e-01
4.427172671124821601e-01
4.363587640867403472e-01
4.314260953913087171e-01
4.277445263289398891e-01
4.251276143305742217e-01
4.233900948573847689e-01
4.223569217056843961e-01
4.218691514345551674e-01
4.217872987741280166e-01
4.219927249861115115e-01
4.223875547755633342e-01
4.228935496896495394e-01
4.234502978736740531e-01
4.240130132862354184e-01
4.245501741299300136e-01
4.220851999182841929e-01
4.230533472738784440e-01
4.239241215366638116e-01
4.246811850441041258e-01
4.253190312796488737e-01
4.258400607777159674e-01
4.262521023346976801e-01
4.265663785128741559e-01
4.172768356507501331e-01
4.097031149670709027e-01
4.037149407877458351e-01
3.991387504989094559e-01
3.957808125519555187e-01
3.934437377984381090e-01
3.919378046591421860e-01
3.910882876396428731e-01
3.907397507710124174e-01
3.907580718774008588e-01
3.910308061490905818e-01
3.914663736407371086e-01
3.919924571666222324e-01
3.925539173613845634e-01
3.865153443548086099e-01
3.882479633774622574e-01
3.832288249775082090e-01
3.792259342096502284e-01
3.761463438877721277e-01
3.765183778608911513e-01
3.771036186605307705e-01
3.751278282465249081e-01
3.736893685217643757e-01
3.727001114809260773e-01
3.720747711680323366e-01
3.717348374028408564e-01
3.648735403027412172e-01
3.593870132996319633e-01
3.551507834951341813e-01
3.495287272552212166e-01
3.453416921036007725e-01
3.423600601809955180e-01
3.403640648317225459e-01
3.391521827210277618e-01
3.385455677985795830e-01
3.383898309452566533e-01
3.318687059636080683e-01
3.267668021929286404e-01
3.229241681472281300e-01
3.201633909536079070e-01
3.183037209469323781e-01
3.171713590443285824e-01
3.166064401434227626e-01
3.164672711745337708e-01
3.166323758922939824e-01
3.170008653782852015e-01
3.174916003490537708e-01
3.180415460332397526e-01
3.186036495707404992e-01
3.191444995412833219e-01
3.196419618404808816e-01
3.200829285997468521e-01
3.204612686531909116e-01
3.207760294843584603e-01
3.210299111088894541e-01
3.212280109357594782e-01
3.213768240339489601e-01
3.214834741023355758e-01
3.215551455647212009e-01
3.215986854993941879e-01
3.148242415079420820e-01
3.160747272713140266e-01
3.104124314033378518e-01
3.058539721936344158e-01
3.023084246887950410e-01
2.996581630019394815e-01
2.977731720692275985e-01
2.965218035211616421e-01
2.957783986308866186e-01
2.954282754882728845e-01
2.953705925215222017e-01
2.955195743577601064e-01
3.005539355313846528e-01
3.068713118513530791e-01
3.098568569606601208e-01
3.054179906067566730e-01
3.016448404786093995e-01
2.985281031585320655e-01
2.960279669182210860e-01
2.940855642113637813e-01
2.926316961573387498e-01
2.915933489168778259e-01
2.908984224291792930e-01
2.904790142058601976e-01
2.922961840784374932e-01
2.871065968737771534e-01
2.828689297230004840e-01
2.795317465044615535e-01
2.770094153502014045e-01
2.821642818030405397e-01
2.796872498246574246e-01
2.757900923188536524e-01
2.727836781112271680e-01
2.705496384151744316e-01
2.689655356789688589e-01
2.679130767390967005e-01
2.672831514042521839e-01
2.669786201502066803e-01
2.669155369844269377e-01
2.670233054490682711e-01
2.672441260515681094e-01
2.675319932541613266e-01
2.678514292588280998e-01
2.681760912851043344e-01
2.684873521158648302e-01
2.687729257443820519e-01
2.690255880526197796e-01
2.692420248561806506e-01
2.694218254154943093e-01
2.676939975535810312e-01
2.681464315067065840e-01
2.617379379210784673e-01
2.564869120739012853e-01
2.523243677027569021e-01
2.474030968166069933e-01
2.454066680189248562e-01
2.441033640790379877e-01
2.433543808613722881e-01
2.361136190028796378e-01
2.288032186028094994e-01
2.232439100643712759e-01
2.191848930495245984e-01
2.163746913184247944e-01
2.145750229571816714e-01
2.135691174414950932e-01
2.063164302559783447e-01
2.007492008308320308e-01
1.966487985837541697e-01
1.937863177520127156e-01
1.919373996744588862e-01
1.908924304625538859e-01
1.904629699435627099e-01
1.904851947037025095e-01
1.908210536021839321e-01
1.913577448072147913e-01
1.850888410297939490e-01
1.870468668355367292e-01
1.889122380846306459e-01
1.919583981381642879e-01
1.932183558125137868e-01
1.873200670935837309e-01
1.824959029874995142e-01
1.786753708606647617e-01
1.757557201187869289e-01
1.736174445353393381e-01
1.721358910696642042e-01
1.711895403677132776e-01
1.706655460439450156e-01
1.704630911067634980e-01
1.704950638485902559e-01
1.706884875942455970e-01
1.709840683200503086e-01
1.713351567260379404e-01
1.717063597489563165e-01
1.720719821108382952e-01
1.724144317691851391e-01
1.727226839880831033e-01
1.729908667698876190e-01
1.732170049575636472e-01
1.664312247050392379e-01
1.678537826696075985e-01
1.621733098274968921e-01
1.576086154057869670e-01
1.540637372057087617e-01
1.514175260641308363e-01
1.495377223222236207e-01
1.482914005647184563e-01
1.475522906177453297e-01
1.472055143585051518e-01
1.471502636874437719e-01
1.473009018237316781e-01
1.475869108605052382e-01
1.479520426274407718e-01
1.413255070527443813e-01
1.359788391698084631e-01
1.318078105465525507e-01
1.286771974855964729e-01
1.264373852586728741e-01
1.249367469727522550e-01
1.240303781255904791e-01
1.235858092122708030e-01
1.234863040768141573e-01
1.165584291641301729e-01
1.110795458209750119e-01
1.069010988248517702e-01
9.674534077823504497e-02
8.882345432888283376e-02
8.229204350627639108e-02
7.057686914759897512e-02
6.874214382155785508e-02
6.801669871213622542e-02
6.111277356470745659e-02
5.605432987709613180e-02
5.253847772536701655e-02
5.027659138901929836e-02
4.900419330312222321e-02
4.848664448465056509e-02
4.852172935343257443e-02
4.196609816226870571e-02
3.692319397257670666e-02
2.621209732260809666e-02
1.788604277348260219e-02
1.866122654825796978e-02
1.295502654614355542e-02
8.818420618373679076e-03
5.994058220083253730e-03
4.233144185154413819e-03
3.306067167181625521e-03
3.008763492421184793e-03
3.165783868581018012e-03
3.630906784957366185e-03
4.286012928186533344e-03
5.038808873121913834e-03
5.819870608522403899e-03
6.579370972181752819e-03
7.283761519575993049e-03
9.005965889374856204e-04
-4.285945496216525541e-03
-8.365459835102173614e-03
-1.145893433516320670e-02
-1.370272500032188034e-02
-1.534419717428581187e-02
-1.628872454182062057e-02
-2.381978494420633474e-02
-2.970675730996497066e-02
-3.414108535474102979e-02
-3.733276653144268487e-02
-3.949314670042958220e-02
-4.082319529785283230e-02
-4.850475508366391963e-02
-5.441323992416191579e-02
-5.877814878487397365e-02
-6.184006948671583181e-02
-6.383458754891702114e-02
-6.543879622160808651e-02
-6.585415144264339382e-02
-6.625838781036952341e-02
-6.624941899652592170e-02
-6.594908805643817651e-02
-6.499485798406556825e-02
-6.402974309081921334e-02
-6.310870831618675680e-02
-6.226697143565762538e-02
-6.152448212466454791e-02
-6.788364521222534087e-02
-7.305185439691874727e-02
-7.712360385050809342e-02
-8.022129106953590494e-02
-7.605317632879105005e-02
-7.936105436493545717e-02
-8.193749633672275934e-02
-8.386172874602748628e-02
-8.522488980113496204e-02
-8.612166022045153468e-02
-8.664396546664887566e-02
-9.401509122501061633e-02
-9.915537347410219304e-02
-1.037366801649852732e-01
-1.063766160133485794e-01
-1.081254471818742235e-01
-1.091711002893169802e-01
-1.104487259472868299e-01
-1.104156440487482627e-01
-1.101112211931596363e-01
-1.096354450335077502e-01
-1.090660192078092283e-01
-1.084614440419313652e-01
-1.147753606795700598e-01
-1.129496968465875106e-01
-1.181681368376696906e-01
-1.154115228900147727e-01
-1.129482297468216156e-01
-1.108185115874562587e-01
-1.159437403427336921e-01
-1.201385927352689453e-01
-1.165630569685751627e-01
-1.134665643232020127e-01
-1.108672569539534969e-01
-1.156712078099557672e-01
-1.196572651855822844e-01
-1.159538803673330065e-01
-1.197164847147231814e-01
-1.227644752216239254e-01
-1.182465078216801135e-01
-1.213190485475494906e-01
-1.168916313891006364e-01
-1.201011661696769206e-01
-1.227439723705439079e-01
-1.248530489475476735e-01
-1.264795310096500369e-01
-1.276844398439551664e-01
-1.294299801920049120e-01
-1.307344928693892072e-01
-1.316578921824476112e-01
-1.322632848043245879e-01
-1.326126467944650500e-01
-1.327636829256610973e-01
-1.327678018519902192e-01
-1.326690526628311328e-01
-1.325038243404070837e-01
-1.393744447480416149e-01
-1.449235691291830275e-01
-1.492596540576285324e-01
-1.525232918258658810e-01
-1.618850576973378530e-01
-1.691783114931635357e-01
-1.746528351015257385e-01
-1.785776399406111548e-01
-1.812204622769340023e-01
-1.828340252267244281e-01
-1.836474981022040431e-01
-1.838618626873191886e-01
-1.905773140869388982e-01
-1.957264117595725050e-01
-1.995177228148654613e-01
-2.021668800480962425e-01
-2.038831579524760240e-01
-2.048605999496508900e-01
-2.052726722590290098e-01
-2.052695946335076904e-01
-2.118464036093192782e-01
-2.115892400247771921e-01
-2.095578152202515199e-01
-2.145212548522725804e-01
-2.199113350174990433e-01
-2.171568645848580559e-01
-2.215313816805957181e-01
-2.249103011519690831e-01
-2.274112734407744973e-01
-2.291646064566457142e-01
-2.303021702098431156e-01
-2.309495087745629949e-01
-2.312207160827501884e-01
-2.312155581107651070e-01
-2.310183223094195437e-01
-2.306979197025942341e-01
-2.303088341021912733e-01
-2.298925902852115843e-01
-2.278597410127529699e-01
-2.261694185154958792e-01
-2.248025962527944177e-01
-2.237294686290853818e-01
-2.229145795437941224e-01
-2.223204322416831857e-01
-2.287084103365417675e-01
-2.339783924144547278e-01
-2.382003676588708707e-01
-2.431470428416671048e-01
-2.470064974402081948e-01
-2.498960399582066394e-01
-2.519496484435850281e-01
-2.533065280692570198e-01
-2.541022571080293613e-01
-2.544624769896632888e-01
-2.544988897511919479e-01
-2.543072023421009131e-01
-2.539666023875468692e-01
-2.535403515675340724e-01
-2.599763321671666461e-01
-2.651302618954414214e-01
-2.691223499070409808e-01
-2.720977260023726974e-01
-2.742106981757508333e-01
-2.756136249941334437e-01
-2.696260028265884401e-01
-2.712762939718609267e-01
-2.656782078191786134e-01
-2.609669484303800413e-01
-2.639877076466694561e-01
-2.597079435933968838e-01
-2.562320766713011011e-01
-2.603762487467380371e-01
-2.570590328970470129e-01
-2.543947770369197059e-01
-2.592058916248061173e-01
-2.632755787567211403e-01
-2.666156056986530576e-01
-2.692727303037030229e-01
-2.713153751072945319e-01
-2.728233399150339356e-01
-2.738801259775553998e-01
-2.745674434349911763e-01
-2.749614996586748905e-01
-2.751307053873026653e-01
-2.751344798994996843e-01
-2.750228813960822194e-01
-2.748368319847980246e-01
-2.746087470175189171e-01
-2.743634154246452628e-01
-2.741190107827624622e-01
-2.738881419446115295e-01
-2.804794095309395274e-01
-2.858347668466023617e-01
-2.900509518254601460e-01
-2.932549132768018652e-01
-2.955876737510654273e-01
-2.971926004427516421e-01
-2.982072470228098737e-01
-2.987580280370014663e-01
-3.056560934391892026e-01
-3.110533446193506357e-01
-3.151270717508138919e-01
-3.180690671118429069e-01
-3.200711127138800016e-01
-3.213151064297123938e-01
-3.219667852557877019e-01
-3.221721927741518776e-01
-3.220562003717197808e-01
-3.283235033059686003e-01
-3.332314997673491153e-01
-3.369396411139506942e-01
-3.396209226784268065e-01
-3.414486651881634138e-01
-3.449285018647998413e-01
-3.474706632609947388e-01
-3.492163285855762744e-01
-3.503081004782364616e-01
-3.508820434987922621e-01
-3.510621253784040885e-01
-3.509568571515808699e-01
-3.506577857294284062e-01
-3.502394274708757749e-01
-3.497602298330728665e-01
-3.492641898416064539e-01
-3.487828228723486301e-01
-3.549967238767741673e-01
-3.533832926255879858e-01
-3.585423335394706257e-01
-3.626431690909475147e-01
-3.657950129095846048e-01
-3.706716068495168326e-01
-3.718445608949922931e-01
-3.724780935705409579e-01
-3.727046059465572991e-01
-3.726370336524360560e-01
-3.723689697677241561e-01
-3.719757767922962088e-01
-3.715162957529254406e-01
-3.710348697956646902e-01
-3.770903579985649401e-01
-3.780460737361510670e-01
-3.760588178080201960e-01
-3.742747630150728977e-01
-3.727262865173024409e-01
-3.714233702894880196e-01
-3.768981235481256853e-01
-3.839966191220993696e-01
-3.897487131320300779e-01
-3.876907752745510916e-01
-3.922756668428055704e-01
-3.958187512107436135e-01
-3.956966328081943374e-01
-3.980325495705008265e-01
-3.997013987953581537e-01
-3.980589864201022898e-01
-3.964895114093895945e-01
-3.950531904166620922e-01
-3.937841199234244360e-01
-3.991218905746489742e-01
-3.970391221397719939e-01
-3.952131110551979631e-01
-4.000543653146362288e-01
-4.039790419781206232e-01
-4.007132647126623315e-01
-4.069648623830348644e-01
-4.120450400482797981e-01
-4.160332949047296225e-01
-4.190432540361093139e-01
-4.212071204903415911e-01
-4.226632527435429942e-01
-4.235468384845240131e-01
-4.239834095728873820e-01
-4.240848052203172180e-01
-4.239471238446348433e-01
-4.236501972527420001e-01
-4.261796405050217729e-01
-4.281516113432155546e-01
-4.296247646961235400e-01
-4.306678133624985971e-01
-4.313528587236308276e-01
-4.317503133947966365e-01
-4.289180342842893179e-01
-4.294744610834166920e-01
-4.298811015171506433e-01
-4.301615005547549941e-01
-4.368750206876335085e-01
-4.357802922133198198e-01
-4.347025028206217279e-01
-4.336935584165677593e-01
-4.327860203693538743e-01
-4.319971958980355353e-01
-4.313328269142095994e-01
-4.307902920335071606e-01
-4.237884756261955932e-01
-4.180601817597102698e-01
-4.135281079627766143e-01
-4.100738745747118941e-01
-4.075565881634166665e-01
-4.058272826617339568e-01
-4.047395379918994340e-01
-4.041567591034866958e-01
-4.039566837528543175e-01
-4.040336988744583913e-01
-4.042995076212274608e-01
-4.046826230161046922e-01
-4.051270855650477287e-01
-4.055907221441565902e-01
-4.060431888847952919e-01
-4.131312107531546207e-01
-4.189231076865367331e-01
-4.235135189154721758e-01
-4.270309298009706822e-01
-4.296201452617554040e-01
-4.314296494071487853e-01
-4.326028368210228514e-01
-4.397812191617804789e-01
-4.453513418719652339e-01
-4.495182957451353545e-01
-4.556327701865947599e-01
-4.602417673077814353e-01
-4.699947715687158301e-01
-4.774673167035135002e-01
-4.829558558700595139e-01
-4.867725662089397165e-01
-4.892235683494967624e-01
-4.905943082258139576e-01
-4.911406213268330045e-01
-4.974194824523250347e-01
-5.020937540698924284e-01
-5.088962290664280630e-01
-5.167071935586420306e-01
-5.260385599113008848e-01
-5.330600718660658544e-01
-5.381009174197781686e-01
-5.414947547037085585e-01
-5.435609912327741267e-01
-5.445924017041594567e-01
-5.448478193206083287e-01
-5.445487665156529822e-01
-5.438790347038806594e-01
-5.429863662373390909e-01
-5.419855309331154114e-01
-5.409622223171801636e-01
-5.461232728431681949e-01
-5.502118897572410017e-01
-5.533446218562085850e-01
-5.556518441917599471e-01
-5.572664823760313801e-01
-5.583163433650124574e-01
-5.589191865317668650e-01
-5.651675046861064367e-01
-5.700340427858987535e-01
-5.736928265447085451e-01
-5.763258188785372882e-01
-5.781111597385173440e-01
-5.792154681368848479e-01
-5.797891498504353924e-01
-5.896656878222847897e-01
-5.916846386046579198e-01
-5.929299604812632296e-01
-5.935636368286334452e-01
-5.937330573669603595e-01
-5.935673088758336435e-01
-5.931754121892577336e-01
-5.926461652446408657e-01
-5.979746725276239294e-01
-6.021773759266039194e-01
-6.053791347173499426e-01
-6.018771798639070969e-01
-5.987183094196378841e-01
-5.959659869127880150e-01
-5.976638787275468934e-01
-5.950185241132739389e-01
-5.968610482985486909e-01
-5.943451857428333485e-01
-5.922800866635847816e-01
-5.946666286770464493e-01
-5.926536135739588484e-01
-5.910292405812710426e-01
-5.897601686521101172e-01
-5.888043702078284980e-01
-5.881161813743485123e-01
-5.876498950080842887e-01
-5.873621930841465000e-01
-5.872136768209145208e-01
-5.871697112983773614e-01
-5.872007622621128187e-01
-5.872823685716026532e-01
-5.873948647254426669e-01
-5.915081287161537693e-01
-5.949340965886700250e-01
-5.976938021070724583e-01
-5.998377059595075833e-01
-6.014347233733511322e-01
-5.965202290242770378e-01
-5.922793546531966991e-01
-5.887406617496881989e-01
-5.900074609421855909e-01
-5.911777375831915871e-01
-5.880334080844794586e-01
-5.855072349259718978e-01
-5.835461777835514452e-01
-5.820820957918382277e-01
-5.872368624447035224e-01
-5.915577114625415467e-01
-5.950767831887607828e-01
-5.978585863581070692e-01
-5.999858695176936152e-01
-6.015494205717891729e-01
-6.026408926980001413e-01
-6.033479333076601225e-01
-5.977358029135033668e-01
-5.929575314029728039e-01
-5.951020597344919283e-01
-5.928532624281387386e-01
-5.951177668179351565e-01
-5.929762202853900988e-01
-5.912542050933405902e-01
-5.899105574267574648e-01
-5.928943117899673210e-01
-5.954432913917168113e-01
-5.915462148042595070e-01
-5.882802111263846223e-01
-5.856329484990929757e-01
-5.835627496168021011e-01
-5.820089289116190390e-01
-5.809005500157308211e-01
-5.801633967010961790e-01
-5.797251540726425789e-01
-5.795189503122004648e-01
-5.794855024839757895e-01
-5.755357615429832485e-01
-5.724417537540272827e-01
-5.762222922718571727e-01
-5.794612711700264374e-01
-5.800879651644839097e-01
-5.806069881340587546e-01
-5.831032839923414590e-01
-5.851000282661967811e-01
-5.866492962491413055e-01
-5.818268059730208330e-01
-5.777635264432989803e-01
-5.744420487550474519e-01
-5.718122008326229633e-01
-5.698031421473535030e-01
-5.683330220516631393e-01
-5.673164207934464631e-01
-5.666698253490227710e-01
-5.624544070608457069e-01
-5.592009263303696631e-01
-5.567797387838500089e-01
-5.550587644783926411e-01
-5.539111881696745510e-01
-5.532202244014898795e-01
-5.528817993702030975e-01
-5.528057627444560307e-01
-5.529160699690247593e-01
-5.531502552503801962e-01
-5.534584326335059146e-01
-5.538020048938372408e-01
-5.541522181857929663e-01
-5.544886683610186218e-01
-5.547978388767498270e-01
-5.550717282660051488e-01
-5.553066063364526794e-01
-5.555019222978576643e-01
-5.556593748285045820e-01
-5.557821436502541346e-01
-5.558742743865092706e-01
-5.559402031164466518e-01
-5.559844038072778716e-01
-5.560111403385885609e-01
-5.560243047425801333e-01
-5.560273241980386860e-01
-5.560231208988877238e-01
-5.620252655193056501e-01
-5.668917561018962381e-01
-5.707179811821156967e-01
-5.677013466827642851e-01
-5.649746714645644818e-01
-5.625937810662158256e-01
-5.643683352816504240e-01
-5.658356653724898599e-01
-5.670077267519881836e-01
-5.679089003513344558e-01
-5.685712262935105343e-01
-5.690304195317155145e-01
-5.754219714947629294e-01
-5.805363565126322456e-01
-5.784607033741556714e-01
-5.764858076721337543e-01
-5.746861213303133820e-01
-5.731043098596851904e-01
-5.717584644970095109e-01
-5.606423226137238203e-01
-5.516162350370406031e-01
-5.445168478491499986e-01
-5.391281155214615595e-01
-5.352099098415459277e-01
-5.325185249024908529e-01
-5.308206961997918860e-01
-5.299025745558141320e-01
-5.233524566121920962e-01
-5.183368204102298815e-01
-5.182523542446075826e-01
-5.186622885471408040e-01
-5.194020730426032184e-01
-5.203358752149080946e-01
-5.213563724611032235e-01
-5.261262929325545290e-01
-5.302172574772630043e-01
-5.336054429527947729e-01
-5.324476705562615209e-01
-5.313686706454627817e-01
-5.304024877634501145e-01
-5.230691143396291043e-01
-5.235692029274612302e-01
-5.241114632847829746e-01
-5.181656018355762505e-01
-5.133668445322048246e-01
-5.096230698709955931e-01
-5.068138285280427979e-01
-5.113651502021943074e-01
-5.153591263832026925e-01
-5.086095674701356373e-01
-5.132742161365200229e-01
-5.136053077758369056e-01
-5.075085690627350044e-01
-5.089914884567829922e-01
-5.103435289000213260e-01
-5.115351118631434879e-01
-5.062038141640732292e-01
-4.983589980489546711e-01
-4.921232869444596147e-01
-4.873208449182573343e-01
-4.837578865401124251e-01
-4.812379718501678116e-01
-4.762806631678389024e-01
-4.726490745302840413e-01
-4.701143393374886958e-01
-4.684651526929095589e-01
-4.643624283511444961e-01
-4.645188607082821886e-01
-4.650229017266356291e-01
-4.657433472157030963e-01
-4.665775752066387838e-01
-4.674479488853564568e-01
-4.682982124223205034e-01
-4.659680789779814258e-01
-4.704703735983670754e-01
-4.742867153043532902e-01
-4.741324149460524051e-01
-4.739160388437102522e-01
-4.736683675911501634e-01
-4.734122395596369604e-01
-4.668386568870319664e-01
-4.614244892252310493e-01
-4.571061972065562085e-01
-4.537812683812456616e-01
-4.448884529833880830e-01
-4.378649115469102071e-01
-4.390343014653448339e-01
-4.339917044234304910e-01
-4.272655846384731948e-01
-4.251820859331574276e-01
-4.239690727022038530e-01
-4.234297445287715789e-01
-4.233901840113152293e-01
-4.237019078282493467e-01
-4.242423039962843756e-01
-4.249135191957942315e-01
-4.256403058811109030e-01
-4.263672607222375177e-01
-4.270557977957283313e-01
-4.210970936029962974e-01
-4.162407907787035732e-01
-4.124145224920057196e-01
-3.999795468857090253e-01
-3.901417651765737293e-01
-3.826237809014809699e-01
-3.771095299511526555e-01
-3.706686607665492517e-01
-3.661306061450511073e-01
-3.565103889991758646e-01
-3.559505678212742108e-01
-3.496188622845595173e-01
-3.450610842019692370e-01
-3.419738333779560602e-01
-3.467006990141670020e-01
-3.511270059722491066e-01
-3.485200169325510799e-01
-3.466039463210688343e-01
-3.452710054878989077e-01
-3.444154651187374405e-01
-3.439383876085881919e-01
-3.437506958570590854e-01
-3.437748714335346900e-01
-3.372637779491209908e-01
-3.320406667366966325e-01
-3.257165016169212279e-01
-3.209029486650394336e-01
-3.173834498446594932e-01
-3.082649919183872989e-01
-3.012373671143770970e-01
-2.960325145033262384e-01
-2.923689984244708384e-01
-2.899706553227623385e-01
-2.885792247746776784e-01
-2.879622246773816396e-01
-2.879171475570494465e-01
-2.882728837933652422e-01
-2.888891270343918460e-01
-2.896543858603557453e-01
-2.837353517878131726e-01
-2.790319865617880701e-01
-2.735194119046473471e-01
-2.626162348028677762e-01
-2.541143945560346840e-01
-2.477216677620235341e-01
-2.431256329559305929e-01
-2.416815814054498190e-01
-2.394502486189800106e-01
-2.313855727680484975e-01
-2.252935498126105163e-01
-2.208964813857516862e-01
-2.110720506077381486e-01
-2.036179170066456656e-01
-1.982138669507913509e-01
-1.945269300389727007e-01
-1.922331702059520975e-01
-1.841172524947283229e-01
-1.780733340961353495e-01
-1.737978814205816125e-01
-1.709839341447083605e-01
-1.693388851750985413e-01
-1.616174125490081881e-01
-1.558259358520879267e-01
-1.516897442833133880e-01
-1.489280938391797093e-01
-1.402425749503579677e-01
-1.336861618493523363e-01
-1.289643275040219805e-01
-1.257728491799325887e-01
-1.238175002877297537e-01
-1.228271062715797779e-01
-1.225612755469356330e-01
-1.157381924544651497e-01
-1.105498955059036614e-01
-1.067764636590657901e-01
-1.041890368137960987e-01
-1.025649228032254889e-01
-1.016977349333605396e-01
-9.429491244051413368e-02
-8.859979217966484910e-02
-8.439680450644315712e-02
-8.145613940194729174e-02
-7.955049120008905739e-02
-7.846652831436373710e-02
-7.801207948786825774e-02
-7.801996742200967283e-02
-7.834931788691124055e-02
-7.888505301360138056e-02
-7.953615597705132600e-02
-8.023317880415703485e-02
-7.379136094052074490e-02
-6.860985993039636632e-02
-6.458053580877809452e-02
-6.871336297694363715e-02
-7.240463689557441462e-02
-6.845395869322867810e-02
-6.529072546411929245e-02
-6.284308412768502272e-02
-6.102312288545785890e-02
-5.973640777731969997e-02
-5.888897246168234290e-02
-5.839215869108693724e-02
-5.101018258871925504e-02
-4.513296577291758815e-02
-4.061488101995247568e-02
-3.728231464426445818e-02
-3.495148500460953933e-02
-3.344135411732662710e-02
-3.258243525822379638e-02
-3.222228507106894568e-02
-3.222840652562819486e-02
-3.248920343363792540e-02
-3.291353309373024061e-02
-3.342930975311242392e-02
-3.398152298860557252e-02
-3.452995469883779478e-02
-3.504680770739887485e-02
-3.551439864366678911e-02
-3.592301776952622205e-02
-3.626901823846839790e-02
-3.655316604612068865e-02
-3.677925858519670577e-02
-3.695300308568838510e-02
-2.991230018903556775e-02
-2.414179574391761562e-02
-2.673390035365907913e-02
-2.908486475830507345e-02
-3.114385902833793907e-02
-3.289093132819376208e-02
-2.696513304511327647e-02
-2.923589464999487575e-02
-2.412498973461940643e-02
-2.001513769552332178e-02
-1.680947979058156072e-02
-1.439537753897113248e-02
-1.265494288794810629e-02
-1.147240110924729883e-02
-1.073905056749380194e-02
-3.372533368678043431e-03
2.455965205816479369e-03
6.907987919699376533e-03
1.016753973940809352e-02
1.242496208367249722e-02
1.386528856829194467e-02
1.466032285799134804e-02
1.496373294303854351e-02
2.191118782389778197e-02
2.733309235170588991e-02
3.140627322948974509e-02
3.432522939883142499e-02
3.628640011910744256e-02
3.747715319027222769e-02
3.806862628302587481e-02
3.821161467890288321e-02
3.803478784852831751e-02
4.433458419967095665e-02
4.956104148705020584e-02
5.354563537119516603e-02
5.645428224907300674e-02
5.845909515166014536e-02
6.669938757533655505e-02
6.611613428326679198e-02
7.215102599789924298e-02
7.671318104553148665e-02
8.000898979835668889e-02
8.921080223807997811e-02
8.932463363397236122e-02
9.581277819008171548e-02
1.013511004502722912e-01
1.046665153917258895e-01
1.145802472565833341e-01
1.222222437200326528e-01
1.278592798316611212e-01
1.317882128567475775e-01
1.343106743097575162e-01
1.357147282447592751e-01
1.433250612929977130e-01
1.490111515573979695e-01
1.530564547958266353e-01
1.557463465336443864e-01
1.573515840744676986e-01
1.651294428688683258e-01
1.709832482536401965e-01
1.751937125584357435e-01
1.780420301201808275e-01
1.797946731660953201e-01
1.806939098003206290e-01
1.809526153601102028e-01
1.876913296847921853e-01
1.928388268732990074e-01
1.966115347456609541e-01
1.992314035518900628e-01
2.092522220355454987e-01
2.101362383837428460e-01
2.172660809160744666e-01
2.226280890535148327e-01
2.264652233702337814e-01
2.290306744355230517e-01
2.305707003567469826e-01
2.313129560656621564e-01
2.314594256733888411e-01
2.311830031953174824e-01
2.306268067267893684e-01
2.368864463745625759e-01
2.417748164789397247e-01
2.385080848544509635e-01
2.424363898751693558e-01
2.454150639426107006e-01
2.475777183194538544e-01
2.421374567066987282e-01
2.443407997092452710e-01
2.460224222162803454e-01
2.472529171450608132e-01
2.481050010516492321e-01
2.486490597982100592e-01
2.489501892749732548e-01
2.490664161808420207e-01
2.490478253603407577e-01
2.489363610569488294e-01
2.556578391914261505e-01
2.610701483796560307e-01
2.652894254076128000e-01
2.684588037701813867e-01
2.707324783022218018e-01
2.722642518936921885e-01
2.731996918050325629e-01
2.804713360778239295e-01
2.861313421491693543e-01
2.836156669832856636e-01
2.879058627537602888e-01
2.843504058194779027e-01
2.878758772904914665e-01
2.837894325535850193e-01
2.869767078619349654e-01
2.914885045671069541e-01
2.950543898028081813e-01
2.977638162527260768e-01
2.997260371519898658e-01
3.010586569172992721e-01
3.018787296365759154e-01
3.022963598443861866e-01
3.024105588420560320e-01
3.023069904175195166e-01
3.020571944132337538e-01
3.085986326585083983e-01
3.138143404460973507e-01
3.178354824725935224e-01
3.208164305917182713e-01
3.229189803066179199e-01
3.243013547002131514e-01
3.251109660634958765e-01
3.254800564417694719e-01
3.255234941937334980e-01
3.253381439662905716e-01
3.250033461326631290e-01
3.245821395052348457e-01
3.241229412536974497e-01
3.236614639048540631e-01
3.232227039079178521e-01
3.228228815583114031e-01
3.224712494754480296e-01
3.221717172959877029e-01
3.219242645228335142e-01
3.217261322273108348e-01
3.215727981933538260e-01
3.214587497895091683e-01
3.213780750381907136e-01
3.190829681272182583e-01
3.194595850593631159e-01
3.176039629808522502e-01
3.161422633069870258e-01
3.150279267914142256e-01
3.163875444426371697e-01
3.154124679941665566e-01
3.146712866559577826e-01
3.163055695894523289e-01
3.177215996772386752e-01
3.189096704076865851e-01
3.198747835923199112e-01
3.206322735698883264e-01
3.212040367633457461e-01
3.216154348753741399e-01
3.241725653788243289e-01
3.262319914735622994e-01
3.278287911811725852e-01
3.290133269566564156e-01
3.298441046963320744e-01
3.303820245532498312e-01
3.306861017817430692e-01
3.308105673115877554e-01
3.308031523473127233e-01
3.283356072823413463e-01
3.262709447668425966e-01
3.269084542035778362e-01
3.274656423793591564e-01
3.279373677002299647e-01
3.283244995712919501e-01
3.286321045773044069e-01
3.288679354919150644e-01
3.290412181573532102e-01
3.291617170140617166e-01
3.361440509901252316e-01
3.418062952638452057e-01
3.462547374416626855e-01
3.496271743094518936e-01
3.520756079415998663e-01
3.537537869312827876e-01
3.548086355092427979e-01
3.553747333645300710e-01
3.555711405557846483e-01
3.554999846816950804e-01
3.552463343967724452e-01
3.548789740040483309e-01
3.544517703721514756e-01
3.540053883519689304e-01
3.535691662686339942e-01
3.531630103416840694e-01
3.527992069221428384e-01
3.524840848102828161e-01
3.522194871004298289e-01
3.520040334690703876e-01
3.450104674360754409e-01
3.461311584676620701e-01
3.472012971144782245e-01
3.413378447656085779e-01
3.365928290134601042e-01
3.305122076790645291e-01
3.258383134599960318e-01
3.223778051355323804e-01
3.199347035336668199e-01
3.183217158936186841e-01
3.173671219457390169e-01
3.169185379096746136e-01
3.168445052718498189e-01
3.170345798254476932e-01
3.173984060652010886e-01
3.178641311513712431e-01
3.183764221922060766e-01
3.188942860407422142e-01
3.126011668238759533e-01
3.096659123616920528e-01
3.074026308253205997e-01
3.057372503735176217e-01
3.045843451496315080e-01
3.108689372290256436e-01
3.139444023614492707e-01
3.164611985700400698e-01
3.184605882627966622e-01
3.199986294757215521e-01
3.211380534113585927e-01
3.219426886684424449e-01
3.224737759828744110e-01
3.227876637690449968e-01
3.229345019338776268e-01
3.229576511522112003e-01
3.228935986493837174e-01
3.227722246683475404e-01
3.226173018002265191e-01
3.224471369950396848e-01
3.154939917968255791e-01
3.097621284018465815e-01
3.051877681919321628e-01
3.016649350214544167e-01
2.990634812488293104e-01
2.972432347024176469e-01
2.891612216725938378e-01
2.828236364344696163e-01
2.780442199534076675e-01
2.746084307589882201e-01
2.722937263478120151e-01
2.728401519494583205e-01
2.737472055249141611e-01
2.677371428444366153e-01
2.630550456913840485e-01
2.595634110068401057e-01
2.570982597004256576e-01
2.554864768213005455e-01
2.545588198462043206e-01
2.541588167887809391e-01
2.541481175550870386e-01
2.525335546355786942e-01
2.514529277506147853e-01
2.507945782652452049e-01
2.504603996317338321e-01
2.503666314010897231e-01
2.504435246164178341e-01
2.435663431334904594e-01
2.363379076238623089e-01
2.307267674781634526e-01
2.265167946402653065e-01
2.234892848640352980e-01
2.230150643817307987e-01
2.214404965008045512e-01
2.205001619133208912e-01
2.200480282720231884e-01
2.129693361829885223e-01
2.074150776768319826e-01
2.032149567734578000e-01
2.001798106419898637e-01
1.910644588057242022e-01
1.839999435403587569e-01
1.787430016175568515e-01
1.750273042594681083e-01
1.725845691664851245e-01
1.711595428316043943e-01
1.705198063831436794e-01
1.704613920090809476e-01
1.636677255288554456e-01
1.584338324409764187e-01
1.545665141921799268e-01
1.518577217756089670e-01
1.490212292794059756e-01
1.400564317779646739e-01
1.402904490957335160e-01
1.420134720421659669e-01
1.428399385651124565e-01
1.438292268006740038e-01
1.378407413922539959e-01
1.331400564493863126e-01
1.295789050658440189e-01
1.340317576911422837e-01
1.309791609731860706e-01
1.357040821952411047e-01
1.318257569769962778e-01
1.287754794664133229e-01
1.264527188892383691e-01
1.247515466158664044e-01
1.235677302303417324e-01
1.236587898038454814e-01
1.230644985749171916e-01
1.227359389642670440e-01
1.226087405661946406e-01
1.226279281565032520e-01
1.227478026090340624e-01
1.229314067435074431e-01
1.231497313077094535e-01
1.233807760707172907e-01
1.167114723924715936e-01
1.112784795359142986e-01
1.000680644017089005e-01
9.113306973003343359e-02
7.730088475441609930e-02
6.652573919669690916e-02
5.845671343466207759e-02
5.270317524186451941e-02
4.187356266087061130e-02
3.385655908220353005e-02
2.121834387383758624e-02
1.173491341240939789e-02
5.104267501495618475e-03
-6.115533802818040598e-03
-1.422255967164542945e-02
-1.976148520156972843e-02
-2.323813557487097725e-02
-3.193386406796072663e-02
-3.815785710176577972e-02
-4.234158410428712216e-02
-4.488895607421605760e-02
-5.297704274412051717e-02
-5.886723868074250632e-02
-6.291906433635685580e-02
-6.547830356874251301e-02
-6.732259086028391515e-02
-6.820327530061587318e-02
-6.835462344712972538e-02
-7.493579928631688425e-02
-7.992811703018021241e-02
-8.353915551431678743e-02
-9.296544941531514894e-02
-1.008792346689828534e-01
-1.068087746117116765e-01
-1.180864474317266932e-01
-1.266573231396794785e-01
-1.328686653856256950e-01
-1.370957116496631656e-01
-1.397107518090292544e-01
-1.481320065321827251e-01
-1.542933046762677840e-01
-1.585573841451484167e-01
-1.682950315861189150e-01
-1.755067096787323866e-01
-1.805877166294935776e-01
-1.852272693113792279e-01
-1.953020330233619095e-01
-1.958093474220401475e-01
-1.953955306444035145e-01
-1.943560727368243146e-01
-1.929330976318524016e-01
-1.913175308208059366e-01
-1.967611051291724422e-01
-2.009547540391187770e-01
-2.040563801686818834e-01
-2.062344807884848308e-01
-2.076554635294649565e-01
-2.084751642789310910e-01
-2.158739613039346583e-01
-2.216240002487317451e-01
-2.189252404388513096e-01
-2.162840071554139598e-01
-2.208361800336693381e-01
-2.243529104537156371e-01
-2.269657774300106734e-01
-2.288134200868139345e-01
-2.300321110276493108e-01
-2.307494027027694461e-01
-2.310801870284910908e-01
-2.311246079521629415e-01
-2.379201708804676851e-01
-2.432965250469232288e-01
-2.474055128248218161e-01
-2.521955078145929896e-01
-2.557844057195393095e-01
-2.653191381429602647e-01
-2.727258695271879141e-01
-2.782492008967056840e-01
-2.821625322690466398e-01
-2.847440302288761771e-01
-2.862596514405753023e-01
-2.869521056897186284e-01
-2.870345738687689607e-01
-2.797162254959495442e-01
-2.733720315587775396e-01
-2.680455192976167744e-01
-2.637125284596051333e-01
-2.603028050750295641e-01
-2.577177631354925502e-01
-2.558444781121305134e-01
-2.545662172954383795e-01
-2.537699502121921746e-01
-2.604009532373434688e-01
-2.660067246664958862e-01
-2.725598368039194863e-01
-2.778782110263304794e-01
-2.800071762212015258e-01
-2.814474386491239155e-01
-2.823358249277660992e-01
-2.827957989539706674e-01
-2.829350389420290934e-01
-2.828447147504975501e-01
-2.825998913881191399e-01
-2.822606433319159169e-01
-2.818735827276546146e-01
-2.814735909081333975e-01
-2.880185123587919449e-01
-2.933049776021612320e-01
-2.974416360548468585e-01
-3.005636677562175674e-01
-3.028175220715312310e-01
-3.043499191730856257e-01
-3.053002687216710420e-01
-3.057957840282474749e-01
-3.059486865350249385e-01
-3.126877363334530369e-01
-3.179912884626001635e-01
-3.220212196815641637e-01
-3.249561223022476852e-01
-3.269767890332979654e-01
-3.282562106522370904e-01
-3.289531017434188520e-01
-3.292081382748053286e-01
-3.291422397673171574e-01
-3.288563533702868469e-01
-3.284322997231567953e-01
-3.279343256606739310e-01
-3.274110808499954839e-01
-3.268977973369069367e-01
-3.264185044896283916e-01
-3.259881578482857201e-01
-3.256145993346184486e-01
-3.253002984268351661e-01
-3.250438495925791482e-01
-3.248412209754369950e-01
-3.246867636725334627e-01
-3.245740006576893766e-01
-3.244962202840979693e-01
-3.244469021273703735e-01
-3.244200034399822297e-01
-3.244101333371307572e-01
-3.244126395797348739e-01
-3.244236299171301408e-01
-3.244399467543837012e-01
-3.244591106803544900e-01
-3.244792453171574387e-01
-3.222379254753484634e-01
-3.204310334306694763e-01
-3.212341556360818196e-01
-3.219714487833791328e-01
-3.293411108420190025e-01
-3.286822152036159572e-01
-3.347213711340024656e-01
-3.328531281166191569e-01
-3.378281089242334279e-01
-3.350538918096874763e-01
-3.392818794143754868e-01
-3.426118869192069649e-01
-3.451422436826137030e-01
-3.402995538158344324e-01
-3.427942747258472256e-01
-3.447343288076540890e-01
-3.461866046156549803e-01
-3.472232769450465106e-01
-3.479163623345324918e-01
-3.483339777445813024e-01
-3.485379604967211442e-01
-3.485825471958492461e-01
-3.485138516834296318e-01
-3.483699234524786359e-01
-3.481812065763285613e-01
-3.479712542298352140e-01
-3.477575849866378910e-01
-3.475525941853208067e-01
-3.473644568350442441e-01
-3.471979779325766735e-01
-3.470553619154725933e-01
-3.469368855695880161e-01
-3.534875152297356493e-01
-3.522005444203819557e-01
-3.576392784940058966e-01
-3.619837422322997877e-01
-3.678713061637701731e-01
-3.724855796194710411e-01
-3.759587866583529170e-01
-3.784452040545704943e-01
-3.801066995939113013e-01
-3.811017122801796386e-01
-3.815775000929220173e-01
-3.816652676275176237e-01
-3.788149045569904061e-01
-3.762996423523794487e-01
-3.741477250218607775e-01
-3.723590437715966761e-01
-3.774597102844075014e-01
-3.816342930148397539e-01
-3.784739553833078585e-01
-3.822352738996059873e-01
-3.852434262904720352e-01
-3.875735193748854890e-01
-3.893120399387608455e-01
-3.905491162895091684e-01
-3.913729972156361203e-01
-3.918662839903748196e-01
-3.947750907342477689e-01
-3.943314330039586757e-01
-4.029445127762618650e-01
-4.126944259436977624e-01
-4.175974630741512428e-01
-4.211492374003167338e-01
-4.235696571137959054e-01
-4.250732596262889462e-01
-4.258588078030356439e-01
-4.261030932980791608e-01
-4.259579654362586343e-01
-4.255497172644799875e-01
-4.249801008421913995e-01
-4.243283868862002262e-01
-4.236540161349076072e-01
-4.323639461952111240e-01
-4.330061358333052723e-01
-4.332908065833387390e-01
-4.303131719600019611e-01
-4.341644308230858673e-01
-4.371901004709750627e-01
-4.331052678118088028e-01
-4.295820376754195813e-01
-4.330300515083009838e-01
-4.358455457456071880e-01
-4.317247516361999438e-01
-4.375761749885052065e-01
-4.330085820655176221e-01
-4.355389353822440857e-01
-4.405789911903972289e-01
-4.446692106592158300e-01
-4.414555152034094210e-01
-4.450437940797860037e-01
-4.478722246793724882e-01
-4.531481721110941496e-01
-4.573126442202251063e-01
-4.604678239401838180e-01
-4.627418864328760595e-01
-4.642743042350998550e-01
-4.652044400371930788e-01
-4.721832026766079604e-01
-4.775868500222320012e-01
-4.816119285332440825e-01
-4.878665324340407672e-01
-4.925841361143969976e-01
-4.860490916250765903e-01
-4.866751050819471125e-01
-4.804599457317855205e-01
-4.751373422510931643e-01
-4.771958579016775115e-01
-4.789210393746732297e-01
-4.803249210205466913e-01
-4.814326929433343505e-01
-4.822771998468398102e-01
-4.828948412487639175e-01
-4.833226048194154689e-01
-4.835960028667662947e-01
-4.837477196939103941e-01
-4.838068107053361544e-01
-4.837983219225241438e-01
-4.837432215715615769e-01
-4.836585546223874932e-01
-4.835577475219716703e-01
-4.834510045579853976e-01
-4.833457497391522306e-01
-4.866156674225892154e-01
-4.893114843021870719e-01
-4.914587391298392838e-01
-4.931049910210663079e-01
-5.007694521612169325e-01
-5.068602977533829268e-01
-5.115332472925524510e-01
-5.149733765912469785e-01
-5.173753179888531673e-01
-5.189294189719753092e-01
-5.134629792280547278e-01
-5.150026198656005860e-01
-5.260591316430960340e-01
-5.349409195653180848e-01
-5.418328248245074530e-01
-5.431780931756999831e-01
-5.474903965161581620e-01
-5.505353512061592625e-01
-5.525341653174160594e-01
-5.498673422334601213e-01
-5.510767702068137819e-01
-5.479602095707858389e-01
-5.451629183499651088e-01
-5.427327683966032268e-01
-5.406834392762667196e-01
-5.390046708389037988e-01
-5.376703299173455353e-01
-5.366446530261459458e-01
-5.395716009826663218e-01
-5.482671839693387117e-01
-5.553993809610777710e-01
-5.610634414820194760e-01
-5.654038272460986114e-01
-5.725162851552650922e-01
-5.780019016174200441e-01
-5.820462257008370832e-01
-5.848590536416466978e-01
-5.866559482232872602e-01
-5.876443870723899732e-01
-5.880143077463398926e-01
-5.940822092517530351e-01
-5.986821157947068706e-01
-6.020240790099352646e-01
-6.043200439708306115e-01
-6.057714355373745585e-01
-6.065616285113887285e-01
-6.068519451736962278e-01
-6.067801389365032882e-01
-6.064605835139177392e-01
-6.059855887578852185e-01
-6.113930870793690131e-01
-6.097209498542663919e-01
-6.081317170105809966e-01
-6.066835517859798799e-01
-6.054098064450161854e-01
-6.043246985438864849e-01
-6.034282838673291627e-01
-6.086898391083633841e-01
-6.070487033349049044e-01
-6.115755749259569329e-01
-6.152188811081472641e-01
-6.180598507131533914e-01
-6.201963789553438522e-01
-6.217326866641389449e-01
-6.227720125665054951e-01
-6.276302470944402634e-01
-6.314443506733761202e-01
-6.343213845344314317e-01
-6.363867282311422846e-01
-6.377723431556233669e-01
-6.386077555572424735e-01
-6.448840530850844521e-01
-6.497341778326263251e-01
-6.533413479805677548e-01
-6.660928618974977233e-01
-6.761104667101571764e-01
-6.836993845084127219e-01
-6.994257749095744714e-01
-7.115540421293093942e-01
-7.205343678873292745e-01
-7.268480862111683649e-01
-7.309716303024094142e-01
-7.387287612165769346e-01
-7.490260487181300553e-01
-7.565567421476936394e-01
-7.617583846673728898e-01
-7.650595814506810921e-01
-7.668600814146900868e-01
-7.727326922198763937e-01
-7.767877297894894006e-01
-7.844626629760295122e-01
-7.951678664216456083e-01
-8.031566602721693648e-01
-8.088485261559035244e-01
-8.126525028478607249e-01
-8.201862407912765551e-01
-8.256381638567069636e-01
-8.342053951164518644e-01
-8.404196312132510283e-01
-8.446779340759796861e-01
-8.527545731704004872e-01
-8.586498547458495390e-01
-8.673859757325658171e-01
-8.737133099314069451e-01
-8.835815964428935798e-01
-8.908700037213338474e-01
-8.959676434580164939e-01
-9.049539607178684886e-01
-9.115305583268926704e-01
-9.160570925583644275e-01
-9.233333761398838657e-01
-9.284266758753875193e-01
-9.317404893547449607e-01
-9.395060742315166635e-01
-9.494035701446225106e-01
-9.566749226552027086e-01
-9.617518282992625345e-01
-9.691209629811613491e-01
-9.742721717793398906e-01
-9.776391330613829478e-01
-9.796072095658866496e-01
-9.844019947754308886e-01
-9.876565434470201410e-01
-9.896911083247637020e-01
-9.907836592108106855e-01
-9.969482491523654621e-01
-1.001567753470502531e+00
-1.004867840343057317e+00
-1.007073223266485851e+00
-1.008397440588781002e+00
-1.014955140776068632e+00
-1.019965340627439154e+00
-1.023620111657242981e+00
-1.035813399869771612e+00
-1.045290537168086953e+00
-1.058516419745778592e+00
-1.068633642793920036e+00
-1.076031938871803151e+00
-1.081133044807296439e+00
-1.093951143868049369e+00
-1.103488894307626422e+00
-1.110248320319937587e+00
-1.121084713293029722e+00
-1.128969911082109645e+00
-1.137358139304922133e+00
-1.143121423563851602e+00
-1.146777171273207552e+00
-1.155174401556183561e+00
-1.161171725605981919e+00
-1.165183514804843501e+00
-1.167601448758783356e+00
-1.175251712355706246e+00
-1.180827350204097348e+00
-1.184653499101009366e+00
-1.193632493855947940e+00
-1.200329785301547769e+00
-1.211752157458592327e+00
-1.217902861760499000e+00
-1.224597742057278449e+00
-1.229204960144300474e+00
-1.238969444794613128e+00
-1.246163691900200154e+00
-1.251171639575318295e+00
-1.261340099910744694e+00
-1.268844298622222144e+00
-1.276212667746595253e+00
-1.288233724912305478e+00
-1.297100805621023145e+00
-1.303317688396116392e+00
-1.314363673716686609e+00
-1.322430691324174346e+00
-1.335041185041135670e+00
-1.344360913736408536e+00
-1.357999581092612207e+00
-1.369542396510363247e+00
-1.377691118629736255e+00
-1.390155370701728010e+00
-1.406222755617217546e+00
-1.418109852944590799e+00
-1.426465187172697879e+00
-1.431924877532748219e+00
-1.435082494810704823e+00
-1.436471151510309907e+00
-1.437512358126281420e+00
-1.437465550937812919e+00
-1.436676037498182401e+00
-1.435417225158584387e+00
-1.433900300171366604e+00
-1.432283712402502962e+00
-1.430682018864602112e+00
-1.437079602466163397e+00
-1.442118490931020958e+00
-1.439094517422113029e+00
-1.435411197100185943e+00
-1.432192035506297145e+00
-1.429465759043573536e+00
-1.420299006763722227e+00
-1.412846102995305220e+00
-1.406983684297241854e+00
-1.402541323462312084e+00
-1.399324655787909322e+00
-1.397132936783986423e+00
-1.388854855399834110e+00
-1.382504064316327996e+00
-1.384720294144610175e+00
-1.385792605711063885e+00
-1.387095493476330432e+00
-1.394278975385000230e+00
-1.401757056811461233e+00
-1.407942795493276167e+00
-1.412887660334574136e+00
-1.416697678761928314e+00
-1.419510485577283321e+00
-1.414298179728012084e+00
-1.409720472270896918e+00
-1.407008176595579974e+00
-1.404788457398947754e+00
-1.403022298490268271e+00
-1.400461579922887445e+00
-1.398449981648596019e+00
-1.389896445061696850e+00
-1.383044096177779458e+00
-1.376357886390057184e+00
-1.365598747284990200e+00
-1.357312150990268140e+00
-1.351177455444981801e+00
-1.345259570029852636e+00
-1.341070700209613165e+00
-1.331272318731611115e+00
-1.323910161175367417e+00
-1.309752066052414232e+00
-1.298852307884330592e+00
-1.283775078191344399e+00
-1.272457646746432802e+00
-1.264372309292629559e+00
-1.258972261273435533e+00
-1.248754419234471280e+00
-1.239137276121833331e+00
-1.232327371359745127e+00
-1.220883929953342051e+00
-1.209992274475109042e+00
-1.202125879964499378e+00
-1.189832158077307689e+00
-1.180911881325440671e+00
-1.174825222488153464e+00
-1.171039368518288715e+00
-1.166099042366570693e+00
-1.156061628931379204e+00
-1.148769504569607802e+00
-1.143788346021597180e+00
-1.133794598537715581e+00
-1.126577759597635398e+00
-1.114887421127575440e+00
-1.102987523712307905e+00
-1.087559527962807193e+00
-1.076083572358289553e+00
-1.061398481655845716e+00
-1.047015779786797385e+00
-1.036545569845640280e+00
-1.029365414300308590e+00
-1.024865397814093138e+00
-1.022476810293840632e+00
-1.021689930316692196e+00
-1.022063366405842277e+00
-1.023227023152355475e+00
-1.024880419122841335e+00
-1.016354832189222179e+00
-1.009779347837929109e+00
-9.985072262596347281e-01
-9.899163447219574419e-01
-9.836369797817982041e-01
-9.855871340730198993e-01
-9.816378421592966141e-01
-9.894817215656371845e-01
-9.964167423744275665e-01
-1.002358913901044035e+00
-1.007302582997414042e+00
-1.011295811448809978e+00
-1.008102882459708249e+00
-1.005326151474124075e+00
-1.002981100302859030e+00
-9.948704893896976875e-01
-9.822634702111178173e-01
-9.723083241831513845e-01
-9.546473093326023340e-01
-9.408332566602294333e-01
-9.246585058244283228e-01
-9.069054535732783418e-01
-8.937100157484827445e-01
-8.744366440108890526e-01
-8.600867846580310117e-01
-8.498711500227517091e-01
-8.383777818573263652e-01
-8.303631373270120575e-01
-8.200458708533542307e-01
-8.129869825584907783e-01
-8.085601652841707399e-01
-8.013072821831481729e-01
-7.964606498901838361e-01
-7.935645882521508154e-01
-7.871381868844872232e-01
-7.827987339622328733e-01
-7.801343554374867706e-01
-7.737151238460541203e-01
-7.691632625764318609e-01
-7.612356788872862712e-01
-7.554933217456724082e-01
-7.515663212888994416e-01
-7.491032985083553308e-01
-7.477845166650750608e-01
-7.473288591490113708e-01
-7.427300613440799282e-01
-7.394613201920456902e-01
-7.372773641140042411e-01
-7.307893673871829199e-01
-7.258856985485612201e-01
-7.223467211367018415e-01
-7.199479037456125718e-01
-7.138788909947643146e-01
-7.094065806367166882e-01
-7.062709861942745304e-01
-6.989214214772164757e-01
-6.889372400760374049e-01
-6.813734820951085069e-01
-6.758799780759987552e-01
-6.666879789195071515e-01
-6.695872765791227588e-01
-6.672693534959106554e-01
-6.659338748090269933e-01
-6.653656780484458189e-01
-6.653698680214142902e-01
-6.601464384902074878e-01
-6.561621461976844261e-01
-6.532691173124625106e-01
-6.469316585904121286e-01
-6.421845299197959100e-01
-6.387915525385557958e-01
-6.365157522360143094e-01
-6.351334843076054115e-01
-6.344427885266464839e-01
-6.342675872793908098e-01
-6.344589963195379489e-01
-6.307073878900002484e-01
-6.279020638984104119e-01
-6.258926019864268220e-01
-6.188553332637589666e-01
-6.093476720216830511e-01
-6.020049179322594091e-01
-5.965366167047270185e-01
-5.926474246879351870e-01
-5.900534629341560589e-01
-5.827308973357253619e-01
-5.772257229782180588e-01
-5.732834617178808045e-01
-5.706438534114104399e-01
-5.690556769002899085e-01
-5.682870992790942655e-01
-5.719252776912325809e-01
-5.753489112509707626e-01
-5.784390403038083273e-01
-5.811289488135791270e-01
-5.833933117372652744e-01
-5.852377423586088145e-01
-5.827379882055816473e-01
-5.746634684088005596e-01
-5.680549335160711699e-01
-5.628169459078589121e-01
-5.588094543225488042e-01
-5.558694109788300253e-01
-5.538268040729137365e-01
-5.525159880047949557e-01
-5.578130691763372173e-01
-5.564211958049189999e-01
-5.614232247076353932e-01
-5.656317566178421519e-01
-5.690708511019670901e-01
-5.658744660334396048e-01
-5.631170318435900768e-01
-5.608114167376987425e-01
-5.589431630017822616e-01
-5.574791843978077477e-01
-5.563749666538964078e-01
-5.555803033576718342e-01
-5.550436663394164860e-01
-5.547153592066131900e-01
-5.545496320101259702e-01
-5.447422795837046916e-01
-5.465675328326577986e-01
-5.422519477361007478e-01
-5.388867909850236781e-01
-5.363677769953989483e-01
-5.309399478016076923e-01
-5.304162847263136360e-01
-5.364963014224595206e-01
-5.380891041901105787e-01
-5.431304967388455029e-01
-5.375924443257482643e-01
-5.390910566143072291e-01
-5.343470803554917214e-01
-5.305015366418792677e-01
-5.274815589928916193e-01
-5.251939635209330604e-01
-5.235360505836739176e-01
-5.162906829602076364e-01
-5.105489856418636840e-01
-5.061661234174730239e-01
-5.029680858895211326e-01
-5.007693513426463294e-01
-4.993862551378278614e-01
-4.986464272693975630e-01
-4.983948367348634001e-01
-5.019317848852362651e-01
-5.051187228292761677e-01
-5.078887523563657691e-01
-5.066872283966146195e-01
-5.056937371485135113e-01
-4.985854616923475202e-01
-4.928000306661746155e-01
-4.882442267067867991e-01
-4.847870211203151314e-01
-4.822782911421523711e-01
-4.805628493996569883e-01
-4.794904183409813836e-01
-4.789222443995970746e-01
-4.787350320776644352e-01
-4.788228194403663096e-01
-4.790973363903474613e-01
-4.794873000679240604e-01
-4.799370165131293664e-01
-4.739899919610828238e-01
-4.691758166361410520e-01
-4.621705127330513196e-01
-4.599403912352466595e-01
-4.552777166514481166e-01
-4.518380612152987919e-01
-4.525552193147355240e-01
-4.503843792025223891e-01
-4.489236083560701474e-01
-4.480301016837933137e-01
-4.475758995536405216e-01
-4.410014647284239420e-01
-4.422963143758205096e-01
-4.371994065666873208e-01
-4.332499716897668662e-01
-4.303110994978878168e-01
-4.282336975086402653e-01
-4.298666839355924640e-01
-4.285160166275285842e-01
-4.306664024168629368e-01
-4.326650560672449242e-01
-4.344501945990573155e-01
-4.359896010170491998e-01
-4.372740260596925665e-01
-4.383110187478818087e-01
-4.359975849997006492e-01
-4.371672039372338503e-01
-4.381287684499344248e-01
-4.322038211810330655e-01
-4.242395112888426301e-01
-4.245591228180249921e-01
-4.184075144112153755e-01
-4.135936005886413636e-01
-4.099594649505642341e-01
-4.073342839983502550e-01
-4.055472172074567894e-01
-4.044361927173958371e-01
-4.010180677021544238e-01
-4.013503726799443339e-01
-4.019336551065779695e-01
-4.026618312940344335e-01
-4.034530971979668479e-01
-4.042468881311911399e-01
-4.116546674556968988e-01
-4.111288431572095448e-01
-4.105998504812580219e-01
-4.100964941837819122e-01
-4.096375734875132846e-01
-4.092338800984858249e-01
-4.088900270797850567e-01
-4.086060621679219462e-01
-4.083788426265482219e-01
-4.082031679360527132e-01
-4.080726810271377847e-01
-4.051118259650361431e-01
-4.027361001652063344e-01
-4.008865911320029785e-01
-4.022899650454931919e-01
-4.007631454466042964e-01
-4.023958275593360057e-01
-4.038361196266684328e-01
-4.050658259549719808e-01
-4.060830393056178433e-01
-4.068976028995261451e-01
-4.075271945447513922e-01
-4.079940848130219067e-01
-4.083225719670673382e-01
-4.085370539902879461e-01
-4.019555448308829160e-01
-4.032379263171921302e-01
-3.976542133039782101e-01
-3.903386253111034154e-01
-3.845793153977652423e-01
-3.801959655656632631e-01
-3.769920569349411998e-01
-3.747708557213389469e-01
-3.733458367859365801e-01
-3.699530272435900269e-01
-3.675434415388301179e-01
-3.593316550076295357e-01
-3.595771791641313442e-01
-3.536279430008888447e-01
-3.491233905212598465e-01
-3.458582595202390753e-01
-3.436266051187775172e-01
-3.422319286992399068e-01
-3.414939769921052637e-01
-3.412528566168648858e-01
-3.413710202596509369e-01
-3.350563919537485891e-01
-3.300866710656091829e-01
-3.263222746436325039e-01
-3.236010621334903803e-01
-3.217536234939826212e-01
-3.206145883648385819e-01
-3.132317181758741409e-01
-3.074830428741128774e-01
-3.010532017528684268e-01
-2.963114000397728542e-01
-2.929812652471392997e-01
-2.840210254651647226e-01
-2.772103397396463720e-01
-2.722504912060417226e-01
-2.688375717023210321e-01
-2.666798072135101449e-01
-2.655088613761840133e-01
-2.650864859946491237e-01
-2.583745864877027287e-01
-2.532650397124120989e-01
-2.495458076154621896e-01
-2.469947905499074725e-01
-2.453945821248679771e-01
-2.445426652452895588e-01
-2.442577939963939126e-01
-2.443833193027022954e-01
-2.430728427236814593e-01
-2.439594022074902391e-01
-2.380207429676357567e-01
-2.316790203646530433e-01
-2.284009724812006148e-01
-2.244768675269477320e-01
-2.232125513865119704e-01
-2.209952160660622056e-01
-2.126526344614612096e-01
-2.061823361270807009e-01
-2.013503931107321065e-01
-1.910078271381574488e-01
-1.830608707922172229e-01
-1.772020739825292956e-01
-1.731072903173829225e-01
-1.704577647794014439e-01
-1.619920352908335026e-01
-1.545719716275197886e-01
-1.502893117831500813e-01
-1.474896734638619922e-01
-1.458755354634238000e-01
-1.451758257882420633e-01
-1.451522658802308907e-01
-1.456022222039241587e-01
-1.463588615655864178e-01
-1.472893504913379559e-01
-1.482917532121088566e-01
-1.492911780607288907e-01
-1.502356098731565393e-01
-1.510917565140743601e-01
-1.518411385220956866e-01
-1.454539282674753853e-01
-1.402294721778394315e-01
-1.360927004751926184e-01
-1.329333113823596424e-01
-1.306223480797015224e-01
-1.290247898901761836e-01
-1.280086492957563937e-01
-1.283625758905060366e-01
-1.289055501539428938e-01
-1.295537367823129671e-01
-1.230255694386059862e-01
-1.177662429951400469e-01
-1.136813075023641595e-01
-1.114543910735041887e-01
-1.025574791477670278e-01
-9.552941772837519885e-02
-9.020582310896063660e-02
-8.637292123363105034e-02
-7.626815382843465940e-02
-6.853793149024434150e-02
-6.288670091719383848e-02
-5.899086335875880494e-02
-4.897117983013421494e-02
-4.146451825340102815e-02
-3.610817622200812593e-02
-3.253265997895860018e-02
-3.038506733387191794e-02
-2.934376381995673633e-02
-2.158501844760896127e-02
-1.579474512353762350e-02
-4.140826756149351695e-03
4.748021564033200193e-03
1.877674651170724296e-02
2.941355899368325311e-02
3.712971416087529342e-02
4.240795931100937999e-02
4.571251689774946669e-02
5.498114568829737259e-02
6.170145002514737520e-02
7.378978483342524264e-02
8.277534135618336286e-02
8.913163134408086385e-02
9.332597132294040421e-02
9.651888525538709906e-02
9.753410648103288949e-02
9.830528474348088075e-02
1.058415770706930825e-01
1.106159468387277744e-01
1.147139496117313140e-01
1.250361561037260927e-01
1.243511776043970674e-01
1.315742291539176989e-01
1.369184620215666559e-01
1.406647247444168247e-01
1.430952735307575718e-01
1.444780237942315804e-01
1.450562730704703096e-01
1.526144873600099316e-01
1.583665516742258639e-01
1.625590099790870102e-01
1.654461247247063227e-01
1.672736242692134390e-01
1.757785331259458239e-01
1.822582068258775667e-01
1.869920815699552819e-01
1.902655005094615603e-01
1.923527291880147150e-01
1.935060429863626474e-01
2.013783288702499785e-01
2.073569919446018872e-01
2.117083116549158817e-01
2.147017268126147904e-01
2.149854831840616320e-01
2.219634766585252272e-01
2.271639709335304680e-01
2.308787146785817868e-01
2.404967134034921017e-01
2.477965137811595220e-01
2.531233864847861614e-01
2.638183627554329114e-01
2.718689292546958569e-01
2.776760818047501189e-01
2.816290659502693750e-01
2.840904402019197583e-01
2.922872961402258607e-01
2.914472597090851380e-01
2.900593027660589573e-01
2.883611498677045581e-01
2.865351202466939196e-01
2.847154433660250561e-01
2.829957185459741620e-01
2.834592112595064606e-01
2.837525002923002582e-01
2.839095408099678863e-01
2.910469487049347492e-01
2.968268719134581346e-01
3.013484278013052187e-01
3.117882014897441767e-01
3.199440200422771774e-01
3.260831615974579822e-01
3.304993485068719039e-01
3.334876890687421547e-01
3.353280106417884099e-01
3.456361199590103350e-01
3.536153219947741899e-01
3.595377699401496319e-01
3.610898884473479065e-01
3.616565286301909321e-01
3.615156802186674234e-01
3.540708140119332992e-01
3.475703423227300970e-01
3.489233241794547080e-01
3.500042766018596208e-01
3.508401465481922887e-01
3.514622790747630177e-01
3.519034534471572329e-01
3.521957802240716084e-01
3.523692810235732331e-01
3.592270573062037453e-01
3.580044870952108216e-01
3.568169664971643229e-01
3.557161538214783647e-01
3.547336268007066362e-01
3.564113179418637589e-01
3.552335796562609005e-01
3.567656515341437462e-01
3.580153957814797838e-01
3.589993815961740609e-01
3.597437427212235583e-01
3.602800195628230728e-01
3.606418069298222839e-01
3.608622291820811068e-01
3.609721861865775594e-01
3.609992638047991864e-01
3.609671799111107138e-01
3.678406641639235808e-01
3.733885635557687710e-01
3.777258036431800914e-01
3.809961736194436011e-01
3.833552719531596598e-01
3.849584817250439883e-01
3.859528888027135007e-01
3.864722244309573007e-01
3.798128167501924057e-01
3.741175849693607613e-01
3.693973202762328434e-01
3.586770114196458081e-01
3.500217051856471251e-01
3.407825690533023977e-01
3.362147318427539666e-01
3.306392333180498966e-01
3.267049355221229856e-01
3.241085484866195188e-01
3.225717029015813253e-01
3.218477592204209703e-01
3.217245217126296630e-01
3.220242553373351413e-01
3.226019736967951079e-01
3.233426684458864386e-01
3.241579487437358242e-01
3.249824224565427411e-01
3.257700556448774876e-01
3.264906778080869376e-01
3.271267477897972231e-01
3.276704536859877948e-01
3.281211866485176376e-01
3.353803596404494325e-01
3.412743334159100694e-01
3.459118801942215882e-01
3.494342925815403511e-01
3.519977512625969140e-01
3.537605705060689054e-01
3.548743641676412874e-01
3.486717965852319523e-01
3.433038927668854434e-01
3.388029286137852480e-01
3.351459150819107169e-01
3.322720341236875541e-01
3.231670334224312491e-01
3.228587345536779729e-01
3.160077598474613225e-01
3.176838344756089949e-01
3.194504147252705817e-01
3.211860754783026906e-01
3.228082225103028335e-01
3.242655855787961450e-01
3.185807360174734981e-01
3.139520995192621733e-01
3.103067473096408069e-01
3.005092306852390482e-01
2.927195772682478214e-01
2.867514611815575876e-01
2.823756567385600214e-01
2.773128023776818551e-01
2.737662723707223744e-01
2.714473658652327703e-01
2.700944923644594819e-01
2.764621489094933882e-01
2.751015768319928778e-01
2.742119056460587956e-01
2.736954352257325862e-01
2.734652758366542535e-01
2.734463266863875752e-01
2.735754239583645386e-01
2.738008944306009607e-01
2.740817018942982575e-01
2.724402707593147621e-01
2.642734888030062734e-01
2.577180718801832526e-01
2.526188221704519510e-01
2.487937304170231290e-01
2.460516032100978912e-01
2.442044537232017642e-01
2.430758473781235995e-01
2.425061415430462830e-01
2.423553572881433915e-01
2.425042689417811204e-01
2.428541832312942628e-01
2.433257924857854526e-01
2.438574161430917542e-01
2.374841962740878998e-01
2.323377692610590906e-01
2.283212119495665604e-01
2.253066895864901387e-01
2.231514501892777336e-01
2.131872711648044039e-01
2.123681013142477703e-01
2.052560032490933217e-01
1.998716265558682093e-01
1.890501881423556352e-01
1.807154417381728884e-01
1.745470391010697231e-01
1.702095749649896739e-01
1.673744249008719542e-01
1.587715640389188998e-01
1.523435895169023002e-01
1.467389274899577600e-01
1.429087998890414823e-01
1.404980923243561719e-01
1.391905972235236710e-01
1.387127330310911066e-01
1.388336978741440131e-01
1.325079264825475001e-01
1.276897550418369942e-01
1.241732947270832721e-01
1.217479353479302695e-01
1.202102927279908862e-01
1.193723055696913615e-01
1.190662196106115900e-01
1.191471137647330814e-01
1.125890391256667566e-01
1.074486057773678116e-01
1.104932707906585154e-01
1.133605217464037640e-01
1.159526922620446321e-01
1.112990694100122191e-01
1.006230247937620614e-01
9.203291443344174816e-02
7.838941029608803568e-02
6.816723114607037282e-02
6.038303331964511855e-02
4.762489578518036559e-02
3.792990116717942506e-02
3.091389498374419453e-02
2.615629883644188247e-02
1.603836667133662353e-02
1.587121556905923825e-02
9.566332805723831711e-03
-2.125624733620989915e-03
-1.808263861534165073e-02
-3.016382979071918768e-02
-3.891287006544152938e-02
-4.488765440313291499e-02
-4.862296908667773643e-02
-5.060778716857128323e-02
-5.843896547621874049e-02
-6.354109265175100774e-02
-6.681344556563661996e-02
-6.866475033675434325e-02
-6.944521449941043478e-02
-7.641833990393420706e-02
-8.155210506036447704e-02
-9.207986621457031617e-02
-1.000683278554017619e-01
-1.058818224696993493e-01
-1.167751922958293331e-01
-1.257974340521919032e-01
-1.324141604904758296e-01
-1.439566037321122760e-01
-1.525695524247034918e-01
-1.586701006828903360e-01
-1.626867324849510243e-01
-1.650322159577251036e-01
-1.660854795957598107e-01
-1.731765113304941650e-01
-1.783076620266614842e-01
-1.818045733447317680e-01
-1.839806776731014448e-01
-1.851237962992726693e-01
-1.854885052843966431e-01
-1.852927666443733301e-01
-1.847176032920210265e-01
-1.908464513464624979e-01
-1.955733300041890832e-01
-1.990785362231382027e-01
-2.015511991156373472e-01
-2.046052972016807470e-01
-2.137060873397398364e-01
-2.138462808871874898e-01
-2.134521963794475674e-01
-2.197161578814215144e-01
-2.245003333314588012e-01
-2.279963341777249131e-01
-2.304079432801355853e-01
-2.319358693112518743e-01
-2.327674505338963584e-01
-2.330703729093941412e-01
-2.329894948698973955e-01
-2.326459660843633870e-01
-2.391050862302424029e-01
-2.441831544958397160e-01
-2.480360886069856718e-01
-2.526183362952827416e-01
-2.542228397957235764e-01
-2.569500059285132476e-01
-2.569964021654722597e-01
-2.566780055850490516e-01
-2.630290009802729312e-01
-2.679475625114740023e-01
-2.716187179778419836e-01
-2.742349626283087094e-01
-2.759838018416842509e-01
-2.770397018746486584e-01
-2.775593006032397447e-01
-2.776790026781146281e-01
-2.775142950656541707e-01
-2.771602765022156412e-01
-2.834751244171382911e-01
-2.884801316328158283e-01
-2.923139575530224743e-01
-2.951337287685755761e-01
-2.971011832887153759e-01
-2.983729428884021040e-01
-2.990940600655547232e-01
-2.993941184327024718e-01
-2.993852855116840850e-01
-2.991618202436219232e-01
-2.988006252035404486e-01
-2.983625084764369717e-01
-2.978938851973393920e-01
-3.041340875678886224e-01
-3.024732792572772944e-01
-3.009359318298154840e-01
-2.995655984294218754e-01
-2.983839012892175457e-01
-2.973959938414572068e-01
-2.965952512822320752e-01
-2.959671746591696628e-01
-2.954925372902743597e-01
-2.951498332561028892e-01
-2.949171070717548915e-01
-2.947732532829638874e-01
-2.946988767270004583e-01
-3.013935771898148541e-01
-3.068766961925311065e-01
-3.133881768708393079e-01
-3.163500685767031140e-01
-3.139460087823509049e-01
-3.116349659733426147e-01
-3.095118561102359056e-01
-3.054765337400802139e-01
-3.021404391361981467e-01
-3.062212646561299767e-01
-3.096249106468111911e-01
-3.056876637136107799e-01
-3.024015946203408856e-01
-2.997403404124574511e-01
-3.043542335864188875e-01
-3.082348047361573862e-01
-3.114038897803050876e-01
-3.139135640577181974e-01
-3.158340674933417525e-01
-3.172446321420407944e-01
-3.182267131323368581e-01
-3.254637283383741142e-01
-3.246138288704267794e-01
-3.302204657403788879e-01
-3.368654412728935288e-01
-3.397127833429545163e-01
-3.373852489918405251e-01
-3.350758532870374840e-01
-3.395887604128207116e-01
-3.431185523913049540e-01
-3.457719377130956673e-01
-3.476713489432159410e-01
-3.489433221655475759e-01
-3.497101424724926577e-01
-3.500842992153057054e-01
-3.501652289417698238e-01
-3.500378274863178429e-01
-3.497722592640934991e-01
-3.494246603882922297e-01
-3.514809054816179223e-01
-3.506363620854586749e-01
-3.522980597599196795e-01
-3.535969266909912978e-01
-3.545710009387506023e-01
-3.552647729413760391e-01
-3.557248723722266082e-01
-3.559968177745671536e-01
-3.536065489225568292e-01
-3.540808239808426183e-01
-3.544494647308622515e-01
-3.547247754455395974e-01
-3.549203433254319862e-01
-3.550499196671597080e-01
-3.551266251069031821e-01
-3.551624290731807410e-01
-3.619504038604137719e-01
-3.674501521109783120e-01
-3.650368991051238243e-01
-3.695558991513956393e-01
-3.730831150276174846e-01
-3.757370585104620186e-01
-3.776455676921584015e-01
-3.789362082375240526e-01
-3.797297370493111224e-01
-3.801359593843312012e-01
-3.868949523321392192e-01
-3.855898186036521569e-01
-3.869287210272445154e-01
-3.878175173464750713e-01
-3.855995138041341530e-01
-3.863251539556815661e-01
-3.868105047993761758e-01
-3.871007734310187853e-01
-3.872384857711017592e-01
-3.872618974921671064e-01
-3.872040948661994442e-01
-3.870926622760448854e-01
-3.937539697978089670e-01
-3.923556319507723877e-01
-3.910381208224682492e-01
-3.898468498737088783e-01
-3.888066920836537044e-01
-3.879268841515886024e-01
-3.939947253033186936e-01
-3.921831533310360385e-01
-3.905877171920664193e-01
-3.892270281466179149e-01
-3.948773504901674780e-01
-3.927420909465184629e-01
-3.976487316320338472e-01
-4.082975278033533773e-01
-4.138763967682004274e-01
-4.180233117690721478e-01
-4.209809281569987238e-01
-4.229730581189399263e-01
-4.241998937051589813e-01
-4.248362505280944834e-01
-4.250315912020123932e-01
-4.249111008411530221e-01
-4.274825994902986537e-01
-4.294155690348917531e-01
-4.307962076543079277e-01
-4.381915247145391490e-01
-4.440323484713057933e-01
-4.484791642935068712e-01
-4.517185875975582299e-01
-4.539452118946727399e-01
-4.553485921495044053e-01
-4.561045229895106523e-01
-4.563697676068094733e-01
-4.562794544279438202e-01
-4.559464526134353601e-01
-4.618511929109223590e-01
-4.601227060634449639e-01
-4.584462619940308237e-01
-4.632671268391299613e-01
-4.670732067536620402e-01
-4.699768953815404160e-01
-4.721030163014507952e-01
-4.735783908978021817e-01
-4.745246780159730893e-01
-4.782982118861784926e-01
-4.811922825017307392e-01
-4.896295257396239275e-01
-4.962504465577024515e-01
-5.012533955983780043e-01
-5.048636358456344286e-01
-5.073126584599774169e-01
-5.088235974109791560e-01
-5.096016661181292928e-01
-5.098285679531389114e-01
-5.158650944735070354e-01
-5.204694116488151057e-01
-5.238424031360928712e-01
-5.261869131346228468e-01
-5.312666672832706549e-01
-5.350712450344550231e-01
-5.280093321562611131e-01
-5.218003245260307565e-01
-5.226942120999480412e-01
-5.172198532508958113e-01
-5.126872324830349381e-01
-5.090508837301734868e-01
-5.062316337979853031e-01
-5.041309529729212091e-01
-5.026420460750191666e-01
-5.016580466580851105e-01
-5.045243628043529771e-01
-5.071017211504695865e-01
-5.093384067832507078e-01
-5.112159389987578351e-01
-5.190626532408841864e-01
-5.254004779955303572e-01
-5.303526023599804962e-01
-5.340798240912487671e-01
-5.367594747001793731e-01
-5.385703331965003837e-01
-5.458386034180706670e-01
-5.513918147613701137e-01
-5.592533105082555522e-01
-5.652422717387803885e-01
-5.756488635282421829e-01
-5.835430133799264230e-01
-5.892783711334388386e-01
-5.932137678922627666e-01
-5.956923533875843058e-01
-5.970284012397978346e-01
-6.015437391978125659e-01
-6.047265822442190464e-01
-6.068010404563056737e-01
-6.079850867195566444e-01
-6.144359626145240449e-01
-6.192695022348779776e-01
-6.168249659238113081e-01
-6.244776086452337172e-01
-6.304074473511820376e-01
-6.304919120437426638e-01
-6.343589125941797580e-01
-6.371108248253192219e-01
-6.389356083618602522e-01
-6.458759746836032489e-01
-6.497387041622852966e-01
-6.524709152361126696e-01
-6.497547686837487069e-01
-6.529662531280128190e-01
-6.552558735785327659e-01
-6.567909647308158849e-01
-6.577258625163684425e-01
-6.581977548936619460e-01
-6.583249893113828355e-01
-6.582069730518832484e-01
-6.623652932644515934e-01
-6.656422400693224883e-01
-6.681264158565147770e-01
-6.756475276659666962e-01
-6.815169005573018524e-01
-6.915397941113987645e-01
-6.992174989251265238e-01
-7.095621234830403745e-01
-7.174197277753582291e-01
-7.231273529408882572e-01
-7.324256574828049704e-01
-7.392234222581193226e-01
-7.439380577250613857e-01
-7.469654200082062045e-01
-7.486659354100909658e-01
-7.493572984067765619e-01
-7.545202877316706802e-01
-7.581864022394162461e-01
-7.606316986215131415e-01
-7.621077534062375980e-01
-7.628369370144315598e-01
-7.729502549755615792e-01
-7.808445694827590433e-01
-7.867844477274791304e-01
-7.910543510306690118e-01
-7.939383194180618109e-01
-7.957058466784191486e-01
-8.016572053610284687e-01
-8.109649475970180932e-01
-8.180288642317062875e-01
-8.231597504188419290e-01
-8.266760541749574864e-01
-8.288842995235413680e-01
-8.400211183537420467e-01
-8.485499817934863964e-01
-8.548165592552132708e-01
-8.591804533563333068e-01
-8.665452832161011365e-01
-8.717969010740882485e-01
-8.753209551361894603e-01
-8.774706593575340996e-01
-8.839010019321932310e-01
-8.832133428993480528e-01
-8.820314653878104094e-01
-8.805688945004074286e-01
-8.843274942603356337e-01
-8.871290382639281935e-01
-8.837185876731290524e-01
-8.859892561192050930e-01
-8.876586795785418316e-01
-8.789660616685744943e-01
-8.770135034993800094e-01
-8.699899891053480827e-01
-8.642952664281207120e-01
-8.652075657910568429e-01
-8.708273314828415268e-01
-8.710596918816784218e-01
-8.713067874689837122e-01
-8.715510727876029096e-01
-8.717803523463618642e-01
-8.719868905142789117e-01
-8.667046795678943205e-01
-8.624267024440488427e-01
-8.590685831201521072e-01
-8.565231141246576474e-01
-8.546735660583861804e-01
-8.534029790850896635e-01
-8.526003629145524343e-01
-8.521645638189528915e-01
-8.520063991232024181e-01
-8.520495269513522762e-01
-8.475806321055527892e-01
-8.440141191440205803e-01
-8.412715852384015092e-01
-8.339667055184359912e-01
-8.282741599071193894e-01
-8.240010029313299400e-01
-8.209378481494877811e-01
-8.188756039770724859e-01
-8.176166649441974910e-01
-8.169818352546680540e-01
-8.168140535997582274e-01
-8.169797832407456051e-01
-8.122549123946639638e-01
-8.086329074344578149e-01
-8.110067822467555976e-01
-8.081846259017692047e-01
-8.060855847657576456e-01
-8.045961713258897863e-01
-7.987703719196715957e-01
-7.990682546297422917e-01
-7.947459498008740963e-01
-7.914336705876164890e-01
-7.890050225688080010e-01
-7.823657127247881649e-01
-7.772781338790596406e-01
