4.188069336433914991e-01
4.213226937513472325e-01
4.228621855569800747e-01
4.236416133708083009e-01
4.238513392158378412e-01
4.302882134277485893e-01
4.286076584217182184e-01
4.268434580554809621e-01
4.251136913330413325e-01
4.301242094187989196e-01
4.340705195552341245e-01
4.370727094114323918e-01
4.392631185443400810e-01
4.438776858395561131e-01
4.442734216141139836e-01
4.474089310810343001e-01
4.497176197449552770e-01
4.579143137865560043e-01
4.643179585884504856e-01
4.691327735811985367e-01
4.790837791769451126e-01
4.866661214431180493e-01
4.922127254327255397e-01
4.995290889355927799e-01
5.048854149529429236e-01
5.085807313405439345e-01
5.173064071652142548e-01
5.300786303364382057e-01
5.397023957890105805e-01
5.504372163766262371e-01
5.583400330749164198e-01
5.638418041763979538e-01
5.673720801973640704e-01
5.693366483575050818e-01
5.762629778550107940e-01
5.811584525169872784e-01
5.843913536690658050e-01
5.903515500033196250e-01
5.965430779731188959e-01
6.049884973620303086e-01
6.112149982899240941e-01
6.095939313620081235e-01
6.093259046019442460e-01
6.025717515612429853e-01
5.965877462765801775e-01
5.955234993754658923e-01
5.904798840006550975e-01
5.863247363055392736e-01
5.769100856867904747e-01
5.693201740468463168e-01
5.611042115050086654e-01
5.507602362395118689e-01
5.427930688191415776e-01
5.369208926607964560e-01
5.328297999520477113e-01
5.237283563829393529e-01
5.169238054457152565e-01
5.084252784886933441e-01
5.023075365197051667e-01
4.981561597789772033e-01
4.955810031722134301e-01
4.942303447618450196e-01
4.937976577591451921e-01
4.940234783581427536e-01
4.946941135449527405e-01
4.891306508782267137e-01
4.848753941954180302e-01
4.883240212866568619e-01
4.849911670511064532e-01
4.825163868593216332e-01
4.807729657734209905e-01
4.796332397369604816e-01
4.789756639084512546e-01
4.752719043727251513e-01
4.724982735593405980e-01
4.705095494027702330e-01
4.691653816820982037e-01
4.683361567974086981e-01
4.679062138130525295e-01
4.677752578239435799e-01
4.613325333231161895e-01
4.562015379901895873e-01
4.522583155520742970e-01
4.427074082938642352e-01
4.418887160917854828e-01
4.350149526600901595e-01
4.297920866701863130e-01
4.229479064715131464e-01
4.179244366390486576e-01
4.144211685965466518e-01
4.121512432803620118e-01
4.108527269562409767e-01
4.102945161582352007e-01
4.102785803948580945e-01
4.106397631429685724e-01
4.112440031354047676e-01
4.119855855778613574e-01
4.060921391560949889e-01
4.013944015218733341e-01
3.977820474770992210e-01
4.018845186703325911e-01
4.055522264782966957e-01
4.019929311179653020e-01
3.991469475565860847e-01
3.969502228228742879e-01
3.885086061621207953e-01
3.817543120353421582e-01
3.738329937852913343e-01
3.678341147681372103e-01
3.566189905670431592e-01
3.480137016391116056e-01
3.416759022535309498e-01
3.372481277705363656e-01
3.274458770739805402e-01
3.201191670242811149e-01
3.126454866286560996e-01
3.074044560924318326e-01
3.039733763909928665e-01
2.950460544077568859e-01
2.884745940321844504e-01
2.838848271744585094e-01
2.809141520037941042e-01
2.722429322780974825e-01
2.658039122928275155e-01
2.612659438006359469e-01
2.582967375193272463e-01
2.477040631652331903e-01
2.397635202252588194e-01
2.340702824433904539e-01
2.302279448549560126e-01
2.278671554102997820e-01
2.266562700604100034e-01
2.263064681817714696e-01
2.265730713040983169e-01
2.202490937609833388e-01
2.154451580305070113e-01
2.119554565797738821e-01
2.095672277991520449e-01
2.009988675179994466e-01
1.944017587178032969e-01
1.895332497619637291e-01
1.789849306393278550e-01
1.709188199950064657e-01
1.650185720656813793e-01
1.597840253641835684e-01
1.562984677068475214e-01
1.553072896499791966e-01
1.551663124205555633e-01
1.484434291600764677e-01
1.434008846342771371e-01
1.398038632383775681e-01
1.374100162575948580e-01
1.359848074763609915e-01
1.280394634192614234e-01
1.219679468947545420e-01
1.175288931639733025e-01
1.144653904151640145e-01
1.125239803076905076e-01
1.114676347255576516e-01
1.110837885589455176e-01
1.038670155272898299e-01
9.831791497142750025e-02
9.422561887561764493e-02
9.136524526422729053e-02
8.951441411923299896e-02
8.111480145697846922e-02
6.730104044449602974e-02
5.652255161965835661e-02
4.843304217099997366e-02
3.499788474116294346e-02
2.500022932443068946e-02
1.061794789163328367e-02
-3.783041515781349062e-05
-7.569416430298181453e-03
-1.975912531668044814e-02
-2.858880605794666963e-02
-3.462981318071189918e-02
-3.842043289108176829e-02
-4.763071845707944618e-02
-5.419445550950863222e-02
-5.857362496382689798e-02
-6.120266713697963823e-02
-6.964975281828023057e-02
-7.577255450797348857e-02
-7.995574641357583445e-02
-8.256857877197565365e-02
-8.395034688480218499e-02
-8.440187674646759675e-02
-8.418156568046031296e-02
-8.410945481682152725e-02
-8.363850233829905889e-02
-8.290954022049046301e-02
-8.203701606529145707e-02
-8.051654376144301573e-02
-7.971333129876456702e-02
-7.895824469782075639e-02
-7.770419046875298719e-02
-7.721828274857789332e-02
-7.625650785984539048e-02
-7.548669522571604951e-02
-8.271308377710728799e-02
-8.869130109916301130e-02
-9.347930956035943595e-02
-1.044857398595941955e-01
-1.123814410962273858e-01
-1.182906332042428232e-01
-1.306243448996813328e-01
-1.401618539435205424e-01
-1.472431163129970244e-01
-1.594371609031826065e-01
-1.613939649321076697e-01
-1.692616432622460199e-01
-1.748775787339640342e-01
-1.786303477629840319e-01
-1.880500147653867415e-01
-1.949829125963014054e-01
-2.069344385249272111e-01
-2.087637740943146802e-01
-2.164157200617304877e-01
-2.218521653892733259e-01
-2.254671302239685815e-01
-2.276283049310638962e-01
-2.356795057517215852e-01
-2.415921840990413738e-01
-2.457129718952131281e-01
-2.483747999878971324e-01
-2.516699776184196935e-01
-2.537842159049124025e-01
-2.549517977125568269e-01
-2.553896481140915942e-01
-2.623802694032875138e-01
-2.677102619066500377e-01
-2.715978499881797070e-01
-2.742734907587607296e-01
-2.830004806626655878e-01
-2.896361155507478635e-01
-2.944719250404987942e-01
-2.978052314731232109e-01
-2.999210328955179694e-01
-3.010806183341332432e-01
-3.015151844066812359e-01
-3.083364167118203270e-01
-3.066203479389926212e-01
-3.116564606352574263e-01
-3.085443492960757705e-01
-3.124979692402796161e-01
-3.154675681149983202e-01
-3.107369212347126375e-01
-3.134363205592558543e-01
-3.086175234684160884e-01
-3.113742383695174976e-01
-3.066963979023968889e-01
-3.027648248594847491e-01
-2.995619122760329045e-01
-2.921811197187365039e-01
-2.911404933106256365e-01
-2.856224330294949709e-01
-2.829004148192402202e-01
-3.781603215105573401e-01
-4.513908508519035578e-01
-4.464542477815434118e-01
-4.297615251010509230e-01
-4.429283420683229888e-01
-4.429337147032044175e-01
-4.430587320711865118e-01
-4.517776198943397326e-01
-4.497850049613780765e-01
-4.443866221103314196e-01
-4.512892990594217224e-01
-4.564978276450248895e-01
-4.637482836049384716e-01
-4.628011165487257994e-01
-4.617677663532011589e-01
-4.672394875229490818e-01
-4.715351124317472831e-01
-4.747942241251328355e-01
-4.771602591243000457e-01
-4.787779144915005336e-01
-4.831745156755966608e-01
-4.865156460503536895e-01
-4.889319871290573882e-01
-4.905671381921647978e-01
-4.915657462794762456e-01
-4.986209931150034080e-01
-5.040761012636796323e-01
-5.081315377631006047e-01
-5.110018417079031927e-01
-5.128988369213403065e-01
-5.204206794535100045e-01
-5.261258644110249350e-01
-5.302803934296349553e-01
-5.331475111435475256e-01
-5.349748090107655507e-01
-5.397169249616058373e-01
-5.431926458760274468e-01
-5.455934845047041293e-01
-5.471114250760895636e-01
-5.542237178969056099e-01
-5.635662851116707284e-01
-5.707934921300983344e-01
-5.761472064940308391e-01
-5.798998219119335662e-01
-5.823301410291618074e-01
-5.899347998925423830e-01
-5.955545693911302729e-01
-6.056095237403829046e-01
-6.131040048850220359e-01
-6.184486273561231595e-01
-6.263134551876603506e-01
-6.217716254383736096e-01
-6.172838498926496165e-01
-6.130688488006283965e-01
-6.135040269972340532e-01
-6.075420512282343477e-01
-6.085873084930488730e-01
-6.094240742858575421e-01
-6.057746111266024691e-01
-6.070263930083705795e-01
-6.080881936963222767e-01
-6.089604950316107601e-01
-6.158119818338464446e-01
-6.213372186129494379e-01
-6.256532178899825158e-01
-6.289052168851222424e-01
-6.312495899383733233e-01
-6.268239983860993680e-01
-6.289238234126495186e-01
-6.244333678699315326e-01
-6.205621164042710580e-01
-6.173290722816090481e-01
-6.147138775924997356e-01
-6.126693665111687670e-01
-6.068361934032721061e-01
-6.022710374959263646e-01
-5.988191600357534172e-01
-5.963159062995210258e-01
-5.945987988712000405e-01
-5.935152978439327542e-01
-5.929274326769892189e-01
-5.927141998898068920e-01
-5.927723813105031381e-01
-5.930162629347850434e-01
-5.933766104320785661e-01
-5.937991693892159528e-01
-5.942428945579144584e-01
-5.946780640715254584e-01
-5.950843962471481507e-01
-5.954492549370806742e-01
-5.957660027505891076e-01
-5.960325390699101611e-01
-5.962500413214023576e-01
-5.923032074518327361e-01
-5.931825518623892179e-01
-5.878612835362407862e-01
-5.835144669033569542e-01
-5.800838456577844804e-01
-5.774794900990337654e-01
-5.755935610687731296e-01
-5.702699874855949869e-01
-5.662152250985166280e-01
-5.632490508270395768e-01
-5.611899724548263801e-01
-5.598656150044323265e-01
-5.630337441444068780e-01
-5.659497565212461279e-01
-5.685353385937736981e-01
-5.707523130589751137e-01
-5.662913945204244293e-01
-5.625775263269070514e-01
-5.595889594065897032e-01
-5.532864949574758384e-01
-5.483518313170501202e-01
-5.446244182205317585e-01
-5.419285547604408837e-01
-5.400882777352542519e-01
-5.389370973800482467e-01
-5.383238949962554365e-01
-5.317177264207555432e-01
-5.265460180568017901e-01
-5.226520519353492489e-01
-5.198583371058733693e-01
-5.179819965922281000e-01
-5.168460892642579019e-01
-5.162873435336639005e-01
-5.161608752438227032e-01
-5.097752542609084170e-01
-5.011210594139203778e-01
-4.944270890061044366e-01
-4.894416366231280069e-01
-4.859003858514987506e-01
-4.835449982762001220e-01
-4.821350086303524130e-01
-4.814547917484537365e-01
-4.813169727864889946e-01
-4.815633208560818890e-01
-4.820639085152054193e-01
-4.827151262616422578e-01
-4.834369970960152862e-01
-4.841701271684091257e-01
-4.848725437152474615e-01
-4.855166037055946848e-01
-4.860861014306272487e-01
-4.865736581485262668e-01
-4.869784403850876409e-01
-4.807066648585356372e-01
-4.755353870179976905e-01
-4.714102379458413594e-01
-4.682371232428583774e-01
-4.658988668085104479e-01
-4.642684279554187832e-01
-4.632188315483396490e-01
-4.457669871925273863e-01
-4.417941214893095214e-01
-4.160215202621173614e-01
-3.931262705591007656e-01
-3.759422958032945239e-01
-3.542593973018475229e-01
-3.293787858699186444e-01
-3.111204441368755624e-01
-2.916391252862098327e-01
-2.776715345156450798e-01
-2.633577408363645400e-01
-2.533507391264173680e-01
-2.468935545980568413e-01
-2.432750295788146389e-01
-2.401724276205281505e-01
-2.406635589577164058e-01
-2.337577285708403174e-01
-2.290934921579206307e-01
-2.262322794209896681e-01
-2.263498046523713114e-01
-2.272434153214821784e-01
-2.286393772719874651e-01
-2.233327974762744361e-01
-2.193665304589762499e-01
-2.165564764106362450e-01
-2.147090755376610538e-01
-2.050654782544394372e-01
-1.976511277534303002e-01
-1.921687240499241334e-01
-1.812920731620808468e-01
-1.730332611205580573e-01
-1.599892164174674392e-01
-1.501008752833572490e-01
-1.429313840237160793e-01
-1.309552503098232457e-01
-1.220960357707048249e-01
-1.158795640611087752e-01
-1.118345813517753751e-01
-1.095173030536116254e-01
-1.013967580539971713e-01
-9.554543258624281776e-02
-9.158734524080758277e-02
-8.199627259279251845e-02
-7.489785401394577491e-02
-6.991500703282516049e-02
-5.947935270581661271e-02
-5.173332855947299080e-02
-3.906388719098474738e-02
-2.958773250249557840e-02
-1.561855627322650264e-02
-5.224734067757808020e-03
9.352323853099475670e-03
2.732068964162581715e-02
4.072626800257528323e-02
5.024895611723412259e-02
6.376821344855732043e-02
7.287487635045586387e-02
7.935537156110639145e-02
8.328859495200968688e-02
9.238116312913691175e-02
9.868532792386996988e-02
1.027157066209904990e-01
1.112851180540113116e-01
1.180792532231698111e-01
1.226752552638810112e-01
1.254961796299958188e-01
1.340152657625834909e-01
1.401954136117093963e-01
1.444217752582066527e-01
1.470651741987487604e-01
1.484669660807851344e-01
1.559911891169269982e-01
1.626928598822054983e-01
1.675778648720283037e-01
1.780593813898845301e-01
1.859942620075591968e-01
1.917213464434903702e-01
1.955987139702501931e-01
2.065997474036980197e-01
2.133836571279925653e-01
2.268028022986681158e-01
2.352689855513838690e-01
2.481979143383583608e-01
2.576731211537794941e-01
2.661686154691702555e-01
2.701203707870905024e-01
2.742008911571540697e-01
2.746130102744066548e-01
2.740641762616065069e-01
2.728814880992600500e-01
2.713227169899719016e-01
2.695850889113948767e-01
2.697172653140071930e-01
2.625863353015807089e-01
2.564649090079662574e-01
2.495742967840730575e-01
2.440770746331570873e-01
2.398368299954944938e-01
2.383977076947880747e-01
2.375566389413468205e-01
2.371819046336753889e-01
2.371551663346911365e-01
2.302017394333431000e-01
2.246858079561890875e-01
2.204738814059323815e-01
2.174005885334915344e-01
2.168861781830055957e-01
2.242055882714519832e-01
2.305777350852229457e-01
2.432797643789090802e-01
2.536278714758575248e-01
2.617784345034499527e-01
2.752180135884707557e-01
2.855836515975029855e-01
2.932713397168713598e-01
2.986989239514010741e-01
3.093817256853150788e-01
3.172452813187363052e-01
3.297543769896122967e-01
3.390005332810397398e-01
3.480185931995321003e-01
3.613608922511493127e-01
3.712558694925514047e-01
3.850898802532631837e-01
3.952190385959426511e-01
4.090064212138888600e-01
4.189753044954451777e-01
4.324189109156120203e-01
4.420393921426624129e-01
4.485311334239960868e-01
4.557015847482519533e-01
4.604076507965688680e-01
4.631343651849659793e-01
4.643266721020014032e-01
4.643787334368614239e-01
4.735390383989852570e-01
4.804327680482571861e-01
4.919221280728820478e-01
5.005422247410287184e-01
5.131603548271219672e-01
5.325633352545326993e-01
5.473805555518889143e-01
5.582289161244613496e-01
5.657492846852933965e-01
5.705623054948043560e-01
5.732408314808022931e-01
5.742943628019624436e-01
5.741619620604602181e-01
5.732110600997594174e-01
5.717402685002976881e-01
5.637760610210080792e-01
5.567900025952816634e-01
5.508604968018377956e-01
5.523152138519979992e-01
5.536190501808566644e-01
5.547490809627189101e-01
5.556987651891656110e-01
5.564731551751211924e-01
5.570850096148629582e-01
5.575517289182756464e-01
5.578930099675720733e-01
5.581291121309785996e-01
5.582796301203551970e-01
5.583626776392522917e-01
5.583943961548583079e-01
5.623063420021414682e-01
5.552784130847157051e-01
5.494023385300297324e-01
5.446455359083037795e-01
5.409247810395230172e-01
5.316981113801877434e-01
5.243837286850070445e-01
5.188047436578810956e-01
5.147415951582037241e-01
5.119570436040770112e-01
5.065467036428539238e-01
4.960988314557714940e-01
4.881108080411724615e-01
4.822523988894860114e-01
4.781814044848964329e-01
4.755661328472431393e-01
4.707136044729316460e-01
4.707433389630319986e-01
4.713678641403404868e-01
4.723749091650946141e-01
4.735961746886743207e-01
4.815040461831288088e-01
4.881613786692415857e-01
4.936027643569096401e-01
4.979159067073861689e-01
5.012203148372631478e-01
5.072321209666112996e-01
5.119068404727318278e-01
5.218809712601688577e-01
5.296302205261347318e-01
5.316374876715790343e-01
5.326532251885232050e-01
5.329359188685678372e-01
5.326999453784015959e-01
5.321188134119780866e-01
5.350440647202858724e-01
5.334608209634041920e-01
5.356313930496716669e-01
5.334795003851893203e-01
5.251984771587412393e-01
5.219540454931614892e-01
5.193390108228599367e-01
5.173087494489019278e-01
5.121165987467282132e-01
5.080747007038872720e-01
4.985154704194487696e-01
4.909856085107866530e-01
4.852731350165486734e-01
4.811319299922596215e-01
4.716456888511597612e-01
4.643982105641597524e-01
4.591075611092216846e-01
4.554695144714870914e-01
4.431117021855044413e-01
4.337089143787893342e-01
4.268509872955918993e-01
4.122585246348327015e-01
4.012925650623708762e-01
3.933961502124654341e-01
3.880274172922937304e-01
3.846839430717281516e-01
3.829159716521184365e-01
3.823323133931677553e-01
3.757704976414311115e-01
3.710145684425734114e-01
3.677721725119242890e-01
3.657593418119222672e-01
3.551822179093346854e-01
3.471234582190945162e-01
3.412308383499993436e-01
3.371473253789505353e-01
3.275920972891179783e-01
3.181401940862744748e-01
3.112470434024974253e-01
3.064723179354886806e-01
3.034056298219560688e-01
2.947788127523802704e-01
2.884215695390446310e-01
2.839772012785188871e-01
2.810986352649633702e-01
2.744535528195195528e-01
2.746852284793661614e-01
2.685250392680402776e-01
2.640450135859453429e-01
2.609749084814496634e-01
2.501421493191051670e-01
2.419141226047820670e-01
2.376159349705315726e-01
2.260561274867016746e-01
2.173418126842681097e-01
2.110573344767590065e-01
2.067874682559882604e-01
1.970509305994347926e-01
1.898642633836762350e-01
1.777000325415969417e-01
1.685800519063440639e-01
1.620697741945258397e-01
1.505246231278276614e-01
1.420118181236447175e-01
1.360710557233948403e-01
1.322422438686030599e-01
1.228204331897346790e-01
1.159947622177868176e-01
1.113450937623348125e-01
1.004091927675447860e-01
9.309546428441239918e-02
8.803164445583688824e-02
8.480987966426045688e-02
7.571256741019438685e-02
6.904937801842248035e-02
5.707580111674492862e-02
4.811175816692658813e-02
3.408468582652179890e-02
2.372086011128793359e-02
9.147226507324690559e-03
-1.566413699918944857e-03
-8.993674350379343707e-03
-1.385334539154414735e-02
-2.383816212764267028e-02
-3.094667803761108615e-02
-3.568305421815476386e-02
-3.851962017870635968e-02
-4.706103027924024573e-02
-5.319768447761208385e-02
-5.733621136756550385e-02
-5.986443296080912191e-02
-6.113702805800458329e-02
-6.865255173117223997e-02
-7.418048431238588591e-02
-7.803317430952172451e-02
-8.109966965684800577e-02
-9.026570376963771736e-02
-1.045129396849164838e-01
-1.155331268702548542e-01
-1.309842404958274642e-01
-1.426633403450034976e-01
-1.583385354157327285e-01
-1.699446902898089640e-01
-1.781096172641583042e-01
-1.892566331067508933e-01
-1.983905566701213985e-01
-2.116649903570329005e-01
-2.212516791219423240e-01
-2.347917515087902807e-01
-2.445483853683185771e-01
-2.511770675060986946e-01
-2.552921100920790831e-01
-2.643607480551610767e-01
-2.706673594093813584e-01
-2.747319726797399220e-01
-2.770294576217238181e-01
-2.799469765271789257e-01
-2.884492580460271682e-01
-2.946999897543389757e-01
-2.921136346427908315e-01
-2.961473300208070647e-01
-2.967266989343468886e-01
-2.966207190367655677e-01
-2.981508347723293983e-01
-3.058880713382743366e-01
-3.049790386968227462e-01
-3.037682025802661556e-01
-2.976083978617443115e-01
-2.921957699886565951e-01
-2.947091975726998658e-01
-2.896873632318888170e-01
-2.876419003955170695e-01
-2.866757842580216487e-01
-3.667727542964258625e-01
-4.330193672642832503e-01
-4.390161692914587022e-01
-4.330193672642832503e-01
-4.330193672642832503e-01
-4.330193672642832503e-01
-4.330193672642832503e-01
-4.436089122070971946e-01
-4.609573342024777531e-01
-4.717654189818227817e-01
-4.783898319830388601e-01
-4.824406340674320948e-01
-4.848431991985582279e-01
-4.861275957249562296e-01
-4.866152409298825088e-01
-4.900553983695818960e-01
-4.923596179576030796e-01
-5.002749612419246095e-01
-5.062360028309356164e-01
-5.105450615216353683e-01
-5.134802694543585400e-01
-5.153015251479093894e-01
-5.162481585100970882e-01
-5.229096090809846054e-01
-5.279005719556784104e-01
-5.314733845505537069e-01
-5.338772736366541594e-01
-5.353457035264581609e-01
-5.423139493050626037e-01
-5.413757100996638982e-01
-5.438775113249365578e-01
-5.518059099047853966e-01
-5.579375719162247282e-01
-5.624897233261587637e-01
-5.656981679378754180e-01
-5.677991143157503640e-01
-5.690163965634145171e-01
-5.757036526900241036e-01
-5.807292198217423040e-01
-5.843425345456085829e-01
-5.867895911111717933e-01
-5.883009115665599476e-01
-5.890844099811808343e-01
-5.933619909205672949e-01
-6.025565234443593932e-01
-6.138853844346183752e-01
-6.227353415114320612e-01
-6.293647589193727132e-01
-6.384912980025786444e-01
-6.512721192065038522e-01
-6.609294269751941897e-01
-6.737337055354217785e-01
-6.878451309344953968e-01
-7.040275597051430800e-01
-7.159704769094407117e-01
-7.298703753946443884e-01
-7.500988070724068368e-01
-7.650794411363284198e-01
-7.756709354992017413e-01
-7.929388780747774756e-01
-8.054646932034150719e-01
-8.242675709082254443e-01
-8.380079751720748149e-01
-8.522674226237934025e-01
-8.675735792791213763e-01
-8.829640712467146102e-01
-8.937427299167359784e-01
-8.963658504265445970e-01
-9.024854860288795688e-01
-9.016490430639357845e-01
-8.984513348532977561e-01
-8.947717484121349152e-01
-8.909525789844292554e-01
-8.872390582213567356e-01
-8.894249998211546382e-01
-8.909604132129044229e-01
-8.919570813954225130e-01
-8.925227524422887360e-01
-8.927564446879826532e-01
-8.927455533485835204e-01
-8.925644586062316810e-01
-8.876264359749332922e-01
-8.777097577967762909e-01
-8.696219956387516437e-01
-8.632395308635174569e-01
-8.528138428891899325e-01
-8.393517406472498221e-01
-8.344584555885217192e-01
-8.307559964643659312e-01
-8.236650659736359792e-01
-8.185677141684991609e-01
-8.151077249199685237e-01
-8.181395042119805616e-01
-8.160512987285057918e-01
-8.148031846183334537e-01
-8.142031310696383750e-01
-8.140847469446798046e-01
-8.143076455999371799e-01
-8.098520807345812589e-01
-8.012341405865301969e-01
-7.894395876507007692e-01
-7.801289336083321313e-01
-7.680380261168735512e-01
-7.640632904892536992e-01
-7.616640655146417194e-01
-7.553237479356235129e-01
-7.508077046098444729e-01
-7.477994492264079529e-01
-7.460000178302834684e-01
-7.451378967324270297e-01
-7.449746634427965031e-01
-7.453073252186108721e-01
-7.459681943739684407e-01
-7.415654076547052442e-01
-7.381817544773425777e-01
-7.356954633328478543e-01
-7.291501212861958292e-01
-7.187416608394696649e-01
-7.059170583030172086e-01
-6.960614851613590170e-01
-6.887768882162740303e-01
-6.781020607526228039e-01
-6.701589961957914454e-01
-6.645461043308863447e-01
-6.551554322942100272e-01
-6.482827874658680933e-01
-6.435511892222915975e-01
-6.303728192895129423e-01
-6.204451789320329924e-01
-6.133164625862512764e-01
-6.043707611641427890e-01
-5.921409540859187137e-01
-5.831731200007090887e-01
-5.769440886618656394e-01
-5.729459405613552825e-01
-5.646004743155508265e-01
-5.586751584296398843e-01
-5.547615491221948858e-01
-5.486522901040955524e-01
-5.445310661161526511e-01
-5.457438011300577152e-01
-5.475042957349665063e-01
-5.395443454223876056e-01
-5.335063888208755323e-01
-5.291252217919728551e-01
-5.298051052402212857e-01
-5.272432632624493021e-01
-5.229364613179630084e-01
-5.161366221530407916e-01
-5.110309139947446511e-01
-5.044838831103595211e-01
-4.960063781799355365e-01
-4.830355672194348582e-01
-4.730349642359144013e-01
-4.656597328815699210e-01
-4.605207793701806551e-01
-4.403255847255549416e-01
-4.347160879673517275e-01
-4.212032866599491054e-01
-4.082490300108956305e-01
-3.795807748120036962e-01
-3.461516836602260838e-01
-3.169729120230608821e-01
-2.954622215346913716e-01
-2.783249742163698137e-01
-2.734674433709640695e-01
-2.754214395074021660e-01
-2.769999777383338468e-01
-2.797913662076938479e-01
-2.832851537766729599e-01
-2.803926517088284331e-01
-2.701052401950574389e-01
-2.641836819896479227e-01
-2.600462642389618217e-01
-2.573841345784368961e-01
-2.490245318631763016e-01
-2.427762758668450260e-01
-2.383475772777838841e-01
-2.354336752020387280e-01
-2.267312093099931314e-01
-2.202188495784602740e-01
-2.155909939769229400e-01
-2.125296559317808587e-01
-2.036307079996815261e-01
-1.969818249861960968e-01
-1.837811192515665937e-01
-1.738274846772753790e-01
-1.595532141728166486e-01
-1.488747802821468458e-01
-1.341551718680447092e-01
-1.232453918317428787e-01
-1.155573306704145153e-01
-1.105131318704213328e-01
-1.075729669503848740e-01
-9.912981395919762129e-02
-8.603473792451699076e-02
-7.627601789578442038e-02
-6.936219871628801492e-02
-6.479877949963830375e-02
-5.493102463288979109e-02
-4.781901900818108508e-02
-4.300590134824555655e-02
-3.284254183101964486e-02
-2.544100819125061363e-02
-2.035677544147662665e-02
-9.935237934448393204e-03
-2.312742828491698432e-03
2.956603943644386945e-03
6.308673735522019044e-03
8.148656351881333748e-03
1.606290552746370004e-02
2.903878754974797971e-02
4.609453565639465289e-02
5.911914607039792102e-02
7.584094011211917064e-02
9.546454897285694408e-02
1.093476788931830868e-01
1.198876591131452507e-01
1.269897714772443287e-01
1.313268344029463464e-01
1.335100883132902538e-01
1.340770824179040588e-01
1.334868242809565952e-01
1.250188862017314051e-01
1.173592283472504327e-01
1.177992883694263249e-01
1.179758024131258853e-01
1.179594173646916211e-01
1.178095502492411129e-01
1.246968024796522023e-01
1.302262391726065616e-01
1.345201322805482658e-01
1.377287549500565422e-01
1.470925961510831659e-01
1.543817705552081865e-01
1.668819994677874785e-01
1.765119525604670336e-01
1.849529219738372809e-01
1.981731651158435970e-01
2.082023980825153942e-01
2.154614391552718278e-01
2.203951526722347509e-01
2.304808318927673572e-01
2.324270576339839689e-01
2.401653616061056873e-01
2.527872995299582648e-01
2.622513032270092914e-01
2.690007644643304108e-01
2.825967824161608188e-01
2.998908040956145271e-01
3.129448177237676987e-01
3.246992079776462869e-01
3.401469054263679404e-01
3.514624500426311027e-01
3.592717054191012505e-01
3.642090562005588783e-01
3.668766103775900067e-01
3.720948650078541586e-01
3.820865108792512732e-01
3.891211101165881203e-01
3.965852998680581276e-01
4.084226688900762792e-01
4.170974073168645102e-01
4.327835294284978485e-01
4.446238624492588887e-01
4.531521313450634914e-01
4.654756134747057850e-01
4.808066160627175734e-01
4.919990876746862529e-01
4.997544442982242430e-01
5.145711028440342893e-01
5.254362089271538139e-01
5.329776844024070037e-01
5.415469040019997848e-01
5.473577313370556752e-01
5.509090058716670235e-01
5.628974950174425729e-01
5.717590256269220461e-01
5.779381527911628957e-01
5.881465166060998451e-01
5.996215980733926587e-01
6.141369092340477343e-01
6.248254208621024652e-01
6.322853723958892225e-01
6.430942698032142690e-01
6.506495646056938975e-01
6.659408212707634833e-01
6.772342902515887664e-01
6.851681447561585037e-01
6.903585528450569830e-01
6.990054796772663392e-01
7.049000513181767902e-01
7.030489503685234398e-01
7.108203689545138371e-01
7.163891956959941298e-01
7.201235782006536468e-01
7.278763147895224161e-01
7.334336836626104139e-01
7.425565467204837677e-01
7.541163511239096229e-01
7.679739961925637903e-01
7.731502480820882095e-01
7.865901578401092165e-01
7.966359195051994080e-01
7.985891791374035709e-01
7.990818355840285658e-01
7.935071725172639923e-01
7.881326652799590660e-01
7.831794633238001735e-01
7.839085540494700188e-01
7.843380894203026976e-01
7.845327628157446886e-01
7.845513081050340398e-01
7.791662365556474290e-01
7.746042245519237923e-01
7.656471330501202210e-01
7.584720454816260560e-01
7.529210393253296107e-01
7.487944134465164270e-01
7.458759057777737400e-01
7.439504600311314109e-01
7.428159665087457064e-01
7.477380814523549857e-01
7.520668213943030311e-01
7.557599957566750737e-01
7.588220639932979905e-01
7.663444245483026496e-01
7.724458679510555204e-01
7.824557785128634091e-01
7.902817566472702948e-01
7.961854529167448069e-01
8.054979820629141196e-01
8.177140741738085916e-01
8.270311247519609443e-01
8.338438056742029092e-01
8.385563826074150517e-01
8.415591783537361703e-01
8.486610028944099327e-01
8.537891099870299483e-01
8.572551175502753917e-01
8.697615930247259985e-01
8.793309402012985387e-01
8.967180658733016063e-01
9.100253627240200149e-01
9.197854320132756722e-01
9.368585885886145936e-01
9.495684673535599307e-01
9.627700236034869574e-01
9.720598157065046818e-01
9.841876708369378113e-01
9.966786958866029611e-01
1.001578096567074194e+00
9.981648314832486379e-01
9.902289760983704614e-01
9.767429485931153899e-01
9.651068108704394799e-01
9.511886320571610876e-01
9.456473485453651406e-01
9.354613746341582381e-01
9.230641970625672599e-01
9.133436039445930188e-01
9.106244156476519525e-01
9.092134016161125265e-01
9.087856001629232017e-01
9.090624404035451134e-01
9.052513173580986061e-01
9.025440879904518265e-01
9.007575455977303580e-01
8.938709830240665344e-01
8.886573031569605652e-01
8.848784053771441283e-01
8.822928730120211949e-01
8.864048127734457383e-01
8.797445594244405198e-01
8.745581053673852079e-01
8.706815089430108845e-01
8.679290216612296494e-01
8.661096246490910255e-01
8.601261789149903247e-01
8.555690873154183640e-01
8.465379836319603113e-01
8.396461613760498599e-01
8.346082164009155369e-01
8.204162370306221641e-01
8.094617013230189784e-01
8.013380945920238752e-01
7.956108832190583735e-01
7.918508779549611187e-01
7.896561184175945325e-01
7.833386397289779923e-01
7.789299414156285462e-01
7.760638308630689597e-01
7.690738236773921876e-01
7.588060140199961445e-01
7.511147124169191835e-01
7.401356441790475360e-01
7.318946973853799332e-01
7.260068855460574122e-01
7.164213191997016450e-01
7.093692217772479269e-01
7.044840646771638459e-01
6.964858708422568823e-01
6.908455695600144164e-01
6.812617541007790489e-01
6.695179543624167895e-01
6.549049151422459136e-01
6.439318889857875705e-01
6.360814173359746748e-01
6.202266311159679857e-01
6.021849276077595459e-01
5.886310221206271232e-01
5.789423038419291290e-01
5.724725535164145729e-01
5.685959413061871803e-01
5.602426776640392347e-01
5.545337252522126725e-01
5.509903022372608650e-01
5.491568990336417322e-01
5.445896520615240988e-01
5.351027899171920676e-01
5.281413667539205381e-01
5.233051702506470448e-01
5.163933095009676233e-01
5.049397711044305570e-01
4.927999733297483420e-01
4.772199501770313379e-01
4.655381436032546283e-01
4.571591984171436973e-01
4.515030439644531768e-01
4.412331274184635443e-01
4.307064225099248578e-01
4.232547424433843464e-01
4.183113504632465229e-01
4.085217190472627546e-01
4.014904509008838662e-01
3.967525427688545214e-01
3.938643381279431921e-01
3.826523466394793349e-01
3.743559565706442438e-01
3.685110982765205101e-01
3.577068304529682496e-01
3.472015318333063760e-01
3.326814692830348807e-01
3.218597038402311039e-01
3.141651659903428317e-01
3.020088570132879457e-01
2.931607394835078484e-01
2.870873531401401113e-01
2.761414927544942888e-01
2.682337945217747599e-01
2.556556485227086117e-01
2.464118606330663042e-01
2.400018733958111383e-01
2.285832831330123494e-01
2.203095262330603266e-01
2.057138483172356036e-01
1.950055011043014819e-01
1.801794872337030284e-01
1.693458012671704704e-01
1.544606803782699878e-01
1.425647154442739595e-01
1.279794245142500397e-01
1.165488066104340970e-01
1.014062707679594943e-01
9.053957011495605833e-02
7.530720470420182444e-02
5.724436452765591099e-02
3.691895856770055495e-02
2.203073411622646915e-02
4.474877620772810261e-03
-1.526692031699194985e-02
-2.958131285136422761e-02
-4.654391163345761306e-02
-6.569586799906268482e-02
-7.946397226423584925e-02
-8.877341159249230174e-02
-1.023456062953316259e-01
-1.189970905415087543e-01
-1.309709356328756513e-01
-1.390181933021190641e-01
-1.438798611385168069e-01
-1.462487580312874513e-01
-1.467456437086716026e-01
-1.459065447397425164e-01
-1.514467911204324668e-01
-1.551287807317127676e-01
-1.573228179960119988e-01
-1.583658785455654971e-01
-1.657848349971371427e-01
-1.712596520734426253e-01
-1.822808605378745117e-01
-1.906178510872982290e-01
-2.037762729101364467e-01
-2.136813515050244305e-01
-2.278576377179877266e-01
-2.384068107237866663e-01
-2.458992733740070769e-01
-2.508860842571669636e-01
-2.538764388389351812e-01
-2.622406955792360161e-01
-2.700750633511372900e-01
-2.736808892198501209e-01
-2.825772777264068392e-01
-2.910193579541104913e-01
-2.970964920775722717e-01
-3.011928622963859770e-01
-3.036833426297298466e-01
-3.049166963008156372e-01
-3.100690579883662590e-01
-3.186654744842107867e-01
-3.619727337711369231e-01
-4.008163356885705575e-01
-4.294130736998160724e-01
-4.537218062732650825e-01
-4.773425884354542958e-01
-4.875408972941424057e-01
-4.934395706870224885e-01
-5.023089041737776039e-01
-5.075747038151965373e-01
-5.135556934863239054e-01
-5.169067444661357147e-01
-5.182416157858413808e-01
-5.180953031371569040e-01
-5.231246417118660119e-01
-5.263591877532065588e-01
-5.317905472025650226e-01
-5.318710137032041096e-01
-5.410084831967874042e-01
-5.478825830914220152e-01
-5.528141576914933353e-01
-5.561301188419076613e-01
-5.581441939632596494e-01
-5.591442166125943913e-01
-5.593846420630599336e-01
-5.629168938862576521e-01
-5.654147921518535291e-01
-5.731778822071035284e-01
-5.791161088273895086e-01
-5.874922275989781228e-01
-5.999202984894221879e-01
-6.094514836186940565e-01
-6.266583280871781403e-01
-6.457479764836673297e-01
-6.601798001572523056e-01
-6.751598078989933249e-01
-6.917287289388981408e-01
-7.037771896013956807e-01
-7.222852818921681184e-01
-7.358712832802483117e-01
-7.502591549103689861e-01
-7.604709247319387799e-01
-7.775689563525333137e-01
-7.951674679037259441e-01
-8.078033893807166077e-01
-8.212964185954628737e-01
-8.406532769709822439e-01
-8.546295472889423595e-01
-8.696325405059276425e-01
-8.801634368943821451e-01
-8.915344516185325086e-01
-9.046870864270983859e-01
-9.181892680125276485e-01
-9.275461562088946899e-01
-9.293327914885154417e-01
-9.335245331800917645e-01
-9.314330254701365108e-01
-9.328052721403581327e-01
-9.345052580929266162e-01
-9.293549931817264298e-01
-9.302024866331164432e-01
-9.304399791661464025e-01
-9.200238134149965052e-01
-9.155577873707470005e-01
-9.118655540759291744e-01
-9.044201863800997998e-01
-8.927085730554830123e-01
-8.834243969757219483e-01
-8.763191481215598655e-01
-8.711025773199416733e-01
-8.674724730920208016e-01
-8.651351753271699918e-01
-8.684957824326577924e-01
-8.717424769779635874e-01
-8.756496566871976306e-01
-8.791204484170287436e-01
-8.821013008274043443e-01
-8.902569443757740730e-01
-8.912285895545969394e-01
-8.918139255937664878e-01
-8.920979261664940818e-01
-8.817814449123921872e-01
-8.731847646858512668e-01
-8.662483827289551019e-01
-8.608399260443758694e-01
-8.512276891667108769e-01
-8.389641748926345288e-01
-8.240576834766636383e-01
-8.126705488395957744e-01
-8.043116556209336521e-01
-7.933024113081110773e-01
-7.853848741183588889e-01
-7.748815796948271828e-01
-7.623194636252796919e-01
-7.531724034749277541e-01
-7.468551242695495862e-01
-7.428212789356932744e-01
-7.353090681032397047e-01
-7.199686966916324371e-01
-7.083125318897512956e-01
-6.952445335518333547e-01
-6.857826425478752430e-01
-6.737474834944511271e-01
-6.650817675205562551e-01
-6.548606337027257362e-01
-6.520908583300236705e-01
-6.510371156796140868e-01
-6.469142117670677594e-01
-6.387530804003482832e-01
-6.329008568225430453e-01
-6.289684657506916521e-01
-6.207551707725988965e-01
-6.106189318795834930e-01
-6.031765843773190250e-01
-5.979951236101639367e-01
-5.946548278467392867e-01
-5.927680098513828932e-01
-5.860411892869614725e-01
-5.751516352026706524e-01
-5.668491189660462837e-01
-5.569646786175870279e-01
-5.497649808163722618e-01
-5.448087166859598707e-01
-5.454090026596585261e-01
-5.467589459044992495e-01
-5.385505879629959303e-01
-5.323840539517665782e-01
-5.279688485637266115e-01
-5.250080034645350224e-01
-5.168831403745741682e-01
-5.107882331035236145e-01
-5.064414914522719080e-01
-4.970834665124146401e-01
-4.900227854126750771e-01
-4.849569870424044193e-01
-4.749381900564151326e-01
-4.674205274240570418e-01
-4.620695190241739247e-01
-4.517401618232201876e-01
-4.440481991200488920e-01
-4.185032147917047141e-01
-4.056565148372299756e-01
-3.965827674400925762e-01
-3.836886235491341335e-01
-3.648856667463942216e-01
-3.510005750156359738e-01
-3.367208441579867539e-01
-3.240771721962343310e-01
-3.083014767132636891e-01
-2.877483245397056688e-01
-2.726685679787883565e-01
-2.691922085512834517e-01
-2.681038397427994990e-01
-2.687169224832435255e-01
-2.634866258373345094e-01
-2.653350523549642404e-01
-2.590307329375995948e-01
-2.565000665220560361e-01
-2.551739139659470190e-01
-2.547515587125901426e-01
-2.481088661460997269e-01
-2.431410693938926837e-01
-2.379238241662038345e-01
-2.289741788811454626e-01
-2.221590295299282758e-01
-2.101972419401030301e-01
-2.010244025909571075e-01
-1.943013075589310468e-01
-1.896564605067134757e-01
-1.782879916333219850e-01
-1.698805669694358755e-01
-1.568818932719293624e-01
-1.472196874122451149e-01
-1.332879404318942917e-01
-1.158527782045919441e-01
-1.098816815503973476e-01
-9.920422224828406854e-02
-9.169240775052123205e-02
-8.678269497014312606e-02
-8.394511747974697791e-02
-8.270120582409323795e-02
-8.263354611936390981e-02
-7.622557572456534203e-02
-7.217221950613539327e-02
-6.900910045868524634e-02
-5.986687770909804307e-02
-5.301507086909440503e-02
-4.811987940324691237e-02
-3.762191576772599966e-02
-2.974598334513145481e-02
-1.688591671079064938e-02
2.078843442143707421e-05
1.287816738282954176e-02
2.945629673472871524e-02
4.177833567951427796e-02
5.049073047365237876e-02
5.623456270193072370e-02
6.680492408269467219e-02
8.199622524559968539e-02
1.005687256676865982e-01
1.145174403524424900e-01
1.235711970353086109e-01
1.365547256091921291e-01
1.456272675595629007e-01
1.515316596785942771e-01
1.549425166624607275e-01
1.635073029824452018e-01
1.693592069527021238e-01
1.742635084695765002e-01
1.830455632822107770e-01
1.905761938640395670e-01
2.014137772859483366e-01
2.107257115189091756e-01
2.173562081178639360e-01
2.217575993441462945e-01
2.243652484057381269e-01
2.185337476236881571e-01
2.129216109529443735e-01
2.077607789128699256e-01
2.031901032588760980e-01
1.992751105971273251e-01
1.960262209823386836e-01
1.934147445827183454e-01
1.842264830152242627e-01
1.781376950689264049e-01
1.721378761674616786e-01
1.603852620120806982e-01
1.512303128312251221e-01
1.443731870485944757e-01
1.394801487970227516e-01
1.362131749760988608e-01
1.352399172065044120e-01
1.350937159724594494e-01
1.281332852909577991e-01
1.228679957150491386e-01
1.190796165017125041e-01
1.082159222724619063e-01
9.995964162905734973e-02
8.652994636161692732e-02
7.634584056727411472e-02
6.945866429413549703e-02
5.724438793110575574e-02
4.775456015218693118e-02
3.363184634896998482e-02
2.302394597136836474e-02
8.328867454762134415e-03
-9.634541985804156994e-03
-2.290898218521064678e-02
-3.227772591605537755e-02
-3.847366499697257858e-02
-4.968797656170886867e-02
-5.726836462133544359e-02
-6.935498176061583031e-02
-7.799616541672227399e-02
-8.380009526978327017e-02
-8.733298772358244477e-02
-9.624513581604210444e-02
-1.025266163245028839e-01
-1.145890376761797835e-01
-1.227003532887818160e-01
-1.353754516600009783e-01
-1.446528117615415443e-01
-1.592870429578117086e-01
-1.690031229381658839e-01
-1.756675257712978500e-01
-1.811599082804418170e-01
-1.916190820733867373e-01
-1.991403273303034016e-01
-2.112795695058300449e-01
-2.201321083906029319e-01
-2.262262308750939699e-01
-2.300772626630747109e-01
-2.321631420091410103e-01
-2.399286262660871305e-01
-2.454217100594890955e-01
-2.490494903102884461e-01
-2.511920339704938332e-01
-2.591347363390372749e-01
-2.649353880665503702e-01
-2.689484974454856570e-01
-2.715121949278089808e-01
-2.729357826554561495e-01
-2.734928238608402840e-01
-2.753565601942240537e-01
-2.764436891756525405e-01
-2.838856607194295556e-01
-2.896252301128254825e-01
-2.938672635666792488e-01
-3.037719872538460208e-01
-3.044282032802954063e-01
-3.043371486489263589e-01
-3.037295879694856815e-01
-3.027941848755391074e-01
-2.947230104664551043e-01
-2.948157992074667000e-01
-3.061690142529460701e-01
-3.390999031003736341e-01
-3.730965466275399933e-01
-4.069284323193826935e-01
-4.365590190258739067e-01
-4.583060336719260164e-01
-4.735606855703571316e-01
-4.836069362640420533e-01
-4.929574711227802108e-01
-5.049303709768899751e-01
-5.128585354834702681e-01
-5.175711785744778748e-01
-5.198054519609194291e-01
-5.201990176516400055e-01
-5.254887397391780901e-01
-5.287699155124132577e-01
-5.341122659392465444e-01
-5.376545161851538079e-01
-5.397437413364143399e-01
-5.468775251625017653e-01
-5.558248129059641940e-01
-5.686248141465841677e-01
-5.783139164254433862e-01
-5.853208787729771156e-01
-5.960838016133789274e-01
-6.038799059986351692e-01
-6.092195188575126874e-01
-6.167195774338261050e-01
-6.219629147572637295e-01
-6.253456177236533797e-01
-6.330912818381376761e-01
-6.386028722523473533e-01
-6.480140144775210498e-01
-6.592099234157573484e-01
-6.675293619586873950e-01
-6.734048334950880621e-01
-6.772664389363989290e-01
-6.850910569334417444e-01
-6.906167522468645847e-01
-6.942660135607992000e-01
-7.010122198337938038e-01
-7.058130766349803853e-01
-7.191403777770210004e-01
-7.293620794356109327e-01
-7.417467896213939538e-01
-7.563562146664026820e-01
-7.724635574151136330e-01
-7.894560026104460171e-01
-8.020495921158901087e-01
-8.158776814964304736e-01
-8.304794949498245371e-01
-8.407493544971212929e-01
-8.528438230476276249e-01
-8.658457403692431109e-01
-8.758201820248980862e-01
-8.881024896526861223e-01
-8.968715641349158663e-01
-9.071446643760930906e-01
-9.198991766063138176e-01
-9.348872717114867781e-01
-9.501648577397702189e-01
-9.671778956618947154e-01
-9.796106730724731815e-01
-9.921925767209290870e-01
-1.010839583806790287e+00
-1.028061596049835824e+00
-1.046352229940665790e+00
-1.059415921809282679e+00
-1.071611589696596090e+00
-1.085885579582610783e+00
-1.095794908252917033e+00
-1.098998465061485463e+00
-1.093745400174865212e+00
-1.084750136862787651e+00
-1.076241757863046544e+00
-1.068523424351200291e+00
-1.061770966908044844e+00
-1.049773605626738382e+00
-1.039998353257868935e+00
-1.032290353538469319e+00
-1.026429260007788891e+00
-1.022162422077929733e+00
-1.025378382607939676e+00
-1.028566491848926123e+00
-1.025367027657213104e+00
-1.029190873671870454e+00
-1.032600992803743845e+00
-1.035540984043949120e+00
-1.044279862111072710e+00
-1.055065895416442245e+00
-1.063628034593036897e+00
-1.076570198816328539e+00
-1.096450348692331378e+00
-1.111935430102237943e+00
-1.126658166455705379e+00
-1.143873086492623203e+00
-1.163158506254323266e+00
-1.180263057569466589e+00
-1.199138214912281564e+00
-1.212890453316386230e+00
-1.222383101025631191e+00
-1.237398907385705460e+00
-1.254626677465548346e+00
-1.267053895099137240e+00
-1.282212968057940605e+00
-1.292982651584244636e+00
-1.308736863048225008e+00
-1.319928058017068473e+00
-1.332506965794930442e+00
-1.342892966748074901e+00
-1.356622186457892010e+00
-1.371819129665615256e+00
-1.389880702091394360e+00
-1.410328194939589830e+00
-1.425518273733510144e+00
-1.443383629194755269e+00
-1.456215165097242803e+00
-1.472824553150284377e+00
-1.491655807234308240e+00
-1.505527220392772758e+00
-1.521848638154981614e+00
-1.540215200430677278e+00
-1.553190676144399651e+00
-1.568826336014112366e+00
-1.579686379086602255e+00
-1.593690480582415692e+00
-1.603364834928060478e+00
-1.609535140893430860e+00
-1.613247772123137525e+00
-1.621910513968951806e+00
-1.634856296918333340e+00
-1.644246312864842574e+00
-1.657773272661361652e+00
-1.674699177196266708e+00
-1.693423069651953439e+00
-1.708015545263023238e+00
-1.724293110324455203e+00
-1.735802128331096705e+00
-1.743446989542640546e+00
-1.748042345529025043e+00
-1.751547451038256931e+00
-1.753108127875700806e+00
-1.746285297161335626e+00
-1.739651396730775401e+00
-1.726483976501188788e+00
-1.715208894323468680e+00
-1.706834716467514612e+00
-1.700994174883592391e+00
-1.696427618475085497e+00
-1.693026429080787043e+00
-1.689752723628109798e+00
-1.680113840909086997e+00
-1.672687104701440219e+00
-1.659136500871733144e+00
-1.648853449858119546e+00
-1.641351019291686475e+00
-1.628906971829806150e+00
-1.619683107068397687e+00
-1.605954134631524477e+00
-1.588571885751889123e+00
-1.575506658340888322e+00
-1.558932902963498623e+00
-1.546549766153566319e+00
-1.530487149362011801e+00
-1.518697749735595570e+00
-1.503232079635042462e+00
-1.492066258376119059e+00
-1.477868021978616442e+00
-1.467939705521458915e+00
-1.454287746766324885e+00
-1.437593965415184805e+00
-1.425575405533038076e+00
-1.409212092987187415e+00
-1.390248577777287053e+00
-1.376342678211439408e+00
-1.358136736528572586e+00
-1.344827775659356739e+00
-1.328581646223145452e+00
-1.315197010823178747e+00
-1.298787124490506262e+00
-1.279954116042036905e+00
-1.257018036069963429e+00
-1.232966346411456415e+00
-1.212744180912854741e+00
-1.191222002579814365e+00
-1.168883317785024634e+00
-1.146155111079070643e+00
-1.126928388274615278e+00
-1.106860712650193701e+00
-1.092953728164906657e+00
-1.077429886575570261e+00
-1.056962535187081276e+00
-1.036038612589183394e+00
-1.015005728160800702e+00
-9.963088655007487082e-01
-9.771883361316844319e-01
-9.536831373258845002e-01
-9.308698169440492443e-01
-9.102508787388897682e-01
-8.900341487168947907e-01
-8.656907251492441668e-01
-8.427767619089217010e-01
-8.217644008963632674e-01
-8.018313393302918257e-01
-7.779136696833509612e-01
-7.609233453094259580e-01
-7.496025172239885181e-01
-7.379490269281971937e-01
-7.254002135538719642e-01
-7.125204843771199004e-01
-7.040345350165543303e-01
-6.890288839474258964e-01
-6.785466242397882874e-01
-6.661811585385840617e-01
-6.533406739653522255e-01
-6.388357791915798556e-01
-6.285314886548143409e-01
-6.217056544713991384e-01
-6.176714417209931973e-01
-6.099470664813287923e-01
-6.048530861433364381e-01
-6.060053469188296793e-01
-6.020577377240985406e-01
-5.955198510326438210e-01
-5.971282529008473672e-01
-5.973285368742967671e-01
-5.981647323208241218e-01
-5.994074603623967823e-01
-6.008702326995086773e-01
-5.961453209919619356e-01
-5.882539639434783973e-01
-5.757837899764686185e-01
-5.659867328487455662e-01
-5.585879506802946537e-01
-5.532608554144204938e-01
-5.431386008026362067e-01
-5.355563728885239794e-01
-5.301630742619289904e-01
-5.199113905701038263e-01
-5.152113839468888123e-01
-5.123038825516652572e-01
-5.041279869914709888e-01
-4.982052124890077316e-01
-4.941593066317622185e-01
-4.813648041694911228e-01
-4.716985217525777596e-01
-4.646997578866396417e-01
-4.599118546370268845e-01
-4.501346107844257372e-01
-4.429553658128622118e-01
-4.279404949230143362e-01
-4.067143376137400956e-01
-3.905869225613047835e-01
-3.746104287092932861e-01
-3.531368699036065983e-01
-3.299615014551835479e-01
-3.126246174418298995e-01
-2.930520534861691395e-01
-2.788834233974994969e-01
-2.672476369002214636e-01
-2.578478977278948481e-01
-2.449475839190020654e-01
-2.345108857128288538e-01
-2.278021260103082479e-01
-2.223684044610787502e-01
-2.125043837135023317e-01
-2.058134318245345984e-01
-2.030374509827512775e-01
-2.019098659480291769e-01
-1.950311647800040404e-01
-1.888831738968788088e-01
-1.777671068441877278e-01
-1.695184413671002588e-01
-1.566959505657363749e-01
-1.400896021132997937e-01
-1.275003953323909922e-01
-1.112965192678012638e-01
-9.926218941123532424e-02
-8.364529994079661357e-02
-7.223824799440170530e-02
-6.437992529639791073e-02
-5.941705481011894108e-02
-5.673829776757033372e-02
-5.579501157981692216e-02
-5.611195267241697593e-02
-5.729061828759718367e-02
-5.180749238757087483e-02
-4.792100144271738138e-02
-3.814104067768209205e-02
-3.072873482254356858e-02
-1.091238217372825225e-02
4.561293626812013002e-03
2.341033086209320935e-02
4.484995568972638402e-02
6.817986916954854593e-02
9.279411905825662998e-02
1.118548857728869361e-01
1.327790833794115777e-01
1.468549916813250977e-01
1.644189982132850947e-01
1.755038144244756015e-01
1.908291673766648877e-01
2.014551294630027023e-01
2.082409036078844977e-01
2.190525992094780605e-01
2.332739082719859081e-01
2.432825851028557196e-01
2.568017352448284107e-01
2.662731819159798174e-01
2.724504145832289392e-01
2.760238987793888210e-01
2.776050216737369070e-01
2.777198076072744382e-01
2.787714225200832452e-01
2.768247052856838142e-01
2.745240086290103854e-01
2.740368020458892051e-01
2.732244824507981118e-01
2.722251116256153569e-01
2.711468984042273433e-01
2.700706981275546870e-01
2.761059033763815229e-01
2.829850908184692315e-01
2.863764233847103657e-01
2.979880112339721165e-01
3.142144720742001684e-01
3.269404014054917429e-01
3.365505656244911492e-01
3.503913809206873342e-01
3.606837153479800495e-01
3.679801461786194050e-01
3.795865874947077501e-01
3.879424627663210501e-01
4.002689678919120198e-01
4.091648125945830383e-01
4.152394709822908592e-01
4.219728595750174005e-01
4.264574560566589678e-01
4.291260468090578595e-01
4.334214752954443917e-01
4.427886421552147400e-01
4.497136528019167745e-01
4.611557566537751729e-01
4.795453386768577797e-01
4.936769157221998494e-01
5.105188591178868585e-01
5.165570663703971110e-01
5.264723155424317902e-01
5.332498558985798720e-01
5.475565080557975861e-01
5.580682346969763064e-01
5.715541770687312395e-01
5.812294241881853507e-01
5.937927839662950902e-01
6.026563727990995600e-01
6.085196949437087222e-01
6.120138794506428948e-01
6.078275355060122065e-01
6.033489771083282438e-01
5.929243477818310071e-01
5.837570328783988627e-01
5.799597308753859926e-01
5.767973917538403716e-01
5.702323520555154790e-01
5.587241640690070454e-01
5.495170968082796481e-01
5.385900652190811488e-01
5.303120510907834984e-01
5.242999344665135730e-01
5.201683230192406526e-01
5.211980613950992769e-01
5.291332316827719318e-01
5.361712312695563476e-01
5.422131904099203314e-01
5.472432424496742609e-01
5.575453351408075076e-01
5.657568273196207365e-01
5.720941381438858775e-01
5.828713362327572201e-01
5.910900561783574148e-01
5.971230222332063464e-01
6.054105407901962943e-01
6.115301179376330110e-01
6.158092129898886657e-01
6.185733461959947999e-01
6.260235612653978210e-01
6.314440664286501415e-01
6.351733835116928351e-01
6.418500575249072027e-01
6.524923245969304064e-01
6.605095724272840307e-01
6.662779990627178961e-01
6.701783010193230750e-01
6.782089216306609325e-01
6.839865614627554935e-01
6.924773121109295548e-01
6.986906766579875638e-01
7.029828706510540259e-01
7.111861378898346464e-01
7.171072254660608714e-01
7.204814621759197957e-01
7.279392128631272385e-01
7.333362951391964035e-01
7.423676768957372385e-01
7.489661370314946165e-01
7.535368284169361441e-01
7.614220414416301708e-01
7.621513643447023201e-01
7.619623608366187240e-01
7.608993037578412055e-01
7.594653122568364445e-01
7.578427720310743076e-01
7.507776000060488730e-01
7.396283281658938558e-01
7.304471785398525263e-01
7.231378273592196093e-01
7.175278055458629289e-01
7.134024485848199371e-01
7.105307361160630997e-01
7.086838110305216931e-01
7.076473532527312038e-01
7.072290688267695025e-01
7.072624713120599926e-01
7.076079715036953655e-01
7.024979176939317727e-01
6.985006536712393688e-01
6.954976110115391741e-01
6.933518961710232187e-01
6.967456801511603404e-01
6.998755498751897397e-01
7.026514807016305264e-01
7.050287673260468013e-01
7.178374575627151088e-01
7.283134922835089453e-01
7.422729713348934499e-01
7.531121415280100928e-01
7.667055088662380058e-01
7.821561906439020717e-01
7.990742016075970122e-01
8.116478498731622970e-01
8.256292952484141079e-01
8.404929055942030880e-01
8.612457844454421974e-01
8.765264260801590712e-01
8.873104841969897683e-01
8.944746938848803230e-01
9.043439940895002804e-01
9.110509795812138378e-01
9.208801664207431070e-01
9.335389550102143330e-01
9.487459253327508168e-01
9.601288548522446398e-01
9.743454421171836577e-01
9.952501970941262099e-01
1.017499415718122968e+00
1.034235643081696132e+00
1.049981262244779057e+00
1.067555580038295204e+00
1.083587383219799527e+00
1.101339797100174600e+00
1.123968759814295115e+00
1.143411739429775587e+00
1.163708421725613729e+00
1.180814087157586734e+00
1.199170801998203473e+00
1.214451449289924323e+00
1.224626517995012875e+00
1.230823667771509644e+00
1.240688966828713546e+00
1.247083819553696404e+00
1.252961860313126508e+00
1.262989568495993087e+00
1.269875955185620242e+00
1.274233622630330132e+00
1.276611025236400909e+00
1.284219124783854360e+00
1.282775162607033170e+00
1.280662679550868210e+00
1.271460670790693248e+00
1.261250757244816167e+00
1.252538439759430577e+00
1.245341661374170572e+00
1.239592962053326142e+00
1.232788067598648674e+00
1.227508809175858806e+00
1.228029231370885377e+00
1.231455839396488505e+00
1.241727099258168820e+00
1.257586336003892580e+00
1.270663409441541436e+00
1.281060431374163366e+00
1.296301110329327377e+00
1.310072764862170391e+00
1.327600929942402308e+00
1.340794503243768920e+00
1.357605865663950695e+00
1.377371915699892480e+00
1.392105405565755571e+00
1.411151282952380681e+00
1.426000397175869239e+00
1.436172826770506505e+00
1.442655019646560399e+00
1.446293518738851258e+00
1.447800370942003534e+00
1.447764609360415955e+00
1.446665549937053097e+00
1.444886091178427812e+00
1.435665924626396972e+00
1.426569587114346893e+00
1.412793304222110136e+00
1.401555722972513962e+00
1.399684105297706038e+00
1.397375249193311575e+00
1.395880543662835427e+00
1.402198413678754418e+00
1.414994282495383615e+00
1.425722950027762836e+00
1.441727578242599783e+00
1.454549574454335303e+00
1.471822815941143725e+00
1.492606020863618266e+00
1.516045806505079030e+00
1.541391501352874949e+00
1.560544176983625020e+00
1.581724078047071380e+00
1.596882407368561019e+00
1.614427391774824638e+00
1.633927023534988754e+00
1.647758458808256110e+00
1.664160694990147515e+00
1.674796984701319325e+00
1.681430687926045220e+00
1.677982926973366151e+00
1.673577488863864149e+00
1.661740610864791412e+00
1.644123900660156234e+00
1.629175712704437062e+00
1.609832897856042777e+00
1.594237969049404624e+00
1.582073213502387610e+00
1.572937446746136558e+00
1.559337480985815150e+00
1.549017367827260072e+00
1.541558085641337117e+00
1.536520983553249620e+00
1.533463241696931378e+00
1.524728683038942378e+00
1.518084244114875858e+00
1.506170641038111269e+00
1.497255991194670788e+00
1.483550199729595231e+00
1.465959301081526167e+00
1.452732785586775544e+00
1.435907338710684211e+00
1.423582544062734101e+00
1.415039514317017577e+00
1.402293545523875418e+00
1.386104975826951247e+00
1.374388922192923967e+00
1.357688248189444558e+00
1.338291877853105438e+00
1.324006430777575627e+00
1.306929202563220649e+00
1.287675049009243011e+00
1.266825593195231914e+00
1.251783662697688371e+00
1.234689761976426325e+00
1.213503808347975887e+00
1.198115009726285152e+00
1.180876715999451765e+00
1.159356766799706895e+00
1.134087028680230702e+00
1.115356518513970219e+00
1.095709728205943145e+00
1.078480694804108131e+00
1.060112027174491933e+00
1.037243410829149504e+00
1.020711337355886927e+00
9.992444317740560855e-01
9.797281273755227282e-01
9.597118765242194094e-01
9.456734856319827243e-01
9.305084144285314940e-01
9.204683914313339654e-01
9.085905763522729162e-01
9.010107342859107193e-01
8.967721732512451416e-01
8.904182212966607057e-01
8.867170661583372304e-01
8.793377890464091351e-01
8.745516608611297871e-01
8.614070884012002827e-01
8.517309035247290216e-01
8.449732412310853036e-01
8.356504851523424149e-01
8.235861504511523545e-01
8.148361916030794072e-01
8.035179962872990300e-01
7.903271387249217739e-01
7.754338037304883136e-01
7.643914174521760918e-01
7.515372128394356421e-01
7.424153234764621079e-01
7.258772751618725039e-01
7.081096450862579550e-01
6.902072567770544120e-01
6.772294313580575764e-01
6.683384657381810090e-01
6.568998276425920269e-01
6.490522026784462106e-01
6.337274719895016339e-01
6.165487028480844955e-01
5.996699202587136845e-01
5.813250603617128309e-01
5.639687462065103851e-01
5.516686367082024312e-01
5.371598263353403180e-01
5.233407289091085435e-01
5.074937893733879601e-01
4.928079491839265636e-01
4.762332157969448865e-01
4.644674001814825814e-01
4.469509108098279615e-01
4.344333415471193227e-01
4.194344389444508714e-01
4.088668305974116901e-01
3.924842320949164520e-01
3.740992703252103979e-01
3.539801065535634894e-01
3.392317111709559629e-01
3.290229385294616282e-01
3.156053204350972585e-01
2.993366533176899935e-01
2.876743246568622681e-01
2.798801589870740791e-01
2.680640042957902480e-01
2.527224641328202903e-01
2.416685365207027480e-01
2.268894083448864674e-01
2.163301995320550120e-01
2.018703346198502668e-01
1.840817216703458659e-01
1.710853435885546503e-01
1.545736839352411796e-01
1.351056868061712990e-01
1.208997572755190486e-01
1.034529779768422753e-01
8.265581716289371883e-02
6.009821014045901855e-02
4.381860034184525965e-02
2.512007787614556342e-02
4.412649936131662898e-03
-1.791084542610921204e-02
-4.148444017889052482e-02
-6.597563317008803274e-02
-9.041026389282258435e-02
-1.076458051095452451e-01
-1.263966601855792682e-01
-1.464295353230848917e-01
-1.675035793959018804e-01
-1.751325876778593305e-01
-1.848041558973156917e-01
-1.918911047900684341e-01
-1.957886345689503482e-01
-1.972646857642073037e-01
-2.040301108791584550e-01
-2.082954206253144758e-01
-2.191965253600351993e-01
-2.271296097212234244e-01
-2.379357238933093033e-01
-2.526097123277188938e-01
-2.633706224038478982e-01
-2.708761420538221554e-01
-2.757459162339832570e-01
-2.805148685018250543e-01
-2.833723989054919290e-01
-2.847324610818720014e-01
-2.849665690781668648e-01
-2.843968618308390095e-01
-2.853470166519871398e-01
-2.856152360821972991e-01
-3.230459794235562843e-01
-3.697851142729497997e-01
-4.068818785959107398e-01
-4.419020466010208370e-01
-4.678959153574833163e-01
-4.862913105676183179e-01
-5.019991969383652552e-01
-5.150393533136135016e-01
-5.230776008889213013e-01
-5.309282640234134210e-01
-5.415183340032365678e-01
-5.482704717142048434e-01
-5.520090000263540020e-01
-5.534591779447290971e-01
-5.593768515396149166e-01
-5.668625319191658019e-01
-5.779887949481185005e-01
-5.859993664608962316e-01
-5.973944917493546614e-01
-6.096567817618099294e-01
-6.185875761890242686e-01
-6.305615697406132814e-01
-6.391350302692239138e-01
-6.449041194323296144e-01
-6.527835737045701858e-01
-6.638775629365690767e-01
-6.718614615008259294e-01
-6.818025741392499395e-01
-6.889027532167514289e-01
-6.936247163034646723e-01
-7.011478725940422096e-01
-7.063793944875595976e-01
-7.202225391076922945e-01
-7.307021151243636714e-01
-7.488633536449078587e-01
-7.626583584958076534e-01
-7.780189171069594734e-01
-7.996669128458885334e-01
-8.212174573385622178e-01
-8.372003656059906485e-01
-8.590190949805763809e-01
-8.807611631673207819e-01
-9.013456269332950077e-01
-9.159850283968139495e-01
-9.361841536902812955e-01
-9.505063302677259074e-01
-9.703349875308709960e-01
-9.884344548861004887e-01
-1.010946975066267850e+00
-1.026976154863010748e+00
-1.043963276099793003e+00
-1.059230732323888313e+00
-1.072895066453109170e+00
-1.088067294022838860e+00
-1.098459032994151485e+00
-1.105033929065414533e+00
-1.114898273610003709e+00
-1.130738559363180240e+00
-1.142160809445813330e+00
-1.156318410407781050e+00
-1.175605498024991258e+00
-1.189782262516972500e+00
-1.206202637001617006e+00
-1.226964180290810447e+00
-1.242128463371777514e+00
-1.261387407737724953e+00
-1.279766130366763122e+00
-1.292967822348926266e+00
-1.308616553994274456e+00
-1.326437709006946797e+00
-1.346140468381373356e+00
-1.360430039777181577e+00
-1.377176492567341759e+00
-1.390252462560811031e+00
-1.405904406517997529e+00
-1.423776992151877696e+00
-1.437385101642907115e+00
-1.453407181855681740e+00
-1.471483325944001885e+00
-1.484284308380477757e+00
-1.485807358995054672e+00
-1.477602041131710786e+00
-1.469261063774938147e+00
-1.454230159168207193e+00
-1.440203087962929951e+00
-1.421124495800556442e+00
-1.405402584362312801e+00
-1.392895897398465532e+00
-1.376204150636479051e+00
-1.363400409137535352e+00
-1.353995835746764298e+00
-1.347461042918752128e+00
-1.343270829508119490e+00
-1.333899019743103764e+00
-1.327253140995212632e+00
-1.315880633187570758e+00
-1.307610094580565097e+00
-1.295038141333941795e+00
-1.283846499745963765e+00
-1.271011499321172078e+00
-1.261772079725688833e+00
-1.248789719706977719e+00
-1.237167849814130305e+00
-1.224623832759747621e+00
-1.215751931759851745e+00
-1.207389145390100893e+00
-1.201776441715669774e+00
-1.189252709990887835e+00
-1.173495915231129505e+00
-1.152411935024078016e+00
-1.136340861404207869e+00
-1.118219075871788259e+00
-1.098671540463778573e+00
-1.078258891718365087e+00
-1.053988130480448593e+00
-1.030133571276087512e+00
-1.012913171326866646e+00
-1.001147006329972111e+00
-9.841359036461542198e-01
-9.722674504497124115e-01
-9.549089877271509375e-01
-9.425914843844965807e-01
-9.344420484926166948e-01
-9.240529079791918177e-01
-9.130603020064109732e-01
-9.001658152605672703e-01
-8.868242373986363614e-01
-8.774188393355190074e-01
-8.613266909700323382e-01
-8.443167128676940525e-01
-8.268754323151352725e-01
-8.195366090546563065e-01
-8.053834387476382917e-01
-7.954055462235244400e-01
-7.839144533432499395e-01
-7.810137105671417501e-01
-7.801430962455523366e-01
-7.757458673437236385e-01
-7.732205897620716417e-01
-7.621282597668568304e-01
-7.538954805522570801e-01
-7.481097987382425707e-01
-7.395377630674895286e-01
-7.335098533244359675e-01
-7.242713498125920024e-01
-7.176072533582703583e-01
-7.084690003169473727e-01
-7.019759826608015230e-01
-6.922380409358258602e-01
-6.851768703703082775e-01
-6.748303081395442549e-01
-6.628476019787074014e-01
-6.540789773036523869e-01
-6.480070182546697755e-01
-6.384379390587346936e-01
-6.315917421201890924e-01
-6.270190577127192633e-01
-6.242821309437748267e-01
-6.229752296676759338e-01
-6.227373039928562060e-01
-6.190877410092233690e-01
-6.150189253016343782e-01
-6.122325706662898881e-01
-6.104986580985307665e-01
-6.095976473543708307e-01
-6.033344528386643812e-01
-5.985738139871116248e-01
-5.951292784877354469e-01
-5.866402780291533059e-01
-5.801145257477609007e-01
-5.753282518174622773e-01
-5.616747353802740150e-01
-5.511489446688766503e-01
-5.433679686184442748e-01
-5.379123236461569313e-01
-5.305861198230614750e-01
-5.255292728074631992e-01
-5.123058940729563471e-01
-5.059702884519230448e-01
-5.017272175348674867e-01
-4.991631589672591574e-01
-4.979035259592707874e-01
-4.911562085977261294e-01
-4.862473865048753119e-01
-4.763112024868931815e-01
-4.700006377907763877e-01
-3.688097859794980948e-01
-4.603436293056069051e-01
-3.670379966003831651e-01
-4.534747092702942073e-01
-3.380051774444983170e-01
-3.098532886435663158e-01
-3.035299134013766942e-01
-3.000183727664063049e-01
-2.915899193512094811e-01
-2.862444933457657381e-01
-2.828931638516116731e-01
-2.729137191554438235e-01
-2.659071198712219530e-01
-2.591291508952249245e-01
-2.473776138536474267e-01
-2.387906555242351736e-01
-2.343967989859034873e-01
-2.316856908451920827e-01
-2.303067569083179222e-01
-2.213641517204119058e-01
-2.232904211191339972e-01
-2.186157954294589700e-01
-2.138214851098616531e-01
-2.035211544971839981e-01
-1.957137087700575595e-01
-1.830462712403087000e-01
-1.664097951586893664e-01
-1.536715065113800627e-01
-1.443247739852246969e-01
-1.307543600276921403e-01
-1.136841207222316630e-01
-1.009318863395323174e-01
-8.472253920952810269e-02
-7.285626783590348765e-02
-5.747059021707090487e-02
-4.637276343791274513e-02
-3.165194859192244081e-02
-2.113416527574574211e-02
-1.410474637452741042e-02
-2.659768763497494248e-03
1.251167724337487464e-02
3.793797280091748547e-02
5.680420692112453374e-02
7.736250207764916453e-02
9.214557741355711151e-02
1.099695843924111127e-01
1.297377138633530880e-01
1.439954053592604755e-01
1.536643392904148975e-01
1.666358992536565164e-01
1.754210698216491782e-01
1.808323018526278858e-01
1.836104955242021664e-01
1.774128229042228888e-01
1.722731480530359516e-01
1.670661341563937086e-01
1.692511495243222974e-01
1.706053818118664633e-01
1.713028329088197577e-01
1.702626597551653020e-01
1.703279852320833676e-01
1.773167322097239929e-01
1.828277850562127771e-01
1.870158059530984129e-01
1.972035900192938840e-01
2.122050750196875502e-01
2.238532713134300245e-01
2.325666603461398196e-01
2.387901965963650230e-01
2.447056927046744601e-01
2.557543459628142113e-01
2.639764322085877968e-01
2.697817643404889498e-01
2.806125849362126612e-01
2.885430809964766308e-01
3.009964909411539935e-01
3.101498194015850363e-01
3.234022999684786903e-01
3.354588220238907681e-01
3.442113829380104573e-01
3.501849710854165743e-01
3.538956615399280192e-01
3.626628951586092775e-01
3.688186771836319267e-01
3.728352730951969285e-01
3.751538258102034007e-01
3.761701398123908913e-01
3.857000222654545230e-01
3.996214982425791984e-01
4.102508045391204394e-01
4.180244425776422634e-01
4.233992233009127304e-01
4.268205851664452766e-01
4.317561988660552075e-01
4.416793541311438975e-01
4.556473594405978655e-01
4.661605551449652385e-01
4.737193314504877240e-01
4.788290047378964687e-01
4.819696698726134709e-01
4.900281826277774755e-01
5.055858496698009130e-01
5.174190957688786785e-01
5.260400167236540803e-01
5.319737082962006092e-01
5.357259865624195427e-01
5.314888295870063839e-01
5.270653153138713520e-01
5.227434557163133100e-01
5.187212996288630418e-01
5.151222913423882943e-01
5.120103904485076018e-01
5.094041794319947858e-01
5.008056381124195156e-01
4.937999176370790888e-01
4.882865234781028629e-01
4.740560340158632702e-01
4.628714675724066030e-01
4.477043532300395423e-01
4.360393862011249233e-01
4.243693407871937939e-01
4.159595828319819777e-01
4.034773123593287103e-01
3.943673164797898423e-01
3.880765645259214303e-01
3.840743842811735753e-01
3.723515887418700210e-01
3.638027496137887784e-01
3.510563218342783731e-01
3.416699695057172637e-01
3.351138521595895536e-01
3.239504708625091656e-01
3.158476900995397241e-01
3.103157605666060359e-01
3.068752341906719749e-01
2.958778500523842059e-01
2.878615151821930507e-01
2.823263671524964824e-01
2.787975465691796551e-01
2.698326868419727020e-01
2.633328988200380749e-01
2.518267926094619469e-01
2.432468407553594059e-01
2.283609111654194557e-01
2.172460501256314735e-01
2.022127040116044050e-01
1.839586466004277110e-01
1.702885228528610018e-01
1.605319828573941177e-01
1.540148689789893055e-01
1.428924470562564775e-01
1.350849950170975866e-01
1.227562030427573614e-01
1.138990474337124859e-01
1.079376859544989298e-01
9.630547164977398822e-02
8.081782659606795427e-02
6.995085510363807657e-02
5.462253455332333196e-02
3.624476353662609007e-02
1.546446073833185331e-02
7.594836555524508981e-05
-1.076984407867409566e-02
-2.509827604121062095e-02
-4.233759679976212276e-02
-6.192827066897632626e-02
-7.618853991424678895e-02
-9.314602436654806361e-02
-1.051753557441923448e-01
-1.131540870909775176e-01
-1.250061419361552240e-01
-1.411354637553092761e-01
-1.528448555264301234e-01
-1.596682725415325965e-01
-1.647751444741791804e-01
-1.746410153442641278e-01
-1.813969111483477725e-01
-1.927595933824393093e-01
-2.008144349232789949e-01
-2.132403432306895219e-01
-2.221590145868073130e-01
-2.281743320038631673e-01
-2.388818741340255070e-01
-2.464602781691975775e-01
-2.514752772754436094e-01
-2.544513788568685264e-01
-2.627865549671062340e-01
-2.686646132775591944e-01
-2.744691616480154917e-01
-2.783710691675360671e-01
-2.856383255747951821e-01
-2.907379113832115891e-01
-2.961586400566342814e-01
-2.998462447991740998e-01
-3.021230246301493949e-01
-3.054658332977775448e-01
-3.103829093848915477e-01
-4.105550421151764606e-01
-4.126790520398386786e-01
-4.181982584635501876e-01
-4.313429366939216525e-01
-4.517472115581686598e-01
-4.642699865135120341e-01
-4.803384599191447002e-01
-4.900561775545688725e-01
-5.034799027675351812e-01
-5.121812951991586704e-01
-5.215126204170128510e-01
-5.277433864057390345e-01
-5.353352086199059112e-01
-5.466057151484089438e-01
-5.546741282206537615e-01
-5.661336512218542172e-01
-5.781919693016979167e-01
-5.869387485418918748e-01
-5.928902566468288171e-01
-5.965557113012477375e-01
-6.043581304963042689e-01
-6.096920462001672592e-01
-6.130308136912642203e-01
-6.148097242789274386e-01
-6.195685379480873056e-01
-6.285924409754143349e-01
-6.352483111341032940e-01
-6.442226592044199007e-01
-6.565891655375597491e-01
-6.715081106007135814e-01
-6.871892238618518833e-01
-7.044316441420730435e-01
-7.219284142287275552e-01
-7.402246952994571139e-01
-7.637112496070275203e-01
-7.862588251442472753e-01
-8.079200957928652782e-01
-8.235531495780005207e-01
-8.442618647662658571e-01
-8.590775225197341269e-01
-8.790385963581619500e-01
-8.987891438073983830e-01
-9.172364596960158600e-01
-9.300858205123093692e-01
-9.441149812353984982e-01
-9.535839294007317779e-01
-9.552562697802339242e-01
-9.648065348799128582e-01
-9.770861958773614520e-01
-9.918508328196121715e-01
-1.008852211847282021e+00
-1.025315945650744576e+00
-1.043575227481426282e+00
-1.056860272904354137e+00
-1.076125564238320287e+00
-1.100109736990859011e+00
-1.117636857914632742e+00
-1.139619805289809884e+00
-1.158232800773295601e+00
-1.180406993579176333e+00
-1.195980549527041248e+00
-1.206306549019270591e+00
-1.219127926968992526e+00
-1.234244486812127395e+00
-1.247001703052486699e+00
-1.262139824288309731e+00
-1.272718693234863085e+00
-1.286278842531197508e+00
-1.295726814274728023e+00
-1.308577304876377578e+00
-1.317574088776058083e+00
-1.330254601112225377e+00
-1.340823208596531702e+00
-1.354792426116016024e+00
-1.364731697039219149e+00
-1.378259740661702759e+00
-1.394833582455876630e+00
-1.413933082040105704e+00
-1.429040720294899813e+00
-1.446554310060206072e+00
-1.459079579349894962e+00
-1.467501353964866473e+00
-1.479598473908108724e+00
-1.487880474949060616e+00
-1.499547779774347944e+00
-1.507726676477264993e+00
-1.513003316403253695e+00
-1.515949782131079004e+00
-1.517479541859589665e+00
-1.517613612407607393e+00
-1.523846184953772109e+00
-1.535442660073582211e+00
-1.544003033631929034e+00
-1.556969265357638132e+00
-1.566547984960499740e+00
-1.573410487750809716e+00
-1.584990896037013819e+00
-1.593495745593060509e+00
-1.606401537249519063e+00
-1.622914150475436745e+00
-1.642271366223013951e+00
-1.663770655469614335e+00
-1.685983884054427229e+00
-1.703119661838941257e+00
-1.722155915226047718e+00
-1.741474158492512636e+00
-1.763115983769587114e+00
-1.778783431584725294e+00
-1.796170372818326477e+00
-1.808300922379155962e+00
-1.817828399892294833e+00
-1.823748198212886695e+00
-1.826810980468487999e+00
-1.834419715330822598e+00
-1.839242368436012853e+00
-1.841861480042680466e+00
-1.842802303977976619e+00
-1.849232941001156760e+00
-1.853589711712957833e+00
-1.856276487022943567e+00
-1.857661825624223662e+00
-1.864715819800506491e+00
-1.871880485795959448e+00
-1.883762987983960802e+00
-1.892796548005596602e+00
-1.905959662272073807e+00
-1.915811303002764365e+00
-1.931807346155717919e+00
-1.943910337820299095e+00
-1.952643515318188694e+00
-1.958555586807939175e+00
-1.968662940183434573e+00
-1.982187053070862959e+00
-1.992016963949691410e+00
-1.998782436084388436e+00
-2.005994852457472444e+00
-2.017090410214343432e+00
-2.031313720406881629e+00
-2.044913444029683891e+00
-2.061040514297954651e+00
-2.079002968357302361e+00
-2.092175554033091078e+00
-2.107291703680405970e+00
-2.121575488574716672e+00
-2.137518806711082409e+00
-2.148891970798797679e+00
-2.160321506652669310e+00
-2.168126770353049348e+00
-2.172973346482461210e+00
-2.175486075820651344e+00
-2.166531062645678851e+00
-2.158066880903785734e+00
-2.150393841846947929e+00
-2.143678741402683663e+00
-2.137986393444216482e+00
-2.133307256998794532e+00
-2.127345641788555231e+00
-2.122570188084468068e+00
-2.118892699280479075e+00
-2.110041273153763441e+00
-2.099412112469175806e+00
-2.084957840148955022e+00
-2.070260756026966575e+00
-2.059181317559743540e+00
-2.047913297542939048e+00
-2.033618046303632632e+00
-2.023128050386194143e+00
-2.015805931210502333e+00
-2.011050656900395417e+00
-2.001983157403586233e+00
-1.995594413794401945e+00
-1.984991546940360063e+00
-1.974495654129663436e+00
-1.960540910508267620e+00
-1.941138148228446880e+00
-1.926571461244346306e+00
-1.916108603398410493e+00
-1.909029698490571914e+00
-1.898103295278924074e+00
-1.883850878328629630e+00
-1.866768293772175458e+00
-1.847321803091738879e+00
-1.825944613970250430e+00
-1.803033395018190710e+00
-1.785956176817238283e+00
-1.766862381593818032e+00
-1.746063214018282794e+00
-1.723864549458834938e+00
-1.706801297017337404e+00
-1.688072384963842598e+00
-1.667220463079905457e+00
-1.645583867343285212e+00
-1.623306831416996499e+00
-1.607556850855967667e+00
-1.589961361473039902e+00
-1.578049087635059688e+00
-1.563738402621885237e+00
-1.554180750750168150e+00
-1.541549014733059053e+00
-1.526262271382260227e+00
-1.508750773744188090e+00
-1.488880705680262651e+00
-1.474293435478456704e+00
-1.458101594002832124e+00
-1.440044912988261094e+00
-1.426277617529182029e+00
-1.416885529784645437e+00
-1.404247206283160798e+00
-1.395650763916797876e+00
-1.382236211287366956e+00
-1.359072613158140985e+00
-1.341685853178884669e+00
-1.322484144698675923e+00
-1.308694176619333627e+00
-1.292683983391984537e+00
-1.281562931023659591e+00
-1.272369987660767698e+00
-1.259929013921507357e+00
-1.242523130712350099e+00
-1.223170999739636722e+00
-1.209053133293026328e+00
-1.192767977988007155e+00
-1.174823820055469259e+00
-1.162117019821699682e+00
-1.144436616012123320e+00
-1.131803838847241117e+00
-1.117043090024264718e+00
-1.106847242425425204e+00
-1.094147323261019267e+00
-1.082291103727431203e+00
-1.068103319561214626e+00
-1.054717179099461610e+00
-1.048826611080303728e+00
-1.036097873106728962e+00
-1.021176263286712071e+00
-1.006795970990027378e+00
-9.906311641523009026e-01
-9.732289462240231170e-01
-9.567517235125120312e-01
-9.449544845261350634e-01
-9.370497882014380275e-01
-9.224569632149751675e-01
-9.120578968050399027e-01
-8.897538789216566935e-01
-8.731349389785876269e-01
-8.514534957527560843e-01
-8.303771247174533965e-01
-8.152349769787007316e-01
-8.049654679121114320e-01
-7.985878112247585259e-01
-7.903847193373210178e-01
-7.852963325165015496e-01
-7.826593397255247053e-01
-7.769063000721351253e-01
-7.733564176398496359e-01
-7.615365217741649762e-01
-7.479781079071269323e-01
-7.327723997522627153e-01
-7.214731191656822418e-01
-7.034762944702348531e-01
-6.900778545363763783e-01
-6.806000241929586192e-01
-6.743562254165518244e-01
-6.607092960615246202e-01
-6.552301761228224164e-01
-6.477814919216947631e-01
-6.429718477736975357e-01
-6.345270952916355345e-01
-6.286826238835360181e-01
-6.249688067777345868e-01
-6.229425956139413856e-01
-6.222035057498710442e-01
-6.224025546832703260e-01
-6.132356144338709791e-01
-6.004079852020011154e-01
-5.905285340507928638e-01
-5.832400070544802029e-01
-5.742237802013108183e-01
-5.617401255792213721e-01
-5.524604157738643995e-01
-5.459000777992428777e-01
-5.415776535634460043e-01
-5.390401056107969602e-01
-5.316905497912451928e-01
-5.264570073067074141e-01
-5.229857235896941958e-01
-5.146168213940098823e-01
-5.084496160109805984e-01
-5.041631386644636059e-01
-4.979145540605669495e-01
-4.871468872018136498e-01
-4.824839445116113623e-01
-4.729013897137852585e-01
-4.657642231704113289e-01
-4.607452524437050112e-01
-4.474469447089459706e-01
-4.374229282429846766e-01
-4.104896562295252682e-01
-3.707214548797421738e-01
-3.522961119577645572e-01
-3.208143315082576663e-01
-2.906841261098076501e-01
-2.686018614695733220e-01
-2.531735459594557369e-01
-2.431102375069189581e-01
-2.287665712541580021e-01
-2.208301037253612709e-01
-2.163745824246123828e-01
-2.061978139652482778e-01
-1.995455807491437472e-01
-1.956756864900583981e-01
-1.870363538978592199e-01
-1.824931115808743343e-01
-1.786884867179894254e-01
-1.709100217946202260e-01
-1.642902083442843164e-01
-1.528217203195931795e-01
-1.443999883872462142e-01
-1.314596549052735597e-01
-1.147819368623264058e-01
-1.022460804363181097e-01
-9.327016351155603680e-02
-8.008945680891743635e-02
-7.058770987172313660e-02
-6.415730655393070414e-02
-5.301440605994511834e-02
-4.511762364611238141e-02
-3.990266066198988604e-02
-3.683271418380074103e-02
-2.820518246855496791e-02
-2.212200754928117519e-02
-1.091182745792629305e-02
-2.689530556512220727e-03
1.024033868276519321e-02
2.701473346538607601e-02
4.648258148538131351e-02
6.091424592990990483e-02
7.165177355101826073e-02
8.608967575604675737e-02
1.035728532779656152e-01
1.234611666902463156e-01
1.380969217087351097e-01
1.483116517610008067e-01
1.619549709600871523e-01
1.784385535103409914e-01
1.902183838302970997e-01
1.981229259885464167e-01
2.029268498480525373e-01
2.137466104120453458e-01
2.213027236720825908e-01
2.331424035903220116e-01
2.415637798360563693e-01
2.541006873065372318e-01
2.649472997650950123e-01
2.795615155761823623e-01
2.902439917372898748e-01
2.976008887819392434e-01
3.091693303045328634e-01
3.241751321690449217e-01
3.350472688487879935e-01
3.424890681001848680e-01
3.496276605871388998e-01
3.609998575664510323e-01
3.717230389215131492e-01
3.861482900539883190e-01
3.967314975127143040e-01
4.108029018590650949e-01
4.306530543450954873e-01
4.455218317675153639e-01
4.660219110375003471e-01
4.778400846884807152e-01
4.956351540490775420e-01
5.148788416292107151e-01
5.287081804494146997e-01
5.481239019258279388e-01
5.621482074258139505e-01
5.716839378617930567e-01
5.877598218757568160e-01
5.991900320513999789e-01
6.127966207512990371e-01
6.264431251206269424e-01
6.418781503004631350e-01
6.527683204138019502e-01
6.702447832859197430e-01
6.828855009869203574e-01
6.971301136621083083e-01
7.069982595406354431e-01
7.133339096199251550e-01
7.168998506591421904e-01
7.183636117443187308e-01
7.182938133876000109e-01
7.219472484229100262e-01
7.240668741692742882e-01
7.304600382536093894e-01
7.349551335417223719e-01
7.481970285418201305e-01
7.583151802629454208e-01
7.657266850626021082e-01
7.811683267372280248e-01
7.980874599755171106e-01
8.159863274177782122e-01
8.347352963231547962e-01
8.535724113290228399e-01
8.673293741040529747e-01
8.870934628354048002e-01
9.059674060133277029e-01
9.194002852816589577e-01
9.284170120088486300e-01
9.296910037605148336e-01
9.290658421803688061e-01
9.271426020194154516e-01
9.244097627428723429e-01
9.212524226948015649e-01
9.179632889120411532e-01
9.147548010697827969e-01
9.073194044202064212e-01
9.009403303870680002e-01
8.956467270963210936e-01
8.914007669433702263e-01
8.881184800183636874e-01
8.799871786773018068e-01
8.689286749899371998e-01
8.602606123061781185e-01
8.537296657191372207e-01
8.435034039477055101e-01
8.358895868878549740e-01
8.250967981450633149e-01
8.122072430998472647e-01
8.128627258440864756e-01
8.143907217937558229e-01
8.164448935513779482e-01
8.187574248674341915e-01
8.161502946256601332e-01
8.092877878855975204e-01
8.039306288398798683e-01
7.893443754273830049e-01
7.725255701375197681e-01
7.540694613759784115e-01
7.398396025172991886e-01
7.293445937763954889e-01
7.170626519417713229e-01
7.083873418454884607e-01
6.921554286046875948e-01
6.744554201946280081e-01
6.567924597770952166e-01
6.439924217852497357e-01
6.292567827244414103e-01
6.187820173081435282e-01
6.075992177063075372e-01
6.000873480173752883e-01
5.894152160569415821e-01
5.820761973455698124e-01
5.774471508324844349e-01
5.709711090773279540e-01
5.607068241695614130e-01
5.534112293890005585e-01
5.485642659660374676e-01
5.418977158539557415e-01
5.312374181427226283e-01
5.171684290440534681e-01
5.066173825718893742e-01
4.990869335549381614e-01
4.841485139164833917e-01
4.632686265018217675e-01
4.475658755193672178e-01
4.362586769364362738e-01
4.249733357377010190e-01
4.074793386470285661e-01
3.946005145311239914e-01
3.761105775353692504e-01
3.626515736637252463e-01
3.465368762904201816e-01
3.350300263544898627e-01
3.204071788844269353e-01
3.100687260126258060e-01
3.032778613390862965e-01
2.922758306998507472e-01
2.847143994755765295e-01
2.779339041100892249e-01
2.667206060980715776e-01
2.588555220936807899e-01
2.466167321977692506e-01
2.306772956455347412e-01
2.172839232147940614e-01
2.006788067095708339e-01
1.885895821596319522e-01
1.731007383334994820e-01
1.619472668256705106e-01
1.472011797667114319e-01
1.366466055601738283e-01
1.295702563896685700e-01
1.180469551698362096e-01
1.092056579924864934e-01
1.041916631381178959e-01
9.415051604473645419e-02
7.923990829532523428e-02
6.112005649193497092e-02
4.047050999693380113e-02
2.511135926927043904e-02
7.013166537297443881e-03
-6.086571802427220845e-03
-2.222794244920045514e-02
-3.369244869804344233e-02
-4.849038944458228251e-02
-5.889284568490849026e-02
-7.286200997319158823e-02
-8.265140971593676333e-02
-8.902191714235607733e-02
-9.268027049321903021e-02
-1.021355272704445039e-01
-1.159206882897605428e-01
-1.323041859159128641e-01
-1.453215521219171080e-01
-1.617712124165897603e-01
-1.725395746053592916e-01
-1.797079569328319248e-01
-1.924253653578149592e-01
-2.000350301379183460e-01
-2.047984281510735194e-01
-2.158205191405737633e-01
-2.290298091130300584e-01
-2.401874280661810968e-01
-2.480703580308765144e-01
-2.532522657044409264e-01
-2.631732972713163310e-01
-2.701574037222398417e-01
-2.747315848404598970e-01
-2.773884504779062787e-01
-2.785709680375565434e-01
-2.806398117552433291e-01
-2.815967559458425473e-01
-2.886723744052392959e-01
-2.869444171492743223e-01
-2.848936600119325036e-01
-2.897317138491275479e-01
-2.981586200601513692e-01
-3.023068313303005628e-01
-3.808700465907728372e-01
-4.427206264665677349e-01
-4.490329708650542262e-01
-4.581427852660793221e-01
-4.598387992520569512e-01
-4.697029560640586521e-01
-4.756034195060314662e-01
-4.833296562980513578e-01
-4.883099143702094302e-01
-4.953270415619348555e-01
-5.069731452629870905e-01
-5.190771218202478998e-01
-5.279756746802699574e-01
-5.342984664490759705e-01
-5.385306638242368660e-01
-5.510765478449679566e-01
-5.605181393273028778e-01
-5.672812371678208621e-01
-5.717986652989529572e-01
-5.806393875485558187e-01
-5.869041470835488772e-01
-5.970788393951422801e-01
-6.043892850862355726e-01
-6.134891328514865405e-01
-6.258702962117591584e-01
-6.349666448455396628e-01
-6.470462875303389927e-01
-6.557586514010549372e-01
-6.660873722313830347e-01
-6.734539046037092413e-01
-6.839117935552228023e-01
-6.958929210490280015e-01
-7.092956679233676232e-01
-7.240338062055036161e-01
-7.405008748783288297e-01
-7.577501534664499161e-01
-7.810969765078198401e-01
-8.039640022250529316e-01
-8.207717978260036240e-01
-8.379864866131088164e-01
-8.501070878751162407e-01
-8.572423864775101654e-01
-8.610630215566501544e-01
-8.624226149685746412e-01
-8.620275747065317962e-01
-8.604487551526804889e-01
-8.573993280205146617e-01
-8.541610823305246791e-01
-8.562901236511883951e-01
-8.529432856866140389e-01
-8.497861268294194526e-01
-8.469244206551488352e-01
-8.444185631911059753e-01
-8.422932701346296236e-01
-8.357081904637150283e-01
-8.357101274766857157e-01
-8.408255126034902549e-01
-8.507226602581196007e-01
-8.589240560840883942e-01
-8.654825578758704729e-01
-8.810975006246489771e-01
-9.039970675147033230e-01
-9.219833677979765163e-01
-9.460221700097343200e-01
-9.642893469692530584e-01
-9.878744326238061424e-01
-1.005330403429372188e+00
-1.027736375177217276e+00
-1.047629969989167575e+00
-1.071344335392554248e+00
-1.088323085097353093e+00
-1.106167699462490717e+00
-1.118580226021776980e+00
-1.132990775083927204e+00
-1.149299374505828641e+00
-1.167377009317176029e+00
-1.189758163566316362e+00
-1.212861818132982661e+00
-1.229761435845187822e+00
-1.248283833510209551e+00
-1.268295072397935375e+00
-1.289640087956285486e+00
-1.314035751532249829e+00
-1.331613170543490599e+00
-1.352286285651384423e+00
-1.366614742901474777e+00
-1.382957124381614111e+00
-1.401126652993451183e+00
-1.413748036175822564e+00
-1.429028998222658497e+00
-1.447552608876235825e+00
-1.460528144570737652e+00
-1.476139655048324562e+00
-1.494569501071698614e+00
-1.514551777214786510e+00
-1.535795307297881385e+00
-1.551029941707762427e+00
-1.568346841542850756e+00
-1.587175129070519386e+00
-1.600394415738556120e+00
-1.609357219502469238e+00
-1.621681176604616637e+00
-1.630017178767253494e+00
-1.642053032978910698e+00
-1.650315662486775192e+00
-1.662448921784788647e+00
-1.677839603709326388e+00
-1.688942904828825808e+00
-1.696473070853906639e+00
-1.694187497149191035e+00
-1.690903407087022359e+00
-1.680903873286945460e+00
-1.671734254761116034e+00
-1.663640715377864288e+00
-1.657361845792885813e+00
-1.652116893200415548e+00
-1.640059561014969525e+00
-1.630440185106562634e+00
-1.615766394499863923e+00
-1.604621612382901796e+00
-1.588721284908148457e+00
-1.569399252373947951e+00
-1.547326321119794068e+00
-1.530454203215156017e+00
-1.510792194230142771e+00
-1.496319839467914914e+00
-1.471573611597692066e+00
-1.453159228496517352e+00
-1.431831497399352005e+00
-1.416285661773067472e+00
-1.398303272990971680e+00
-1.378359746461701452e+00
-1.356925549921319751e+00
-1.334438157264082658e+00
-1.318408129773474435e+00
-1.298621067121747297e+00
-1.277527420079517251e+00
-1.255525865400964003e+00
-1.237513202210920316e+00
-1.218052967221197491e+00
-1.197524303646705590e+00
-1.176290491481355449e+00
-1.158457834786569496e+00
-1.139437246529856118e+00
-1.116336127541388112e+00
-1.096286723970415711e+00
-1.075431333022936364e+00
-1.054157244572371477e+00
-1.028938760529532370e+00
-1.004391173461661069e+00
-9.807827576025880401e-01
-9.582620612992392983e-01
-9.325287631089133056e-01
-9.143341955245161135e-01
-8.920099470345870252e-01
-8.708326100789850477e-01
-8.460794801780384677e-01
-8.232329663003885578e-01
-7.973022811226518902e-01
-7.739161934872799131e-01
-7.525940681880828320e-01
-7.331360655959064943e-01
-7.199693851620661000e-01
-7.117917977234784477e-01
-7.074712118799151295e-01
-7.060423275382023967e-01
-7.013980858825962228e-01
-6.991136340593117060e-01
-6.986118530490903478e-01
-6.939705305356488330e-01
-6.856069895014588189e-01
-6.694160476165139650e-01
-6.569660301121117429e-01
-6.419907707896346238e-01
-6.308007182554908887e-01
-6.125667867195898619e-01
-5.989629612296688554e-01
-5.790593339253827798e-01
-5.643940633093889048e-01
-5.478462390575580265e-01
-5.360026606556465012e-01
-5.280807463602679164e-01
-5.168541170597544809e-01
-5.055860213358212008e-01
-4.914438205624545031e-01
-4.813977437256926617e-01
-4.713579583484408531e-01
-4.647280715054435962e-01
-4.542009520504250997e-01
-4.274666514386147309e-01
-3.749283374768406230e-01
-3.343260765110800392e-01
-2.972238552049601967e-01
-2.699433383654750163e-01
-2.508227559562907771e-01
-2.314308197864489713e-01
-2.169488568309898557e-01
-2.079973496766649443e-01
-1.964579847416276781e-01
-1.893447033857602602e-01
-1.787988315964867958e-01
-1.789559365091428766e-01
-1.739922212932678569e-01
-1.644794171878616318e-01
-1.579950629887039160e-01
-1.480261282408004142e-01
-1.328789105067560428e-01
-1.216776327003650238e-01
-1.067080526448744848e-01
-9.578201261039431813e-02
-8.826632622378283166e-02
-8.353213232269229849e-02
-7.380942681155167051e-02
-6.705358799198535280e-02
-6.272597704290339138e-02
-5.311804960526922414e-02
-4.595628334261192549e-02
-3.433803243062083510e-02
-1.850650791546959439e-02
3.363699855778445880e-04
1.439972572202141698e-02
3.149010332047286198e-02
5.134645022814599002e-02
7.325340608336672332e-02
8.956167210955756630e-02
1.081876390098699403e-01
1.295696789334610521e-01
1.453005720071902651e-01
1.621928538076007342e-01
1.738590559649075828e-01
1.883369821112930165e-01
2.051469101648717430e-01
2.168968174391381343e-01
2.245485534131674843e-01
2.289736647014530835e-01
2.309367118375116323e-01
2.327147797300348486e-01
2.329333423893973354e-01
2.320372823358887171e-01
2.304016334140466249e-01
2.283316994811139811e-01
2.330955385703248339e-01
2.365680768704072623e-01
2.389557775735986489e-01
2.474552091045230107e-01
2.539577691698122752e-01
2.656586113883914191e-01
2.745956752491971464e-01
2.831438100815877323e-01
2.963001085728285133e-01
3.131101913337945852e-01
3.258662898478417169e-01
3.351307889393573269e-01
3.414808319755542332e-01
3.454712279081346704e-01
3.476112981262948765e-01
3.483519239076540153e-01
3.480798892408498713e-01
3.538347987164407460e-01
3.579135324089703918e-01
3.631461881667041869e-01
3.735626944280452388e-01
3.814936937950823559e-01
3.872678117038961254e-01
4.006706615009381078e-01
4.109541115861776728e-01
4.281366544510567529e-01
4.413518830316158770e-01
4.576644240277203401e-01
4.697362889136202924e-01
4.782076319397625674e-01
4.901928999141940135e-01
4.985861114589802412e-01
5.139537610675610768e-01
5.252216173625579021e-01
5.430393876465651193e-01
5.624635615413553502e-01
5.767640068047207302e-01
5.968481378638810231e-01
6.116080645479847755e-01
6.277728892236766889e-01
6.448835931951568678e-01
6.568918708835973508e-01
6.647839955500053355e-01
6.738685347966349992e-01
6.797144169516408096e-01
6.829888900903285931e-01
6.832561024257195470e-01
6.879039816831883369e-01
6.907116081575359612e-01
6.920713876489088534e-01
6.970734236886032553e-01
7.061594302375273635e-01
7.128833063667906478e-01
7.225136124627001832e-01
7.296610701052033132e-01
7.397534945422518105e-01
7.476489693412690096e-01
7.582841087729645935e-01
7.660472733625658392e-01
7.767901413003778233e-01
7.844959673586598958e-01
7.949383039983493049e-01
8.023255939041601392e-01
8.125727248598472174e-01
8.249287848542524726e-01
8.393201771057211547e-01
8.547974947220575714e-01
8.716962454379014735e-01
8.888209479017435966e-01
8.956068318526366756e-01
9.051951691248362186e-01
9.159952449086069537e-01
9.233819207319008404e-01
9.280471073026611561e-01
9.305986043895808635e-01
9.372544811426843925e-01
9.417433375598982526e-01
9.544270730515844736e-01
9.598434307108232311e-01
9.833288758541585128e-01
1.001640207027123308e+00
1.021502514759513591e+00
1.046328426616260021e+00
1.071377593340494094e+00
1.093455775343878056e+00
1.118948933611123131e+00
1.143890451720082746e+00
1.161877598279196899e+00
1.183417757045711616e+00
1.198507765489142063e+00
1.208381423969994817e+00
1.223165540777398697e+00
1.239664270971868820e+00
1.251102133285505902e+00
1.265097208127524908e+00
1.274689801683974721e+00
1.280709598945781735e+00
1.290667392724870410e+00
1.297301245000203274e+00
1.308087242646122528e+00
1.322485772917882496e+00
1.332984707555897597e+00
1.347182612720172923e+00
1.364524455130047720e+00
1.384467612467970676e+00
1.406498449546658813e+00
1.422879662721436622e+00
1.434400886955405685e+00
1.442833823371264090e+00
1.455039030334693173e+00
1.470465146398874712e+00
1.481997392304154282e+00
1.489598697907458913e+00
1.501207013033489357e+00
1.509566465250547385e+00
1.521445737349807370e+00
1.530067259800188095e+00
1.542595475154259876e+00
1.558359088391764402e+00
1.569856275321799499e+00
1.577816041857942997e+00
1.589782486636833081e+00
1.598242735257725089e+00
1.603827739184560564e+00
1.613985989748157213e+00
1.621126615425980022e+00
1.632656367182401036e+00
1.640964017870154779e+00
1.639727034439046882e+00
1.630695390312055348e+00
1.622736096961945096e+00
1.608567561975742466e+00
1.596539052780000967e+00
1.586667250489607550e+00
1.578844896727325864e+00
1.565782306413048053e+00
1.555625790888313320e+00
1.540937029819396065e+00
1.529461826094662635e+00
1.520972483720348656e+00
1.507834506545760567e+00
1.498635819762280219e+00
1.491781620615108217e+00
1.480763799256503477e+00
1.472948999377644563e+00
1.460680780783930599e+00
1.451832872502497374e+00
1.437874904127136810e+00
1.427547240108112847e+00
1.421369427300032573e+00
1.416509103238184242e+00
1.406638482864423390e+00
1.398382441475918503e+00
1.392627514167692482e+00
1.381816191657370130e+00
1.373943048404823175e+00
1.361419269175157876e+00
1.352237802337675321e+00
1.338786460750444718e+00
1.321931721090298106e+00
1.302499222025584880e+00
1.288116318771453717e+00
1.277966030653511664e+00
1.271264684658188315e+00
1.258327116935530565e+00
1.249071101387095428e+00
1.242879433891860730e+00
1.239158706405627308e+00
1.228145270664751765e+00
1.220173162647196552e+00
1.205332342411348012e+00
1.194178023104995878e+00
1.179374255013081907e+00
1.165611424525816009e+00
1.148759491978721181e+00
1.129596757075061131e+00
1.108862423680715859e+00
1.083751757255052794e+00
1.065122558780928319e+00
1.045571829456779511e+00
1.025518042993232237e+00
1.005308538060108781e+00
9.872421339263585116e-01
9.746842419230257182e-01
9.725476825079703014e-01
9.687256898031584296e-01
9.714640052515143287e-01
9.752401376553553325e-01
9.754257294099588638e-01
9.703761605564851234e-01
9.669993818774135219e-01
9.649720530537337915e-01
