-2.807792496680399097e-01
-2.778480702721999318e-01
-2.666413315728470845e-01
-2.580465067550503644e-01
-2.517152086845020342e-01
-2.400067845998641314e-01
-2.311772501403726032e-01
-2.248152916558092684e-01
-2.205039931563983480e-01
-2.178454125832960386e-01
-2.091536782185736687e-01
-1.939434841050142744e-01
-1.823943166435084695e-01
-1.666695256728496499e-01
-1.548870437303695446e-01
-1.391293670095001822e-01
-1.274645400400173934e-01
-1.119013229428951206e-01
-1.005026855107877815e-01
-9.260882447661988870e-02
-8.016968624758780138e-02
-7.874433917085643664e-02
-7.895188761371896291e-02
-7.969442275690608035e-02
-7.391082651624403255e-02
-6.999004880960235653e-02
-6.706660854198109867e-02
-5.822917407305827631e-02
-5.172493193651073184e-02
-4.715301062040677671e-02
-3.704511378136055022e-02
-2.928051123736596928e-02
-2.394862920294715813e-02
-2.036833760786405101e-02
-1.806674107720396272e-02
-2.404891636628891938e-02
-2.959133950379611022e-02
-3.429626939233143545e-02
-3.831810449850081568e-02
-4.195182674633435305e-02
-4.461018347389300587e-02
-5.402722305675466963e-02
-6.165022362564154257e-02
-6.761141155491712240e-02
-7.860490475135861743e-02
-8.703682691934022664e-02
-9.391654836335749934e-02
-9.888788583711649594e-02
-1.022581002596472111e-01
-1.043278908865385990e-01
-1.053775583092959600e-01
-1.056580873311649960e-01
-1.053863395413887627e-01
-1.047435002839587348e-01
-1.038759501504002980e-01
-1.028978085304095291e-01
-1.018945067754946088e-01
-9.384010923683105965e-02
-8.715096295921376246e-02
-8.119018453716275729e-02
-7.658990288542155689e-02
-6.617376395293428359e-02
-5.806027118124479358e-02
-5.195946416749452901e-02
-4.061497448953677036e-02
-3.196454748126109635e-02
-2.563564169790466529e-02
-1.440164309978686497e-02
-5.891734618071575724e-03
7.315988406716655845e-03
2.437426012870269609e-02
3.735118214242505452e-02
6.100440767568948708e-02
8.616384534006726881e-02
1.114132873280853087e-01
1.368629881199043830e-01
1.553542543763599681e-01
1.681265906173661229e-01
1.775353248993005728e-01
1.887385936647574258e-01
1.972870458331406063e-01
2.025214607110212839e-01
2.051600300541791544e-01
2.058407663767207740e-01
2.119397857230844728e-01
2.173579000222511937e-01
2.276997496719448399e-01
2.352494399104436695e-01
2.404330954493101302e-01
2.488228252174775612e-01
2.614384209686670957e-01
2.725439273800613904e-01
2.805868616375115643e-01
2.793317315561691938e-01
2.772241068904452987e-01
2.746300542158817137e-01
2.699490291917800988e-01
2.589169047876673790e-01
2.496345989709753965e-01
2.420521433994156091e-01
2.292688123497630404e-01
2.191159349814622015e-01
2.045010482110800609e-01
1.931606572500137453e-01
1.778167808161525976e-01
1.661583846971792511e-01
1.507444656076615264e-01
1.382772825772848879e-01
1.303574084752265883e-01
1.251708384950098729e-01
1.151695892478430405e-01
1.010761427042525806e-01
8.360443058169320096e-02
7.052770270705965849e-02
6.122551090935868245e-02
4.760063855365048724e-02
3.070944805562647595e-02
1.859680676624364537e-02
1.042732206573826481e-02
-1.680812632402828299e-03
-1.011152166660278517e-02
-2.237451597915196544e-02
-3.099359608237683972e-02
-4.345079021819509002e-02
-4.584488676211950775e-02
-5.298546422785244125e-02
-5.766272829827645552e-02
-6.080373454346399420e-02
-6.196866582900528719e-02
-6.245467683028382844e-02
-5.520380884243092368e-02
-4.857814132357951564e-02
-4.274340348168825798e-02
-3.102887098282858247e-02
-2.112209473790604974e-02
-1.335289573119768924e-02
-7.336190027164235516e-03
-2.862473346596283719e-03
2.271981632060438017e-04
2.219398099345681885e-03
1.048618808845014350e-02
1.678759007239216672e-02
2.137651079286495559e-02
3.191919363735373771e-02
3.278159137404634826e-02
4.005350517383132747e-02
3.810189511368622384e-02
2.849403271098038815e-02
1.275290065166223563e-02
-7.708063309615820202e-03
-2.409742153501026607e-02
-3.674208372800125133e-02
-5.335276228441054869e-02
-6.586296268695845946e-02
-7.489952008592060118e-02
-8.754894938353130485e-02
-9.656551552311620767e-02
-1.095744185504343715e-01
-1.258008691894278996e-01
-1.377201945368413671e-01
-1.470767255550546881e-01
-1.602890326402315324e-01
-1.766814748094072129e-01
-1.955817510001620629e-01
-2.095719991336035815e-01
-2.261812480970211148e-01
-2.381179628482945621e-01
-2.461870215094044134e-01
-2.578409308793543353e-01
-2.658240861598231142e-01
-2.727027446869958460e-01
-2.769745059590369429e-01
-2.811241273675708641e-01
-2.833869873046230836e-01
-2.841808614162695257e-01
-2.838874082127154086e-01
-2.918453268508716114e-01
-3.047580406826262411e-01
-3.146578364091909830e-01
-3.288434263849322470e-01
-3.463476475673452626e-01
-3.594709519853320767e-01
-3.729727704540550803e-01
-3.890400821688653199e-01
-4.005429246950595878e-01
-4.147281164076876969e-01
-4.247238847496741521e-01
-4.342381106197263918e-01
-4.377265378632049231e-01
-4.359299207336695403e-01
-4.332642038783780514e-01
-4.237906618844251572e-01
-4.152093716954465830e-01
-4.012248396130722039e-01
-3.894805709199173904e-01
-3.826188820861404771e-01
-3.705339758155623553e-01
-3.651793984007680738e-01
-3.614722947837394340e-01
-3.523001804702063922e-01
-3.429749143253930654e-01
-3.361531912494652996e-01
-3.290997052047432980e-01
-3.175365988014962060e-01
-3.022853415810538014e-01
-2.907754159179041231e-01
-2.824484973573651025e-01
-2.700188507493950230e-01
-2.523825027108372865e-01
-2.392134349550483208e-01
-2.230475010150858584e-01
-2.111987436319699984e-01
-1.961576683670585020e-01
-1.784282106662657963e-01
-1.573909148399039726e-01
-1.350591362628563719e-01
-1.186373619514335953e-01
-1.071694739526387607e-01
-9.973493530998589485e-02
-9.615048882421928234e-02
-9.486626896776351181e-02
-9.527763477633266476e-02
-9.686475791574733485e-02
-9.919604496068279431e-02
-1.089686449929154755e-01
-1.175962098681027079e-01
-1.249628478875262072e-01
-1.319898122013509756e-01
-1.377072820150906374e-01
-1.411773995923260028e-01
-1.447148306564101095e-01
-1.472927492106550496e-01
-1.501404060451134725e-01
-1.521550815100529697e-01
-1.534681646881050909e-01
-1.542131502506416396e-01
-1.471567235541695329e-01
-1.410839215726731322e-01
-1.211787281018541496e-01
-1.049045114435398496e-01
-8.393974171747231594e-02
-6.775391271472286370e-02
-5.571942860429057731e-02
-3.953105628865927201e-02
-2.054912432693245528e-02
5.792702020928075513e-04
2.313987063913947040e-02
4.656471121182637063e-02
7.054635860913971435e-02
8.794653004885444325e-02
9.996643613490330260e-02
1.153053520653559705e-01
1.259887788539200137e-01
1.337854075850402058e-01
1.464792488730928266e-01
1.482920143221406750e-01
1.564496688476062491e-01
1.618399104038372727e-01
1.649295478743821874e-01
1.661948756629583190e-01
1.660886131764320872e-01
1.650163687983963179e-01
1.557306150911763609e-01
1.474610473770490149e-01
1.403582610810290010e-01
1.258392553396552316e-01
1.142092934823235595e-01
1.059870069349664323e-01
9.148882189850504609e-02
8.099527581093823869e-02
6.509158604502873757e-02
4.556736682148154749e-02
3.078892766573582129e-02
2.021634312672260236e-02
5.246057437568785176e-03
-1.317779500861382402e-02
-2.692075128648419025e-02
-3.664326526269090500e-02
-5.066280599555939013e-02
-6.826352497585652657e-02
-8.048961667711074242e-02
-8.871120321525882702e-02
-1.012382035454133522e-01
-1.098925469922713560e-01
-1.228348013719673393e-01
-1.319429481809819560e-01
-1.463485572684586344e-01
-1.642342945978763069e-01
-1.761731716200944931e-01
-1.915730945767861737e-01
-2.112751957605407682e-01
-2.402603917789873922e-01
-2.621529671343103551e-01
-2.850549703786442457e-01
-3.085467251483324791e-01
-3.322782429519526293e-01
-3.559705162463508987e-01
-3.887442101091485025e-01
-4.100704479754049281e-01
-4.339584227757744550e-01
-4.571070474728040622e-01
-4.762639885848614085e-01
-4.890005977944729132e-01
-5.027376294060226236e-01
-5.115001290501404174e-01
-5.164410871611413434e-01
-5.126847341970290906e-01
-5.111908085325658213e-01
-5.086019681430051786e-01
-5.053666808139649635e-01
-5.051720695757426771e-01
-5.043633699386576019e-01
-5.127566296059840045e-01
-5.228715916377044692e-01
-5.407541277554275272e-01
-5.550348985952957559e-01
-5.659412412797328873e-01
-5.841566278955909741e-01
-5.938408991807795356e-01
-6.107197567491452483e-01
-6.127778351581719685e-01
-6.129881002017601999e-01
-6.119108051645207880e-01
-6.100020047198182471e-01
-6.015533448692648166e-01
-5.939774568631186469e-01
-5.874145367735645884e-01
-5.819081186842295361e-01
-5.774316165165067627e-01
-5.739109816033391986e-01
-5.712432173371583266e-01
-5.630378419775099452e-01
-5.565489432870787123e-01
-5.452078629177941060e-01
-5.363047330023189563e-01
-5.230309388000042858e-01
-5.127627181058338479e-01
-5.014806800600553061e-01
-4.865238005483496497e-01
-4.684904282462178937e-01
-4.514774022628573746e-01
-4.390305173209996248e-01
-4.234783853652996921e-01
-4.052569763060662744e-01
-3.847592451343937459e-01
-3.766958900591683701e-01
-3.647357871469865120e-01
-3.565819658074016463e-01
-3.488868058289835705e-01
-3.369539794584763825e-01
-3.286491303482736992e-01
-3.232970211409440520e-01
-3.130054066370733246e-01
-3.035054905868086461e-01
-2.897805476370249878e-01
-2.725200756710881578e-01
-2.596911727714368290e-01
-2.487505044356046469e-01
-2.340516614499259518e-01
-2.162042566640178798e-01
-2.031046017430591100e-01
-1.939824782821391036e-01
-1.880988813380961577e-01
-1.774055540130228259e-01
-1.699920627291264807e-01
-1.578344100543416229e-01
-1.405943384790386830e-01
-1.288646722929993604e-01
-1.197467098652518214e-01
-1.071450702872192018e-01
-9.060207583298418577e-02
-7.778803535262479585e-02
-6.889001803789174261e-02
-5.567871490527065426e-02
-4.634858891828819161e-02
-3.272283510646434301e-02
-1.552401446362861037e-02
4.556984845551337315e-03
1.941259003445261477e-02
3.759695987425026864e-02
5.091976149894339443e-02
6.009929232963107104e-02
6.586905349030724999e-02
7.656111693542255736e-02
9.144510104245351378e-02
1.097578779715142616e-01
1.231713608343005806e-01
1.400317585219004179e-01
1.521185151532853386e-01
1.677621668567033097e-01
1.788254885567650554e-01
1.861376955376778941e-01
1.904682382211058123e-01
1.925041558679165821e-01
1.928401551789056256e-01
1.919768842245022089e-01
1.977300870473353012e-01
1.942654261560696760e-01
1.906799757542259055e-01
1.871983523287592543e-01
1.839719931779355555e-01
1.810932817201760248e-01
1.799618048803470760e-01
1.776210946060658991e-01
1.756971575620434045e-01
1.741647515500528431e-01
1.729854247359996489e-01
1.721137208195862023e-01
1.715017984781419536e-01
1.711027215062730367e-01
1.708726684820811581e-01
1.707722887637759257e-01
1.707674032921731033e-01
1.708292188377138476e-01
1.709341955908394439e-01
1.697850544755366009e-01
1.701563434525110718e-01
1.766032155463670428e-01
1.818367525773116888e-01
1.932162324314992130e-01
2.078976218195873749e-01
2.262543317871812398e-01
2.420470658125404295e-01
2.609623703090202529e-01
2.841614365920643870e-01
3.019814805426974669e-01
3.196869178298749059e-01
3.323940044915856262e-01
3.476715022464975657e-01
3.608791416412289177e-01
3.766444471241046088e-01
3.944068081528471215e-01
4.099849037508898064e-01
4.210568336113305055e-01
4.348548167455195124e-01
4.444328423905532510e-01
4.505664909213720204e-01
4.635411925455528159e-01
4.791186029395912982e-01
4.903632184659219018e-01
5.077201978957655015e-01
5.240409587686392090e-01
5.359335176058486194e-01
5.541192212182250998e-01
5.714819991930768506e-01
5.903866456074534641e-01
6.145286414280844989e-01
6.324598199677210486e-01
6.450407203621237873e-01
6.531875613939671643e-01
6.684195973906047472e-01
6.790191707770337759e-01
6.858114653098307256e-01
6.847824405028007932e-01
6.823515520862517558e-01
6.744164170342097364e-01
6.612166180898101375e-01
6.453769721628290768e-01
6.323520259021415679e-01
6.177230470093155734e-01
6.063391710998827788e-01
5.977446708490564697e-01
5.914945414609503738e-01
5.871723776330183275e-01
5.843999130622192784e-01
5.828415297805464856e-01
5.822056757068021504e-01
5.725184395224661715e-01
5.650936132293515879e-01
5.596235364708765925e-01
5.498188823305953932e-01
5.423974629824086513e-01
5.370379431316465446e-01
5.334065427633483125e-01
5.275991973397704538e-01
5.174627135770957231e-01
5.098730963402806626e-01
5.044566001936694466e-01
5.008384266713170607e-01
4.924363047518722780e-01
4.829512936056306049e-01
4.760203360078676393e-01
4.712187782765109301e-01
4.681421398320919636e-01
4.601430020520442810e-01
4.512297732759915636e-01
4.447594822826930194e-01
4.340055598519765301e-01
4.260147698312133357e-01
4.203662296784067554e-01
4.166452353291281163e-01
4.144626236816484344e-01
4.134669403620057082e-01
4.069350895554759706e-01
4.021666885563188742e-01
3.961703920327150907e-01
3.881154179083541322e-01
3.794947539335480347e-01
3.731762882772602374e-01
3.687873068162703660e-01
3.594243995222239363e-01
3.524752162635751418e-01
3.386235856217223450e-01
3.281707021177071582e-01
3.140016175517330588e-01
3.034244283520635133e-01
2.872446980893925694e-01
2.752724692932873030e-01
2.668258101637108748e-01
2.546001356208988931e-01
2.475470513461734967e-01
2.346107906495236151e-01
2.268062325975843674e-01
2.132805955455965297e-01
1.965882006187871234e-01
1.773115748950657711e-01
1.629289452357494117e-01
1.516731474460797369e-01
1.382417209048256712e-01
1.287781548155690903e-01
1.225968220511033380e-01
1.190408938494682545e-01
1.175097089752710211e-01
1.104453065121802080e-01
1.056971453087784951e-01
9.575798319621298127e-02
8.855166701659955564e-02
8.304766355277726220e-02
7.254820676142625935e-02
5.794928185499492734e-02
4.705168147489624531e-02
3.928244224768895343e-02
3.408378138514445155e-02
2.415204786578972751e-02
9.921902803086579681e-03
-7.779751943800761183e-03
-2.800782270485968617e-02
-4.312600823286172336e-02
-5.391137041969340515e-02
-6.808015781999787741e-02
-7.810644147690015693e-02
-8.473641161557043944e-02
-8.866295257752665471e-02
-9.741216192770774107e-02
-1.033453828682577846e-01
-1.070115269974001304e-01
-1.089092587671987022e-01
-1.094769352877753565e-01
-1.090887092546841686e-01
-1.088076539864075709e-01
-1.149586452650899204e-01
-1.125466886312120884e-01
-1.170553661907511867e-01
-1.203684052712810093e-01
-1.297071611099747113e-01
-1.369262017904249173e-01
-1.492984215183037477e-01
-1.657651941285793740e-01
-1.853380214689293037e-01
-2.002596044586846258e-01
-2.165174636550140086e-01
-2.282606801789630602e-01
-2.446194300614779049e-01
-2.565653236328995224e-01
-2.714435151185545791e-01
-2.840086362126634789e-01
-2.994497555016062407e-01
-3.105983130999974140e-01
-3.181573048900252498e-01
-3.293723841421549725e-01
-3.459481171124836330e-01
-3.581555671137037766e-01
-3.666505992607866915e-01
-3.785965842475789156e-01
-3.869069150659847356e-01
-3.922508480905042560e-01
-3.952509793690890394e-01
-3.964635645883309856e-01
-3.963692056697483146e-01
-3.889286099947835140e-01
-3.820581145832877557e-01
-3.759496195493312598e-01
-3.641432211230928306e-01
-3.543576160130852415e-01
-3.441273056159521726e-01
-3.295830934312293792e-01
-3.182490652064136061e-01
-3.030711531198475583e-01
-2.914925379726125421e-01
-2.743886394148942198e-01
-2.615973084040148500e-01
-2.457301711519683796e-01
-2.273246125306271903e-01
-2.136629700208820815e-01
-1.972085044498161910e-01
-1.784145280597984051e-01
-1.646184959164476158e-01
-1.470920555228376614e-01
-1.277129009615540767e-01
-1.068394059494324200e-01
-9.233939876339336550e-02
-7.537525199755457095e-02
-5.631161095139569639e-02
-3.527477541465651178e-02
-2.022112916611629174e-02
-3.104406169071705079e-03
1.585857336477425328e-02
4.352446127973452761e-02
7.070691169809761867e-02
9.736191717091347009e-02
1.242495778636820702e-01
1.506260799285716878e-01
1.763869808342999335e-01
2.014749878043369247e-01
2.190828575767465036e-01
2.373532015374810733e-01
2.562201214717398923e-01
2.774726722384548427e-01
2.990042555121359413e-01
3.228370780300942045e-01
3.441377427930378818e-01
3.612452110856174681e-01
3.727018886529767094e-01
3.796047188208486745e-01
3.894203930746384934e-01
3.889438938079226027e-01
3.866482927936119030e-01
3.831989287858690307e-01
3.791235357548476959e-01
3.748253488253456833e-01
3.640282410148747427e-01
3.546563811476788342e-01
3.401066576005420394e-01
3.281781218357464613e-01
3.187299076793994601e-01
3.115261882281274985e-01
2.994395562544862610e-01
2.949952946332481396e-01
2.922291347842411735e-01
2.839899708949722434e-01
2.779805758799236415e-01
2.651918818644187770e-01
2.555936175271591448e-01
2.486852755193960096e-01
2.372620819370452327e-01
2.288379990775293304e-01
2.161733877823490690e-01
2.067791597418426885e-01
1.920128973538899331e-01
1.811130443585062810e-01
1.666754663005511894e-01
1.561124518393377514e-01
1.487893305465521898e-01
1.440989654492303984e-01
1.414843576964139871e-01
1.336470244747220981e-01
1.281958800471973969e-01
1.178579114645446069e-01
1.102948465628470487e-01
1.050707424329364592e-01
1.017566344359239761e-01
9.995133503340736247e-02
9.929448474856594764e-02
9.256993791906120705e-02
8.767093124680669369e-02
7.737796514389594371e-02
6.958662800931914028e-02
5.004715337828002930e-02
3.458617961501864180e-02
1.625203321948220925e-02
-4.272816213645835859e-03
-2.640218255207527065e-02
-4.312860763833503697e-02
-5.515736476022126134e-02
-7.014364148214635719e-02
-8.070892952437125345e-02
-9.451796952169178034e-02
-1.041532011817654091e-01
-1.172516409835002715e-01
-1.263703921926750962e-01
-1.390960380143986264e-01
-1.548088148869688485e-01
-1.728964551477663036e-01
-1.860434201651881558e-01
-1.950829787629488887e-01
-1.940862972865426972e-01
-1.930392223375261285e-01
-1.908977391714286043e-01
-1.812257441489979470e-01
-1.736332697196478758e-01
-1.597720439465504239e-01
-1.480062136077680002e-01
-1.373807467009333649e-01
-1.281573386663881209e-01
-1.142191740221967233e-01
-1.035881082210252657e-01
-9.578753564112441055e-02
-8.338160946456341094e-02
-7.418324984623914098e-02
-6.768219745069958826e-02
-5.645149844633112757e-02
-4.130793906606267107e-02
-2.996318341526782447e-02
-7.961143245563961912e-03
8.829060605861638322e-03
3.475606973604183914e-02
6.098354799649507996e-02
8.777528425796554679e-02
1.145101337835394695e-01
1.409327902637707020e-01
1.601092303579594311e-01
1.812191799827045369e-01
2.029144291439994863e-01
2.249841098120517469e-01
2.405297234912193716e-01
2.591699562792695311e-01
2.788282664920453957e-01
2.992312497785762915e-01
3.201169484456880543e-01
3.370030063280977650e-01
3.550512196452142444e-01
3.739841540518100693e-01
3.870806353819902235e-01
4.018567334850904338e-01
4.116754421042170264e-01
4.267200673562681068e-01
4.371002930647693852e-01
4.529821276181356104e-01
4.704942103136122711e-01
4.924462680301466833e-01
5.147125612853424848e-01
5.368662005425490769e-01
5.622764247160938478e-01
5.807705104191546175e-01
5.934985990843908432e-01
5.958232125052568273e-01
5.897365152742002348e-01
5.828168798975663645e-01
5.756703462524550563e-01
5.627305472040542433e-01
5.475683398433690563e-01
5.348870204747062651e-01
5.184288509506838061e-01
5.052521907426652525e-01
4.950779069683779454e-01
4.875446841958575028e-01
4.856019183683673024e-01
4.848845253440225989e-01
4.850721309570966699e-01
4.858875800259188082e-01
4.935470782324378192e-01
5.065837528936216749e-01
5.173223931715742463e-01
5.321096709804034042e-01
5.497876786168525154e-01
5.671999344622333794e-01
5.805507655510762088e-01
6.002159870419319088e-01
6.209391718486005907e-01
6.406411211966976937e-01
6.608880176652891514e-01
6.856300950806111238e-01
7.139843613521834609e-01
7.403734360305292972e-01
7.595266698705543940e-01
7.825714210269661963e-01
8.039770876364809027e-01
8.238972851554970944e-01
8.428670859792950498e-01
8.613345732452790671e-01
8.787143059598216954e-01
9.016078361648536266e-01
9.225887236049965523e-01
9.431260683571087711e-01
9.676081274206210781e-01
9.891672077480982983e-01
1.010133147431398148e+00
1.034509101915357165e+00
1.055302327818143926e+00
1.075650327145205365e+00
1.092865028236659874e+00
1.107331174002986973e+00
1.116781557396096414e+00
1.119156069866636738e+00
1.118988348894737195e+00
1.113847579734055238e+00
1.108011995897631108e+00
1.101986904894768582e+00
1.096150493511824253e+00
1.090764246916825941e+00
1.079398546508361090e+00
1.069965806541026243e+00
1.055922104447320375e+00
1.041127616127522693e+00
1.033346550302218780e+00
1.017696821522013462e+00
1.005744798275715279e+00
9.868233497431272427e-01
9.724070024163141701e-01
9.618920866855827922e-01
9.443798432836839618e-01
9.269368753773535863e-01
9.081043018541165024e-01
8.942852095065781937e-01
8.742219414636084318e-01
8.595071024334494103e-01
8.387782273899326846e-01
8.236439080069984930e-01
8.078181605306400392e-01
7.917121772212661890e-01
7.751203316024180001e-01
7.633512626234192355e-01
7.504580794736197547e-01
7.362520216851776711e-01
7.157148067506674538e-01
6.948636648736613575e-01
6.855023123069254876e-01
6.798984160974904656e-01
6.712497690995820054e-01
6.658166769702307253e-01
6.582282310046778662e-01
6.534799422355713761e-01
6.569687429083482799e-01
6.609644523155294715e-01
6.591715674373481715e-01
6.642994407475093510e-01
6.585579382286026462e-01
6.497770289245310416e-01
6.372423137972728080e-01
6.232818586172802489e-01
6.067468048532388414e-01
5.900707994699029291e-01
5.715863100756918280e-01
5.477802434719352132e-01
5.235652374766879280e-01
5.018673074641819554e-01
4.861075728199637513e-01
4.752484117284874188e-01
4.588049456886043043e-01
4.442371801294417999e-01
4.279924064893514402e-01
4.137901165863040465e-01
4.041407958453140381e-01
3.917710696481186972e-01
3.769647144202203926e-01
3.639809303987009415e-01
3.486700685873997951e-01
3.313212599620471988e-01
3.187227940728831754e-01
3.035553176405925146e-01
2.861351229315773903e-01
2.667793677131553576e-01
2.441059035363910557e-01
2.274705847569080674e-01
2.091196847058933717e-01
1.892860103560900509e-01
1.670371761748801198e-01
1.442528111818610626e-01
1.210581665297563170e-01
1.044413009966755901e-01
8.578458943559263972e-02
6.619362362130543076e-02
3.898391943360324241e-02
5.554078757779024045e-03
-2.618102550703826914e-02
-4.962971466098520246e-02
-7.287533071836316267e-02
-9.592871136324276904e-02
-1.187916275317730808e-01
-1.414599664340767671e-01
-1.639261038960615480e-01
-1.874569435111745896e-01
-2.108088882783445417e-01
-2.355088254843362705e-01
-2.598742533662798948e-01
-2.857464619278984319e-01
-3.131846907939992430e-01
-3.330372215354127086e-01
-3.556968265451083688e-01
-3.783476127422815694e-01
-3.940459201979367165e-01
-4.107269666730264390e-01
-4.252167086030131937e-01
-4.407322440956147336e-01
-4.539932122723964181e-01
-4.559967579458223952e-01
-4.554810446155359571e-01
-4.471195023282885650e-01
-4.417819733149135342e-01
-4.300450472162347104e-01
-4.167311205600772173e-01
-4.054646257848784074e-01
-3.897974405890418659e-01
-3.771270003141318217e-01
-3.672232213746386975e-01
-3.597781151569581226e-01
-3.478618782579814273e-01
-3.299152477094389191e-01
-3.161989674306255882e-01
-2.994662536109631290e-01
-2.850240793599934097e-01
-2.680199787371291276e-01
-2.556128344843895395e-01
-2.403245530513131722e-01
-2.293436393377672466e-01
-2.151765658900774980e-01
-1.969289189535157192e-01
-1.849308112302086027e-01
-1.687164591184828755e-01
-1.571441584455328666e-01
-1.357575770636381129e-01
-1.198900682490131597e-01
-1.018397757220745881e-01
-8.198479505469569162e-02
-6.759151534641971715e-02
-5.085280967140048958e-02
-3.213606427890014494e-02
-1.180711642996845612e-02
9.784855626396860018e-03
3.926508268317618899e-02
6.810548110530034727e-02
8.922342306566699577e-02
1.107518966368752356e-01
1.335010245137100426e-01
1.496595481063223154e-01
1.672393037761135126e-01
1.860363897401497990e-01
1.989655753682986195e-01
2.071255700054466242e-01
2.046753458451131547e-01
2.006198136273904531e-01
1.956548087463139129e-01
1.903160232929990148e-01
1.863036744731529915e-01
1.740297797766561239e-01
1.635234740265618658e-01
1.548102321938615855e-01
1.478096893311737769e-01
1.423729864724472272e-01
1.312828395233511802e-01
1.226417281176319651e-01
1.161653226370271685e-01
1.037426464974666729e-01
8.739563154280816093e-02
7.496490936839306229e-02
5.892115857771962339e-02
3.280672854994315379e-02
6.130215780435710471e-03
-1.397299165919640984e-02
-3.551665649036750416e-02
-5.124720626753664909e-02
-6.898946419073692660e-02
-8.838592227855546213e-02
-1.022199767140909987e-01
-1.114563549597902270e-01
-1.170069258373758192e-01
-1.196981968636197102e-01
-1.202546594600850671e-01
-1.192927591376002905e-01
-1.241977477049431844e-01
-1.341087243478991109e-01
-1.413015280530418583e-01
-1.541128680431238518e-01
-1.694430094094812045e-01
-1.876250780808248475e-01
-2.079082232532505348e-01
-2.229932607716502702e-01
-2.485737165986807717e-01
-2.679135816849587126e-01
-2.884394572118615940e-01
-3.032579011975440331e-01
-3.219432764608323172e-01
-3.417930684587779933e-01
-3.560219327007945189e-01
-3.719552461838691038e-01
-3.892280167942836488e-01
-4.039274295953050320e-01
-4.140036070396337919e-01
-4.327428208605859083e-01
-4.490897864972591691e-01
-4.667405316583315145e-01
-4.884787008362851957e-01
-5.103555516296589545e-01
-5.320101337702272115e-01
-5.509595841560506191e-01
-5.642644310174620426e-01
-5.729245389185861903e-01
-5.778839511166373732e-01
-5.799968672643314171e-01
-5.742430909149106588e-01
-5.680242101846391112e-01
-5.618057724716707391e-01
-5.499833399540410284e-01
-5.397045688722206247e-01
-5.275200629373566485e-01
-5.176947461437853004e-01
-5.100276927088338574e-01
-5.042620603375673749e-01
-4.940085028298939474e-01
-4.861841265762729680e-01
-4.804705831588882425e-01
-4.765327763095923430e-01
-4.678071615122927351e-01
-4.582124386351387191e-01
-4.448850516950018097e-01
-4.318927811891710711e-01
-4.160322693639335601e-01
-4.041822369148966310e-01
-3.893476233843078393e-01
-3.694813294793573011e-01
-3.481918236230363561e-01
-3.235764840743433624e-01
-3.053004342197371823e-01
-2.858064622776965713e-01
-2.652463677621932359e-01
-2.504129567310600102e-01
-2.336823317313154735e-01
-2.152577123656866931e-01
-2.021415656474436773e-01
-1.934445745832893415e-01
-1.814714226363469685e-01
-1.654418506760830798e-01
-1.473351311241053452e-01
-1.275130283683132415e-01
-1.063093954427853927e-01
-8.402709673080233088e-02
-6.785487967646597340e-02
-4.323915360181973533e-02
-2.481461306804622069e-02
-5.088762780643074635e-03
1.581792615135602098e-02
3.056116381723894548e-02
4.754385750743161942e-02
5.886623923667699820e-02
7.335455817157843228e-02
8.960816890947209679e-02
1.077302619239444148e-01
1.204370480681660194e-01
1.365676241466058372e-01
1.537378706255949634e-01
1.668732479399421820e-01
1.825745941865977162e-01
2.003869301909930734e-01
2.198516238651904153e-01
2.337862421134435653e-01
2.498809053650858925e-01
2.610451516926493021e-01
2.748597770688474551e-01
2.862149920928485081e-01
2.937694248415900766e-01
2.915841696812262462e-01
2.881830960707030265e-01
2.841031041600341478e-01
2.797611391281189519e-01
2.686493026631229242e-01
2.503510356664593317e-01
2.352820870273044651e-01
2.232570406267524454e-01
2.071055404345545359e-01
1.945941982245904533e-01
1.783611372247666527e-01
1.660838846962937598e-01
1.502522239968646645e-01
1.385116769748939713e-01
1.232414315876078081e-01
1.120915039909415878e-01
9.736184067845665702e-02
7.909298863926306211e-02
6.579131316948694241e-02
4.263328436052860049e-02
1.829623963040716284e-02
-6.370425856460526504e-03
-2.431285256035353726e-02
-3.697876772673036605e-02
-5.212523018889902993e-02
-6.941045829238157161e-02
-8.160674850999782848e-02
-8.961041189797436246e-02
-1.011403784607345369e-01
-1.157017672834461663e-01
-1.259246775977980182e-01
-1.394305651559482051e-01
-1.556586569891664773e-01
-1.672754085939112123e-01
-1.818452492433002554e-01
-1.920956094909218592e-01
-2.055193588273502847e-01
-2.148856269801668883e-01
-2.291382748182944074e-01
-2.460382833332266372e-01
-2.583565580117181959e-01
-2.734468335867783484e-01
-2.907400912968323148e-01
-3.052335720638981176e-01
-3.220021556293426457e-01
-3.340171879605242644e-01
-3.485646813930445287e-01
-3.587054017605459943e-01
-3.741619506682742902e-01
-3.916103104909183230e-01
-4.041838586401229616e-01
-4.189998006550064158e-01
-4.355573475430554176e-01
-4.502198669004324749e-01
-4.666124654180510145e-01
-4.782224617834689440e-01
-4.891139560588015911e-01
-4.963668933657348070e-01
-5.006729582015392310e-01
-5.026775269159071691e-01
-5.029588681785706061e-01
-5.020165964191107832e-01
-5.002675774678480014e-01
-4.980475429578403723e-01
-4.956167749539028833e-01
-4.931683899821721617e-01
-4.908379774395466022e-01
-4.825105299878922338e-01
-4.755343161606300217e-01
-4.667020041843947809e-01
-4.534681506453004385e-01
-4.366804822826002574e-01
-4.234834932691482479e-01
-4.106882746688551578e-01
-4.012876154894287062e-01
-3.947170229206027336e-01
-3.840255632250533235e-01
-3.737702722887434881e-01
-3.601155171709526925e-01
-3.436241279732814569e-01
-3.313091190502062133e-01
-3.138750869421389478e-01
-3.010558188378607003e-01
-2.855501716086332742e-01
-2.677667669940011486e-01
-2.480830192533229894e-01
-2.268455873548458346e-01
-2.111424736301246163e-01
-1.933532992707225340e-01
-1.725840189129008717e-01
-1.508171251931256229e-01
-1.282696197886901146e-01
-1.120063942260600687e-01
-9.409011647420073565e-02
-7.473665846765009668e-02
-5.417229081180074957e-02
-3.262255703832739329e-02
-1.030372078580543693e-02
5.638387876031991652e-03
3.039695348501325611e-02
4.821829659295051584e-02
7.422832021758241083e-02
9.994070396546161916e-02
1.252314790053670190e-01
1.500257867085388330e-01
1.675088045033816808e-01
1.870594157521545675e-01
2.073163868056251413e-01
2.213681250999910421e-01
2.303497371280860406e-01
2.420613521131880219e-01
2.494703554066726170e-01
2.534973187580926712e-01
2.549585301398282766e-01
2.545556752637994080e-01
2.528747898626144686e-01
2.436528865614455697e-01
2.368385449562622203e-01
2.221924811555151535e-01
2.098920393236556325e-01
1.998879453549855523e-01
1.851005054403613848e-01
1.734592503350453896e-01
1.646360758614116016e-01
1.512676512594832712e-01
1.402034250524437642e-01
1.322551197436658832e-01
1.277516140707435355e-01
1.250898316435746782e-01
1.308390799051246667e-01
1.303253567463862339e-01
1.375652443483061926e-01
1.369337113839790288e-01
1.295124527506676948e-01
1.164141662910469499e-01
9.872300475145401322e-02
7.015466921909840892e-02
3.991166447218708058e-02
1.687933511412054166e-02
-1.479163326793453415e-02
-4.535085990368026287e-02
-7.459965050162620237e-02
-9.493435983549813884e-02
-1.092993054769673122e-01
-1.320992770594280330e-01
-1.482215655004555099e-01
-1.656779719411753948e-01
-1.909624961003457688e-01
-2.158593343859418479e-01
-2.402594439691683181e-01
-2.658530435248558366e-01
-2.907958755169923748e-01
-3.085978220765601687e-01
-3.268964415443189608e-01
-3.415287762701328944e-01
-3.598649466740126979e-01
-3.816432672510856605e-01
-4.101905946812827164e-01
-4.375221041009538236e-01
-4.665163778157099816e-01
-4.936823837366679513e-01
-5.223876941985110545e-01
-5.488532362589537694e-01
-5.731346577062993441e-01
-5.935617386551944596e-01
-6.072762884986261378e-01
-6.155999841967714215e-01
-6.141042083375750638e-01
-6.065011065735814721e-01
-6.022606169773064844e-01
-5.934050691156648183e-01
-5.850792208820928542e-01
-5.775608006484691526e-01
-5.747492233864756050e-01
-5.780642838090532809e-01
-5.806673614177002563e-01
-5.826368833397472802e-01
-5.898296169855693494e-01
-5.954727037822257207e-01
-6.093217357636682152e-01
-6.202497546391814165e-01
-6.285728373652309520e-01
-6.401629464347773357e-01
-6.529414376263803499e-01
-6.679402602518637044e-01
-6.791538869958453351e-01
-6.915074318579081947e-01
-6.952204947229631005e-01
-7.068545642636346882e-01
-7.199842015417763363e-01
-7.344961276423751517e-01
-7.506429079417111794e-01
-7.727849097950297841e-01
-7.997286847076532368e-01
-8.250123540679714651e-01
-8.536267712100751304e-01
-8.791682762509793747e-01
-9.071678401092295729e-01
-9.271988360677336782e-01
-9.463781179297130475e-01
-9.691085752102682749e-01
-9.946708953541957277e-01
-1.022364927103375454e+00
-1.042220633832275922e+00
-1.061611507538272825e+00
-1.078099289657481030e+00
-1.094943581374726138e+00
-1.115360725839015243e+00
-1.135752265088022295e+00
-1.159025194501097200e+00
-1.175613240140043647e+00
-1.192981464659659707e+00
-1.211210213799027269e+00
-1.232593906354337632e+00
-1.247773237024861537e+00
-1.257846036348834406e+00
-1.268293411832516870e+00
-1.274879626029794100e+00
-1.280358907933428103e+00
-1.289695274790932489e+00
-1.302434198375557850e+00
-1.318111906005955181e+00
-1.337882627094497456e+00
-1.352396628618144137e+00
-1.369260449891401610e+00
-1.389349730071499422e+00
-1.403830810693458053e+00
-1.420432481312484674e+00
-1.432099790133119388e+00
-1.446483808620064204e+00
-1.463209941182353813e+00
-1.481904401827803142e+00
-1.494892964837911897e+00
-1.510647167281597314e+00
-1.529055134167454533e+00
-1.542009740410980267e+00
-1.557738946806018321e+00
-1.568811936348441405e+00
-1.576016837616257549e+00
-1.580121511053088401e+00
-1.581757700337913075e+00
-1.581721470420586195e+00
-1.580393061562498813e+00
-1.578365392219719832e+00
-1.575854696341620453e+00
-1.573217937624680429e+00
-1.570586900022595378e+00
-1.568117148548540341e+00
-1.565869345947069613e+00
-1.563896453454461710e+00
-1.562220242391304525e+00
-1.560840364046266693e+00
-1.552702749192231391e+00
-1.546097167059839128e+00
-1.540911444798495067e+00
-1.536990928621386088e+00
-1.527117857736979722e+00
-1.519446049690220457e+00
-1.506684784227243723e+00
-1.496873140887835740e+00
-1.482628860349703315e+00
-1.471852435801685788e+00
-1.457087429214239283e+00
-1.439165201524122750e+00
-1.419899322911134076e+00
-1.404611738979647750e+00
-1.386841147330762025e+00
-1.372551019366886393e+00
-1.348826378784932833e+00
-1.322602418428775017e+00
-1.296063218730411748e+00
-1.276380366755313300e+00
-1.249201441338400276e+00
-1.229419625031352270e+00
-1.209280182390474190e+00
-1.188965404730320197e+00
-1.168631184749830521e+00
-1.145602099289467324e+00
-1.123091722882872734e+00
-1.098143514846521507e+00
-1.074252125841164140e+00
-1.054029344318209827e+00
-1.039990399455737347e+00
-1.031019252214850468e+00
-1.012987256536488356e+00
-9.943295069404404218e-01
-9.714597187704259174e-01
-9.491087661268735598e-01
-9.233668157111080133e-01
-8.992028119644317474e-01
-8.767545843954139828e-01
-8.515002061885964535e-01
-8.239385043813577392e-01
-8.042062045744104992e-01
-7.860762330291448663e-01
-7.689219969672331789e-01
-7.475087689242977396e-01
-7.218762416818064187e-01
-6.874488053731474535e-01
-6.555592358664509289e-01
-6.215517371581295025e-01
-5.862486862098710283e-01
-5.566704728480913467e-01
-5.235114690859450359e-01
-4.963160059254312362e-01
-4.680566985467049523e-01
-4.356291782359462683e-01
-4.097446974687959376e-01
-3.857029704398198255e-01
-3.602937229332405789e-01
-3.339559063740933365e-01
-3.138092740854911966e-01
-2.942094216609030255e-01
-2.813910036050226715e-01
-2.671921496138098817e-01
-2.515228180343904718e-01
-2.343754106113149493e-01
-2.158047991542113575e-01
-1.890191703130186252e-01
-1.621693563242749825e-01
-1.344214679169841720e-01
-1.073391660744029696e-01
-8.088008273354718725e-02
-5.460135431651091942e-02
-2.922467835900799393e-02
2.391479215800407232e-03
3.210599617978515674e-02
5.322738527831649691e-02
8.110451567930776484e-02
1.145014876574821372e-01
1.395742393589234354e-01
1.638726122437461630e-01
1.874932685644126185e-01
2.105203652941352033e-01
2.397471293745236931e-01
2.671629610903856200e-01
2.883027252162744247e-01
3.091776680954190226e-01
3.232780573462294971e-01
3.384453359638253112e-01
3.481348326264939175e-01
3.559190764754394110e-01
3.534890400713039948e-01
3.427392874198880168e-01
3.388176335308974441e-01
3.367622103214211737e-01
3.341486597888492227e-01
3.381436680174700893e-01
3.340222763974212139e-01
3.301024905287635036e-01
3.265373203554169379e-01
3.234143730761191993e-01
3.277368639385542792e-01
3.288811075039648202e-01
3.297046264680703054e-01
3.302656972623703169e-01
3.306176873173358732e-01
3.398901216730578767e-01
3.473926331495718056e-01
3.532688153358738425e-01
3.577029702837331016e-01
3.675882259436962229e-01
3.751906100070057093e-01
3.901184176233734036e-01
4.083270927520725735e-01
4.223508694793687290e-01
4.391935055972051583e-01
4.612188286938569970e-01
4.904783074496208428e-01
5.186809739933941898e-01
5.490759090917107788e-01
5.715910444148740721e-01
5.971413704731279859e-01
6.212290791399038836e-01
6.479137412967201914e-01
6.724896674586418044e-01
6.941215392630711856e-01
7.188517907293190401e-01
7.462073183628999962e-01
7.659523933893721548e-01
7.793449014930888818e-01
7.925269130243908222e-01
8.059196288907199968e-01
8.246742541854927833e-01
8.432575429015333190e-01
8.666195002054800645e-01
8.938652083897832279e-01
9.196580761282142635e-01
9.546567033208496200e-01
9.849865828267569956e-01
1.010611308053030344e+00
1.034403249280035908e+00
1.054233594602312696e+00
1.067163084548811813e+00
1.084371614238945902e+00
1.095609595166352701e+00
1.098993436352442066e+00
1.093152446986805248e+00
1.086413889182717973e+00
1.069800249109830403e+00
1.058519086778006324e+00
1.045256293619830412e+00
1.028025578124009520e+00
1.014045635171047177e+00
9.932751725574213708e-01
9.768999239818449976e-01
9.545622825488047081e-01
9.373733291590465866e-01
9.190276200925113770e-01
9.056414536875398991e-01
8.919500540993313686e-01
8.768526941667588170e-01
8.661900143414766884e-01
8.491688097686868053e-01
8.368674109175134879e-01
8.284954806537714322e-01
8.130072506839801649e-01
7.972104696454985762e-01
7.859263207828258713e-01
7.733631801768380276e-01
7.546736433361557195e-01
7.361606448005667547e-01
7.227843669607005861e-01
7.083637692660598173e-01
6.982636475436165835e-01
7.016440049736314410e-01
7.060857288659992959e-01
7.064425730249540569e-01
7.023490593797745429e-01
6.997979474446222037e-01
6.984601191379988805e-01
6.980408385266535509e-01
6.982851528737621383e-01
6.944411093708936500e-01
6.862932656072106008e-01
6.756276349640153445e-01
6.675000485980135956e-01
6.560245155302470987e-01
6.431272789460230621e-01
6.278696949270993199e-01
6.106197324762431267e-01
5.935820124273978315e-01
5.751297711068633634e-01
5.614031848603140418e-01
5.420744949433504711e-01
5.218144398819746232e-01
5.007223893681420623e-01
4.818874764136213962e-01
4.622266556015659500e-01
4.387617042696927427e-01
4.217464339379286553e-01
4.100918017334429511e-01
4.055189265510283914e-01
4.102799630223508132e-01
4.159716301681852801e-01
4.220143242528100469e-01
4.279833269759125702e-01
4.335853080454334929e-01
4.322048032730239076e-01
4.283808266935469344e-01
4.190836484824027597e-01
4.024996842477628345e-01
3.894777740254875553e-01
3.705373616039238094e-01
3.585217016311275096e-01
3.497739756264579558e-01
3.348578837732378854e-01
3.238670882883090130e-01
3.095596775768314490e-01
2.991147074319708832e-01
2.852341568914811276e-01
2.665912266565100275e-01
2.528104932652672776e-01
2.363908351712644684e-01
2.245201559045943984e-01
2.096595844602264780e-01
1.922478021956648409e-01
1.727086384054867807e-01
1.572659023984770421e-01
1.475746489144111884e-01
1.345090770958650150e-01
1.246125280445735672e-01
1.113583857592548298e-01
9.525763021144717513e-02
7.680244284538706445e-02
5.645391850422520896e-02
3.439502520416670706e-02
1.157385037828451146e-02
-1.175657275131403168e-02
-3.539079802086386728e-02
-5.956695114626131549e-02
-7.714435787525086852e-02
-9.601370537412279305e-02
-1.159628025505208271e-01
-1.299503492143729844e-01
-1.458578659421052581e-01
-1.634083203004634832e-01
-1.699399076561447508e-01
-1.787698691429406850e-01
-1.840268451484223799e-01
-1.946243938094829318e-01
-2.017588143193982386e-01
-2.128975929223839714e-01
-2.205952566358881928e-01
-2.322712717539419103e-01
-2.472174000346447631e-01
-2.580360823784726421e-01
-2.720944120967965230e-01
-2.840503033905921182e-01
-2.924350295167674751e-01
-2.978704685308706246e-01
-3.009504406017269318e-01
-3.022173598265405214e-01
-3.021484190225558475e-01
-3.011492945224218953e-01
-2.995535609587902659e-01
-2.955791253685411402e-01
-2.939059372647909729e-01
-2.835444069953572122e-01
-2.768090801531084555e-01
-2.713006454492981057e-01
-2.583472913598039433e-01
-2.480676827717640531e-01
-2.334016349242558075e-01
-2.220370683922594512e-01
-2.135698650344091121e-01
-2.007274451216687350e-01
-1.842667257022179150e-01
-1.718055121653720985e-01
-1.547791576255410639e-01
-1.422331707297841419e-01
-1.265558346709441118e-01
-1.083086433484277133e-01
-9.490658321884182236e-02
-8.557235713875388505e-02
-7.955354058931485284e-02
-7.615535112783122784e-02
-6.785076615670626587e-02
-6.226828246318305560e-02
-5.194986032920811958e-02
-3.791489316814744548e-02
-2.740822329345959929e-02
-1.288266634690349299e-02
4.916851365644570038e-03
2.507399197118354017e-02
4.698169369169913345e-02
7.011726812069740689e-02
9.404256870971705595e-02
1.184000950150472242e-01
1.360591344697761329e-01
1.560633620313069958e-01
1.771387943739448634e-01
1.989844814904571102e-01
2.213234060006898929e-01
2.455962787190675289e-01
2.680422562454087831e-01
2.923275867512407089e-01
3.096647375784156164e-01
3.278245941762174542e-01
3.424531388748484062e-01
3.520682171280922201e-01
3.576458458096543058e-01
3.666598597006389681e-01
3.721465339323613009e-01
3.748836280512379826e-01
3.820841813763149464e-01
3.866013116413251627e-01
3.954732399350557870e-01
4.015423736696022150e-01
4.144965747089730534e-01
4.240555275513226974e-01
4.463260027916096107e-01
4.696460075501056597e-01
4.966287213915130394e-01
5.170547621879981737e-01
5.473513326303320881e-01
5.738156580410451735e-01
5.991027381076258207e-01
6.172947884248446426e-01
6.295937790520111932e-01
6.413257013978523879e-01
6.486736022697211501e-01
6.482677905927011208e-01
6.502441136721307524e-01
6.403289909094662669e-01
6.308217404136022832e-01
6.262673074725434441e-01
6.219271477142692683e-01
6.179694435143292530e-01
6.144930587474982664e-01
6.055807479918752234e-01
6.042340794910108226e-01
6.033198278194321640e-01
5.967314466247438665e-01
5.914859001801422433e-01
5.874644948674702105e-01
5.906268650990468272e-01
5.976780215974762944e-01
6.037137838397332867e-01
6.147477094309250489e-01
6.236312122807786684e-01
6.364403817655148732e-01
6.521117000623898319e-01
6.640748179671902562e-01
6.728869566028126137e-01
6.890576038907907375e-01
7.066280842683982932e-01
7.295923680376628084e-01
7.469419428915656800e-01
7.643451073889828695e-01
7.869445369719416661e-01
8.086619051241126233e-01
8.296137496693772873e-01
8.494665604140969606e-01
8.733562843632313166e-01
8.960871490943507212e-01
9.124881750864907159e-01
9.236085605183763647e-01
9.360985107320001219e-01
9.541443789721070212e-01
9.728039081460613247e-01
9.921433367517167312e-01
1.016021108631188108e+00
1.039754955154030380e+00
1.066974755606877157e+00
1.096677561190188444e+00
1.127929395977400162e+00
1.159921169435271349e+00
1.182767611596500235e+00
1.198179429471550428e+00
1.214296725679085309e+00
1.233660344145300458e+00
1.244529443123880696e+00
1.259785183967329303e+00
1.269907931140147772e+00
1.275946642989401969e+00
1.276804406581782736e+00
1.275675165595705041e+00
1.273196166574346755e+00
1.269892891414125646e+00
1.266182869079949036e+00
1.257748247354107729e+00
1.257160683809180890e+00
1.256419490999361122e+00
1.253401611365816182e+00
1.243981758961135498e+00
1.236198930048946876e+00
1.229971875663370851e+00
1.218442059765786123e+00
1.209419019013545427e+00
1.202611322527785020e+00
1.197699252861879504e+00
1.187771774050496942e+00
1.177655055347808011e+00
1.163531924179237231e+00
1.152817183278736834e+00
1.138580863289181622e+00
1.128040027498170783e+00
1.114268917438430817e+00
1.101099541266160386e+00
1.085287140328701216e+00
1.073698391425333520e+00
1.059512118652375268e+00
1.049396987857556862e+00
1.042617963327821418e+00
1.034943516107346362e+00
1.023922963533311137e+00
1.016149237609373035e+00
1.011044803011249105e+00
9.983776568462130463e-01
9.890789303898552820e-01
9.786935425065957928e-01
9.654037064404586976e-01
9.457625021513109687e-01
9.251957258046714649e-01
9.055411585938540897e-01
8.910377838552785423e-01
8.754126690648058595e-01
8.644815723818153330e-01
8.520255055487133689e-01
8.389543494790512312e-01
8.299342785571809378e-01
8.142038898922052681e-01
8.028842692302954331e-01
7.902001616251299598e-01
7.764594923969136975e-01
7.618767597433167005e-01
7.464542451821252200e-01
7.354078016458248657e-01
7.180333202278813554e-01
6.954580649637100986e-01
6.786963788964441857e-01
6.569722930158157226e-01
6.313188774399851599e-01
6.067048956415346250e-01
5.887231918140811704e-01
5.665881531965883955e-01
5.508216092514830464e-01
5.342601151740513643e-01
5.229301953211467069e-01
5.096811180256031193e-01
4.945581500004072595e-01
4.776502843520813446e-01
4.558577882106571444e-01
4.368709874673832871e-01
4.140781986793915515e-01
3.978356593802923058e-01
3.776998833582301263e-01
3.636608496251045874e-01
3.479313396331178421e-01
3.372275816572218865e-01
3.217086491660523517e-01
3.044262629244793850e-01
2.902415940672875561e-01
2.740969706576128484e-01
2.562129925301992461e-01
2.434662444457020847e-01
2.282717224323436156e-01
2.109198942462182647e-01
1.904007462284196261e-01
1.688153549772586359e-01
1.531624134745295240e-01
1.356580187734734988e-01
1.233679231382192043e-01
1.161521036865797996e-01
1.044937571411252986e-01
9.740729458323182932e-02
8.628609510887597089e-02
7.164749548902782372e-02
4.663416127587649562e-02
2.787287167547702893e-02
7.434665270717566443e-03
-1.419026244181220697e-02
-3.649069350874456497e-02
-5.965058664405864519e-02
-7.641598767235602274e-02
-9.472672613484367510e-02
-1.211644524135833123e-01
-1.405008605995183846e-01
-1.606850775018859867e-01
-1.747748431487969878e-01
-1.919382410744254752e-01
-2.091573183084598497e-01
-2.224345673337060347e-01
-2.311635807770495710e-01
-2.429615233380526540e-01
-2.573983413086902150e-01
-2.673564175421225819e-01
-2.736789942142734411e-01
-2.771423361442724165e-01
-2.784350083624915762e-01
-2.715057869641166466e-01
-2.646821708953461805e-01
-2.582915503532812185e-01
-2.525408418379746500e-01
-2.475410646665656689e-01
-2.365769655331404486e-01
-2.275895064495458975e-01
-2.204622018891608803e-01
-2.150132391345502825e-01
-2.041823000609488403e-01
-1.958076632462006916e-01
-1.895959267784963487e-01
-1.770778519165598919e-01
-1.688252152645026705e-01
-1.548960527182834390e-01
-1.444679934520884945e-01
-1.301321054936745991e-01
-1.126176634883357952e-01
-9.948773139959765643e-02
-8.319022998837066751e-02
-7.123904357029964274e-02
-5.601697063639021756e-02
-4.503295585306044124e-02
-3.063742740344621573e-02
-2.035678926712236603e-02
-6.530478712671650143e-03
1.025042237345274998e-02
2.940991370539758343e-02
5.040888363824791440e-02
7.275996393266370710e-02
9.603653181889537649e-02
1.198767288441975332e-01
1.439833388022293548e-01
1.613324456979352561e-01
1.811002327594355421e-01
2.018441472626273381e-01
2.165277624390202771e-01
2.329603344775537099e-01
2.508488452184556294e-01
2.717362561720448877e-01
2.867107764360670163e-01
3.121767609474530580e-01
3.287007711826197554e-01
3.421337026406692239e-01
3.509010128306584431e-01
3.559264396214385506e-01
3.580600450282662717e-01
3.580537990145369331e-01
3.498928097414002458e-01
3.419347814433726374e-01
3.345429242021817906e-01
3.279423560262662019e-01
3.222478815431575327e-01
3.174903369320227764e-01
3.136401603188179177e-01
3.106274349040962779e-01
3.015188834490407643e-01
2.942744598536277678e-01
2.798160823932973607e-01
2.598220254887537717e-01
2.444144532430863048e-01
2.261206353825808701e-01
2.055439579892706092e-01
1.887633311086278631e-01
1.699196300102918666e-01
1.504404100254737031e-01
1.282911917541504909e-01
1.051805795842419844e-01
8.137254574692631692e-02
5.669916769543870139e-02
3.212016787428417786e-02
7.696007321257525291e-03
-1.653315393092924523e-02
-3.377707440488664226e-02
-5.240624303284846519e-02
-7.213952370421305993e-02
-9.279485307970514185e-02
-1.141755839434974718e-01
-1.360854198254544123e-01
-1.583396582367022631e-01
-1.807727855190888189e-01
-2.046313027642425730e-01
-2.284335655322835557e-01
-2.520117108350672375e-01
-2.752391881088676051e-01
-2.980286003795957761e-01
-3.159718897803551751e-01
-3.345347990238634051e-01
-3.535778779684000117e-01
-3.729512636219201038e-01
-3.887965185586403916e-01
-4.056912226411699685e-01
-4.108618281463245481e-01
-4.128009698374328629e-01
-4.123700845913456092e-01
-4.166387905738571096e-01
-4.250123522268689502e-01
-4.334553470522455321e-01
-4.391865592499506477e-01
-4.427118416838706771e-01
-4.445042271853920646e-01
-4.449883292125127454e-01
-4.352558962342960580e-01
-4.202857016263989998e-01
-4.076536493612266110e-01
-3.973237590802418673e-01
-3.891463270011730202e-01
-3.829012480057703005e-01
-3.693177544877639384e-01
-3.588689865704159931e-01
-3.511335780731312806e-01
-3.391880435514804670e-01
-3.280517932611315413e-01
-3.199963447635774116e-01
-3.144755717273572948e-01
-3.045231574046489698e-01
-2.908309463091942604e-01
-2.787118840734634784e-01
-2.652417411230094668e-01
-2.553000694862370690e-01
-2.417154008242268226e-01
-2.235192592720236515e-01
-2.099910707757821626e-01
-1.869885974603253675e-01
-1.628656720601155961e-01
-1.448021128692726922e-01
-1.251033863465398355e-01
-1.033555926192459840e-01
-8.151649385695547423e-02
-5.882273678721228194e-02
-3.550293502200196905e-02
-1.176073056538107231e-02
1.222782452301984790e-02
3.631509138591515473e-02
6.684901053970793150e-02
9.568203482404746829e-02
1.237863728084245274e-01
1.438847645864962388e-01
1.641216462671619691e-01
1.790104658516262770e-01
1.953120207990726165e-01
2.061037891341848116e-01
2.192494946362104624e-01
2.344783505431105031e-01
2.514606783860444672e-01
2.717001254246220743e-01
2.928960903091071266e-01
3.146823942834047205e-01
3.324590679733534504e-01
3.513818632850591595e-01
3.646018956184704507e-01
3.731391162839294839e-01
3.779567152894331983e-01
3.799244545253612770e-01
3.798000579276570310e-01
3.716722596915682519e-01
3.637710647228507010e-01
3.564471262618609249e-01
3.499162335922625378e-01
3.442870352289839619e-01
3.395868793059690915e-01
3.290631733440712026e-01
3.205597431748836712e-01
3.117330711949957145e-01
3.050452245462182965e-01
2.934471403325573657e-01
2.759062131766483184e-01
2.557195043262565637e-01
2.402855637440446390e-01
2.221652923323229611e-01
2.018728898477224476e-01
1.854383440571436559e-01
1.737661271272865626e-01
1.591906410383363557e-01
1.421468952366125027e-01
1.298659031369304717e-01
1.147103223088927759e-01
9.711690589291732678e-02
7.751250617546334709e-02
4.905791071640885903e-02
2.101202568523419245e-02
-6.502480871863891565e-03
-3.344574043465686763e-02
-5.317696947287120501e-02
-7.363664227997634981e-02
-9.470678691226308565e-02
-1.162556763569184692e-01
-1.381489663857002892e-01
-1.534646908677179677e-01
-1.701855990404652630e-01
-1.813847919458344560e-01
-1.948975940578103749e-01
-2.104238694696087819e-01
-2.291735662292684328e-01
-2.492007703186829293e-01
-2.635198234187852151e-01
-2.797086752310689040e-01
-2.994242243483944410e-01
-3.135950995576843869e-01
-3.296756228059956051e-01
-3.407825538280999655e-01
-3.543194948745591599e-01
-3.569947409245850523e-01
-3.573288650004007305e-01
-3.624702271389241837e-01
-3.653428338773729855e-01
-3.754063932959774696e-01
-3.826221629113466527e-01
-3.938620568655413212e-01
-4.083323893506431990e-01
-4.189924667773459177e-01
-4.326824260745714135e-01
-4.454957555639333933e-01
-4.547198861198680220e-01
-4.670872097160214675e-01
-4.851248707748991862e-01
-4.985828140683183918e-01
-5.141232628429108775e-01
-5.252749164506496093e-01
-5.421848473397532508e-01
-5.603134071807849281e-01
-5.771678676910290129e-01
-5.950061770031478403e-01
-6.117230964032315255e-01
-6.292426073121323293e-01
-6.416840966476825558e-01
-6.499360462859891108e-01
-6.590498496758276925e-01
-6.648624873581340244e-01
-6.637458415244599230e-01
-6.613929605885759955e-01
-6.625601160698300074e-01
-6.528219480563971500e-01
-6.440482054218312769e-01
-6.322887464852378070e-01
-6.225816170130000771e-01
-6.148034825912774837e-01
-6.087665013966346850e-01
-6.042497975978253777e-01
-5.953496409413913115e-01
-5.885123539056401620e-01
-5.834782881165655466e-01
-5.762038886791188697e-01
-5.651335231499989842e-01
-5.531312290147023525e-01
-5.383500067915905074e-01
-5.271788328047821715e-01
-5.131596753150602375e-01
-4.994546354045878989e-01
-4.834992682710943512e-01
-4.656303430758499395e-01
-4.523299940662177665e-01
-4.338074974308676612e-01
-4.139730155306358128e-01
-3.993790206078875471e-01
-3.802767831597515524e-01
-3.601266926907680244e-01
-3.390686263128510625e-01
-3.150921731880134136e-01
-2.911094680823385072e-01
-2.671270391865221416e-01
-2.498044782332271563e-01
-2.297899179546469828e-01
-2.092379824780969955e-01
-1.894433247650781915e-01
-1.675123290737481341e-01
-1.519794424201570404e-01
-1.349162019466447759e-01
-1.164543501835997308e-01
-9.675555430229287879e-02
-7.599803001969784866e-02
-5.436573472794781203e-02
-3.203974535771103582e-02
-1.613165334962007869e-02
1.398257708382200093e-03
2.048546123349881398e-02
4.769007075292241993e-02
7.448761685042848413e-02
1.007361508581723353e-01
1.194738367761503106e-01
1.329506616435847111e-01
1.414304397506787048e-01
1.459451309606871749e-01
1.404525680502739515e-01
1.339877055883467172e-01
1.271812859641141547e-01
1.204970006473045085e-01
1.071745368441490154e-01
9.576259953441113026e-02
7.861656957655971389e-02
6.489899540001986544e-02
4.724531852675162291e-02
2.659094152860919102e-02
3.738116485608511397e-03
-1.366204747517452134e-02
-3.333588225810379946e-02
-4.780383254828790562e-02
-6.483747644268778032e-02
-7.703084255139724945e-02
-9.149691518144065228e-02
-1.021719587967451215e-01
-1.160551801584011056e-01
-1.326090183713866111e-01
-1.445038681545749437e-01
-1.525391393392714345e-01
-1.642516313043076437e-01
-1.722930884816067376e-01
-1.773633756263404138e-01
-1.868440579718841921e-01
-1.933131984626426103e-01
-2.040539339984832612e-01
-2.197948262184266088e-01
-2.315616089957635015e-01
-2.466088645579240790e-01
-2.642456774277095466e-01
-2.772132897737245028e-01
-2.928295140802867902e-01
-3.039921053521741356e-01
-3.179717819307386062e-01
-3.364320125625053226e-01
-3.563821009856791289e-01
-3.772969359289741753e-01
-3.950964231088216483e-01
-4.140600179391573654e-01
-4.304471872653401476e-01
-4.481695099680589323e-01
-4.606873349444766674e-01
-4.720343229930594742e-01
-4.762576510008869057e-01
-4.778422720968187321e-01
-4.775060932957087001e-01
-4.758510614831685803e-01
-4.733660461913906659e-01
-4.642418645617090167e-01
-4.622846509531035597e-01
-4.634079244398836561e-01
-4.640583236080759733e-01
-4.643406473098850018e-01
-4.706358873903055962e-01
-4.755813407863123121e-01
-4.793247191672687091e-01
-4.882285718655339224e-01
-4.950872237116714647e-01
-4.940565870170470220e-01
-4.926691989503153568e-01
-4.944162976518011732e-01
-4.955325417789695486e-01
-4.961434894672445139e-01
-4.963655607227646094e-01
-5.059946391326708426e-01
-5.199549534423792974e-01
-5.407986548947751881e-01
-5.595508978679930578e-01
-5.795995401241434974e-01
-5.944995934503233270e-01
-6.051236952137470926e-01
-6.162553561544791281e-01
-6.295566167901806010e-01
-6.389913213707170137e-01
-6.548831519780211607e-01
-6.665136151031145761e-01
-6.745755784136139299e-01
-6.894061419854831119e-01
-7.002055644391433908e-01
-7.076233090436816475e-01
-7.070405404071722355e-01
-7.105087032664993973e-01
-7.168182962607068109e-01
-7.262854618409719798e-01
-7.382356526106195194e-01
-7.469436595588548888e-01
-7.579625214879719408e-01
-7.608719071040207504e-01
-7.621591127152832490e-01
-7.669933591880475632e-01
-7.701533967675173731e-01
-7.719700190897876846e-01
-7.776079633385259982e-01
-7.915496593119634161e-01
-8.075008965929453275e-01
-8.247477355270548260e-01
-8.478642681810472093e-01
-8.755182983198536162e-01
-9.009368953179374140e-01
-9.196171573652037745e-01
-9.368130633761877490e-01
-9.541677128320457113e-01
-9.757410513038577982e-01
-9.969236293048738817e-01
-1.021532398122534158e+00
-1.039402022873365805e+00
-1.060943349960677295e+00
-1.085344421792170166e+00
-1.108837927815070179e+00
-1.131722836009183775e+00
-1.156974086596145090e+00
-1.181310957462249789e+00
-1.207412020340236314e+00
-1.223738814897330274e+00
-1.243092493799074161e+00
-1.256319596392771576e+00
-1.271065604653458081e+00
-1.280787821205122246e+00
-1.293038255694552330e+00
-1.301022045867941568e+00
-1.313975459094278264e+00
-1.329336277729769034e+00
-1.348290256160493250e+00
-1.368495650930386498e+00
-1.389720790555570629e+00
-1.411761844125430487e+00
-1.434438900442247533e+00
-1.464341393656534374e+00
-1.486622500413503190e+00
-1.509194014699564157e+00
-1.531989847162916307e+00
-1.554944179873615884e+00
-1.577993710131925464e+00
-1.601079365135922306e+00
-1.617309377366469292e+00
-1.634744229685914929e+00
-1.653268681770470927e+00
-1.665928266349892661e+00
-1.680644237555397158e+00
-1.698032270222328943e+00
-1.710186143949909976e+00
-1.725923634114136185e+00
-1.742630539800126721e+00
-1.754219698371383585e+00
-1.769827781019939428e+00
-1.786101066390880288e+00
-1.797367132471799023e+00
-1.812958520588333400e+00
-1.823912265306961489e+00
-1.837768083788324347e+00
-1.847331045488461942e+00
-1.860067443746411531e+00
-1.877497895754069557e+00
-1.894583496067846262e+00
-1.906698355601328831e+00
-1.923557610181191979e+00
-1.935647957406062325e+00
-1.959116075315096239e+00
-1.976652937383565956e+00
-1.995410544551557308e+00
-2.017933070315928390e+00
-2.040567587531739946e+00
-2.056906406486368688e+00
-2.077351976906534059e+00
-2.101373763190271582e+00
-2.124805214064239944e+00
-2.147379640338133555e+00
-2.167128326896725188e+00
-2.190488800269694281e+00
-2.218294820742165996e+00
-2.242556420119117710e+00
-2.269461411167945641e+00
-2.293984042273494062e+00
-2.315778848712263915e+00
-2.335833359474318804e+00
-2.354222229586144799e+00
-2.371424886566582568e+00
-2.392501843364628122e+00
-2.407164711451638350e+00
-2.421754038062334580e+00
-2.441068700397138080e+00
-2.458992314617317376e+00
-2.476665245561098239e+00
-2.488898229665161832e+00
-2.496689491239382885e+00
-2.500969520355926790e+00
-2.498435563390730696e+00
-2.494657648620579593e+00
-2.490197675550447798e+00
-2.485492755800909670e+00
-2.476515817018165144e+00
-2.462988110816986875e+00
-2.451660415944173721e+00
-2.442481416028532415e+00
-2.429909014239107989e+00
-2.420180291576195408e+00
-2.403005080555893791e+00
-2.389778488054997485e+00
-2.374943488145392578e+00
-2.359150873682305694e+00
-2.342595897450435061e+00
-2.325474785238885289e+00
-2.308230296739033349e+00
-2.295762295859479885e+00
-2.277587351975148167e+00
-2.259123217513351989e+00
-2.240278154779518527e+00
-2.216792707643297167e+00
-2.193712151707664315e+00
-2.172708471778658446e+00
-2.148103250249744800e+00
-2.126663832600931503e+00
-2.105838841755811153e+00
-2.085313227982445117e+00
-2.064839111702343022e+00
-2.047214850358813010e+00
-2.029119435078015510e+00
-2.007489969200069169e+00
-1.979603066353014418e+00
-1.950046646696146802e+00
-1.928474993163149520e+00
-1.907084543492165718e+00
-1.885675597735729125e+00
-1.855471139577731909e+00
-1.826741160027981259e+00
-1.799262148707800213e+00
-1.771425415481179488e+00
-1.744994087782956615e+00
-1.718644370418364264e+00
-1.700405450408255748e+00
-1.681906940888169055e+00
-1.669734035415665119e+00
-1.649574065885300644e+00
-1.628570642542305658e+00
-1.606832355855479788e+00
-1.584393084317220701e+00
-1.561786566530370512e+00
-1.539068365205039424e+00
-1.516290990753127232e+00
-1.500329983111078125e+00
-1.483112595591927318e+00
-1.464767228946391331e+00
-1.452217144465570708e+00
-1.443473867140997458e+00
-1.431653968701023460e+00
-1.417119285244085702e+00
-1.407116621256451428e+00
-1.395200555147838140e+00
-1.380614784162552899e+00
-1.369161573738312931e+00
-1.361485073217637787e+00
-1.350149671889079750e+00
-1.342413055299109814e+00
-1.335992295746445180e+00
-1.325360348231838348e+00
-1.311196337475101448e+00
-1.300900785788192238e+00
-1.287177386359107611e+00
-1.268663306300811922e+00
-1.254861759261387988e+00
-1.238486201656985308e+00
-1.220146864558198319e+00
-1.200415570183132274e+00
-1.177159182303308516e+00
-1.160017114405972993e+00
-1.138853901843975613e+00
-1.117237859358835905e+00
-1.095541645213899518e+00
-1.064727237056187992e+00
-1.041957161944114807e+00
-1.022366359572570271e+00
-1.002972305436984124e+00
-9.858393148209051438e-01
-9.684632955319931735e-01
-9.469924999777094010e-01
-9.275702238618959150e-01
-9.083722330006178680e-01
-8.896076035292296291e-01
-8.669414545405257355e-01
-8.456381031217344857e-01
-8.261545708273621003e-01
-8.076578648979461095e-01
-7.901806381451718098e-01
-7.735837889479973972e-01
-7.573962602971160418e-01
-7.416828064680669463e-01
-7.259537711248321701e-01
-7.106707216492673673e-01
-6.950658688845955391e-01
-6.842918301955995819e-01
-6.720803268700238364e-01
-6.541484361925868907e-01
-6.314947691110001093e-01
-6.051441789111631220e-01
-5.798812189252918747e-01
-5.517794595001195290e-01
-5.251973012181625489e-01
-4.964470064112576075e-01
-4.662990101503643459e-01
-4.446436436050791308e-01
-4.208495149875044472e-01
-3.954931320378325399e-01
-3.740508101680359854e-01
-3.440872077124523809e-01
-3.137488269561059528e-01
-2.855130121673761234e-01
-2.589265724357825427e-01
-2.320281386079987573e-01
-2.080409456402199098e-01
-1.846341110374907224e-01
-1.615897716908871740e-01
-1.309592663992797945e-01
-1.027754020331055340e-01
-7.509403136792491829e-02
-4.874436572047535776e-02
-2.348819540417768081e-02
8.916061420356502509e-04
3.173532648267585188e-02
6.761304189845729340e-02
1.073624288642895941e-01
1.362105652579601589e-01
1.628253989074890384e-01
1.821228130361840503e-01
2.080571924583727306e-01
2.343289038435618643e-01
2.595071007740268332e-01
2.903376807703119677e-01
3.210647234452292942e-01
3.495987622015011009e-01
3.760606828710755245e-01
4.033622911799765731e-01
4.224201904119915252e-01
4.410488521402007311e-01
4.624548741931873153e-01
4.865056499135771428e-01
5.095673708101222665e-01
5.351554853509614684e-01
5.592672803189451258e-01
5.915945494171568342e-01
6.149624385233571910e-01
6.406819766593955245e-01
6.684869415871119713e-01
6.882273427814834532e-01
7.013163780883729936e-01
7.037433771188816856e-01
7.030167230256515465e-01
7.055090661758689485e-01
7.056541162714911053e-01
7.041588686111150963e-01
7.016010682142305166e-01
6.984385054794431946e-01
6.950216259642266747e-01
6.906623662481039538e-01
6.820472100493331080e-01
6.746987012038047071e-01
6.642028339686899541e-01
6.501520325914991183e-01
6.389819582450164681e-01
6.204438033167151145e-01
6.060409616249933240e-01
5.952701224837626537e-01
5.777553614743583532e-01
5.586563664053709743e-01
5.406630101659373189e-01
5.214624097746667353e-01
5.011914235321057731e-01
4.862549702330216661e-01
4.726075196794177202e-01
4.633610124815858988e-01
4.513191894608148402e-01
4.401369902741403273e-01
4.263635874111091351e-01
4.167007301761149751e-01
4.103923641141704604e-01
4.003241725919246541e-01
3.869474158915289230e-01
3.746923740173833117e-01
3.595680126061926440e-01
3.396573807569416292e-01
3.249704552096757126e-01
3.080436022226376025e-01
2.958666164161911638e-01
2.790281031506212095e-01
2.603738099885608559e-01
2.401942262845169207e-01
2.254993277658856599e-01
2.086280938277988994e-01
1.885684938913017028e-01
1.674054002215392689e-01
1.521493978294339300e-01
1.349811494667383371e-01
1.161519154456867042e-01
9.591838800210394922e-02
8.141113272484634678e-02
6.477434795382142063e-02
4.630000272423218100e-02
3.321988310007939482e-02
1.766146949081903728e-02
6.924553443137249076e-03
1.202810701321777032e-04
-3.556055618067821555e-03
-1.181716889371542401e-02
-2.389469373963382104e-02
-3.230111978105032478e-02
-3.800291969760438704e-02
-4.793474834437194687e-02
-5.516968935109511918e-02
-6.679971727557232342e-02
-7.519945718921738909e-02
-8.779379334000858570e-02
-9.694058192957211162e-02
-1.031962344821126809e-01
-1.071037794475708793e-01
-1.091671432859502300e-01
-1.167342412887106828e-01
-1.220278655468907125e-01
-1.254607471098123650e-01
-1.342886647822634227e-01
-1.407169712142077866e-01
-1.451404745446236433e-01
-1.479386291103761408e-01
-1.494600796989791203e-01
-1.500138462253788330e-01
-1.498653726719769708e-01
-1.492360516400048631e-01
-1.483051468643192816e-01
-1.472132784232957903e-01
-1.460668255379600211e-01
-1.449427545611414736e-01
-1.438935052009016058e-01
-1.429516722282067054e-01
-1.421343061685313991e-01
-1.414467266591530326e-01
-1.408857976779416266e-01
-1.404426561208842461e-01
-1.401049157870153383e-01
-1.466930685047767025e-01
-1.520983883786430901e-01
-1.631970870630061743e-01
-1.787962659707229562e-01
-1.910800318299950007e-01
-2.071141117627872674e-01
-2.193481077065253526e-01
-2.365138540737494743e-01
-2.495457846529767210e-01
-2.656167485266842654e-01
-2.774522721012078197e-01
-2.857130705656270031e-01
-2.910490092973176957e-01
-2.960672295380644137e-01
-2.989816299149075096e-01
-2.982042308441263945e-01
-2.919496864513051460e-01
-2.906708339531092200e-01
-2.824438997472527024e-01
-2.753216261850208735e-01
-2.712018202863131222e-01
-2.678111030212311228e-01
-2.632835525837349255e-01
-2.597577021193433477e-01
-2.521129171912532829e-01
-2.460560957273041360e-01
-2.414423281634627827e-01
-2.364288446119457987e-01
-2.259805414729036954e-01
-2.179613761391119287e-01
-2.120511563730338445e-01
-2.079155040950446676e-01
-1.970024263757699234e-01
-1.888346931904938408e-01
-1.761956271694817833e-01
-1.599159656219075742e-01
-1.475507254961092585e-01
-1.317280054404448286e-01
-1.130971073062940757e-01
-9.225022221679557433e-02
-7.609328232498335787e-02
-5.821368873441801206e-02
-3.831506973618492573e-02
-2.374996236127291382e-02
-6.753157859396452523e-03
1.225873372880603718e-02
3.982097496845349305e-02
6.038643847729119329e-02
8.191014106538463402e-02
9.655862426900285733e-02
1.136723372341812421e-01
1.322982164705575059e-01
1.531893062825393503e-01
1.750803323307554837e-01
2.044522619089534921e-01
2.328738995931878275e-01
2.601701341181763549e-01
2.862680198733023040e-01
3.132739190753168756e-01
3.413239729431842839e-01
3.680013767511589595e-01
3.932655058274290294e-01
4.136224904215075604e-01
4.366361779489897899e-01
4.590534931541869756e-01
4.777811962035309890e-01
4.966610381669340768e-01
5.155637880469299272e-01
5.343688599123972427e-01
5.529749180267637954e-01
5.691990725238784687e-01
5.896890564315391270e-01
6.138975508907955625e-01
6.370636453315700054e-01
6.633140571538156394e-01
6.866794125746743527e-01
7.133060490022785638e-01
7.478689721895904752e-01
7.833261423236700383e-01
8.192416709715163448e-01
8.499437219953970279e-01
8.767273957066816781e-01
9.050125961311124012e-01
9.288813099429585884e-01
9.504653521169404984e-01
9.705738634796634567e-01
9.936686301427596346e-01
1.025176545444874687e+00
1.057648118134812965e+00
1.090505075194088569e+00
1.113987709781880220e+00
1.136069143955712013e+00
1.160094495663397174e+00
1.185570306821706277e+00
1.209590914817208374e+00
1.232637756441958610e+00
1.257226682510767191e+00
1.274293041514830138e+00
1.291861722406292046e+00
1.303479352275423331e+00
1.317002111862623615e+00
1.332391292180687747e+00
1.349540849121924957e+00
1.369694728248163074e+00
1.390765642799458357e+00
1.412620965994466182e+00
1.428226429870454339e+00
1.446431109818586469e+00
1.465053928412904716e+00
1.471169940628517026e+00
1.473929500278069460e+00
1.473514691751695693e+00
1.471436287245590391e+00
1.461188677627397015e+00
1.451601421181147655e+00
1.435880443812487028e+00
1.423664634183770428e+00
1.413812792394519846e+00
1.404944522255290762e+00
1.398095699474471987e+00
1.386016318526681168e+00
1.383730914843350313e+00
1.375604472908097176e+00
1.362663485500021476e+00
1.352842808313944989e+00
1.338804089558514487e+00
1.328309141179768060e+00
1.314000786267298215e+00
1.303463232070341427e+00
1.287405740686137223e+00
1.268697307281327458e+00
1.248064618291196526e+00
1.226159650850858318e+00
1.201028079773208024e+00
1.175830388149330163e+00
1.150980605405182544e+00
1.130064841111127150e+00
1.108970492676200070e+00
1.094099393922596253e+00
1.074916279797992313e+00
1.055367432047223053e+00
1.032166012750173500e+00
1.009536046740153070e+00
9.896777888396168787e-01
9.700014678123674017e-01
9.523229389634828568e-01
9.246992489525228676e-01
9.044449109579001389e-01
8.805147302058781156e-01
8.581030141395543653e-01
8.325982567228134013e-01
8.144307039508692503e-01
7.924380001105589821e-01
7.720876717828198954e-01
7.531326682509704717e-01
7.402449074884303037e-01
7.217754029745768740e-01
6.996930044999744025e-01
6.786493192660670859e-01
6.539495541308294468e-01
6.361798591240026557e-01
6.241649476874243652e-01
6.110405880046332339e-01
5.985324393149853428e-01
5.904951908464679544e-01
5.801202705840134977e-01
5.734541863998241507e-01
5.697359871653959740e-01
5.622974090553121140e-01
5.477670744507825429e-01
5.371679020576405339e-01
5.298817497289396439e-01
5.155720295726120561e-01
4.989730521830872956e-01
4.867418238901441985e-01
4.686126924772222591e-01
4.553392770717006321e-01
4.461301863409632418e-01
4.402217195413973272e-01
4.369122104538372131e-01
4.262164339157801241e-01
4.216059536890683912e-01
4.097049974255038141e-01
4.010913021416095958e-01
3.952144475892283015e-01
3.850102671023953871e-01
3.751012959185566764e-01
3.615903068537031917e-01
3.516734778073762335e-01
3.358274983280795656e-01
3.241726014569952241e-01
3.093982247633983995e-01
2.919950413155953939e-01
2.791286885507888726e-01
2.701054380980649761e-01
2.557024871077862027e-01
2.454500327765996026e-01
2.318614811116450625e-01
2.289570180027449275e-01
2.213165096734344139e-01
2.163433101064262676e-01
2.052948477030056562e-01
1.974389879167648409e-01
1.854652535570655569e-01
1.768011220475025347e-01
1.708847520804324116e-01
1.671855022235035904e-01
1.584679030578344250e-01
1.522805724186411247e-01
1.481839972035854380e-01
1.380151146931138939e-01
1.315178602497673044e-01
1.270997956093420367e-01
1.235238786732546501e-01
1.214531519130441772e-01
1.205274576635897432e-01
1.204403167697531973e-01
1.209375521640918549e-01
1.151064130887800019e-01
1.107209977261214284e-01
1.001711896484660524e-01
9.208526397829097654e-02
7.947357870853677397e-02
6.322993780651553486e-02
4.444575662637895164e-02
2.305876074246793195e-02
6.897706739843911805e-03
-4.972307443582124620e-03
-1.310528724448678517e-02
-2.505966856037056267e-02
-3.345860278687484701e-02
-3.891589457094379867e-02
-4.202093256977890157e-02
-4.331377878319453423e-02
-5.008010180414279588e-02
-6.148424283918707545e-02
-6.988395986304962726e-02
-7.574579508441692255e-02
-7.953080711223137200e-02
-8.167053294551096521e-02
-8.933573521818694019e-02
-9.547863945440204780e-02
-9.975649770851902076e-02
-1.093585266894709918e-01
-1.164997148324535825e-01
-1.223803962890059882e-01
-1.333815785209211402e-01
-1.416336813452192533e-01
-1.555883301590734735e-01
-1.662168945883655269e-01
-1.809918129048837532e-01
-1.933801633740324100e-01
-2.095451002613921698e-01
-2.231643160946328308e-01
-2.402641326891663542e-01
-2.528607772052682279e-01
-2.615869618690931375e-01
-2.743384668199171372e-01
-2.903737465900879666e-01
-3.089457827276609336e-01
-3.223672125645578035e-01
-3.409266688393963740e-01
-3.613199395675348313e-01
-3.829495289295465899e-01
-4.052963310095454297e-01
-4.243257773930593224e-01
-4.443834453792405714e-01
-4.650756582761348401e-01
-4.830331000216359083e-01
-5.019358156922164582e-01
-5.250549474316588139e-01
-5.418006673583397603e-01
-5.555604870589867517e-01
-5.606007359630391651e-01
-5.625405251332300516e-01
-5.681856294846565625e-01
-5.711936903859409220e-01
-5.780165913414196943e-01
-5.823332376340949468e-01
-5.884807010525852089e-01
-5.925196801572639727e-01
-6.043826625196281332e-01
-6.132786379879168193e-01
-6.292552365839754192e-01
-6.414377758610001479e-01
-6.545418883212611449e-01
-6.740939148861596619e-01
-6.944575564222555952e-01
-7.142862079288536670e-01
-7.342909015589837995e-01
-7.588706084165749433e-01
-7.770160137422702507e-01
-7.997574332111021533e-01
-8.210160189463506786e-01
-8.458900733869416655e-01
-8.690816533184885229e-01
-8.910959043060698859e-01
-9.067612034562457790e-01
-9.284898707213714575e-01
-9.542408887147963981e-01
-9.730807466586823828e-01
-9.921091063418726597e-01
-1.015427587080533822e+00
-1.038401806386536785e+00
-1.064848704287359560e+00
-1.083853740638325069e+00
-1.106582970442088865e+00
-1.132175203869567381e+00
-1.156866027356390880e+00
-1.183743505482042213e+00
-1.209493871134815546e+00
-1.236846833897512710e+00
-1.262955588688792208e+00
-1.281295378357782511e+00
-1.300221043585716885e+00
-1.312923098372909658e+00
-1.320628660666935961e+00
-1.324447278396315042e+00
-1.318364777031801882e+00
-1.311478194435044209e+00
-1.304391239677173076e+00
-1.297535506309776210e+00
-1.289197088746362185e+00
-1.281826466130768338e+00
-1.282565590280940748e+00
-1.283161673771881839e+00
-1.283624730942011904e+00
-1.283969170316349828e+00
-1.291387441128604818e+00
-1.304689147573587560e+00
-1.317344883069682560e+00
-1.334420974286271822e+00
-1.347684198322320004e+00
-1.364887433438901398e+00
-1.392598808799673238e+00
-1.414116557872291624e+00
-1.437577674047068488e+00
-1.462499985138677294e+00
-1.480969369131949431e+00
-1.494520127120293251e+00
-1.510742550730701295e+00
-1.522204860636314105e+00
-1.536677814561637989e+00
-1.553824748092861974e+00
-1.572815335547247617e+00
-1.586245643741289069e+00
-1.602221015467648391e+00
-1.620329231196063757e+00
-1.640175039630592302e+00
-1.654474446131869225e+00
-1.671809198153808129e+00
-1.690357889591801221e+00
-1.704468950129055749e+00
-1.714137363171593265e+00
-1.721229809489694285e+00
-1.733551939314814661e+00
-1.750703071991763782e+00
-1.763484608970462553e+00
-1.779775624016182167e+00
-1.791521619771758056e+00
-1.806799632965238267e+00
-1.824931742990426375e+00
-1.839936281405942786e+00
-1.857796075157572169e+00
-1.870533202386100324e+00
-1.878997737714388716e+00
-1.891319577583268075e+00
-1.906821522040750949e+00
-1.920287881685344145e+00
-1.929616587520327275e+00
-1.942704058504874487e+00
-1.951764843032446795e+00
-1.964605520903938807e+00
-1.980483514997033234e+00
-1.998667273455274396e+00
-2.011760259896657299e+00
-2.027355103483895249e+00
-2.041641885778098686e+00
-2.058214909636416401e+00
-2.072955527845430801e+00
-2.083080644726953867e+00
-2.095767511719727860e+00
-2.110476896746799280e+00
-2.120743479759010786e+00
-2.127475433028196417e+00
-2.135164087551637557e+00
-2.140116343849077563e+00
-2.152620100952517657e+00
-2.161766594523450991e+00
-2.168073763969052159e+00
-2.177899070374839763e+00
-2.188897248749147817e+00
-2.202601727407355714e+00
-2.212626055567938899e+00
-2.225214888499046140e+00
-2.238559751188671676e+00
-2.248207190609948114e+00
-2.260266991183587315e+00
-2.273331592070594098e+00
-2.287408068319707777e+00
-2.303043872025325456e+00
-2.314396493984675729e+00
-2.327097375299381987e+00
-2.341284132537102991e+00
-2.351343894119667155e+00
-2.357998815616306310e+00
-2.361934403615419065e+00
-2.368813355374267626e+00
-2.373169805183476644e+00
-2.380478746635778631e+00
-2.385342413814507623e+00
-2.393416744610425528e+00
-2.403828674544785216e+00
-2.411346759226504766e+00
-2.421710967259923741e+00
-2.433804445032857089e+00
-2.447969485631093178e+00
-2.468327713153143144e+00
-2.483803358602986400e+00
-2.495062278853569016e+00
-2.506936269669685302e+00
-2.520739377298823136e+00
-2.530577567794546123e+00
-2.537139754610127529e+00
-2.544986854085325767e+00
-2.555776622089868333e+00
-2.563346027928814941e+00
-2.568278856318475079e+00
-2.571117775789261373e+00
-2.578203919457387805e+00
-2.586746960234167059e+00
-2.598682020936412762e+00
-2.611023000490309443e+00
-2.622552100149162513e+00
-2.634338382908477882e+00
-2.648888175525758726e+00
-2.662816999147116892e+00
-2.678981829193277875e+00
-2.690810434946101282e+00
-2.699002891628119016e+00
-2.710517866329347214e+00
-2.718593328971732337e+00
-2.732989615506245862e+00
-2.743407836369846642e+00
-2.750518156504726086e+00
-2.761379090832583039e+00
-2.771518501570134241e+00
-2.778461738672415748e+00
-2.789268339803013141e+00
-2.796908254353414947e+00
-2.808429973953275649e+00
-2.816727864502946321e+00
-2.824485740384761634e+00
-2.838172746027878723e+00
-2.848090924895285703e+00
-2.854918319420470141e+00
-2.867525131927283866e+00
-2.876580274601441722e+00
-2.882742823562701950e+00
-2.892967295305763020e+00
-2.900241595225901747e+00
-2.905093947784371800e+00
-2.908011472109309103e+00
-2.909430139263554871e+00
-2.909729767040448056e+00
-2.914167299070611339e+00
-2.918704624080900256e+00
-2.920347947081678441e+00
-2.921100995356066043e+00
-2.921183090696045426e+00
-2.920786957583873189e+00
-2.920075418504166631e+00
-2.919180696950090415e+00
-2.924878802158315416e+00
-2.929372028851055187e+00
-2.938115328909935986e+00
-2.945050719291048225e+00
-2.957216605426788991e+00
-2.966735179466342576e+00
-2.980851542408326615e+00
-2.991673119295231054e+00
-2.999590173037679719e+00
-3.005043384840412557e+00
-3.009420299130892040e+00
-3.018987140157403104e+00
-3.025857488825166364e+00
-3.030508571940417006e+00
-3.033385112279099793e+00
-3.034885439821480624e+00
-3.034613875117383230e+00
-3.033729849642387677e+00
-3.040188094624919124e+00
-3.051979604416800385e+00
-3.061102128713120152e+00
-3.067891248583250796e+00
-3.079664335756419291e+00
-3.088537121920199802e+00
-3.094925221487671685e+00
-3.106462675270964979e+00
-3.121663215661654167e+00
-3.133221710904506185e+00
-3.141476121010425615e+00
3.129312148693677464e+00
3.120350465399937434e+00
3.107417276675602302e+00
3.098031764238301733e+00
3.084806254407751691e+00
3.075214553491906422e+00
3.068646049377313112e+00
3.057185626376381915e+00
3.042054186431917273e+00
3.031558322615870438e+00
3.017572227332705026e+00
3.007512682395367065e+00
3.000693776834651771e+00
2.995487555648498557e+00
2.992447578638071981e+00
2.991094604586625572e+00
2.983104613515742187e+00
2.970472766280945365e+00
2.962080882247211555e+00
2.910390827629081301e+00
2.870042378036305131e+00
2.842191092159637833e+00
2.818316700190315771e+00
2.799711241876776668e+00
2.784789457264749579e+00
2.774971936556961616e+00
2.762905985835650835e+00
2.755187912172698539e+00
2.744634632444741040e+00
2.737874024063999379e+00
2.725160895025010355e+00
2.716299825293351233e+00
2.704414751512540072e+00
2.690075995435530665e+00
2.676866902944466275e+00
2.667527499842089256e+00
2.661391663482468140e+00
2.654618403308973029e+00
2.650360705020718299e+00
2.638647111030703485e+00
2.630094914307303355e+00
2.614581872547995900e+00
2.593151581905201564e+00
2.576746534694548618e+00
2.558774990010645123e+00
2.535773182445554941e+00
2.512898290419410596e+00
2.490611422798004071e+00
2.464814844055648990e+00
2.446113734287162167e+00
2.423397687053750360e+00
2.402063515359298851e+00
2.382167923941646226e+00
2.358886913649480555e+00
2.337547989712945196e+00
2.317894852320593557e+00
2.294841515360296569e+00
2.278490630936921502e+00
2.258161075387920658e+00
2.238678568835651639e+00
2.225008989838671347e+00
2.206681121837473114e+00
2.188376843147139983e+00
2.171650275859790646e+00
2.154574127990255938e+00
2.136985568978238881e+00
2.115206264657232715e+00
2.096052208158803776e+00
2.076797012093879680e+00
2.054102068790005564e+00
2.031824498828409986e+00
2.015932869570512320e+00
1.996312210979444668e+00
1.982655395246906593e+00
1.964998291041693212e+00
1.949110617976931303e+00
1.935764570456425915e+00
1.920682007283121440e+00
1.910367139280306548e+00
1.897507170164072665e+00
1.888807986344056555e+00
1.876985426136937640e+00
1.860418377180534488e+00
1.848549830062491628e+00
1.840571089676018790e+00
1.835714143700178713e+00
1.835058232785217402e+00
1.835899997131372530e+00
1.837756396893059696e+00
1.840229816983522504e+00
1.843005479390894319e+00
1.839132292732575058e+00
1.836356061910153326e+00
1.827721118584230364e+00
1.814199564254340702e+00
1.796701873909184011e+00
1.776060625762058365e+00
1.753020387513497536e+00
1.728231771103896364e+00
1.708400655072912500e+00
1.687056591985495180e+00
1.664551019651881569e+00
1.641183838804873174e+00
1.616881891463149756e+00
1.592556156803982326e+00
1.568285025706354974e+00
1.544123117208649365e+00
1.520109707181753755e+00
1.503126565906875323e+00
1.491871274288729232e+00
1.478334689311985972e+00
1.468858820734620263e+00
1.463195450045629675e+00
1.452787601246991578e+00
1.437964890613359970e+00
1.420132825588529935e+00
1.399889124252736927e+00
1.384999600186831659e+00
1.367541679871955296e+00
1.348057445515479902e+00
1.327073573659782513e+00
1.303150308074561892e+00
1.278682567762652766e+00
1.256330138005143482e+00
1.234003477817408267e+00
1.211864263263328301e+00
1.187411706260000699e+00
1.163589629676824000e+00
1.146813663365065850e+00
1.129467403824739202e+00
1.108619736696756952e+00
1.093944432263671107e+00
1.078231792443468562e+00
1.058344059567954076e+00
1.038299508215160039e+00
1.020592174090089621e+00
1.002415523224994054e+00
9.840255103454266239e-01
9.673896651452659201e-01
9.559174604748319481e-01
9.486645826149466831e-01
9.350482693615150831e-01
9.256890960667251145e-01
9.142787157516576446e-01
8.969072632621163388e-01
8.843555248255107193e-01
8.758189755313217084e-01
8.607235929178589373e-01
8.499417892824890908e-01
8.427352873109941189e-01
8.384000654860258583e-01
8.316003531748888955e-01
8.272800444710340928e-01
8.201205348231354053e-01
8.152876866933423949e-01
8.073967252237606029e-01
7.915279649000087625e-01
7.793865758776035157e-01
7.705516738796731602e-01
7.540854438649750024e-01
7.313602448550283741e-01
7.141549106372523381e-01
6.960605652572613433e-01
6.782235167316603697e-01
6.551794696374071414e-01
6.383531777874097424e-01
6.224400597850384687e-01
6.056959115990004916e-01
5.840377868955519691e-01
5.645906031303462580e-01
5.510000444670835051e-01
5.420979602335331826e-01
5.272583554949648033e-01
5.170545502530015103e-01
5.011197371951461310e-01
4.837736476697651611e-01
4.713069663275253340e-01
4.566559878615015222e-01
4.400107164899376144e-01
4.250834836636163683e-01
4.082695569920500311e-01
3.935658108607804628e-01
3.770003577484641877e-01
3.652844288511960524e-01
3.575485032535925534e-01
3.464467272784477192e-01
3.366450230117321585e-01
3.280251214422167383e-01
3.247426044840182602e-01
3.234590329211788351e-01
3.236299927529897591e-01
3.248038152361349962e-01
3.201121781854803228e-01
3.169407291327919207e-01
3.150005620401872264e-01
3.140245682085525125e-01
3.137746714095706047e-01
3.140456449422714957e-01
3.080608532064088578e-01
3.034696269852239503e-01
3.000988694649173727e-01
2.977614682795284295e-01
2.962706702953046278e-01
2.954502478820415501e-01
2.951410461232102378e-01
2.952045831203711224e-01
2.955243761148853565e-01
2.873105859754079283e-01
2.808318535663196780e-01
2.777864183413643051e-01
2.737921265132337023e-01
2.709397584287551730e-01
2.708708932614443121e-01
2.626718905097085166e-01
2.630044416618912972e-01
2.637154541031179189e-01
2.646507752713582740e-01
2.656923476290551367e-01
2.667529947709588178e-01
2.696010462064049040e-01
2.720601690234307757e-01
2.741153108204574806e-01
2.757770384266646779e-01
2.703077062839771560e-01
2.657121954348056203e-01
2.619767173216298595e-01
2.521807181142805554e-01
2.443202957034895650e-01
2.382395035420152851e-01
2.337303819063312194e-01
2.305607185335389886e-01
2.284948822059167384e-01
2.273084089996786350e-01
2.198285565354358706e-01
2.141086068344559834e-01
2.099216618270336454e-01
1.985894029910422187e-01
1.899406765389675122e-01
1.848941888111741427e-01
1.814808193990071761e-01
1.781259528919156843e-01
1.760645354430403486e-01
1.750020890666874607e-01
1.746845242788512831e-01
1.761292560808949137e-01
1.695213332166558562e-01
1.644333304793090811e-01
1.606681347985472463e-01
1.580197119399022743e-01
1.562866460315079919e-01
1.552811820625805694e-01
1.548347621360832704e-01
1.548008868774390923e-01
1.550559887733977682e-01
1.485330996356455380e-01
1.514216878473713113e-01
1.460052460622973669e-01
1.417653846017186137e-01
1.385690579747489437e-01
1.292381046295334457e-01
1.148794103858619131e-01
1.035890544689093140e-01
9.503924222074378036e-02
8.885345875203332078e-02
8.464253600232107821e-02
7.493430333678219313e-02
6.776770022619693634e-02
5.563852220151144223e-02
3.944028253136377948e-02
2.695474206998715871e-02
1.799506544584716927e-02
1.192333597396921796e-02
8.153933491055642691e-03
-8.068042878732750722e-04
-7.135106914336608597e-03
-1.131124621345480641e-02
-2.072626179416214853e-02
-2.754928118656585490e-02
-3.915562677088879617e-02
-4.774479361051842119e-02
-5.378502947123231515e-02
-5.773454268929611999e-02
-6.002094457574314035e-02
-6.796339335599088649e-02
-7.369383850527366775e-02
-7.758307657137208935e-02
-8.690863854357089302e-02
-9.380105329571852835e-02
-9.863833233700303182e-02
-1.025014749642489953e-01
-1.049272324739944917e-01
-1.062074660333005571e-01
-1.066112972789978741e-01
-1.063768864062293318e-01
-1.057070572056026947e-01
-1.118493062063115051e-01
-1.157393412955478595e-01
-1.184965875231658305e-01
-1.272706538024015455e-01
-1.339869228732510908e-01
-1.457957412498958050e-01
-1.548251115488450402e-01
-1.614686770565965102e-01
-1.728865774345371698e-01
-1.814126078785780471e-01
-1.942039446222767474e-01
-2.037255114452471982e-01
-2.171349604695820279e-01
-2.270297802629721584e-01
-2.339781204738582421e-01
-2.385229575723586404e-01
-2.427890448475951146e-01
-2.453260188792205643e-01
-2.465073625950682246e-01
-2.466698569399843333e-01
-2.461064459912027935e-01
-2.450630589490556677e-01
-2.437387751461395080e-01
-2.439693095396016087e-01
-2.438828867412499157e-01
-2.435761884544469513e-01
-2.500177103725109706e-01
-2.551399887477090456e-01
-2.590645855006972198e-01
-2.706896437534005440e-01
-2.799094826233767819e-01
-2.938187682998376626e-01
-3.045373233097121712e-01
-3.215227880900228818e-01
-3.345763637354071118e-01
-3.509633067872095502e-01
-3.698548996188779636e-01
-3.904859533774969194e-01
-4.056706937591239015e-01
-4.227769418167299786e-01
-4.442816117106258567e-01
-4.600576547687522666e-01
-4.740888855171705440e-01
-4.835043727960797177e-01
-4.925435453957587306e-01
-4.982540090717062498e-01
-5.073951112779997441e-01
-5.228212238934772937e-01
-5.340982538166081373e-01
-5.418927965971613858e-01
-5.468495334200431657e-01
-5.495653011914740649e-01
-5.564653903786251909e-01
-5.610233484436570883e-01
-5.637209620370244867e-01
-5.591524846731941167e-01
-5.582362603979007520e-01
-5.568770203766959526e-01
-5.552744346461975233e-01
-5.535846520257150516e-01
-5.519236007922814213e-01
-5.466691426814855870e-01
-5.422899951331465740e-01
-5.387490302952904209e-01
-5.359750839028960545e-01
-5.338780917242900159e-01
-5.383602529015676375e-01
-5.421869737746300988e-01
-5.453619578828743375e-01
-5.515343806219106249e-01
-5.565289838668592282e-01
-5.604354652273686455e-01
-5.633735017456900085e-01
-5.654781179074732655e-01
-5.727818659883544550e-01
-5.822541703006576252e-01
-5.896400743329753835e-01
-5.951692424872927489e-01
-5.991031099312235098e-01
-6.115633134385055625e-01
-6.154039784278853009e-01
-6.178145607972753695e-01
-6.249205968252214971e-01
-6.242696884102814092e-01
-6.230502406143590965e-01
-6.257270483129178107e-01
-6.275080529307827115e-01
-6.388307621231867905e-01
-6.477881470632357308e-01
-6.649941758042465789e-01
-6.784826704175038747e-01
-6.943541706412847958e-01
-7.166271672069375320e-01
-7.335345979201096656e-01
-7.458222029891081739e-01
-7.646521689299898838e-01
-7.784429472855365351e-01
-7.983764968476877444e-01
-8.129594667930626350e-01
-8.284505933739778616e-01
-8.443053049390256692e-01
-8.657305460950658338e-01
-8.813478279358148981e-01
-9.023554192582730060e-01
-9.219057236438378267e-01
-9.398906172813930038e-01
-9.620895418847859037e-01
-9.817561363549862641e-01
-1.001149916361369741e+00
-1.018321437957115494e+00
-1.035834893927319866e+00
-1.051352396142794632e+00
-1.067688363720691536e+00
-1.084929930600873726e+00
-1.103119608192335788e+00
-1.119109371299641387e+00
-1.136264391064568224e+00
-1.145557057877213403e+00
-1.157532523146997505e+00
-1.174699114308533021e+00
-1.193484756089788990e+00
-1.207121618476625358e+00
-1.223001965111599310e+00
-1.234187492327792457e+00
-1.241458747903220416e+00
-1.252350266132457701e+00
-1.259628455023979354e+00
-1.263973106162731952e+00
-1.270772642644281802e+00
-1.275069573604078466e+00
-1.284416430510664675e+00
-1.298156908212890537e+00
-1.308365087973891727e+00
-1.324640991466970563e+00
-1.336620983836275256e+00
-1.344969772292909926e+00
-1.357624127138158832e+00
-1.366606643760306383e+00
-1.374012052230872083e+00
-1.385875081317046398e+00
-1.402677619639550510e+00
-1.414911288930739364e+00
-1.430493652081236577e+00
-1.442654276575906724e+00
-1.457960819415049514e+00
-1.475857565705422259e+00
-1.488893972983341474e+00
-1.504862637433096673e+00
-1.523271446708196031e+00
-1.543656128356590163e+00
-1.565586494238101034e+00
-1.588548039978127324e+00
-1.605160651897074242e+00
-1.623409078142377338e+00
-1.643504648020921222e+00
-1.657968749595229774e+00
-1.667729376549208276e+00
-1.673681464889655635e+00
-1.677391870546666608e+00
-1.678739892927676447e+00
-1.686218064544326545e+00
-1.691159476957722063e+00
-1.702197922520193307e+00
-1.717619672964408206e+00
-1.729219035344354172e+00
-1.744850308722084797e+00
-1.763689902607582072e+00
-1.784933052769792416e+00
-1.800585587179193370e+00
-1.818740727784776023e+00
-1.838790842937597647e+00
-1.853135641147208190e+00
-1.869803909169111433e+00
-1.881382219554524671e+00
-1.895727458231526219e+00
-1.912309794854544442e+00
-1.923936682937162468e+00
-1.938201270327820191e+00
-1.954577008785836734e+00
-1.972557259367794247e+00
-1.985349034996651607e+00
-1.993941483385196278e+00
-2.008367672626691025e+00
-2.018595317615226925e+00
-2.025369043204114039e+00
-2.035584720909836776e+00
-2.042507896807013168e+00
-2.056124064365976167e+00
-2.066024472865088502e+00
-2.078888357728832403e+00
-2.097543674746828568e+00
-2.111474158186589012e+00
-2.127286994700309464e+00
-2.142361061405600786e+00
-2.153152154270434160e+00
-2.166169821896186232e+00
-2.175194682685611003e+00
-2.190690746538273892e+00
-2.201872050966745320e+00
-2.219241412731833840e+00
-2.231951488743594059e+00
-2.246205787815815480e+00
-2.260611958137038968e+00
-2.276149670802325442e+00
-2.287149322181926792e+00
-2.294428205845387758e+00
-2.303912558708729907e+00
-2.314777501756956291e+00
-2.322248962230208491e+00
-2.326963900266671992e+00
-2.334307108134489273e+00
-2.344191561876811214e+00
-2.351130870742443424e+00
-2.355653426054909794e+00
-2.358255008502745831e+00
-2.369243103653381866e+00
-2.377340626002381718e+00
-2.388082891320838286e+00
-2.400712678516479848e+00
-2.415206610891054595e+00
-2.430597152637070657e+00
-2.441888784754307817e+00
-2.455139034919088026e+00
-2.469044044839230789e+00
-2.484466672266788745e+00
-2.499854237531260903e+00
-2.510832456259696421e+00
-2.523829441918154171e+00
-2.538681919089881944e+00
-2.553284768405883920e+00
-2.563613770558741400e+00
-2.570435038409497164e+00
-2.580339655626652906e+00
-2.590714913725407520e+00
-2.597772080209666434e+00
-2.608116580366965920e+00
-2.615330132265482277e+00
-2.619977632120701561e+00
-2.632058167235136636e+00
-2.640820388948151631e+00
-2.646819679730008978e+00
-2.656707774856192472e+00
-2.663763406245100107e+00
-2.668463820395398756e+00
-2.671268285301234613e+00
-2.678851288473032888e+00
-2.684231783278182348e+00
-2.687777944700692423e+00
-2.696225356922707483e+00
-2.702413711303284671e+00
-2.709668005145590364e+00
-2.714749186438923712e+00
-2.718059810716507485e+00
-2.719971924176548317e+00
-2.727241365635252546e+00
-2.732561874709231731e+00
-2.736242003570692916e+00
-2.738583788862357871e+00
-2.746381678104601320e+00
-2.748382215385271277e+00
-2.749367851289997056e+00
-2.756055838555910853e+00
-2.763594916933908685e+00
-2.769140633529944218e+00
-2.779440582537765714e+00
