-2.592742777074645844e-01
-2.656418473537653924e-01
-2.708570637695120187e-01
-2.681554967379973231e-01
-2.657448769042165537e-01
-2.636641645032227199e-01
-2.619232011388143988e-01
-2.605109367923856833e-01
-2.594023032087597880e-01
-2.585637707811647701e-01
-2.579576842009643212e-01
-2.575455097854497666e-01
-2.641708255812054151e-01
-2.627821016502684959e-01
-2.615701256098432737e-01
-2.674137335335231569e-01
-2.653216136118659030e-01
-2.634853521012388011e-01
-2.619242399487677897e-01
-2.606372540595827125e-01
-2.614504836793887232e-01
-2.621714375135133501e-01
-2.627888993811062779e-01
-2.633004242288461416e-01
-2.637100467578448182e-01
-2.621326019026268828e-01
-2.677972980370895151e-01
-2.723829767010164105e-01
-2.759857894476240858e-01
-2.787233516322187299e-01
-2.827002701111316352e-01
-2.857304539944982569e-01
-2.879360484797077735e-01
-2.894463532867466160e-01
-2.903891965406453224e-01
-2.908846529738144948e-01
-2.910408917350688629e-01
-2.909518446606091935e-01
-2.906963382968710263e-01
-2.903383277366893278e-01
-2.899278970166339064e-01
-2.895027373792982139e-01
-2.821209996557785260e-01
-2.760235828443042827e-01
-2.711476903260314764e-01
-2.673838212610037957e-01
-2.645957532966061176e-01
-2.626360657892350403e-01
-2.613575989120435761e-01
-2.606214017806405270e-01
-2.603017829685629891e-01
-2.602890691652730570e-01
-2.604906281256789136e-01
-2.608306402373290478e-01
-2.541863431521940164e-01
-2.470598372653582953e-01
-2.415254274740192830e-01
-2.373765513798433702e-01
-2.343993720602215447e-01
-2.323865211750633097e-01
-2.311456749544118505e-01
-2.305044732108489924e-01
-2.303128692427220958e-01
-2.304436870285162531e-01
-2.307919438861272265e-01
-2.312733475417179108e-01
-2.318222741632587347e-01
-2.323894613253840724e-01
-2.329395954282778014e-01
-2.334489296217594489e-01
-2.339030318718420265e-01
-2.342947316340988628e-01
-2.346223070196467031e-01
-2.348879322233017319e-01
-2.350963873047731134e-01
-2.352540190452159230e-01
-2.353679322405335395e-01
-2.354453849735507198e-01
-2.354933585530170070e-01
-2.355182722955353469e-01
-2.355258145462018060e-01
-2.355208637295218566e-01
-2.355074763203608423e-01
-2.354889220446896303e-01
-2.354677500737420992e-01
-2.354458732596231840e-01
-2.354246604440963786e-01
-2.354050294821359302e-01
-2.353875358291033226e-01
-2.353724533482943748e-01
-2.353598454288421404e-01
-2.353496256005007670e-01
-2.353416076363177289e-01
-2.353355456933106105e-01
-2.283498481104091482e-01
-2.226253550266381609e-01
-2.180848385203046913e-01
-2.146113159700024919e-01
-2.120662138178275313e-01
-2.103033227467245858e-01
-2.091789862799773303e-01
-2.085590700626842597e-01
-2.083232916039108318e-01
-2.083674719765522543e-01
-2.071214001855297138e-01
-2.062790225665993571e-01
-2.072152251000656253e-01
-2.066671942970208509e-01
-2.063269611299087813e-01
-2.076016042880250989e-01
-2.072723769567879071e-01
-2.070504844505727249e-01
-2.000076256558329657e-01
-1.942974129495946833e-01
-1.898129414978557694e-01
-1.864163932365989762e-01
-1.839553882862712264e-01
-1.822751348260112092e-01
-1.812270624907792449e-01
-1.806745724877736325e-01
-1.804964770658366024e-01
-1.805886375394163412e-01
-1.808642462015184194e-01
-1.742905738420623685e-01
-1.690345335542067229e-01
-1.649766517067658977e-01
-1.619697621892191020e-01
-1.598551782288319956e-01
-1.584746766012925523e-01
-1.576788580325381162e-01
-1.573325001967325054e-01
-1.573175132840882728e-01
-1.575340632435020538e-01
-1.508740753379063104e-01
-1.455742909904906845e-01
-1.405063770303740522e-01
-1.367414563902840108e-01
-1.340684159595804115e-01
-1.253561459156278257e-01
-1.186382521056903450e-01
-1.136522718764492179e-01
-1.101276977992864392e-01
-1.078020384947491195e-01
-1.064314272026214425e-01
-1.057970820947033985e-01
-1.057086347240849822e-01
-1.060051249400335571e-01
-1.065542992869183969e-01
-1.072507283650092624e-01
-1.080131622551185888e-01
-1.087814619217157830e-01
-1.095133730026232044e-01
-1.101813443367183343e-01
-1.107695366489027666e-01
-1.043259445588342604e-01
-9.905696673432307087e-02
-9.488591909832466698e-02
-9.170099183408142451e-02
-8.937182781206276516e-02
-8.776211351201834709e-02
-8.613613444680279230e-02
-8.568783452902395403e-02
-7.862962539502449388e-02
-7.306804791846444047e-02
-6.884593884152478971e-02
-6.578251189415329492e-02
-6.368993996617655640e-02
-6.238545332502920537e-02
-6.127005676739738504e-02
-6.070765805553746119e-02
-5.366480419888786102e-02
-4.854207216517747447e-02
-4.468867917135033174e-02
-4.192921298793494955e-02
-4.008286231453817017e-02
-3.897416978052992143e-02
-3.143118135385414291e-02
-2.540551295643034280e-02
-2.096456878370234200e-02
-1.784678919631521588e-02
-1.591344888726275997e-02
-1.479411982029055217e-02
-1.430579996623282391e-02
-7.286149899257798879e-03
-1.852609214227696199e-03
2.182518964262136762e-03
1.205574803668474360e-02
1.966761548263695758e-02
2.529746698730139798e-02
3.627954187053039625e-02
3.756288578097488617e-02
4.486510486187533786e-02
4.313617495531851809e-02
4.804357975472872688e-02
5.150488765613903119e-02
5.377751901428085013e-02
5.510333402188760665e-02
5.570050488436351088e-02
4.874564539018155784e-02
4.971002175159822123e-02
5.034045568052869513e-02
5.070523723265507599e-02
5.086588960736748710e-02
5.052145251545692162e-02
5.049123606342686976e-02
5.038855922101914686e-02
5.024063913425402816e-02
5.006888992613678369e-02
5.688612401206505353e-02
6.243229120099602625e-02
5.980331660164206475e-02
6.439918064441307877e-02
6.099987630816672279e-02
5.799488468493207982e-02
6.243075316092605576e-02
5.901827446168517177e-02
6.311678648769047939e-02
6.643755859988176304e-02
6.904171840362094414e-02
7.100972414787820597e-02
7.243117358937056771e-02
7.339726058925011287e-02
7.399546361225328717e-02
7.430605857323802077e-02
7.440007812895621520e-02
8.132591791583010377e-02
8.686289594537144332e-02
9.114205698720323490e-02
1.005811565803269580e-01
1.085865788601705351e-01
1.146514874866535472e-01
1.190460752273569955e-01
1.220456495312132184e-01
1.239150184827384482e-01
1.248980443235880866e-01
1.252113456673160652e-01
1.250412424316846849e-01
1.245431515472898987e-01
1.238427523794893848e-01
1.230383479262777691e-01
1.222039507365204614e-01
1.213927196755888449e-01
1.206404630123418809e-01
1.199690026901054640e-01
1.193892625450350131e-01
1.189039989898776906e-01
1.185101365029757048e-01
1.182007030617611143e-01
1.179663838011979493e-01
1.177967262431574014e-01
1.176810390447711185e-01
1.176090298644625332e-01
1.175712279797425097e-01
1.175592348376310881e-01
1.175658416892502167e-01
1.175850485668628043e-01
1.176120136387677206e-01
1.176429568089165656e-01
1.176750365739400728e-01
1.177062147724354801e-01
1.177351200458320868e-01
1.177609176065712582e-01
1.255831992731950564e-01
1.320465749517019116e-01
1.362454200836709095e-01
1.403649455228614951e-01
1.434395668384587097e-01
1.456160880667898283e-01
1.470465578751249947e-01
1.549244001172993546e-01
1.610493681622406914e-01
1.656270370195020991e-01
1.688843940933548726e-01
1.710503983800517602e-01
1.723426402757610720e-01
1.729589109348894649e-01
1.730725659149279227e-01
1.728307093627217128e-01
1.723543862175869190e-01
1.717401266407434512e-01
1.710623281441903121e-01
1.773617107691201067e-01
1.824010698343356829e-01
1.932422678530907323e-01
2.017868429248386164e-01
2.082909160933641424e-01
2.130387405015436997e-01
2.163187809602151734e-01
2.184073849333223460e-01
2.195583005459238457e-01
2.268382853212143058e-01
2.323327383486186726e-01
2.363002664275495324e-01
2.406658200656963675e-01
2.437406822362955250e-01
2.457414593927913504e-01
2.468790927926907131e-01
2.473492583802003875e-01
2.542564459183811465e-01
2.613977906277089591e-01
2.649690919373182130e-01
2.673654356458654568e-01
2.688195088964675517e-01
2.783836938215060730e-01
2.858327977631716088e-01
2.893413014014376561e-01
2.984058507748419409e-01
3.073068339341091804e-01
3.117477582557859339e-01
3.168184026200575598e-01
3.202829983191559649e-01
3.201911216029140750e-01
3.194847538214993232e-01
3.206144163019923887e-01
3.211259565935995486e-01
3.279338730673564406e-01
3.331845481253039587e-01
3.370728382530567835e-01
3.398067105363542506e-01
3.482912705465730507e-01
3.547682553828619412e-01
3.595133964646406444e-01
3.628085135793424065e-01
3.649245667535825355e-01
3.661108508521864202e-01
3.731659573018804021e-01
3.784732910972026243e-01
3.822935633864197325e-01
3.848839074724945686e-01
3.864857535856087711e-01
3.873174417215161647e-01
3.875703108355290638e-01
3.874073073993518079e-01
3.869633849573075324e-01
3.863471341173501106e-01
3.856432068896893384e-01
3.849151949459557187e-01
3.842086982838652798e-01
3.835543850097773433e-01
3.829708976503596318e-01
3.850998379496153312e-01
3.868512498461209592e-01
3.882429482307498958e-01
3.893068916584776495e-01
3.900835077991025024e-01
3.972360664042657863e-01
4.057862253516699713e-01
4.125998122737795093e-01
4.178247880180672169e-01
4.282624686923546253e-01
4.362803509169950189e-01
4.421881680629402567e-01
4.494526058206875785e-01
4.612795284523092398e-01
4.702250435389980776e-01
4.766832258344613216e-01
4.810643325492094391e-01
4.901871454617079404e-01
4.967799883170602726e-01
5.012776465032080520e-01
5.040902137829441632e-01
5.153855438239483000e-01
5.239224661299339836e-01
5.300842801306282492e-01
5.342638982801768410e-01
5.368401801679600904e-01
5.381621829142284597e-01
5.385397344358806571e-01
5.481955157069637874e-01
5.456141597579160507e-01
5.428786514920611594e-01
5.439361809629192912e-01
5.444804870498494154e-01
5.408408141277982750e-01
5.376276771130106269e-01
5.386200763098143440e-01
5.419045504139712310e-01
5.482777063574855170e-01
5.533770783996567744e-01
5.573189943155758552e-01
5.602458793237226065e-01
5.623107940130409599e-01
5.636660692663839622e-01
5.683880898738427057e-01
5.781843234748623717e-01
5.796976852729986973e-01
5.866320331095820073e-01
5.918532678762371546e-01
5.956049471112516702e-01
5.981356477881693001e-01
6.057468266165844106e-01
6.054191500322432251e-01
6.045959511745306880e-01
6.094971592837941099e-01
6.131199336692213508e-01
6.156703449246949678e-01
6.215755641609362891e-01
6.260514982561543595e-01
6.352066573675667627e-01
6.422080144161803616e-01
6.473453256033627756e-01
6.509179302201186790e-01
6.532156952786044579e-01
6.545066362813790617e-01
6.550296290497361618e-01
6.549909147512384955e-01
6.545633586657212399e-01
6.596471141263109406e-01
6.635096917892822077e-01
6.663278567035241240e-01
6.682772733247266395e-01
6.695237680913254108e-01
6.702180281842616827e-01
6.704927663148190220e-01
6.704616406609442691e-01
6.803037153622543132e-01
6.881845421751559000e-01
6.887306910289954232e-01
6.942965017700847286e-01
6.928949624280787978e-01
6.968807551908384745e-01
6.997953779856941336e-01
7.120164758483272793e-01
7.161786129420387725e-01
7.245160965067186654e-01
7.307661280075500310e-01
7.352354587709196698e-01
7.382318960736707902e-01
7.400470769748085376e-01
7.458564461393559775e-01
7.501208348993047004e-01
7.583907971598614628e-01
7.645752454273236909e-01
7.689863110469018492e-01
7.719345894975188083e-01
7.737125441822746419e-01
7.797364348497276554e-01
7.891895556135010148e-01
7.963720631135084993e-01
8.015954291526732334e-01
8.051790758098359424e-01
8.123996928836636489e-01
8.176194208205253000e-01
8.264372098217610541e-01
8.330049001930139863e-01
8.424440041652155875e-01
8.493657620138863606e-01
8.541871921218211483e-01
8.573043758314534690e-01
8.590785012864872172e-01
8.598284598322929462e-01
8.644286207688262058e-01
8.630704438276445289e-01
8.614330615182200779e-01
8.642755331742650871e-01
8.617187935318656455e-01
8.692600401241240560e-01
8.706859795198170771e-01
8.715375174868833508e-01
8.719379541264700162e-01
8.719990222132626423e-01
8.773622084193335446e-01
8.862111823369608343e-01
8.885972833939055349e-01
9.004150007541389389e-01
9.097158684651018845e-01
9.167536731352921020e-01
9.218321192527432206e-01
9.252715642717701527e-01
9.273851669752497529e-01
9.284630776605402591e-01
9.287630860699259694e-01
9.285061922279495006e-01
9.278757448430945409e-01
9.270190197203898030e-01
9.260503411008470520e-01
9.250550592770581115e-01
9.240938787370930330e-01
9.232071801989907289e-01
9.224190987283509280e-01
9.217412120108291473e-01
9.211757618006651827e-01
9.207183816534511012e-01
9.203603390354925251e-01
9.200903230674217781e-01
9.198958232683214220e-01
9.197641519817529865e-01
9.196831655101361802e-01
9.196417378102023088e-01
9.196300370554125747e-01
9.196396503461726768e-01
9.196635960355588058e-01
9.196962570578895990e-01
9.197332626805735378e-01
9.197713405112015739e-01
9.198081555518512475e-01
9.242389119289710075e-01
9.278240044036309975e-01
9.306395247367317269e-01
9.327775973722896019e-01
9.300563854600638614e-01
9.276215781517016534e-01
9.255150940356906553e-01
9.237496147371537791e-01
9.165427061018818211e-01
9.107311442903547327e-01
9.061926887200635328e-01
9.027754564736967247e-01
9.003154555481511778e-01
8.986490326705069975e-01
8.976212980684987741e-01
8.970914336024868874e-01
8.969356324084849508e-01
8.970482773288662726e-01
8.973418470791315604e-01
8.977459416953650351e-01
8.982057385038494379e-01
8.986801228931744490e-01
8.946421024269599620e-01
8.857338625389107323e-01
8.785806053411354677e-01
8.675161890450533431e-01
8.589440492494725410e-01
8.525406269940022375e-01
8.479695201328396603e-01
8.449039430343712187e-01
8.330109085273600389e-01
8.238917000653112055e-01
8.171776597277891074e-01
8.073604869825788954e-01
8.001983931153002771e-01
7.952381018178655836e-01
7.920555146714839401e-01
7.952577035791021931e-01
7.936072407186000044e-01
7.978121573834602298e-01
8.017552026027893186e-01
8.053077393196046430e-01
8.034766351631432713e-01
7.969030986315762677e-01
7.916218767360265751e-01
7.875235114138169346e-01
7.844675687201536629e-01
7.722054052757287845e-01
7.625293284264252902e-01
7.551663911173694954e-01
7.498022966814142931e-01
7.413005535717759331e-01
7.350999652612798529e-01
7.208865612018084956e-01
7.100893785506973144e-01
7.067463271038699757e-01
7.004332815223046627e-01
7.006676478575861733e-01
6.917961500726089730e-01
6.852194502482084060e-01
6.805941166846847246e-01
6.720462724521232278e-01
6.657323384899367369e-01
6.556564577578952724e-01
6.437668512353432737e-01
6.349233653464317895e-01
6.286758276000740109e-01
6.145525161492811916e-01
6.040110872869420833e-01
5.965104001037186965e-01
5.915130026725999857e-01
5.786482554991623228e-01
5.691843037828248075e-01
5.625678663266622248e-01
5.582685485335092679e-01
5.557998341425669508e-01
5.547304469344482847e-01
5.486701423109310305e-01
5.444003921797209156e-01
5.416117023799047470e-01
5.400083856529085402e-01
5.393199115233389129e-01
5.331479615717629184e-01
5.285351746800293071e-01
5.252655185051413600e-01
5.231136251651302693e-01
5.155475647651652782e-01
5.062372908216439260e-01
4.992155608245536502e-01
4.941525237212340826e-01
4.907142866371363432e-01
4.788667375205888366e-01
4.698875007337273146e-01
4.633567951488131165e-01
4.493538716996332560e-01
4.388223727811875197e-01
4.248126384296029290e-01
4.208113954458618799e-01
4.186687227484735541e-01
4.114944353748466455e-01
4.037198370089563060e-01
3.982836663261795085e-01
3.947401203729403729e-01
3.953589128894212656e-01
3.966354749248324207e-01
3.983091294809002481e-01
3.936594120032348432e-01
3.901925007457083261e-01
3.877437699597896525e-01
3.861418280884085785e-01
3.852198010883687296e-01
3.848233104859044573e-01
3.781396710864464161e-01
3.729174648656408131e-01
3.690000501805590361e-01
3.636293023733996321e-01
3.529890871035961109e-01
3.447946841088860293e-01
3.387280841602884340e-01
3.344561041189195727e-01
3.316535330950904914e-01
3.367466074720917302e-01
3.347777350069034430e-01
3.335538626447500654e-01
3.329128202750590848e-01
3.327113240474444122e-01
3.328265993393697553e-01
3.331565047363485021e-01
3.336185877551358647e-01
3.408595977504724761e-01
3.401839379539572938e-01
3.395749577541877784e-01
3.390445273573812202e-01
3.385968124557785508e-01
3.358828540065277313e-01
3.336996014536663946e-01
3.319953013408101228e-01
3.263306494876723196e-01
3.217674753201018589e-01
3.160094295714583890e-01
3.115996189559682161e-01
3.016324461894550613e-01
2.938598470370854532e-01
2.880260991307688201e-01
2.751352915147309286e-01
2.652973401785445606e-01
2.513187325818635465e-01
2.407586983579936835e-01
2.331254271756328933e-01
2.211157812793334010e-01
2.122925977175988965e-01
2.061574270603701020e-01
2.022210029580249202e-01
1.918011642480212942e-01
1.842819953198779892e-01
1.723281502166396084e-01
1.635514546733056740e-01
1.574368970671162771e-01
1.534898693386030910e-01
1.512553431566336926e-01
1.503287841325391394e-01
1.435152401063535255e-01
1.386078362480813730e-01
1.362313164315298586e-01
1.349514376166018881e-01
1.345175274397159004e-01
1.276659333982328448e-01
1.224822456309608842e-01
1.108544940657654188e-01
9.491763719150880796e-02
8.266073537920637371e-02
6.656650969747546220e-02
5.446739295932245817e-02
3.874939656261555676e-02
2.012073507907730097e-02
6.254018414238560197e-03
-1.059307791102193086e-02
-2.282555405450437114e-02
-3.120750250819415150e-02
-3.647234829944667744e-02
-3.929261935173955500e-02
-4.054764718306236304e-02
-4.041014806320442077e-02
-3.929277119444396504e-02
-3.754227525525188902e-02
-4.261930270022595835e-02
-4.660844016326937123e-02
-4.938125301705142967e-02
-5.114020484589731907e-02
-5.901015539290788148e-02
-6.494020476427597721e-02
-6.921325614615891908e-02
-7.211485940901352087e-02
-7.391541083426678149e-02
-7.485971101247113069e-02
-8.233406689411637558e-02
-8.801329018785675196e-02
-9.215058388353702945e-02
-9.500156947035987010e-02
-1.039298527633925051e-01
-1.107226196486372771e-01
-1.156768554323948095e-01
-1.199482734613706025e-01
-1.228530277746804344e-01
-1.246378059491093371e-01
-1.255377055231627903e-01
-1.330101092803754881e-01
-1.459232449018732503e-01
-1.559483266574355209e-01
-1.634273223805486897e-01
-1.687370662096783214e-01
-1.722565922425005613e-01
-1.756179686117509409e-01
-1.763723458324297777e-01
-1.763168251210338600e-01
-1.757031737945482508e-01
-1.760121979966069450e-01
-1.746068027007323664e-01
-1.731474502693777229e-01
-1.717282631978693797e-01
-1.704120020269186409e-01
-1.764052311394843642e-01
-1.812245902911882034e-01
-1.849776574475281432e-01
-1.877945324152368034e-01
-1.898140207666665358e-01
-1.911737917548230747e-01
-1.920036872311783327e-01
-1.995055673877836888e-01
-1.983205843660749146e-01
-2.040746896530234444e-01
-2.085052846029809004e-01
-2.117839014248943386e-01
-2.140897485418415958e-01
-2.171485185540151797e-01
-2.264199711901722090e-01
-2.336859070563734875e-01
-2.391564688960050589e-01
-2.501806538224828902e-01
-2.586002682515888829e-01
-2.647584280320329775e-01
-2.690162692801270072e-01
-2.717268714553147113e-01
-2.732181606889667602e-01
-2.807981149028973000e-01
-2.863959854096829183e-01
-2.882624244891569543e-01
-2.911935139003885009e-01
-2.909607162672154246e-01
-2.923083367745118455e-01
-2.998530146311413347e-01
-3.056362492374973261e-01
-3.098915786039462272e-01
-3.128605349665558588e-01
-3.147780014643062341e-01
-3.181068360827550290e-01
-3.204177895516866492e-01
-3.218856687366582481e-01
-3.226801593387205180e-01
-3.229581054190169276e-01
-3.228584558188121179e-01
-3.224996178820676018e-01
-3.219787885475093869e-01
-3.213727651576459010e-01
-3.277337977934704494e-01
-3.328071479856278270e-01
-3.367190730668836451e-01
-3.396191817308873429e-01
-3.416647235501519830e-01
-3.430096571804481798e-01
-3.437974724344057265e-01
-3.441568829142567232e-01
-3.441996601462136152e-01
-3.440200224548739527e-01
-3.505479034843281827e-01
-3.557144023385669929e-01
-3.596671339709012205e-01
-3.625714382478955056e-01
-3.620332853622822977e-01
-3.612590294537725288e-01
-3.536923737371713283e-01
-3.473221719821892872e-01
-3.421121775802438147e-01
-3.356365878180855855e-01
-3.306142494787005504e-01
-3.291092496763037278e-01
-3.282271780248171567e-01
-3.278275897044418130e-01
-3.277870278363268497e-01
-3.212599967707012727e-01
-3.160917031233025920e-01
-3.121514778915706056e-01
-3.161045446114609803e-01
-3.129041868345925348e-01
-3.105152270507114398e-01
-3.110226385985994657e-01
-3.186387478519434602e-01
-3.251180175043819620e-01
-3.304510796979078791e-01
-3.346946660011931307e-01
-3.379487461531700543e-01
-3.379069820587508044e-01
-3.375827706683234286e-01
-3.370824790633748513e-01
-3.364877675045192529e-01
-3.290823623636083273e-01
-3.297159780951273156e-01
-3.302961169468741076e-01
-3.308088828870301423e-01
-3.312481368253459291e-01
-3.293092030539122028e-01
-3.300219257021723696e-01
-3.306430277752967495e-01
-3.311678320335955661e-01
-3.315979783968667771e-01
-3.319394922641150103e-01
-3.322011920089757986e-01
-3.323934142599676012e-01
-3.392511790191972132e-01
-3.448136910150585432e-01
-3.491845049808184331e-01
-3.524981776024129765e-01
-3.549034687136551902e-01
-3.565511443480946507e-01
-3.575855140195050019e-01
-3.581389311998486313e-01
-3.583285953750481312e-01
-3.582550992700028747e-01
-3.580022593838800837e-01
-3.576378507873232415e-01
-3.572149392397516721e-01
-3.567735665182321103e-01
-3.588291212030809696e-01
-3.604803148248021394e-01
-3.592270610168952771e-01
-3.647703666110997389e-01
-3.625714999005031913e-01
-3.606138138011696359e-01
-3.589268594513059796e-01
-3.600143177756598423e-01
-3.609202201013883560e-01
-3.591194898927965173e-01
-3.576230401665791980e-01
-3.564165046703544615e-01
-3.512459439254413951e-01
-3.470221835628668483e-01
-3.436928209100831300e-01
-3.411724515132839031e-01
-3.369426040285077306e-01
-3.361603957620513672e-01
-3.426953927316924720e-01
-3.483041315985353492e-01
-3.529690491468713276e-01
-3.567291711882489835e-01
-3.596604102658942370e-01
-3.618599442057575111e-01
-3.608726424455248605e-01
-3.598504677873495261e-01
-3.588584317956975411e-01
-3.579391001318958931e-01
-3.571178140677384594e-01
-3.564069843208361732e-01
-3.558095729124717277e-01
-3.553218874967678520e-01
-3.549358009993925922e-01
-3.546404920367598468e-01
-3.544237850970495263e-01
-3.542731561784007166e-01
-3.566426599349259430e-01
-3.586296770364103548e-01
-3.602412173729547806e-01
-3.615021952384196435e-01
-3.624491861471295095e-01
-3.698840365621982595e-01
-3.758451273567742223e-01
-3.804632722333785022e-01
-3.839024519784501877e-01
-3.863400719917298165e-01
-3.812705136542868800e-01
-3.834556151403538671e-01
-3.850446983254949274e-01
-3.861359706232561084e-01
-3.868239108109299274e-01
-3.805229391262592298e-01
-3.751823355473569155e-01
-3.707956274501229554e-01
-3.673076869492624130e-01
-3.620672848274946176e-01
-3.580514671597416765e-01
-3.550882584234156258e-01
-3.530049884418255957e-01
-3.516377029755997086e-01
-3.508367890523846899e-01
-3.504699651888441014e-01
-3.504234525003031564e-01
-3.506019019699306849e-01
-3.509274869378302686e-01
-3.513384572474245182e-01
-3.517873746906232668e-01
-3.522391952441172869e-01
-3.526693232310587067e-01
-3.506324981718498268e-01
-3.490111001266411606e-01
-3.477598562502399737e-01
-3.402847472802128515e-01
-3.342758417634166257e-01
-3.295999147527137740e-01
-3.260959173839346192e-01
-3.235913549009279411e-01
-3.241320294567586746e-01
-3.160500004787385464e-01
-3.118741199694825550e-01
-3.066783571132420949e-01
-3.028664360358646057e-01
-3.002196641322756321e-01
-2.985233313207471539e-01
-2.975774437019489405e-01
-2.972031493431117610e-01
-2.972459109831566693e-01
-2.908294868648286791e-01
-2.858153876027089701e-01
-2.820462550650575384e-01
-2.793458266613317864e-01
-2.775340489339344074e-01
-2.764379031311587909e-01
-2.758985972622201022e-01
-2.757758067018252213e-01
-2.759496171074093951e-01
-2.763207604591635391e-01
-2.768096537106308208e-01
-2.754272846580434475e-01
-2.744204120846100992e-01
-2.737237388333471078e-01
-2.732766753897397649e-01
-2.749055089635641380e-01
-2.744528035803399657e-01
-2.741348836603165751e-01
-2.739268025364607340e-01
-2.738056818157130756e-01
-2.737512166918865120e-01
-2.737458966999963828e-01
-2.737750250755426329e-01
-2.738265989759633978e-01
-2.757727232432256592e-01
-2.774008308113149468e-01
-2.700685117437096050e-01
-2.658625425320670921e-01
-2.624961076898402190e-01
-2.599022126435719393e-01
-2.579912161238615553e-01
-2.566622923030859038e-01
-2.558124511456725259e-01
-2.553431162416779365e-01
-2.551644841788776041e-01
-2.551980197987528953e-01
-2.553774902119165802e-01
-2.556489299334943066e-01
-2.559698833996186806e-01
-2.563082087464028103e-01
-2.566406616050811440e-01
-2.518163711845489150e-01
-2.548570161878400686e-01
-2.504488476196760072e-01
-2.468499236645631534e-01
-2.440145821880104204e-01
-2.489926969002562718e-01
-2.443762062266197077e-01
-2.495447275979760793e-01
-2.539253153614029479e-01
-2.504444469482045577e-01
-2.475126616206326791e-01
-2.451205867015087136e-01
-2.503479091435398818e-01
-2.476173600473117187e-01
-2.524702788485102545e-01
-2.546222689094683744e-01
-2.581292265720638301e-01
-2.590329513466673728e-01
-2.526525699786876800e-01
-2.542687149480078457e-01
-2.555900971364630792e-01
-2.566394865750232235e-01
-2.574463514428142474e-01
-2.580433110370656813e-01
-2.584635837587951901e-01
-2.587392015627512087e-01
-2.588998179466655003e-01
-2.658231725706161619e-01
-2.627388828364729534e-01
-2.600601786299963081e-01
-2.595928674209901921e-01
-2.591899478285548675e-01
-2.570556223481001989e-01
-2.571080870300448407e-01
-2.621932814352445629e-01
-2.596031502815960845e-01
-2.574221626983208555e-01
-2.556383715259351597e-01
-2.542230893113441859e-01
-2.531375174886385526e-01
-2.523377847564818310e-01
-2.517786791770604271e-01
-2.514163149195143276e-01
-2.512099377279697343e-01
-2.528626916790119861e-01
-2.543036639168214652e-01
-2.555187613630200971e-01
-2.547206119120888346e-01
-2.540387880499379580e-01
-2.483983272209191462e-01
-2.420394370542464646e-01
-2.438282578669987988e-01
-2.386972178808202116e-01
-2.414886468955523835e-01
-2.371959975244317675e-01
-2.338282304805083811e-01
-2.312808077640056137e-01
-2.294380792631849353e-01
-2.281826856517950031e-01
-2.258346498386956114e-01
-2.257131071356550667e-01
-2.175402119890776920e-01
-2.111060343301296438e-01
-2.062085443100618587e-01
-2.040237143283414323e-01
-2.012724284580231782e-01
-1.994418383513119064e-01
-1.997113365885079261e-01
-2.003014712832875688e-01
-1.942251077846217644e-01
-1.894507875800328645e-01
-1.858474726828780454e-01
-1.832591517960819871e-01
-1.815206953604353579e-01
-1.804698187749609328e-01
-1.799554119437658528e-01
-1.798427230774666263e-01
-1.800159932461478096e-01
-1.721729454850224883e-01
-1.660118501202172414e-01
-1.613318973864275030e-01
-1.579175003237325292e-01
-1.497172878870098867e-01
-1.503243778958929244e-01
-1.443597184745430972e-01
-1.398665036057806788e-01
-1.366456689215720388e-01
-1.344886237907187976e-01
-1.252273527089309280e-01
-1.181579954453473302e-01
-1.129728904013425073e-01
-1.023834217474328678e-01
-9.436275345760836153e-02
-8.854357570085680251e-02
-8.455674922393652260e-02
-7.508081893380169625e-02
-6.803739189485580319e-02
-6.305745056463929465e-02
-5.977618164388642796e-02
-5.785066420262197084e-02
-4.997780421107789195e-02
-5.115062777088530410e-02
-4.578232603443721516e-02
-4.192321681629795904e-02
-3.230709479797932993e-02
-2.497901492512344390e-02
-1.963341764110348997e-02
-1.595186339536103226e-02
-1.362415216524093253e-02
-1.236244847029932536e-02
-1.199413407857208291e-02
-1.220040514902431816e-02
-1.280293157243006519e-02
-1.365317538697707889e-02
-1.463230439711238340e-02
-8.439423322853079057e-03
-3.521565761008815798e-03
2.414865736799498563e-04
2.997290964192655949e-03
4.903880164333296321e-03
1.334012597812805900e-02
1.990261841717089197e-02
3.202446606274689245e-02
4.170724237870682138e-02
4.902913263243746655e-02
6.160667250244911131e-02
7.063033238017668580e-02
8.425461307828596702e-02
9.434605764589276689e-02
1.014712450988715098e-01
1.061761313666638173e-01
1.018312113561623544e-01
1.044581893636278291e-01
1.058996974887740361e-01
1.064432722182511171e-01
1.063346564712799314e-01
1.057782465769614433e-01
1.049393921695205290e-01
1.039478755240230701e-01
1.029020657882555589e-01
1.018733669175497791e-01
1.009106734200306832e-01
1.000446253957243403e-01
9.929151894876553364e-02
9.865678213672435248e-02
9.813797109828681364e-02
9.772727634026834309e-02
9.741355588615130401e-02
9.718393083920084941e-02
9.702499087735727556e-02
9.692366341543312558e-02
9.686780183909204922e-02
9.684654649261426052e-02
9.685050803784145401e-02
9.687181729228266924e-02
9.690407942695289378e-02
9.694226401593186715e-02
9.698255628051910548e-02
9.702218922713368165e-02
9.705927139548542470e-02
9.709262068218871278e-02
9.712161119213646998e-02
9.714603725919634947e-02
9.716599660516989090e-02
9.718179299225071510e-02
9.719385758432430578e-02
9.720268748192650854e-02
9.720879945528304589e-02
9.721269669808241254e-02
9.721484639936162075e-02
9.721566602958464642e-02
9.721551641666148491e-02
9.721469991425069068e-02
9.721346221187299186e-02
9.721199658495804918e-02
9.721044961936931017e-02
9.720892766045574618e-02
9.720750342627293428e-02
9.720622238617560029e-02
9.720510863949782809e-02
9.720417013599313982e-02
9.720340316253528457e-02
9.720279608223458823e-02
9.720233235575626018e-02
9.720199290347664167e-02
9.720175788408069728e-02
9.720160797300825273e-02
9.720152522524938554e-02
9.720149360321506116e-02
9.720149924358478799e-02
9.720153052834867857e-02
9.720157801577489209e-02
9.720163427750838636e-02
9.720169367890574286e-02
9.720175213145210158e-02
9.720180683879986461e-02
9.720185605177489307e-02
9.720189884254848423e-02
9.720193490407424974e-02
9.720196437769734743e-02
1.043250050658679484e-01
1.030232127691850241e-01
1.089258586043284627e-01
1.128424004197883246e-01
1.157985043494753619e-01
1.179425360444159576e-01
1.202565508894861690e-01
1.218961246330403370e-01
1.290908400792740718e-01
1.346637776804124886e-01
1.388290106117109346e-01
1.418059418138468697e-01
1.438063433221661302e-01
1.518886282994158510e-01
1.580913191077253366e-01
1.637960508256219860e-01
1.679780083102533350e-01
1.696781781149094837e-01
1.717032007244945202e-01
1.728786894447429390e-01
1.733938293620438387e-01
1.664342462979930826e-01
1.673799432318932023e-01
1.610034236583088862e-01
1.626766023574108821e-01
1.640709447435986235e-01
1.651966790702161791e-01
1.590471515225144739e-01
1.539581935853300276e-01
1.569245630938778113e-01
1.595199358317087590e-01
1.546902239257790246e-01
1.507548147131025917e-01
1.476508467762556176e-01
1.452902707663041859e-01
1.506177781188764442e-01
1.481515324757058938e-01
1.532461336798549567e-01
1.575137600641054458e-01
1.539624563508266153e-01
1.509564551921813713e-01
1.484890381832275619e-01
1.535614500385757974e-01
1.577976501909805762e-01
1.542116656071550462e-01
1.581922222332197148e-01
1.614253809958341446e-01
1.569569347062089726e-01
1.601729058864034272e-01
1.557558233845894868e-01
1.520507719294477145e-01
1.560671439447298692e-01
1.594376609824166291e-01
1.551651977391674819e-01
1.515921957649684071e-01
1.486955117565709195e-01
1.464232524331001706e-01
1.517450645708475765e-01
1.562508529841981630e-01
1.599515172960310760e-01
1.628972508897479354e-01
1.651627666505639525e-01
1.668358148747122183e-01
1.680085700049556152e-01
1.687714406223335128e-01
1.692088707872700937e-01
1.693967345866156382e-01
1.694009693586071563e-01
1.762603260279516082e-01
1.817481205693454172e-01
1.859943160913815063e-01
1.960865882675857375e-01
2.039648042234154524e-01
2.098938935879464118e-01
2.141594610814085975e-01
2.170462346797870090e-01
2.188235357054388874e-01
2.197361503123820281e-01
2.268418555624476252e-01
2.322155607267439859e-01
2.361055520461308177e-01
2.404261413183759188e-01
2.434818191303160795e-01
2.454826021658151891e-01
2.535357530610322652e-01
2.596799175726964837e-01
2.641630986968532824e-01
2.741142754363776746e-01
2.816465386724438247e-01
2.871012602572005079e-01
2.976043720736563092e-01
3.054295078127362562e-01
3.109917914658675286e-01
3.146962679505509453e-01
3.169194390738150346e-01
3.246477444943520752e-01
3.302801976981100118e-01
3.275678322753159399e-01
3.246539828097358971e-01
3.217518436383854930e-01
3.190098727865695594e-01
3.165235374746648844e-01
3.143462171012878503e-01
3.124990147647519478e-01
3.176447309489063286e-01
3.152207676727474261e-01
3.131551638890093248e-01
3.114483601279602887e-01
3.100817741220680546e-01
3.090244870550946654e-01
3.082385890201366774e-01
3.143626440837965497e-01
3.127794001882400199e-01
3.114288218210858883e-01
3.103116542534485323e-01
3.160884640642116494e-01
3.208309158474706990e-01
3.246060729774329356e-01
3.297711966864449451e-01
3.338117705545038394e-01
3.368455957589944205e-01
3.390098080218422183e-01
3.404480873429591714e-01
3.413008935702916968e-01
3.416986001238091486e-01
3.417571933453633637e-01
3.507444464940434603e-01
3.579547967029816924e-01
3.635299734007682027e-01
3.676594978930467494e-01
3.772913619013333886e-01
3.846477419725080615e-01
3.900331663971705609e-01
4.003916182600508744e-01
4.015586073299177716e-01
4.083329791775358597e-01
4.160709773729351912e-01
4.217585618352568400e-01
4.322592589311322619e-01
4.401136979247537440e-01
4.521793184324909287e-01
4.611417603495657769e-01
4.674889365714050005e-01
4.716944606245379035e-01
4.804991406294967238e-01
4.867912628814436982e-01
4.910237533720889225e-01
4.997800513237795617e-01
5.060839556042209253e-01
5.103731932331680987e-01
5.225270907511563312e-01
5.317140826353645711e-01
5.383539901885134871e-01
5.428705406850222737e-01
5.456690950219185154e-01
5.471218435805382807e-01
5.475589168510972549e-01
5.472641068773864692e-01
5.561216500165153676e-01
5.629490622162625080e-01
5.679922322711805638e-01
5.715191478458848673e-01
5.737988489952910998e-01
5.848907797176002843e-01
5.875567543885441557e-01
5.890809985642724289e-01
5.956716903090117921e-01
6.045783320183448772e-01
6.113292582813706355e-01
6.220942662761110853e-01
6.301592282207491014e-01
6.359189282999568871e-01
6.397727106352945059e-01
6.521705024598271061e-01
6.615480910507467449e-01
6.683255635943251560e-01
6.830542301062845212e-01
6.896133615048360976e-01
6.984625471249040762e-01
7.047010600438118333e-01
7.142223327821369816e-01
7.209819308414374683e-01
7.254795212267088900e-01
7.334583474826394944e-01
7.337959847886349474e-01
7.384060222309496435e-01
7.414012895151561588e-01
7.427064090075704561e-01
7.483422671741315479e-01
7.523941933420443817e-01
7.551263078494656611e-01
7.567926714619827022e-01
7.576270743324156065e-01
7.578368354457118983e-01
7.575997962334876101e-01
7.570637519886754818e-01
7.563476462753054852e-01
7.555439486229018620e-01
7.547217369147128929e-01
7.539301061564087636e-01
7.580971432754159967e-01
7.565492182842551427e-01
7.551569505071800137e-01
7.539466817524342890e-01
7.529269329634723507e-01
7.520934747516817565e-01
7.514334987782391728e-01
7.509289448264613309e-01
7.505590710450573688e-01
7.503023691989545441e-01
7.501379294462759972e-01
7.500463547746217818e-01
7.500103168540085408e-01
7.500148346881951866e-01
7.500473463308141575e-01
7.500976328661094206e-01
7.501576433256732512e-01
7.502212595220217883e-01
7.502840311019750574e-01
7.503429035455158047e-01
7.503959553828647433e-01
7.504421555485296658e-01
7.504811474732102639e-01
7.505130631425608323e-01
7.505383678178232376e-01
7.505577342998943635e-01
7.505719444060782175e-01
7.453522378523972369e-01
7.410474864778885395e-01
7.376148233193066117e-01
7.403070937112414818e-01
7.427183651157097666e-01
7.448068203634919948e-01
7.465610070738276649e-01
7.479908240871785408e-01
7.539986596324821377e-01
7.588853574800039636e-01
7.627258760388001546e-01
7.656286989215720373e-01
7.677203851816177815e-01
7.691333984693851100e-01
7.751752988422606627e-01
7.848816294709559660e-01
7.924808148699350463e-01
7.982056457598410981e-01
8.073255634669328495e-01
8.141269173553999927e-01
8.189726134616394093e-01
8.270450262743456182e-01
8.381279150632906516e-01
8.464459662190019218e-01
8.524111882379866723e-01
8.564302020781217051e-01
8.588855057579082297e-01
8.601237508122303588e-01
8.604492861853759722e-01
8.655169286247847982e-01
8.691951278408984738e-01
8.717002216057989639e-01
8.787861156735458090e-01
8.841706526435781921e-01
8.880628200444004028e-01
8.952742017635286764e-01
9.005833586772702404e-01
9.042919179229037541e-01
9.066952155517004064e-01
9.080672942347218779e-01
9.143675888504708693e-01
9.190719855889780687e-01
9.224087073852783591e-01
9.246110212077737200e-01
9.302643466010870332e-01
9.343781733610124762e-01
9.372146027644623345e-01
9.448429279201175923e-01
9.506232846183241270e-01
9.589633427100670016e-01
9.651497371578788842e-01
9.754423396538289825e-01
9.871647863951886759e-01
9.959040210654018788e-01
9.982932132205528664e-01
1.003197562826538825e+00
1.002579168620612249e+00
1.005143210509249929e+00
1.006617189549185776e+00
1.007260201183873605e+00
1.007294065024428198e+00
1.006903682835422087e+00
1.006239126842951137e+00
1.005418773317418246e+00
1.004533002183600310e+00
1.009625933232955131e+00
1.007689757999433056e+00
1.005907413846566678e+00
1.004326065853055949e+00
1.002967900866066575e+00
1.001836595596975021e+00
1.000922771221260943e+00
1.000208462494139194e+00
9.996706719784986817e-01
1.005256163352828302e+00
1.009907361862977249e+00
1.013656469890946932e+00
1.016574224718401753e+00
1.018754928146774041e+00
1.026438622321767635e+00
1.036205958142232930e+00
1.043784226090895606e+00
1.055664258884746243e+00
1.064816982384991340e+00
1.074997841988031277e+00
1.082444592514674397e+00
1.093910407039488719e+00
1.102406405382776899e+00
1.108391095662931258e+00
1.118701625605098560e+00
1.129298566342596288e+00
1.143360024240613004e+00
1.153818890163801569e+00
1.161220585122209936e+00
1.168880309724013467e+00
1.180447826888187945e+00
1.188790346590550495e+00
1.194464316213994959e+00
1.197991954223582844e+00
1.199845277132940424e+00
1.200437919886612637e+00
1.200122365538065505e+00
1.199190911772424428e+00
1.197879174588663886e+00
1.196371236285440176e+00
1.192215762690238767e+00
1.188530833059504133e+00
1.185373350068369414e+00
1.182755779445445743e+00
1.180657748036543886e+00
1.179036524161688915e+00
1.184499069093311041e+00
1.189132954780084406e+00
1.192936561798962458e+00
1.202727203803652722e+00
1.208024984056048856e+00
1.214659676043838399e+00
1.219680774490578434e+00
1.223306640937026790e+00
1.225766846812678112e+00
1.234215285823499819e+00
1.249994261123356321e+00
1.262244271321881772e+00
1.271405841726744645e+00
1.284926839006675259e+00
1.297000039828017481e+00
1.305691053868764273e+00
1.311611502654942862e+00
1.322236779569109677e+00
1.329874689816078259e+00
1.341993722998846117e+00
1.350881188668119792e+00
1.364060449527620289e+00
1.375172981354269686e+00
1.382996689656326161e+00
1.395129699753874908e+00
1.403863589471967543e+00
1.416787595469036320e+00
1.426181381386354641e+00
1.433594921429897751e+00
1.445337629633675069e+00
1.453716692370193186e+00
1.459340182402457442e+00
1.470404416795928038e+00
1.478270105204526841e+00
1.483540647526938372e+00
1.486756764696774979e+00
1.495194566413420301e+00
1.501200705539359026e+00
1.512017040798797174e+00
1.519999373387569630e+00
1.525591849197078353e+00
1.536059476874232166e+00
1.543549392461254666e+00
1.555725783847042853e+00
1.564829325249289083e+00
1.571275772076302868e+00
1.575505094247158233e+00
1.577949694675882197e+00
1.586070038925755377e+00
1.591887986519092468e+00
1.595964534231248511e+00
1.598494331709434668e+00
1.606982107477412880e+00
1.613256407304302531e+00
1.624856158255304051e+00
1.633582793579141157e+00
1.639832748156352160e+00
1.651232525568087750e+00
1.659639979793743114e+00
1.671971643579764466e+00
1.680915338825988536e+00
1.687076591557181038e+00
1.691011294348869987e+00
1.700164054247605527e+00
1.713606002288889485e+00
1.723591371476580036e+00
1.730674886613153385e+00
1.742212453903164704e+00
1.750585495473536035e+00
1.761799062210643640e+00
1.771124068939140539e+00
1.777645008760318168e+00
1.788563733340098105e+00
1.796433434738295531e+00
1.801774938543878379e+00
1.805079343011022797e+00
1.808402491701093240e+00
1.810256968990926696e+00
1.810973307189094328e+00
1.810847525586218199e+00
1.810135049048965161e+00
1.809048264059001987e+00
1.814586214378517859e+00
1.820536884605785444e+00
1.831945031334749396e+00
1.840877039268379090e+00
1.847593416142310208e+00
1.852399762067131084e+00
1.857632280110213863e+00
1.861260129647860140e+00
1.863557328568535176e+00
1.864792441521440525e+00
1.865214498429002221e+00
1.865044030198793168e+00
1.864468524228521940e+00
1.861547041107553868e+00
1.858911701943489758e+00
1.856613141473286488e+00
1.847790139478264315e+00
1.840582980884170716e+00
1.833021980730221490e+00
1.827214216527191848e+00
1.822908037026897077e+00
1.813068816622626755e+00
1.805500786014475834e+00
1.799899980821912493e+00
1.795956222060471896e+00
1.793369987084795669e+00
1.791863656610510169e+00
1.784351551456906382e+00
1.778681810584086920e+00
1.774598691431578112e+00
1.771839859986340748e+00
1.770151910918990490e+00
1.769300975700381917e+00
1.769079235341076695e+00
1.769308151278056407e+00
1.762905793831264667e+00
1.757938613254530935e+00
1.754237680833575119e+00
1.743409435966910559e+00
1.736212037190117963e+00
1.730873005756155436e+00
1.726020152442014455e+00
1.723784818088005766e+00
1.722570151915759240e+00
1.722134772479374742e+00
1.722267892224539576e+00
1.715748946977888600e+00
1.710743257109791138e+00
1.707061942536794996e+00
1.697407959257762000e+00
1.689950387466597093e+00
1.684424553853702822e+00
1.680540953790491621e+00
1.678008969857919475e+00
1.676553335555596602e+00
1.675924611092902916e+00
1.675904937728180499e+00
1.676310229167873755e+00
1.676989801760279120e+00
1.677824274073840272e+00
1.678722399962374823e+00
1.679617347374755099e+00
1.680462802736397032e+00
1.680444543810204916e+00
1.680474058881057386e+00
1.687531769778549906e+00
1.686311691639479804e+00
1.692146498764703244e+00
1.689888154211716564e+00
1.688685183047234917e+00
1.686768658826878875e+00
1.685146146897826602e+00
1.683812623012367116e+00
1.682749633073920892e+00
1.674976602371900825e+00
1.661710173448986971e+00
1.651062028023286832e+00
1.642802746581899509e+00
1.629638316711577106e+00
1.619877596268389564e+00
1.612334470411808329e+00
1.600014507482409476e+00
1.583797769775926900e+00
1.571571207790534830e+00
1.555502318442063991e+00
1.536329636070277171e+00
1.521941961584611702e+00
1.511682686673574194e+00
1.497669619185701517e+00
1.487135904729885549e+00
1.479993404363337595e+00
1.468335472565741817e+00
1.460177137715883422e+00
1.454913983499077190e+00
1.451960551304384950e+00
1.443459687969980143e+00
1.437603710888180286e+00
1.433899628267517379e+00
1.431888283160057673e+00
1.431159903205727835e+00
1.431361523002818492e+00
1.432198677851439950e+00
1.433433239985852925e+00
1.427616393276490925e+00
1.423210879051485245e+00
1.420016940405856021e+00
1.410617085111110613e+00
1.402151759421162769e+00
1.395705716105292371e+00
1.383748698912450115e+00
1.374596589877176589e+00
1.360640158186979143e+00
1.350098431058177395e+00
1.342492752787571852e+00
1.337331764712460069e+00
1.326970519115615810e+00
1.319490725128525499e+00
1.314400865688373443e+00
1.304150606654993050e+00
1.296734446924528994e+00
1.284664975510657392e+00
1.275817340560965407e+00
1.269655165774247862e+00
1.258787846044769232e+00
1.250940278371218906e+00
1.238797007699120378e+00
1.229952643043537908e+00
1.217159213598198120e+00
1.201252446508108696e+00
1.189523840968206292e+00
1.178592985909502788e+00
1.164396604785355560e+00
1.154073628339389312e+00
1.140570075660607863e+00
1.127896724107373183e+00
1.112472835254466830e+00
1.101260036407289533e+00
1.093574823751744862e+00
1.079150632400045939e+00
1.068668069107710394e+00
1.055282819226770918e+00
1.042191368281668140e+00
1.026702353837909865e+00
1.015521406106170144e+00
9.980253257561600977e-01
9.851978129671346007e-01
9.703729818270147023e-01
9.599312270247277734e-01
9.472735336656022964e-01
9.343929601830991416e-01
9.197405766477783073e-01
9.093842036486714520e-01
8.926135964076750140e-01
8.804441926681859654e-01
8.621564016885107096e-01
8.487709619478323031e-01
8.395033163118132968e-01
8.335909866144519675e-01
8.303276164975393892e-01
8.290826680894540779e-01
8.244994470198838687e-01
8.266299075142728991e-01
8.241177735601616927e-01
8.280337402919861756e-01
8.319152092700988765e-01
8.355683860532481244e-01
8.336143978767680540e-01
8.374416354688446473e-01
8.407679389599856945e-01
8.382998932733225494e-01
8.362915278444793543e-01
8.347060684263537533e-01
8.387049737806144822e-01
8.420912045178721161e-01
8.396080892664775641e-01
8.427581476780428016e-01
8.453374433184452919e-01
8.420967362022232505e-01
8.398909514993482262e-01
8.327490113746700562e-01
8.269246506526811702e-01
8.223302709549635825e-01
8.139435341243135280e-01
8.073422690968239390e-01
8.023519408271768683e-01
7.987611431094628900e-01
7.912462337273151736e-01
7.855508945635668594e-01
7.761977619536514217e-01
7.690540756490854557e-01
7.638676092373968274e-01
7.603469029633674880e-01
7.530387806597025335e-01
7.528930089737948528e-01
7.534948948815535230e-01
7.545873999765350115e-01
7.559636910830381806e-01
7.574639356116328326e-01
7.589701378903636053e-01
7.604000004730362416e-01
7.565383585598924876e-01
7.586170036133734751e-01
7.604639324724535854e-01
7.620519584256731926e-01
7.633757799204389238e-01
7.644456524800127273e-01
7.652821417656541225e-01
7.659119127283399164e-01
7.663644680130273779e-01
7.666697236116072345e-01
7.616847879636499119e-01
7.575933626557544986e-01
7.543318048445895041e-01
7.463991165129776340e-01
7.400631693425157032e-01
7.302137051417976199e-01
7.226062386177103392e-01
7.169462278039898662e-01
7.129293244574271826e-01
7.055017115789987692e-01
6.945028060054595498e-01
6.861528411097681524e-01
6.800799873155445319e-01
6.759086921566075379e-01
6.675503249256597993e-01
6.613965146215524671e-01
6.571193740507903502e-01
6.484860952264235312e-01
6.376326815597944675e-01
6.295685145238936187e-01
6.238748402123193149e-01
6.140636438587169232e-01
6.068676365638514536e-01
6.018902691242062897e-01
5.883223086078396280e-01
5.781169429316284081e-01
5.707929442883072912e-01
5.658600388743051379e-01
5.628497834352932383e-01
5.613347462305366964e-01
5.609389936446986802e-01
5.613423147640130839e-01
5.622800773260969720e-01
5.635401632466712218e-01
5.649580823050446288e-01
5.664110902359844602e-01
5.678119229532585521e-01
5.691025873269106583e-01
5.702485113640085590e-01
5.712332468198052515e-01
5.720538311123032349e-01
5.727168496867323100e-01
5.732351917474469705e-01
5.736254587489155732e-01
5.739059635540345594e-01
5.740952462566906167e-01
5.679256409224973101e-01
5.588284894439168315e-01
5.515372325029892497e-01
5.395075868418968135e-01
5.300272184251875185e-01
5.191212532848954453e-01
5.044870189638650526e-01
4.933221576163155930e-01
4.817223588688472891e-01
4.668291934501753726e-01
4.557757592713718164e-01
4.479582748256549785e-01
4.427922346582535695e-01
4.397365815493643471e-01
4.383075174963482201e-01
4.380850744646298534e-01
4.387146305479656672e-01
4.399049151594480733e-01
4.414236323323528222e-01
4.430915638230781273e-01
4.447758292632193466e-01
4.463828380788938954e-01
4.478513460193396245e-01
4.491459198272280684e-01
4.502510157789954004e-01
4.511657930953620887e-01
4.518997132398552274e-01
4.524689215575654622e-01
4.528933680253537375e-01
4.531945975905506963e-01
4.533941255849429641e-01
4.535123077062226393e-01
4.535676147993557006e-01
4.469569789025100714e-01
4.414924489004410368e-01
4.371208996050446327e-01
4.270028341765439439e-01
4.189362569979868667e-01
4.058717973588803485e-01
3.956304794658331847e-01
3.879291198772365501e-01
3.753800879860340611e-01
3.658900919412042541e-01
3.492678475957395889e-01
3.367484285747057715e-01
3.205527307470106280e-01
3.085583651220289436e-01
3.001286191393688352e-01
2.873483591589225394e-01
2.761194082551805540e-01
2.683909294226516362e-01
2.634728525355052309e-01
2.554048438950495825e-01
2.480379578919034156e-01
2.431615332664915918e-01
2.402667824460711365e-01
2.388983925887540050e-01
2.386615365707780434e-01
2.410111659949518703e-01
2.417765434222036713e-01
2.428730265602634386e-01
2.441411673420481598e-01
2.454615026848347981e-01
2.467484798349277586e-01
2.479444892327586913e-01
2.490142926535456880e-01
2.499400130574198631e-01
2.507167675492887327e-01
2.513489660137089299e-01
2.518472580873676314e-01
2.522260850009421240e-01
2.525017768046728950e-01
2.454187950848853994e-01
2.395752152842840488e-01
2.331667882240631151e-01
2.282079612157039694e-01
2.245055235967357010e-01
2.202479930621832338e-01
2.100858233701388134e-01
2.022640842825864649e-01
1.964524798877482770e-01
1.923247833816170704e-01
1.895731633723052312e-01
1.879167679270683511e-01
1.871063896745470689e-01
1.855999790856557308e-01
1.847938139923348544e-01
1.775483447814030225e-01
1.719715712335827540e-01
1.666672185016300212e-01
1.628422876967308142e-01
1.533694124758007149e-01
1.461409595443456944e-01
1.408363090872457590e-01
1.302816132044473107e-01
1.153972953364788001e-01
9.636217941673130838e-02
7.500038407976483690e-02
5.878727295427665922e-02
4.697655882704165897e-02
2.516420625985982262e-02
8.819724245770821369e-03
-2.872762221341362832e-03
-1.755037698644779098e-02
-2.789646820882141220e-02
-4.151320285287862788e-02
-5.105077108324063140e-02
-6.450902173509365234e-02
-7.410513741803836929e-02
-8.046328251916734509e-02
-8.420009291584373834e-02
-8.589332998989918089e-02
-8.666811816221753340e-02
-9.333122180510988741e-02
-9.794031485548182481e-02
-1.008491433700615669e-01
-1.016741932416618255e-01
-1.015973246147681142e-01
-1.009044553766382801e-01
-1.068431370442533002e-01
-1.112493574966180176e-01
-1.143659646837511534e-01
-1.233729241118397546e-01
-1.302418161074487823e-01
-1.352719091179890309e-01
-1.456484619900104693e-01
-1.603432682725542957e-01
-1.715837219933624702e-01
-1.866317126543810545e-01
-1.979039912162121606e-01
-2.059757665981274410e-01
-2.196040563309415994e-01
-2.297069078870446202e-01
-2.368010238438280624e-01
-2.414089308143347878e-01
-2.440299262827267945e-01
-2.451204564171700628e-01
-2.450823670626027795e-01
-2.442574725369892619e-01
-2.497211589033194734e-01
-2.554199885384309532e-01
-2.595720433524999482e-01
-2.692554410619794059e-01
-2.766211170489509819e-01
-2.819735502892688483e-01
-2.856355324307344734e-01
-2.879240889615548582e-01
-2.980079625894513917e-01
-3.057167090928887276e-01
-3.113434259648462099e-01
-3.152084072150014293e-01
-3.176330102948377032e-01
-3.257530164197253164e-01
-3.317422937904870306e-01
-3.359346340805096087e-01
-3.386579944347327675e-01
-3.402179376950345002e-01
-3.500601451123348529e-01
-3.576188817517598206e-01
-3.631750110170950396e-01
-3.670333239678331694e-01
-3.694988755077546205e-01
-3.708601837617275798e-01
-3.781173988193105018e-01
-3.835046172953364696e-01
-3.806195448909690526e-01
-3.843681073838258744e-01
-3.869921661774229360e-01
-3.886982049205234269e-01
-3.896775024182546066e-01
-3.901007371666969092e-01
-3.901154196484517556e-01
-3.898453446407812439e-01
-3.893914355502727798e-01
-3.888334972937370626e-01
-3.882325088682705427e-01
-3.876331778047679144e-01
-3.870665515728937134e-01
-3.865525397183064982e-01
-3.861022478589188900e-01
-3.857200625631225233e-01
-3.854054559532247293e-01
-3.851545017033193297e-01
-3.849611108777584167e-01
-3.875308080793342658e-01
-3.896731460483242593e-01
-3.886341043497880676e-01
-3.904636821470715002e-01
-3.891536748337878215e-01
-3.907732951728219994e-01
-3.988101520200499905e-01
-3.985953447222543300e-01
-4.020726283675435386e-01
-4.046985275037910945e-01
-4.094608692744408085e-01
-4.102423098026211079e-01
-4.105831246048869954e-01
-4.134705069597071070e-01
-4.127343348312555449e-01
-4.147719612388340860e-01
-4.096516789262512059e-01
-4.118806513964985427e-01
-4.136541725112825585e-01
-4.150149819543245133e-01
-4.160151175630411036e-01
-4.100352763061543282e-01
-4.049951181202353645e-01
-4.008826103039031530e-01
-3.976390883769973517e-01
-3.951762368979534479e-01
-3.933898754425475541e-01
-3.921705752240813858e-01
-3.914113682135662575e-01
-3.910129483169273445e-01
-3.908868202587520990e-01
-3.909568493693051927e-01
-3.911596263930046113e-01
-3.942678663710559306e-01
-3.969328073610554064e-01
-4.060077523003315925e-01
-4.065409258967476180e-01
-4.067465825111169497e-01
-4.067113019349255509e-01
-4.065091339084125899e-01
-4.062011069009618947e-01
-4.058356612405518149e-01
-4.054497102166698674e-01
-4.119730985251492950e-01
-4.172267907535862630e-01
-4.213241153415254736e-01
-4.244049433790846315e-01
-4.266195297206654136e-01
-4.281171891790569450e-01
-4.290387434313935877e-01
-4.295118449615822342e-01
-4.296484543548946267e-01
-4.295438956562827038e-01
-4.292770362660651706e-01
-4.356418199871694430e-01
-4.406983695064938811e-01
-4.445848135453909222e-01
-4.474574105124335954e-01
-4.494767319700929686e-01
-4.507981149931898912e-01
-4.515654058133886650e-01
-4.519072116790523452e-01
-4.585187364842151503e-01
-4.636771726455364284e-01
-4.675608241238591312e-01
-4.670827041990242012e-01
-4.727155186591005531e-01
-4.769440829700621887e-01
-4.799969188237307449e-01
-4.820873570290140631e-01
-4.834083803006870017e-01
-4.841302926223569614e-01
-4.844001337713847999e-01
-4.843421944242765065e-01
-4.840592436979018753e-01
-4.836342239314079805e-01
-4.831322435396430137e-01
-4.826027385647995160e-01
-4.820816961949461188e-01
-4.753440020439057001e-01
-4.728343100206138239e-01
-4.740975253428298952e-01
-4.752742594279362187e-01
-4.763288166144239444e-01
-4.772425917527212125e-01
-4.780099622442113283e-01
-4.786347120597105320e-01
-4.791270168325936218e-01
-4.795009851324649741e-01
-4.860089064735333420e-01
-4.912610663371184128e-01
-4.953678833113706048e-01
-5.079682527464759456e-01
-5.179973615888089356e-01
-5.196119261032323688e-01
-5.203104412240608934e-01
-5.203275347951938912e-01
-5.198651879159326139e-01
-5.190913273164419195e-01
-5.181406375363861727e-01
-5.171169927201233474e-01
-5.160969281909899564e-01
-5.213204150642769541e-01
-5.254769444359361774e-01
-5.286761277998186515e-01
-5.310443739016970088e-01
-5.327126519817575456e-01
-5.398467933289239351e-01
-5.453763770107051823e-01
-5.435474659480317161e-01
-5.416409106389863393e-01
-5.397796537982046949e-01
-5.380474030541422259e-01
-5.425049920299278572e-01
-5.460556718934388432e-01
-5.524464892295692930e-01
-5.575075486050016238e-01
-5.673131990592295004e-01
-5.728628813318027424e-01
-5.829238897830834043e-01
-5.906542268280563501e-01
-5.963366098178466412e-01
-6.002817269595793759e-01
-6.086734177156886139e-01
-6.148210669816311924e-01
-6.190922242631901051e-01
-6.218403477843653659e-01
-6.275360505768889929e-01
-6.315939193708202115e-01
-6.342863155746668591e-01
-6.416155016832909563e-01
-6.470147191863406810e-01
-6.551209112256944911e-01
-6.667972828512328531e-01
-6.756270676511051398e-01
-6.820127055681125539e-01
-6.863637807683872216e-01
-6.890721614032266906e-01
-7.005165794770246146e-01
-7.091679091949584235e-01
-7.154165179604703440e-01
-7.297192479767150575e-01
-7.405775762393038697e-01
-7.484596589503671460e-01
-7.538508522657406674e-01
-7.673151494869693279e-01
-7.824203996141569917e-01
-7.935813967207746567e-01
-8.014387145387992240e-01
-8.114511019799326430e-01
-8.183681513660727713e-01
-8.228074594228305116e-01
-8.253148864932489115e-01
-8.314545313608913135e-01
-8.402535830088305735e-01
-8.465663660060918083e-01
-8.508300230255606555e-01
-8.586591518323106742e-01
-8.687799387821457664e-01
-8.762021714427051799e-01
-8.813648926395504235e-01
-8.900330698914677985e-01
-8.963187951955204902e-01
-9.048923511964070965e-01
-9.164752409592727966e-01
-9.250813707530923802e-01
-9.352724521382023148e-01
-9.481389609617776326e-01
-9.576332377529436224e-01
-9.642772976395066475e-01
-9.685854634027050158e-01
-9.710391339423039003e-01
-9.720713369551399197e-01
-9.759366856734772444e-01
-9.840470735726423168e-01
-9.899896413215167890e-01
-9.998958526398843416e-01
-1.007311749147124180e+00
-1.022123888124871982e+00
-1.033399771290383518e+00
-1.041615915766098466e+00
-1.047267986679204732e+00
-1.050837187715495169e+00
-1.058798382474125166e+00
-1.067803988855636987e+00
-1.080302457316075326e+00
-1.089589008231832690e+00
-1.096147135576648557e+00
-1.109741855548612044e+00
-1.119792375609334645e+00
-1.126862525045131402e+00
-1.137728430194966167e+00
-1.145553598985336041e+00
-1.150843415786795720e+00
-1.147786016862500924e+00
-1.150566946435123583e+00
-1.145781946612617563e+00
-1.141189693357240520e+00
-1.136973220155729880e+00
-1.133239548819925391e+00
-1.130037606809008999e+00
-1.124413016367066032e+00
-1.122796858268115150e+00
-1.121619232552506507e+00
-1.120808123823092917e+00
-1.120294257458255727e+00
-1.126212789222091004e+00
-1.131196368609636460e+00
-1.135262465655167308e+00
-1.138471912242558393e+00
-1.140912888978821371e+00
-1.149010912938197571e+00
-1.155432255644185169e+00
-1.160335679394333130e+00
-1.163914824020826355e+00
-1.172831427407849070e+00
-1.179698124581731289e+00
-1.191312412179472924e+00
-1.200252267029976450e+00
-1.213499124543591545e+00
-1.223584226901911487e+00
-1.230901024822499634e+00
-1.235881539330958345e+00
-1.245783233745183294e+00
-1.255224952043891395e+00
-1.268728598865596524e+00
-1.278713849781702105e+00
-1.292604004998813672e+00
-1.302826997062870973e+00
-1.309953916019320763e+00
-1.321491647609927433e+00
-1.331484128956175184e+00
-1.338371032489889201e+00
-1.342761486272880722e+00
-1.345202483560919537e+00
-1.346170092302576116e+00
-1.346067805385038341e+00
-1.345229194386591054e+00
-1.343923089913657831e+00
-1.342360165983256026e+00
-1.340700196837908420e+00
-1.345909335378069116e+00
-1.343113293992704405e+00
-1.348968335505793759e+00
-1.352028505538119596e+00
-1.362618788590684638e+00
-1.370946929880085596e+00
-1.384119586998533213e+00
-1.394328370792141669e+00
-1.401940669867883793e+00
-1.414232650967146787e+00
-1.423465557259808945e+00
-1.430078118339813908e+00
-1.441449924943187577e+00
-1.449823036698671519e+00
-1.462634033823688950e+00
-1.472112701535580381e+00
-1.485773530335241288e+00
-1.495843592972307068e+00
-1.502870664589671001e+00
-1.514452407419728974e+00
-1.522775090319333779e+00
-1.535700437976506016e+00
-1.544986482667671801e+00
-1.551286593100121403e+00
-1.555094314651022325e+00
-1.564108977999994821e+00
-1.570507179797809183e+00
-1.574732318715849511e+00
-1.577211177155374067e+00
-1.585406630009182249e+00
-1.598392093605464082e+00
-1.608179919157679771e+00
-1.614905405851674303e+00
-1.626324332122413452e+00
-1.635048274672850965e+00
-1.641173393483491338e+00
-1.644639676324066935e+00
-1.653976622568820165e+00
-1.660753268491800050e+00
-1.665382238939247861e+00
-1.674532035848746769e+00
-1.681854087479980331e+00
-1.686967595793422259e+00
-1.696346949903442258e+00
-1.697096033266300097e+00
-1.703750087745529163e+00
-1.708449846285296836e+00
-1.711537067092294917e+00
-1.713335617528518595e+00
-1.715148534010051629e+00
-1.716053259548316889e+00
-1.716265776670526488e+00
-1.723063414509974134e+00
-1.735331643114991440e+00
-1.746146609001918648e+00
-1.754441130360038459e+00
-1.767654625651776445e+00
-1.777674485730973197e+00
-1.792038652619816874e+00
-1.802744978823156208e+00
-1.810335720661376824e+00
-1.815358490295201577e+00
-1.825353628428021402e+00
-1.832448928895296314e+00
-1.844106443768433579e+00
-1.852548676395845417e+00
-1.867262211544273187e+00
-1.878264445860711174e+00
-1.886090915456667405e+00
-1.898125759678189750e+00
-1.906773451107675710e+00
-1.919377787622386311e+00
-1.930964163736541783e+00
-1.945989442864362262e+00
-1.957011586232268119e+00
-1.971313617729753442e+00
-1.981594204348960053e+00
-1.988548478272928355e+00
-1.999356452412175633e+00
-2.006843776096383536e+00
-2.018060824422359456e+00
-2.025936801286731370e+00
-2.037390234217514973e+00
-2.045487755043696065e+00
-2.057012793256442151e+00
-2.059093439672423642e+00
-2.065696091664217970e+00
-2.070045778203180475e+00
-2.066584052028493712e+00
-2.062851850648491414e+00
-2.062381787932082045e+00
-2.065559104038945382e+00
-2.159273003132307522e+00
-2.207264598792559873e+00
-2.210988758039651003e+00
-2.216486949375150228e+00
-2.220618799645157182e+00
-2.231599228277156399e+00
-2.238353970993983033e+00
-2.242430405575052355e+00
-2.244864590431608242e+00
-2.252596446014218934e+00
-2.251877929146549384e+00
-2.250902652488559141e+00
-2.249752078928124899e+00
-2.248496626539737697e+00
-2.247200947732695298e+00
-2.245923153689029839e+00
-2.244712011383856787e+00
-2.243604504403626354e+00
-2.237105187062238709e+00
-2.231707103066030484e+00
-2.227370207990988948e+00
-2.224010280675227325e+00
-2.215810859640914288e+00
-2.209330123575824700e+00
-2.198559452673533254e+00
-2.190129291493607244e+00
-2.194047726572128099e+00
-2.187705936990168798e+00
-2.187275358270868164e+00
-2.187479122552303146e+00
-2.188121531031644196e+00
-2.189038515607406143e+00
-2.194499197752337594e+00
-2.199257828946910465e+00
-2.197055511412729700e+00
-2.195189972009512047e+00
-2.193665248705283677e+00
-2.192464531911249459e+00
-2.191557182832609030e+00
-2.190904760384778438e+00
-2.190465801545069979e+00
-2.190199327276431962e+00
-2.190067195791939980e+00
-2.196364551004786669e+00
-2.201521280092791688e+00
-2.205619663318386436e+00
-2.214913719984969553e+00
-2.222177722808187372e+00
-2.233632057908925272e+00
-2.242383418047020793e+00
-2.248840107391784304e+00
-2.263809295704500180e+00
-2.275298946312978021e+00
-2.283789731493203412e+00
-2.295287388735721024e+00
-2.303643479286473728e+00
-2.309406871318054222e+00
-2.308190170251072093e+00
-2.306261959818770801e+00
-2.303945863370368663e+00
-2.301481972948176580e+00
-2.299042622829494675e+00
-2.302058567343765461e+00
-2.304298892802265186e+00
-2.305890181946786743e+00
-2.301708249510912907e+00
-2.298042236415768880e+00
-2.294927802750185819e+00
-2.286983814412863580e+00
-2.280467221734777006e+00
-2.275304758012917539e+00
-2.271372090410991085e+00
-2.263858852071976457e+00
-2.258145942366226233e+00
-2.253982318072026647e+00
-2.251111376069437675e+00
-2.249287177692522732e+00
-2.248284504360182900e+00
-2.242291456591677168e+00
-2.243397271391923020e+00
-2.243599285835521595e+00
-2.244115206742885782e+00
-2.239057543398151218e+00
-2.235075454892758273e+00
-2.232074676108549482e+00
-2.229932485894054572e+00
-2.228512784573277283e+00
-2.221657147368212293e+00
-2.211732562121481394e+00
-2.204051692931258799e+00
-2.183448759690655550e+00
-2.167527203839183958e+00
-2.151586160961727501e+00
-2.139940188638819851e+00
-2.131800673554898218e+00
-2.122707608321412476e+00
-2.110537128297089726e+00
-2.101814855891768197e+00
-2.092403538491931059e+00
-2.079891949986540478e+00
-2.070835498794893592e+00
-2.058488911427516665e+00
-2.049510502810086177e+00
-2.043356135360393733e+00
-2.030078047445045719e+00
-2.020352685859082786e+00
-2.010622210868673765e+00
-1.997631870148187438e+00
-1.988229134281331856e+00
-1.975429690151107254e+00
-1.966155257772592480e+00
-1.959830315766509345e+00
-1.955898634431775918e+00
-1.953846066519402180e+00
-1.953214443797424593e+00
-1.953608589725227107e+00
-1.954698113988003749e+00
-1.956215383268733454e+00
-1.957950844710187432e+00
-1.959746687488527872e+00
-1.961489647409885073e+00
-1.963103585302247600e+00
-1.964542305956263002e+00
-1.965782936882318310e+00
-1.960321358879100639e+00
-1.955830332729491472e+00
-1.945677219844691663e+00
-1.937505625017308830e+00
-1.931162068592019443e+00
-1.919725906226823486e+00
-1.910849495990387226e+00
-1.904247331801306231e+00
-1.892751712565770239e+00
-1.881852279146588147e+00
-1.873892720197023687e+00
-1.861534147467730493e+00
-1.857253951897826383e+00
-1.848078719781880652e+00
-1.843486361589456113e+00
-1.840688437425713753e+00
-1.839292555254070649e+00
-1.845787900794542580e+00
-1.851784851256018216e+00
-1.857119299648536392e+00
-1.861711794952765509e+00
-1.865545991081372978e+00
-1.870744509725402294e+00
-1.874940151380322106e+00
-1.878204372601137262e+00
-1.873733910921567158e+00
-1.869763823692362603e+00
-1.861454648049598148e+00
-1.852418787492622787e+00
-1.838026613532730558e+00
-1.826532248573988992e+00
-1.817693752755167758e+00
-1.803945935002733147e+00
-1.791832916379011431e+00
-1.782987234643395702e+00
-1.769658562224148746e+00
-1.759859504574419420e+00
-1.745810541963700002e+00
-1.734290949544240013e+00
-1.719079623166710702e+00
-1.707999783767942370e+00
-1.693211496104749525e+00
-1.681699057635793970e+00
-1.666765968538570286e+00
-1.656054119151723514e+00
-1.641781353643879005e+00
-1.631560882555359804e+00
-1.624672823919814046e+00
-1.620452642130524756e+00
-1.611294837421270776e+00
-1.604963680409427385e+00
-1.600933307217924373e+00
-1.591682447867587058e+00
-1.585087151425558893e+00
-1.580691998363535911e+00
-1.571003431345185497e+00
-1.563967177282553855e+00
-1.552083138878324942e+00
-1.543290604409919498e+00
-1.530048626389069355e+00
-1.520252627524784073e+00
-1.513373019984315393e+00
-1.501831947279688606e+00
-1.493490779360695742e+00
-1.480780995896459729e+00
-1.471523669047450689e+00
-1.465889888447454714e+00
-1.461746830177006240e+00
-1.459433749481758413e+00
-1.458518790391081010e+00
-1.458627762749268086e+00
-1.459445807483053414e+00
-1.467713183328326565e+00
-1.474967004495647993e+00
-1.480493419784666420e+00
-1.485106709554730786e+00
-1.488827469679306681e+00
-1.483903315144919466e+00
-1.479576681127334759e+00
-1.468576809405033101e+00
-1.459536336247559518e+00
-1.452368826782522326e+00
-1.439546421701918488e+00
-1.428517185285307356e+00
-1.420090046844625808e+00
-1.406523956803528153e+00
-1.397555651564910573e+00
-1.382595142488217910e+00
-1.371376147853503813e+00
-1.356049194584291628e+00
-1.337497403489861902e+00
-1.323735657115961750e+00
-1.314010186817837544e+00
-1.307586216027966541e+00
-1.296678709689171649e+00
-1.289127762956897127e+00
-1.277272213722771221e+00
-1.271033202680449614e+00
-1.260423097700712480e+00
-1.253042182163424778e+00
-1.248237971772555577e+00
-1.238782230863143985e+00
-1.232127791797908323e+00
-1.227737176979468492e+00
-1.225132270947391300e+00
-1.223896758616508595e+00
-1.223675319545458606e+00
-1.224170855943138125e+00
-1.225140458479185401e+00
-1.226390531936585093e+00
-1.227771380230733289e+00
-1.229171502727027132e+00
-1.230511831720222826e+00
-1.231740119398620159e+00
-1.232825652312757203e+00
-1.233754432041465732e+00
-1.234524916367286673e+00
-1.235144370891088528e+00
-1.235625840985292712e+00
-1.235985721190051123e+00
-1.236241874908706517e+00
-1.236412241559279979e+00
-1.236513860283073640e+00
-1.236562237495244299e+00
-1.236570988411757277e+00
-1.236551688692423046e+00
-1.236513880192056769e+00
-1.236465183464795281e+00
-1.236411478344325188e+00
-1.236357122095006478e+00
-1.236305181970050127e+00
-1.236257665357421764e+00
-1.236215735992668208e+00
-1.236179909001315913e+00
-1.236150220882798578e+00
-1.236126373071936957e+00
-1.236107849533600644e+00
-1.236094010082270156e+00
-1.236084161885800725e+00
-1.236077612015236138e+00
-1.236073704031250386e+00
-1.236071841529608140e+00
-1.236071501366770242e+00
-1.236072239003579654e+00
-1.236073688079562416e+00
-1.236075555992711905e+00
-1.236077616931088308e+00
-1.236079703497691806e+00
-1.236081697797571710e+00
-1.236083522620648800e+00
-1.236085133156295868e+00
-1.236086509515278209e+00
-1.236087650208362199e+00
-1.236088566635074493e+00
-1.236089278566582461e+00
-1.236089810559073410e+00
-1.236090189204187784e+00
-1.236090441107384752e+00
-1.236090591479716005e+00
-1.236090663231020903e+00
-1.236090676460047666e+00
-1.236090648247821777e+00
-1.236090592673040778e+00
-1.236090520981233176e+00
-1.236090441852034427e+00
-1.236090361720675990e+00
-1.236090285120242660e+00
-1.236090215020330785e+00
-1.236090153145325887e+00
-1.236090100261708180e+00
-1.236090056428611028e+00
-1.236090021209600209e+00
-1.236089993846252177e+00
-1.236089973396003572e+00
-1.229476211326054225e+00
-1.224094853634792868e+00
-1.219850690682664052e+00
-1.210096808123145795e+00
-1.202451781032838340e+00
-1.196664077533014403e+00
-1.186063184494362099e+00
-1.178003487171161323e+00
-1.165822633581293344e+00
-1.156666109216019089e+00
-1.147279513459420031e+00
-1.140443533435144818e+00
-1.129546891259074259e+00
-1.121552396523697759e+00
-1.115997220429247649e+00
-1.109384118624807014e+00
-1.104849490276898383e+00
-1.089693987409686038e+00
-1.084303103856342432e+00
-1.074818446667991534e+00
-1.058673028672974858e+00
-1.046454955535356834e+00
-1.031689971025529395e+00
-1.020903331786340962e+00
-1.013433629350036114e+00
-1.002882807344124716e+00
-9.918460812119795911e-01
-9.840317977654163828e-01
-9.788778627118143172e-01
-9.719899422592119809e-01
-9.617140521194333935e-01
-9.543517288696272693e-01
-9.494163327103306571e-01
-9.464373086862077900e-01
-9.393874222563870502e-01
-9.345322301533192100e-01
-9.273300824195184200e-01
-9.167395878724062808e-01
-9.089366630117238222e-01
-9.034786040232883897e-01
-8.902753680061107344e-01
-8.803470302359729383e-01
-8.732227554518684487e-01
-8.684264568965299746e-01
-8.557983083523423851e-01
-8.463888997069721754e-01
-8.299819246167201570e-01
-8.176026413628295630e-01
-8.086887115944153548e-01
-8.026620289033549183e-01
-7.941223468998247492e-01
-7.833110672813990982e-01
-7.756186647029665870e-01
-7.607022759636106191e-01
-7.496534177892286710e-01
-7.418758552380334548e-01
-7.367813679263827131e-01
-7.338198998572879050e-01
-7.324973217846644236e-01
-7.323842909640622123e-01
-7.285195585643186034e-01
-7.209288384283365492e-01
-7.153650089851736338e-01
-7.115056352167342668e-01
-7.037882984123042807e-01
-6.936401314720569422e-01
-6.860672293002401112e-01
-6.753021482152916644e-01
-6.672687242739143709e-01
-6.615770635298749980e-01
-6.535903897659446349e-01
-6.479832461309670277e-01
-6.484752203623357358e-01
-6.441822982244326257e-01
-6.371642023744266137e-01
-6.264556431677570369e-01
-6.183531058108702183e-01
-6.084905812357621624e-01
-6.013228390009136559e-01
-5.963955740694784069e-01
-5.932766647315019792e-01
-5.858010114267320212e-01
-5.804267842853791937e-01
-5.806334416250795716e-01
-5.777200305246913414e-01
-5.700591736722655511e-01
-5.643432757818802603e-01
-5.602975489591597302e-01
-5.576380148428967676e-01
-5.560901085183902470e-01
-5.554012813202164889e-01
-5.591197584482736627e-01
-5.588224162549353391e-01
-5.588631301110944527e-01
-5.629413181592615167e-01
-5.626606826195721389e-01
-5.663422816003151894e-01
-5.633468083746322463e-01
-5.608482598468413904e-01
-5.588348454718252700e-01
-5.534180913634689780e-01
-5.491401174827430509e-01
-5.458781541490458356e-01
-5.397774103408510271e-01
-5.388141321415862439e-01
-5.322105150739329105e-01
-5.234969034235072982e-01
-5.203808376269936087e-01
-5.120454257757540706e-01
-5.056530200719067114e-01
-4.974835038763312234e-01
-4.914576546802178481e-01
-4.872361423502780120e-01
-4.844879082893751576e-01
-4.731951042196678170e-01
-4.646366044211567292e-01
-4.584127880938140276e-01
-4.541271084502476185e-01
-4.514061599636327582e-01
-4.499115429485607276e-01
-4.493459914329607230e-01
-4.461104071515884506e-01
-4.439128702277306271e-01
-4.425701787925384600e-01
-4.419052124993740893e-01
-4.483712382099669380e-01
-4.539986764822381282e-01
-4.587396275723842898e-01
-4.626096806148440876e-01
-4.591130698757035500e-01
-4.560769987669939241e-01
-4.535251027486439934e-01
-4.514477584362144302e-01
-4.498125161898194335e-01
-4.485727725932830978e-01
-4.410046018392841383e-01
-4.416138791194492708e-01
-4.356727248210727765e-01
-4.310016616033462977e-01
-4.274681172479293245e-01
-4.249177392379905882e-01
-4.201520939680400968e-01
-4.099007126257667721e-01
-4.019447254190327001e-01
-3.959980784636760731e-01
-3.917570449538188004e-01
-3.889220757295075437e-01
-3.804021468646507920e-01
-3.739720196611588943e-01
-3.693426899530898311e-01
-3.662166601675513888e-01
-3.643061140763288464e-01
-3.633452863907076225e-01
-3.630980212867258583e-01
-3.633615029193348889e-01
-3.639670741580922630e-01
-3.578360604961781100e-01
-3.600225515405302001e-01
-3.551807040944114924e-01
-3.514414489953672227e-01
-3.486719449551287653e-01
-3.467271555866164867e-01
-3.454613916269519969e-01
-3.447364728752777552e-01
-3.444270172569894317e-01
-3.444234053830119713e-01
-3.446329543313779720e-01
-3.449797840682506944e-01
-3.454037905537925557e-01
-3.433411982975351773e-01
-3.417577987662485661e-01
-3.405857923360307016e-01
-3.328362917224989559e-01
-3.266386901762734496e-01
-3.218421761492056277e-01
-3.182701781954349052e-01
-3.157369554385025534e-01
-3.118091171176831100e-01
-3.090110245451298532e-01
-3.093306217637175060e-01
-3.099754878316824946e-01
-3.108150687614164021e-01
-3.117472853431184632e-01
-3.126954512620714333e-01
-3.136048354563376606e-01
-3.144390899482030211e-01
-3.081673026595290743e-01
-3.030422095388081161e-01
-2.989931049226721704e-01
-2.959124590460848747e-01
-2.915396883683658569e-01
-2.883027928946073626e-01
-2.860165509773990866e-01
-2.845044025758549644e-01
-2.836051316386887233e-01
-2.831763021869342367e-01
-2.830955287523959640e-01
-2.832603265682072102e-01
-2.835870518035659149e-01
-2.819991284584701940e-01
-2.808377207043815105e-01
-2.800290201911317389e-01
-2.795047850676035672e-01
-2.792039065726230618e-01
-2.722765485091851456e-01
-2.667070268458622273e-01
-2.623740938099172748e-01
-2.591299864841301037e-01
-2.568154602907439799e-01
-2.552710858683195916e-01
-2.525693859070889946e-01
-2.506940494858231894e-01
-2.494842843030722346e-01
-2.420219787979853709e-01
-2.362017707299497449e-01
-2.318255794761852062e-01
-2.286817956366826721e-01
-2.265599014310542003e-01
-2.252606218986150655e-01
-2.246025153999045010e-01
-2.244257642233435934e-01
-2.245938057892000739e-01
-2.249933465396005694e-01
-2.187023256319515774e-01
-2.137120395875413692e-01
-2.030112162338693071e-01
-1.945571611302394643e-01
-1.881253098438180338e-01
-1.834493248940967103e-01
-1.720637337314916415e-01
-1.634567662497230511e-01
-1.503129666004343612e-01
-1.404082344868446963e-01
-1.332666196884992882e-01
-1.284145314904323598e-01
-1.254051675291305568e-01
-1.238333071668940022e-01
-1.233431685390382615e-01
-1.167288889282087627e-01
-1.118949182163662126e-01
-1.154764518177093802e-01
-1.190147804698693523e-01
-1.154225670373203450e-01
-1.127644403393044392e-01
-1.108980913036892169e-01
-1.034615738738426938e-01
-9.690934887836832878e-02
-9.261462591263214250e-02
-8.187042126298549327e-02
-7.359925357516683420e-02
-6.748557675217470297e-02
-6.364155054496301034e-02
-6.074241884729314478e-02
-5.904487958211523946e-02
-5.123125344360213163e-02
-5.243061246313285295e-02
-4.699143427841145915e-02
-4.302905240202559156e-02
-4.030132380981665818e-02
-3.884797721139032767e-02
-3.812277884388803884e-02
-3.081345951110869841e-02
-2.516181661418759319e-02
-1.379077173031384440e-02
-4.961903109525156452e-03
1.613114595332421075e-03
1.338099855591101672e-02
2.214088263589064631e-02
3.571393360979402409e-02
5.309949124647395102e-02
7.293306624803652660e-02
8.774660233494246953e-02
9.833858250346683150e-02
1.124394885592621129e-01
1.224688950155432554e-01
1.360693579531448982e-01
1.457240071976531048e-01
1.521502617012218117e-01
1.628404665719549449e-01
1.714565892751949150e-01
1.772861422073721549e-01
1.808445303457613118e-01
1.826156113350791976e-01
1.830360142971141357e-01
1.824857822563272780e-01
1.812844188475686291e-01
1.866679644324655829e-01
1.905876754134814277e-01
1.946510835366941361e-01
1.975024477409066392e-01
2.063959933866195140e-01
2.132118289009941048e-01
2.252406910196340650e-01
2.344253593274214786e-01
2.411415851169251834e-01
2.527433795908817782e-01
2.613476398240510701e-01
2.674225167935271319e-01
2.714257518429943339e-01
2.737827341130378844e-01
2.748739517098477414e-01
2.750290710751288614e-01
2.745255958533758811e-01
2.735906112111605726e-01
2.724045223443987140e-01
2.711059831925974883e-01
2.697974194980969909e-01
2.685507066545438359e-01
2.674126849158993124e-01
2.664102926707927477e-01
2.655551780870319956e-01
2.648477134109854525e-01
2.642803863561555833e-01
2.638405807843464679e-01
2.635127857275747498e-01
2.632802892735632838e-01
2.631264235616825875e-01
2.630354307163409455e-01
2.629930184954032413e-01
2.629866701115666228e-01
2.630057662598370705e-01
2.630415698083330422e-01
2.630871156272325262e-01
2.631370401919579383e-01
2.700460232687571516e-01
2.756789426657990649e-01
2.801301303446714908e-01
2.835271666567453774e-01
2.927839297215459879e-01
3.021013211451633040e-01
3.160938100955799079e-01
3.269928544892486411e-01
3.351536957917273796e-01
3.476657302644194925e-01
3.569760124916647737e-01
3.635743884700655126e-01
3.745296114999028259e-01
3.824570616848541604e-01
3.970689602837305099e-01
4.080293922109585747e-01
4.223082036719436605e-01
4.391374419672977591e-01
4.515239609866998904e-01
4.601992484896568758e-01
4.658591037086490250e-01
4.722982258552745893e-01
4.825974166677808874e-01
4.898819400639957689e-01
4.946797778852471961e-01
4.974901308233583563e-01
5.021445075255384083e-01
5.050797979948398186e-01
5.128603526334933882e-01
5.184563638041026490e-01
5.222300286720893414e-01
5.342829703329317059e-01
5.373040030265705536e-01
5.450952674545181953e-01
5.506897868540190366e-01
5.605383639486047898e-01
5.716057997404455637e-01
5.798338155763699264e-01
5.916137767410600823e-01
6.002450059854596010e-01
6.062395929777075754e-01
6.159142029319978340e-01
6.269211681222615073e-01
6.406392524406629985e-01
6.507318157626431621e-01
6.577891800315586179e-01
6.623764730227944542e-01
6.650117978313285771e-01
6.661544394892318088e-01
6.661999290748116254e-01
6.654797650888254479e-01
6.642642640035809620e-01
6.627674488315062895e-01
6.611531675544329856e-01
6.595418260180047065e-01
6.580172635794655500e-01
6.566334168958908313e-01
6.554205178035478196e-01
6.543906584252289216e-01
6.591191872881918545e-01
6.629707918808376288e-01
6.703523558164472540e-01
6.762656056163581786e-01
6.808387919977503255e-01
6.896815198012989923e-01
7.010051515739402772e-01
7.097981126894312709e-01
7.216693281407887683e-01
7.405278982655771891e-01
7.550318923316217123e-01
7.657511049757501631e-01
7.732820340434874984e-01
7.782055694017611103e-01
7.810604614773971610e-01
7.922167124487000667e-01
8.003908365041380035e-01
8.060610005291984903e-01
8.096908966061565627e-01
8.117098097178246929e-01
8.172847982503574915e-01
8.163089678633952406e-01
8.246261425173556647e-01
8.308448993449734088e-01
8.352729606362150339e-01
8.335245913669833140e-01
8.361499757938309907e-01
8.377888075645942845e-01
8.339444751423920055e-01
8.303479453767345086e-01
8.271163432974933949e-01
8.243129346368213151e-01
8.267829990564402598e-01
8.240033800230621708e-01
8.216837168721837781e-01
8.246415891714377056e-01
8.271094454478143954e-01
8.291085841902104958e-01
8.259189983604789953e-01
8.232104316965088708e-01
8.257880143583323784e-01
8.231513704754134242e-01
8.209756809399283428e-01
8.192376332062085709e-01
8.178977063652220769e-01
8.169070205733490742e-01
8.162127316951347522e-01
8.209749263511646467e-01
8.197611809993612386e-01
8.240089666005963043e-01
8.275242710875730934e-01
8.351859252691475888e-01
8.412745472920281076e-01
8.560398735788784519e-01
8.676842659801868862e-01
8.765544691847099168e-01
8.885480571898325408e-01
9.020314034329021124e-01
9.120780214013649578e-01
9.192217623439964402e-01
9.239827800856441620e-01
9.268439600014176660e-01
9.282375732632734966e-01
9.285390043249166503e-01
9.280653196451877918e-01
9.270771077963406714e-01
9.257824686333773201e-01
9.243423269381748630e-01
9.228764501013729804e-01
9.214696990297548407e-01
9.201781597367362231e-01
9.190349017286925104e-01
9.180551932119361824e-01
9.172410737970997374e-01
9.165852430691132646e-01
9.160742684005712677e-01
9.156911484292982184e-01
9.154172909036114580e-01
9.208550552665787370e-01
9.253731650885381743e-01
9.332529221493172100e-01
9.394923536026652533e-01
9.442666052600670046e-01
9.535229661944633062e-01
9.607044726443663141e-01
9.700689804245823389e-01
9.829240374691757820e-01
9.927484797408676620e-01
9.999434475734464423e-01
1.010915648781617104e+00
1.022755294994301956e+00
1.031412380349473690e+00
1.037411625560497486e+00
1.050851108737168804e+00
1.060773136955648788e+00
1.067749259045907007e+00
1.072325499867885945e+00
1.075001790343604657e+00
1.072904413239224475e+00
1.076491410335987720e+00
1.078791814816325800e+00
1.083396009129176774e+00
1.080336148610138824e+00
1.083501069624075885e+00
1.085681338208174029e+00
1.096549650679448540e+00
1.105002215366572615e+00
1.111339805485329624e+00
1.125186958683756622e+00
1.135764781424200454e+00
1.143538257746387066e+00
1.146132355819200033e+00
1.147367092426742730e+00
1.147581007044306878e+00
1.153465468462664623e+00
1.160554959911645145e+00
1.165727017455117753e+00
1.175742053503244566e+00
1.183301147283321031e+00
1.188745986129883914e+00
1.198965791156204830e+00
1.209101515251334025e+00
1.223050633383055086e+00
1.235821813333451313e+00
1.245091359830037714e+00
1.258015789072210788e+00
1.267426963933560469e+00
1.273917131648531376e+00
1.282669681492083935e+00
1.288813499921030337e+00
1.294692638395337436e+00
1.305147352304758535e+00
1.312716733539750269e+00
1.319604745732698481e+00
1.330853027911059083e+00
1.339017769560470805e+00
1.344624881938247363e+00
1.354861009824568363e+00
1.362266240653146276e+00
1.374044214344168680e+00
1.382709632301660552e+00
1.388744303654641632e+00
1.399421543895673192e+00
1.407173987622757361e+00
1.412469899078078850e+00
1.422630419862196627e+00
1.429990771779732439e+00
1.441909958658837088e+00
1.450683898877275446e+00
1.463743116048864756e+00
1.474043476448792633e+00
1.488118135472940695e+00
1.498365071947209470e+00
1.512308537420000931e+00
1.522410193608127571e+00
1.529322424274300429e+00
1.533661910628949743e+00
1.542844655080486849e+00
1.549252841773117062e+00
1.553394794526184342e+00
1.562603995829906500e+00
1.569189834157056485e+00
1.580469454014764796e+00
1.588750117622518498e+00
1.601585308080496706e+00
1.611182732103836335e+00
1.617980546504068862e+00
1.622441566648425093e+00
1.632040302551077904e+00
1.638439780376589328e+00
1.650087584164868781e+00
1.658651794040244987e+00
1.664606355182196129e+00
1.674679669875880350e+00
1.688699391761888879e+00
1.699001380935922789e+00
1.706214821305201967e+00
1.718694399074070178e+00
1.727848707816224127e+00
1.734195468740392654e+00
1.745056232754821135e+00
1.752853144795432083e+00
1.758102884789964682e+00
1.768086706441119205e+00
1.775217999638434740e+00
1.779991532330282622e+00
1.782874983670867053e+00
1.784292411292842662e+00
1.786089081713206683e+00
1.786846812233369608e+00
1.786829213868774247e+00
1.779378908968782591e+00
1.779706072356566082e+00
1.779757064202147188e+00
1.779612110201386876e+00
1.779338078869433071e+00
1.785914324435053935e+00
1.792730720063279826e+00
1.798133326769294715e+00
1.802250797367987989e+00
1.812226685427781536e+00
1.819973960839073923e+00
1.832687390275214545e+00
1.842415951203461688e+00
1.856408866522546663e+00
1.869007169952620284e+00
1.885191014986706159e+00
1.897340028162315839e+00
1.910398257656695353e+00
1.922060790089813676e+00
1.927786688930491543e+00
1.937627312410549640e+00
1.950807389407554826e+00
1.960237893666499698e+00
1.966623349772459672e+00
1.970593020779534799e+00
1.975372874376337684e+00
1.978291585143638898e+00
1.986059481617199474e+00
1.994408223363168808e+00
2.000455881527783752e+00
2.004555482264946065e+00
2.007061974020187822e+00
2.014682372890566953e+00
2.020185072242099977e+00
2.027016421632574339e+00
2.038250163585533237e+00
2.046685081853083954e+00
2.058979135446063147e+00
2.068075150024698772e+00
2.074476388886848710e+00
2.078674601809775258e+00
2.084572148105931166e+00
2.088536475199561870e+00
2.090930555447964245e+00
2.092094466388476182e+00
2.092333778621094265e+00
2.091912998365699661e+00
2.081318637519786297e+00
2.072278790319672215e+00
2.061448291443290337e+00
2.056089288254453251e+00
2.048764091581456448e+00
2.043202716237829009e+00
2.032917080533136911e+00
2.025003467402759494e+00
2.019151399153658488e+00
2.015039053268007141e+00
2.012352862281554522e+00
2.004468721750864102e+00
1.995684572182246264e+00
1.989201502032709179e+00
1.984648183553945788e+00
1.981668176259979042e+00
1.973569502302006118e+00
1.967569170237085219e+00
1.963349939901972263e+00
1.960596768559352610e+00
1.959012393056098311e+00
1.951852721306119420e+00
1.946508216006690661e+00
1.942720387983360997e+00
1.940224145520097920e+00
1.938764117916998542e+00
1.938105738096727926e+00
1.938041897338649733e+00
1.935875629623346361e+00
1.927922535380101055e+00
1.924191801606824681e+00
1.921554086627757618e+00
1.917422367722525278e+00
1.914484546694151357e+00
1.912525863182910957e+00
1.911346986878364573e+00
1.910769731563227714e+00
1.910639691163110498e+00
1.910826768459790603e+00
1.913557920800455392e+00
1.916015882478820265e+00
1.918151697685100299e+00
1.919947494779396635e+00
1.914728610554727428e+00
1.910377561999579310e+00
1.906870088204122515e+00
1.901811192239652781e+00
1.897914051870038366e+00
1.897291830978709015e+00
1.890313255464280751e+00
1.884831203552343570e+00
1.878513550106569285e+00
1.869093370133075416e+00
1.852861123693618106e+00
1.840216995399740263e+00
1.823796374694623967e+00
1.811321579059144593e+00
1.802261954614038153e+00
1.789040667885316793e+00
1.779396544766718158e+00
1.765680878748302485e+00
1.749843855459336961e+00
1.738010619383925093e+00
1.729664160122457162e+00
1.716872585057686251e+00
1.706704987946078722e+00
1.699870955625080171e+00
1.695706088013536394e+00
1.686285167199700785e+00
1.672431341339006838e+00
1.654932513050389797e+00
1.641877141586805200e+00
1.625246847605295031e+00
1.613078444708996084e+00
1.597289745813598838e+00
1.585899350751593495e+00
1.570797418853727478e+00
1.552626789909061999e+00
1.539375840147408248e+00
1.522883219113214670e+00
1.503744813681115566e+00
1.489860375381847124e+00
1.480356309101945822e+00
1.467083967917029330e+00
1.457939187002984527e+00
1.444863556474252020e+00
1.428520464556708891e+00
1.416772310386584577e+00
1.401635273608490273e+00
1.382394879158117540e+00
1.368188202168168610e+00
1.351084868270602257e+00
1.338828183736960442e+00
1.330601157981539995e+00
1.325618966689543043e+00
1.323162439839477456e+00
1.313593472287039265e+00
1.306948203685685428e+00
1.295526456050593023e+00
1.287337649214822299e+00
1.274696042499157134e+00
1.265565534227709010e+00
1.259355867440944410e+00
1.248453643662864820e+00
1.233746193490301346e+00
1.222988389437750456e+00
1.208667882807320959e+00
1.191581787044347696e+00
1.179108408565622046e+00
1.170439744452218767e+00
1.158281212815548189e+00
1.143327136258026400e+00
1.132603571217676519e+00
1.119017679087242811e+00
1.106296181691794001e+00
1.091062956364515113e+00
1.080066907748470584e+00
1.069221289042612266e+00
1.055584651919104999e+00
1.045842437851725926e+00
1.033268533241048726e+00
1.020776838390185404e+00
1.005940985087465656e+00
9.914038269383645963e-01
9.750140891793018794e-01
9.631693535831065134e-01
9.493346156531573543e-01
9.355074034465550303e-01
9.201063709098993293e-01
9.048170395660912746e-01
8.939089229409511450e-01
8.866527233634282634e-01
8.823402532180694147e-01
8.803171088486603235e-01
8.744878669859448284e-01
8.708986408165207971e-01
8.690456840173337305e-01
8.684907230642505693e-01
8.634712837382412243e-01
8.600997468939923785e-01
8.580358589219405641e-01
8.517253035577724285e-01
8.471824086408463739e-01
8.440854776024018236e-01
8.375485907348284575e-01
8.327197846182167185e-01
8.293373311053777730e-01
8.220571859911435242e-01
8.166840941452202518e-01
8.081544276800479709e-01
7.967883365652643768e-01
7.882130585106785770e-01
7.771105125249828660e-01
7.640153580276477507e-01
7.492251311992764728e-01
7.432345669817158607e-01
7.344009471562504832e-01
7.282424456195830675e-01
7.190400859470830186e-01
7.078997701052694991e-01
6.944761524564810884e-01
6.746253211016641771e-01
6.639057848212881474e-01
6.521425431205993828e-01
6.382498389675897998e-01
6.240738671152672445e-01
6.082067964953885575e-01
5.927515850711527756e-01
5.818104177440228675e-01
5.686380896424376719e-01
5.594332135607262835e-01
5.497923380899139012e-01
5.434671417218157607e-01
5.397507314962954883e-01
5.380253430309029916e-01
5.377650966682578915e-01
5.385328837987846118e-01
5.399739857526630882e-01
5.453913694979941607e-01
5.467544440601632694e-01
5.481787031590077408e-01
5.532128379853846756e-01
5.538448582783228602e-01
5.543867164398665892e-01
5.548373892371449845e-01
5.552009889394229347e-01
5.554849516049289448e-01
5.556986202922240548e-01
5.558521707648351740e-01
5.559558264685349194e-01
5.560193121889711598e-01
5.560515001582171379e-01
5.560602075021268131e-01
5.560521092658066156e-01
5.560327365230317564e-01
5.560065340969881920e-01
5.500683324554678233e-01
5.451768119096673804e-01
5.449043718411008541e-01
5.448842743647175357e-01
5.450445702150330529e-01
5.416374254833147273e-01
5.328751467329013725e-01
5.258713010673954358e-01
5.204704979109437968e-01
5.164761909750756885e-01
5.074469737564444305e-01
5.004960122478665507e-01
4.953733612320694313e-01
4.918038525486483348e-01
4.831381099795646339e-01
4.766056832763745366e-01
4.719214053929774444e-01
4.687832849051696282e-01
4.603737857395286959e-01
4.540865310932582499e-01
4.496276965636674117e-01
4.466897196655224000e-01
4.449731407254744475e-01
4.442014386840029694e-01
4.441299431295819833e-01
4.445500531825532509e-01
4.452899655093935927e-01
4.462129817611175664e-01
4.472142852370555310e-01
4.482168850938008653e-01
4.491672470234071568e-01
4.500309741820898157e-01
4.507887757964954556e-01
4.514328629834030160e-01
4.519638388629461101e-01
4.523880988352027011e-01
4.527157225608280378e-01
4.529588177503507396e-01
4.531302639532606147e-01
4.532427994420509254e-01
4.533083939120088335e-01
4.533378524793136854e-01
4.533406011780130029e-01
4.533246099634200554e-01
4.532964154958676328e-01
4.532612122559289691e-01
4.532229865198178498e-01
4.531846731985298415e-01
4.531483203960526840e-01
4.531152507143472175e-01
4.530862118180025711e-01
4.530615115969593987e-01
4.530411354835168769e-01
4.530248451569731660e-01
4.530122590805727434e-01
4.530029161374882207e-01
4.529963241393351048e-01
4.529919952406409323e-01
4.529894703665782174e-01
4.529883347015049022e-01
4.529882261360711482e-01
4.529888383660622964e-01
4.529899201042553170e-01
4.529912716278290397e-01
4.529927396531450157e-01
4.529942113166334217e-01
4.529956078511188089e-01
4.529968783838898005e-01
4.463777966152882026e-01
4.409378392678657832e-01
4.366126549771220944e-01
4.332975218617907132e-01
4.375826238937632340e-01
4.413728419954243698e-01
4.379453934830652706e-01
4.351891672964678381e-01
4.330477452111090031e-01
4.314489675896562293e-01
4.303135001772564472e-01
4.227936746222378250e-01
4.167826037925912441e-01
4.121493418872346215e-01
4.087275627713380377e-01
4.063351576678808641e-01
4.047890440899952758e-01
4.039156296875190399e-01
4.035575673881912628e-01
4.035775111524095848e-01
4.038595694473625652e-01
3.973893736176872249e-01
3.992026313355561129e-01
4.009632465048098560e-01
4.025938583855004360e-01
4.040477628306859970e-01
4.053019567000717416e-01
4.063510611010645590e-01
4.072021862238210943e-01
4.078707221523933946e-01
4.083769914507906496e-01
4.087436721593833422e-01
4.089938875267573604e-01
4.091498564448128317e-01
4.092320026192655114e-01
4.092584285054980953e-01
4.092446702379151091e-01
4.092036609774762912e-01
4.091458414642357155e-01
4.090793675170996124e-01
4.090103743884216936e-01
4.089432670151833538e-01
4.088810131801818848e-01
4.088254233605075338e-01
4.087774066173763821e-01
4.087371963406649655e-01
4.087045431064990630e-01
4.086788744604148427e-01
4.086594232344971100e-01
4.086453271771599560e-01
4.086357033449050657e-01
4.086297009913364420e-01
4.086265366907995134e-01
4.086255152379105748e-01
4.086260395403327195e-01
4.086276123264218629e-01
4.086298320645203042e-01
4.086323850682005432e-01
4.086350353632368648e-01
4.086376135314275793e-01
4.086400054311007946e-01
4.086421414272149999e-01
4.086439865446733766e-01
4.086455317840695933e-01
