-5.487555680930689128e-02
-5.493946031153251752e-02
-5.498467955345986979e-02
-5.501450058953105682e-02
-5.503202512078630981e-02
-5.504006251788351456e-02
-5.504107005870961800e-02
-5.503712994586229534e-02
-5.502995316558667582e-02
-5.502090183039332061e-02
-5.501102320011397318e-02
-5.500109002359065968e-02
-5.499164313796511827e-02
-5.498303338037846544e-02
-5.497546080115101041e-02
-5.496900992375253203e-02
-5.496368038895393937e-02
-5.495941276704208178e-02
-5.495610964359531891e-02
-5.495365230220783381e-02
-5.495191346186234505e-02
-5.495076659582509571e-02
-5.495009237919523670e-02
-5.494978279744233696e-02
-5.494974340988334482e-02
-5.494989420927032242e-02
-5.495016945865938141e-02
-5.495051682488250044e-02
-5.495089606801495385e-02
-5.495127749087358460e-02
-5.495164030324883875e-02
-5.495197101307169874e-02
-5.495226192123148223e-02
-5.495250976796839382e-02
-5.495271455622829926e-02
-5.495287856029884566e-02
-5.495300551576476344e-02
-5.495309997843422778e-02
-5.495316683474094077e-02
-5.495321094343785795e-02
-5.495323688760445080e-02
-5.495324881653940174e-02
-5.495325035858100726e-02
-5.495324458790373789e-02
-5.495323403064644729e-02
-5.495322069809649435e-02
-5.495320613696530465e-02
-5.495319148890498440e-02
-5.495317755332052023e-02
-5.495316484915835353e-02
-5.495315367272346485e-02
-5.495314414968466288e-02
-5.495313628027975739e-02
-5.495312997740997574e-02
-5.495312509777061649e-02
-5.495312146648534402e-02
-5.495311889593135213e-02
-5.495311719950723983e-02
-5.495311620117360185e-02
-5.495311574153394218e-02
-5.495311568118643741e-02
-5.495311590201201746e-02
-5.495311630693522353e-02
-5.495311681866033027e-02
-5.495311737773511673e-02
-5.495311794027224472e-02
-5.495311847553407958e-02
-5.495311896356080972e-02
-5.495311939294778014e-02
-5.495311975885108779e-02
-5.495312006124830617e-02
-5.495312030347432319e-02
-5.495312049102696328e-02
-5.495312063061885688e-02
-5.495312072945379711e-02
-5.495312079469849564e-02
-5.495312083311443274e-02
-5.495312085082515452e-02
-5.495312085318593276e-02
-5.495312084473558123e-02
-5.495312082920511543e-02
-5.495312080956460399e-02
-5.495312078809910794e-02
-5.495312076649527810e-02
-5.495312074593572405e-02
-5.495312072718805396e-02
-5.495312071069169413e-02
-5.495312069663249588e-02
-5.495312068501223557e-02
-5.495312067570323755e-02
-5.495312066849478150e-02
-5.495312066312885158e-02
-5.495312065932900225e-02
-5.495312065681923208e-02
-5.495312065534130319e-02
-5.495312065465896012e-02
-5.495312065456658956e-02
-5.495312065488988651e-02
-5.495312065548541014e-02
-5.495312065623947362e-02
-5.495312065706348115e-02
-5.495312065789303979e-02
-5.495312065868263041e-02
-5.495312065940249902e-02
-5.495312066003643636e-02
-5.495312066057667089e-02
-5.495312066102320259e-02
-5.495312066138047236e-02
-5.495312066165780607e-02
-5.495312066186430755e-02
-5.495312066201019086e-02
-5.495312066210744639e-02
-5.495312066216384572e-02
-5.495312066219049107e-02
-5.495312066219382174e-02
-5.495312066218160929e-02
-5.495312066215851665e-02
-5.495312066212987290e-02
-5.495312066209812052e-02
-5.495312066206659019e-02
-5.495312066203617007e-02
-5.495312066200841450e-02
-5.495312066198398959e-02
-5.495312066196267331e-02
-5.495312066194601996e-02
-5.495312066193158707e-02
-5.495312066192115097e-02
-5.495312066191293532e-02
-5.495312066190716216e-02
-5.495312066190338740e-02
-5.495312066190183309e-02
-5.495312066190094491e-02
-5.495312066190072287e-02
-5.495312066190138900e-02
-5.495312066190272127e-02
-5.495312066190405353e-02
-5.495312066190538580e-02
-5.495312066190605194e-02
-5.495312066190738420e-02
-5.495312066190827238e-02
-5.495312066190960465e-02
-5.495312066191027078e-02
-5.495312066191093692e-02
-5.495312066191093692e-02
-5.495312066191093692e-02
-5.495312066191093692e-02
-5.495312066191093692e-02
-5.495312066191093692e-02
-5.495312066191093692e-02
-5.495312066191093692e-02
-5.495312066191160305e-02
-5.495312066191249123e-02
-5.495312066191249123e-02
-5.495312066191249123e-02
-5.495312066191249123e-02
-5.495312066191249123e-02
-5.495312066191249123e-02
-5.495312066191249123e-02
-5.495312066191249123e-02
-5.495312066191249123e-02
-5.495312066191249123e-02
-5.495312066191249123e-02
-5.495312066191249123e-02
-5.495312066191249123e-02
-5.495312066191249123e-02
-5.495312066191249123e-02
-5.495312066191249123e-02
-5.495312066191249123e-02
-5.495312066191249123e-02
-5.495312066191249123e-02
-5.495312066191249123e-02
-5.495312066191182510e-02
-5.495312066191115896e-02
-5.495312066191093692e-02
-5.495312066191093692e-02
-5.495312066191093692e-02
-5.495312066191093692e-02
-5.495312066191093692e-02
-5.495312066191093692e-02
-4.799747789502362139e-02
-4.926981954263864871e-02
-5.045549898121759469e-02
-4.425202519106807841e-02
-3.956830162224456160e-02
-3.565570045365573648e-02
-3.295485808888520829e-02
-3.793523809289811588e-02
-3.513768527945537734e-02
-3.323273003785254254e-02
-3.183693596318093455e-02
-3.087145318476935962e-02
-3.025826817898469301e-02
-2.992399373527887541e-02
-2.980237659746021173e-02
-2.983571827217557093e-02
-2.997542369018435515e-02
-3.018189121155767651e-02
-3.042394047939911417e-02
-3.067794758631858798e-02
-2.394999237331130182e-02
-1.848038065785373441e-02
-1.417671207583270920e-02
-1.091250690543232871e-02
-8.544465618609553559e-03
-6.925319297760967885e-03
-5.912925398075197236e-03
-5.376280035014335823e-03
-5.199081290651053067e-03
1.693955543136782538e-03
7.134201583120169943e-03
1.127593469713983332e-02
1.429524801649928456e-02
1.637399367490588453e-02
2.465920296545620616e-02
3.803144118454926392e-02
4.847691648305163525e-02
5.633505862291898758e-02
6.844752459535974332e-02
7.741597571263714173e-02
8.376398703262855072e-02
8.798307944060201891e-02
9.727370188523098982e-02
9.793012191223238183e-02
9.759125471204410651e-02
9.656755506725578364e-02
9.511488166539949773e-02
9.343694222602749733e-02
9.168952932888996266e-02
8.998604485003069975e-02
9.532480015594746448e-02
9.957179613504463234e-02
1.028321366064492981e-01
1.052321491495100680e-01
1.069059177029743068e-01
1.072419559449377946e-01
1.079829799007785418e-01
1.083584626898941305e-01
1.084590266247669188e-01
1.014745195349056051e-01
1.025024000323428996e-01
1.033658759851419084e-01
1.040691520011123306e-01
1.046236452045419263e-01
1.050451949068773594e-01
1.053518787630547404e-01
1.055623710204074417e-01
1.056947676853152718e-01
1.065033255230829479e-01
1.133247657799656416e-01
1.188309118184887048e-01
1.231335220032685474e-01
1.263742814830788319e-01
1.355738997317588179e-01
1.427418788683749717e-01
1.481245389687577685e-01
1.519860822688803292e-01
1.545890113423467049e-01
1.561809814076253744e-01
1.637805482028145132e-01
1.695353195070874452e-01
1.737074190098091275e-01
1.765612135962879581e-01
1.783489017788721931e-01
1.725433548072512480e-01
1.673312577043437610e-01
1.639303492113988181e-01
1.610080970978047255e-01
1.585796389253721905e-01
1.635683445084139542e-01
1.677565518912906839e-01
1.699676400215268668e-01
1.728406618998599154e-01
1.750560298222267885e-01
1.766938165058291599e-01
1.778411361878631247e-01
1.785852510236096702e-01
1.790087277908045671e-01
1.791863269112521362e-01
1.722479007783805915e-01
1.664411591669190393e-01
1.628768985162698524e-01
1.589523727184682933e-01
1.489438432862968398e-01
1.410221826978386161e-01
1.349749921649130435e-01
1.305531496647645007e-01
1.274961966269760882e-01
1.255502452219268150e-01
1.244797932362458059e-01
1.249576096159583649e-01
1.257680930824245369e-01
1.267712399560181336e-01
1.278569557855000483e-01
1.298813146326374124e-01
1.317026861870294052e-01
1.406067730792763815e-01
1.479566623366694866e-01
1.538144442593525341e-01
1.583087456080507494e-01
1.616068501666658719e-01
1.638927093976412230e-01
1.726804842023761388e-01
1.794500130688512218e-01
1.844587990094137542e-01
1.879805842749264766e-01
1.902845843084806088e-01
1.916219749116006010e-01
1.922178941416410325e-01
1.994889788412603782e-01
2.050359761673159475e-01
2.090965233138215584e-01
2.119128807121939406e-01
2.137177695381353715e-01
2.162960104702162933e-01
2.164093780193192540e-01
2.249013353910305213e-01
2.298639842627725471e-01
2.334347240754894859e-01
2.358563912124329587e-01
2.444459011204058729e-01
2.509816248347820355e-01
2.557571939795810767e-01
2.590659419457372881e-01
2.662620345746500305e-01
2.734245090846865178e-01
2.855478779483406893e-01
2.947804767532216097e-01
2.994292860150555846e-01
3.023561613720273655e-01
3.039543024272024496e-01
3.045575386315753086e-01
3.044438121305597100e-01
3.104646793002627803e-01
3.149413027446519298e-01
3.181190735679795267e-01
3.136585457313794123e-01
3.095389222675064556e-01
3.058714097337955629e-01
3.027111464196357016e-01
3.000707792320853606e-01
2.979322373482531372e-01
2.962566763484610899e-01
2.882965403589825559e-01
2.818840914248132989e-01
2.768955033737146021e-01
2.731677439684601083e-01
2.705190073979144572e-01
2.687642393097882110e-01
2.677262358390906094e-01
2.672429624780368052e-01
2.671717977526608667e-01
2.673913913281587007e-01
2.678017639833816244e-01
2.615135751776991313e-01
2.583121475272360801e-01
2.559138591176566280e-01
2.524136980146314269e-01
2.429131985773116398e-01
2.338050260285857718e-01
2.285120314949145026e-01
2.316708645187306459e-01
2.279117686737215376e-01
2.252475822838391206e-01
2.234877524136713589e-01
2.224514462074411725e-01
2.219742148916337143e-01
2.219117844664277861e-01
2.221416265061579853e-01
2.225628902463581138e-01
2.230951935775540296e-01
2.167183297905703743e-01
2.116033520209854579e-01
2.076406360162097453e-01
2.046921472991163338e-01
2.011766606314349115e-01
1.986666319898580113e-01
1.983659394786585484e-01
1.970660664732373224e-01
1.976767845000695356e-01
1.984424901159040910e-01
1.992769278602195548e-01
2.001156675595539003e-01
2.009131469058256236e-01
2.030820940417314979e-01
2.049248718676421888e-01
1.978587439376109369e-01
1.920467052378478368e-01
1.874180725572247574e-01
1.838587932150024251e-01
1.741195188977624486e-01
1.664620627713842005e-01
1.606612601205097413e-01
1.482425627769459187e-01
1.387705872740314650e-01
1.318204576626262892e-01
1.269694460783004075e-01
1.238192526631207713e-01
1.220087638629454574e-01
1.212204137471115661e-01
1.211822876319081921e-01
1.216674077479453775e-01
1.224911768884282548e-01
1.165013745870162598e-01
1.118631087927166590e-01
1.084116448884011596e-01
1.059698919572360509e-01
1.051043194728431551e-01
1.047651721628943822e-01
1.048175374544406679e-01
1.051439234763975605e-01
1.056459235152689136e-01
1.062443603652103441e-01
1.068782366956892993e-01
1.002444984758465996e-01
1.021559508772811320e-01
1.039196909199986418e-01
1.054863012915026044e-01
1.068322051582619725e-01
1.079529966651151529e-01
1.088577494255595912e-01
1.095643445810841055e-01
1.100957728888232179e-01
1.104773147097299901e-01
1.107344776732466229e-01
1.108915654982183252e-01
1.109707562040769258e-01
1.118023372871814747e-01
1.124522511428942551e-01
1.129391548277243196e-01
1.059036882041648475e-01
1.000567125355178444e-01
9.535879943939296055e-02
9.171868843556074680e-02
8.901388897975026637e-02
8.710716687380037904e-02
8.585895469935755919e-02
8.577785083963829216e-02
8.598596350406806366e-02
8.638791050307403907e-02
9.524852568315322898e-02
9.503505355775421215e-02
1.025684345196482550e-01
1.087262327965135000e-01
1.135785083068077128e-01
1.094152337328089253e-01
1.056432461866692041e-01
1.015483101764840246e-01
9.816030488365234952e-02
9.543782463433370111e-02
9.331639630534183105e-02
8.470928290326407151e-02
7.716026209216320098e-02
7.962295523201223801e-02
8.142752536255781770e-02
7.549940891879214355e-02
7.087610169916636060e-02
5.974123899487415734e-02
5.099270069861439048e-02
4.435986027014204858e-02
3.954465796733042104e-02
3.624557739940437173e-02
2.652011672539744680e-02
1.915373916114671005e-02
1.381791960944789288e-02
1.017722782220920053e-02
7.909030590258048221e-03
-9.446585062402590438e-04
-7.497356976313263033e-03
-1.213144107266139748e-02
-1.520631399214855684e-02
-2.452875123112674416e-02
-3.150922379890874758e-02
-4.395801149479505732e-02
-5.339388056021654450e-02
-6.024769320015654905e-02
-6.495055616330192017e-02
-7.533519507821684336e-02
-8.299153590136620906e-02
-8.834940062529073046e-02
-9.182696591446593004e-02
-9.312090026228703188e-02
-9.339391217802628375e-02
-9.295389024241207387e-02
-9.204689869253557255e-02
-9.810399155211357858e-02
-1.026832606514445079e-01
-1.052416368867230556e-01
-1.068731953473780472e-01
-1.077876157606223462e-01
-1.081629745349690364e-01
-1.151705153447930563e-01
-1.205991715471250725e-01
-1.246557827560224041e-01
-1.275515829440285742e-01
-1.294910795476633680e-01
-1.306645687728180683e-01
-1.312434308771777136e-01
-1.313775708648969864e-01
-1.311945123822517711e-01
-1.307997437647743233e-01
-1.232695516234851851e-01
-1.169419987955828688e-01
-1.188234580553451103e-01
-1.134836337892308755e-01
-1.162470646899065319e-01
-1.186919306681240016e-01
-1.207857940479606373e-01
-1.225246843591623058e-01
-1.239246358647214663e-01
-1.250147393013740782e-01
-1.258316200182991729e-01
-1.334349853005283304e-01
-1.395502568980631075e-01
-1.443090781606826134e-01
-1.478744985010655988e-01
-1.504225761152995222e-01
-1.521290798964287649e-01
-1.531603587062213556e-01
-1.606312496340416285e-01
-1.664248763982323354e-01
-1.707488999159532117e-01
-1.738245607813366789e-01
-1.758708350508053631e-01
-1.770937056696695322e-01
-1.776794456579713355e-01
-1.790421220919726775e-01
-1.798502622960607145e-01
-1.802230477847528434e-01
-1.873169979783055883e-01
-1.929100747151557549e-01
-1.971539846318319800e-01
-2.087487996481367514e-01
-2.179013026833045430e-01
-2.248391863629410903e-01
-2.298464184877460070e-01
-2.332302558576671014e-01
-2.424067117266552884e-01
-2.492362715510407778e-01
-2.469944805042549874e-01
-2.514917490988293203e-01
-2.527602377559894364e-01
-2.532208893274214834e-01
-2.600171102244352994e-01
-2.650916945644046230e-01
-2.687232717436991436e-01
-2.711748424746676100e-01
-2.726858646649041873e-01
-2.734682764666416244e-01
-2.669385496466076813e-01
-2.680244758204823885e-01
-2.687589573347408667e-01
-2.692106650997916351e-01
-2.694419113241171004e-01
-2.695074821894787309e-01
-2.694541601245528106e-01
-2.693207628274634224e-01
-2.691385538135395716e-01
-2.689319027594840872e-01
-2.668622508992612996e-01
-2.669947203521108037e-01
-2.671203714620353775e-01
-2.672346708845434460e-01
-2.673350312696358699e-01
-2.692925568868151931e-01
-2.709151580146882399e-01
-2.722143484905488187e-01
-2.732157598307953794e-01
-2.808846833150764333e-01
-2.870635952928306533e-01
-2.918721140475288855e-01
-2.954690806897599664e-01
-2.980311759296581098e-01
-3.065918371464624315e-01
-3.131797112808376582e-01
-3.180539631819248036e-01
-3.214846316949544480e-01
-3.237343897447104712e-01
-3.250468455171191540e-01
-3.323604120775500714e-01
-3.378849937639354373e-01
-3.418827252874390155e-01
-3.446137836891609574e-01
-3.463235816132854694e-01
-3.472348833893530440e-01
-3.475435388896745970e-01
-3.498305390631359924e-01
-3.513989592632871251e-01
-3.590805935001208926e-01
-3.650833809868989643e-01
-3.695927998718520069e-01
-3.728193524889451549e-01
-3.749793106211234406e-01
-3.762809720331183883e-01
-3.769155893860220985e-01
-3.837002525553876442e-01
-3.849553397566458646e-01
-3.922670342947516264e-01
-3.951129819519407782e-01
-3.969604956464165557e-01
-3.980223822706827619e-01
-3.984862634282047011e-01
-3.946834814090101062e-01
-3.884935956183130923e-01
-3.859698264691024949e-01
-3.838740379146055037e-01
-3.794937181847626295e-01
-3.760156049445841919e-01
-3.733465726732458911e-01
-3.713789187344089804e-01
-3.726135078214363183e-01
-3.738612538012437980e-01
-3.750525049551900469e-01
-3.761408735292475214e-01
-3.770991416379716465e-01
-3.779152088079200666e-01
-3.785883142924564293e-01
-3.791256960212423532e-01
-3.795397739582033747e-01
-3.798458818963643679e-01
-3.800605242285766128e-01
-3.802001037145219531e-01
-3.802800504245125168e-01
-3.803142773450605141e-01
-3.803148909643405684e-01
-3.802920924336101738e-01
-3.734353048508625150e-01
-3.677925427653532253e-01
-3.632983246793390908e-01
-3.572656375063045786e-01
-3.552050451502457573e-01
-3.469600678095299262e-01
-3.405148685653187624e-01
-3.332501638799283405e-01
-3.278734685310178421e-01
-3.240825453723563676e-01
-3.215858538616183093e-01
-3.201149686489244139e-01
-3.194313801404222719e-01
-3.193294096472016896e-01
-3.196364909735738280e-01
-3.202117132391111287e-01
-3.209432659106685737e-01
-3.217452492597887570e-01
-3.225541877263640167e-01
-3.233254920534569532e-01
-3.263584655349642816e-01
-3.289149797118802176e-01
-3.309991525735942464e-01
-3.396338154668581133e-01
-3.396101270720854881e-01
-3.393164666301460297e-01
-3.388491924270324862e-01
-3.382854260049616979e-01
-3.447111074031523614e-01
-3.498377578978231206e-01
-3.537910922803517710e-01
-3.567213475889712271e-01
-3.587871120297554395e-01
-3.601440224655374500e-01
-3.609373185645861071e-01
-3.612973615501171576e-01
-3.613373702908881935e-01
-3.707030380639166900e-01
-3.782299660272072650e-01
-3.812938046516454182e-01
-3.833345608818465866e-01
-3.873402833440380277e-01
-3.902366502712997232e-01
-3.922007305558095069e-01
-3.934067573673021290e-01
-3.940177423128659040e-01
-3.941799875704103950e-01
-3.940200688325707912e-01
-4.005456896994106231e-01
-3.987821778073938894e-01
-3.970369881535618095e-01
-3.953969769699985370e-01
-4.008127382374497838e-01
-4.051364686853866637e-01
-4.016306288027751137e-01
-4.053814601234166926e-01
-4.083118617382992532e-01
-4.105193138477611914e-01
-4.121091894590818150e-01
-4.131867792765513414e-01
-4.138518555694148393e-01
-4.141952199953342628e-01
-4.142967721951409388e-01
-4.142247178912181749e-01
-4.140356052819993415e-01
-4.137749376683679259e-01
-4.134781602810586598e-01
-4.131718619118094349e-01
-4.128750684627153777e-01
-4.193671681308914767e-01
-4.246245387869660437e-01
-4.287509478192501611e-01
-4.318773408493923327e-01
-4.341463873308772925e-01
-4.357014402206864645e-01
-4.464541311959286940e-01
-4.550159251359493506e-01
-4.583213721002310503e-01
-4.637211714815125951e-01
-4.676292544637674631e-01
-4.702856862093218737e-01
-4.784994173885690483e-01
-4.846892044655737308e-01
-4.891485374036994571e-01
-4.921723349804223435e-01
-4.940405321292178353e-01
-4.950078702535509745e-01
-4.952983178400693909e-01
-4.951028639169072765e-01
-4.945796985864816531e-01
-5.002913077252022500e-01
-5.046964917716185717e-01
-5.079680898509566500e-01
-5.102841551584538227e-01
-5.153908034960306139e-01
-5.192597300212520306e-01
-5.220529547675369919e-01
-5.239418347587012637e-01
-5.250955261043059874e-01
-5.320557464552055915e-01
-5.373921035178590433e-01
-5.413200108989255632e-01
-5.440638149427685644e-01
-5.458415841511810029e-01
-5.530912328955019941e-01
-5.585705406328498324e-01
-5.625429428419166378e-01
-5.652675076675670596e-01
-5.669868685745920178e-01
-5.739791682715971177e-01
-5.792248411996304691e-01
-5.829947583160178803e-01
-5.895111998106744577e-01
-5.943728813355489971e-01
-5.918295233620858298e-01
-5.891571546447368357e-01
-5.967062524854604977e-01
-6.026597880938913132e-01
-6.071667201622701349e-01
-6.104124481966480831e-01
-6.125977722843463091e-01
-6.139227045717904341e-01
-6.206430547826362609e-01
-6.257122463997764061e-01
-6.293714910887533431e-01
-6.362379531056618909e-01
-6.414048006956298842e-01
-6.451051472623020588e-01
-6.475814670569144393e-01
-6.549917234390502108e-01
-6.605130576793609709e-01
-6.690232889031069163e-01
-6.754341771835377095e-01
-6.858177763080863798e-01
-6.935805346897642165e-01
-6.991185934826180670e-01
-7.084423717721837210e-01
-7.096444961983646715e-01
-7.153473679895691051e-01
-7.192584762985672064e-01
-7.217316864559462086e-01
-7.279156027532593942e-01
-7.324017844102479469e-01
-7.354615427638614422e-01
-7.373600403299505057e-01
-7.437722923902000405e-01
-7.484723621886771872e-01
-7.517411361405610393e-01
-7.538475018407051476e-01
-7.550378694340444952e-01
-7.555303878918151472e-01
-7.555124987733782271e-01
-7.604095369511724156e-01
-7.640817139731385099e-01
-7.717277229273984407e-01
-7.776403383234684608e-01
-7.871445739431310873e-01
-7.943650735385079376e-01
-7.996295002318319911e-01
-8.084441746163635312e-01
-8.199670521389595956e-01
-8.233696582582445966e-01
-8.252918380633016415e-01
-8.260990227620079729e-01
-8.260973639748593333e-01
-8.255377426193729606e-01
-8.293634633437350079e-01
-8.325533835050097364e-01
-8.348000710376933808e-01
-8.409850294640293100e-01
-8.456630888045184591e-01
-8.490495859517054322e-01
-8.513611813411229301e-01
-8.481584677617522994e-01
-8.450971722071090042e-01
-8.422964523551983440e-01
-8.451648182028900225e-01
-8.474604320306863281e-01
-8.492278479951131942e-01
-8.552970202032725844e-01
-8.553351402436811801e-01
-8.653521783331129535e-01
-8.733347960229911333e-01
-8.840829128675091741e-01
-8.922861324555900753e-01
-8.983025241358653101e-01
-9.024945670877627668e-01
-9.108473693432310725e-01
-9.170342155234489923e-01
-9.257061371525193705e-01
-9.320152881626627694e-01
-9.421136159643750396e-01
-9.496142238843645611e-01
-9.490884182393932722e-01
-9.536028224103488826e-01
-9.566037578088979476e-01
-9.583885064190769132e-01
-9.592291484379079636e-01
-9.552219198284511714e-01
-9.615353256686056671e-01
-9.664173227817065559e-01
-9.700338546720655986e-01
-9.725705444694688895e-01
-9.802821184813887978e-01
-9.862248532210418084e-01
-9.906038287763383465e-01
-9.936499054084785287e-01
-9.996033606356077295e-01
-9.999493716560798884e-01
-1.003648010899664156e+00
-1.006183709053356301e+00
-1.013969639270674294e+00
-1.019907191400622803e+00
-1.024243431602045451e+00
-1.033525561453560337e+00
-1.040614022193583121e+00
-1.045785429152799706e+00
-1.049337477716939526e+00
-1.058032064352929069e+00
-1.058040625644067090e+00
-1.057331974860883150e+00
-1.049701147241026256e+00
-1.043041311036886132e+00
-1.031077734465496665e+00
-1.017529852794351264e+00
-1.006650689003756316e+00
-9.982052923107214149e-01
-9.919014459344228651e-01
-9.874225367227720263e-01
-9.783343142584766117e-01
-9.716187293752346354e-01
-9.668941705085402072e-01
-9.637939193884631495e-01
-9.619807371969200105e-01
-9.611549372884693465e-01
-9.551209855630380385e-01
-9.507205811874602785e-01
-9.476752076397367830e-01
-9.457241518477147446e-01
-9.446319378343277506e-01
-9.441920384992266158e-01
-9.442280373142597494e-01
-9.345760402631599906e-01
-9.269424799997058040e-01
-9.211194804170347306e-01
-9.168670669032967790e-01
-9.139350839166843210e-01
-9.120792396143398983e-01
-9.110721368739523873e-01
-9.107101689969866465e-01
-9.108171225512237124e-01
-9.067933792120720371e-01
-8.980418506823182323e-01
-8.912062444343191725e-01
-8.860687630395445158e-01
-8.777437824083260676e-01
-8.714134271238099805e-01
-8.612395052528623030e-01
-8.535989381704532919e-01
-8.481227362106643630e-01
-8.444384685311684402e-01
-8.318925138208860259e-01
-8.223551861977437261e-01
-8.154137687725568906e-01
-8.156362916605525148e-01
-8.166942668714211040e-01
-8.182702132455831334e-01
-8.152050543937718885e-01
-8.131291255282512287e-01
-8.066296724076862379e-01
-8.017418111362770716e-01
-7.982251111621697648e-01
-7.908046963720196665e-01
-7.851726863469892237e-01
-7.810931939905487731e-01
-7.732478921003960171e-01
-7.622191743083219784e-01
-7.537957935909196383e-01
-7.476422993054694377e-01
-7.434021052334031099e-01
-7.353241571544540944e-01
-7.294068153101855856e-01
-7.253288814842318022e-01
-7.227628635863383444e-01
-7.158036642148399853e-01
-7.058653525218896441e-01
-7.041264799839102029e-01
-6.978584031941809096e-01
-6.990893501057767745e-01
-6.951457093403473619e-01
-6.924693123914521520e-01
-6.908176741269987930e-01
-6.899675336120972835e-01
-6.897208507534835498e-01
-6.899076634008222131e-01
-6.857106459610702309e-01
-6.825785487823837761e-01
-6.746557018590314536e-01
-6.684854435632925362e-01
-6.638619412585251567e-01
-6.605607133364750361e-01
-6.583557408001728950e-01
-6.570316324152155607e-01
-6.519330093294618544e-01
-6.481968307861174505e-01
-6.441506493142975520e-01
-6.368586272154468375e-01
-6.313457127376278510e-01
-6.273618771392771576e-01
-6.246523571359600124e-01
-6.229726622834177441e-01
-6.220983747507436989e-01
-6.218308641106427004e-01
-6.219998933116767104e-01
-6.224639407849374972e-01
-6.231089211331939381e-01
-6.238458575936799422e-01
-6.246079443936153330e-01
-6.253473361158997657e-01
-6.200734272755547005e-01
-6.157813823440708711e-01
-6.124069062665479235e-01
-6.141284717678449079e-01
-6.158117759068962860e-01
-6.173782145113813069e-01
-6.187780108968273796e-01
-6.199850945619993503e-01
-6.209918378577711229e-01
-6.173949453912225271e-01
-6.144547697374280748e-01
-6.059552269364287813e-01
-6.053094242988443785e-01
-5.988701780089928928e-01
-5.938321018315791955e-01
-5.900371646660088620e-01
-5.935464713684023286e-01
-5.905778899174343177e-01
-5.883953839498685667e-01
-5.868765647234207572e-01
-5.859009826085374018e-01
-5.812250629887478759e-01
-5.776709540052527014e-01
-5.791322826273410662e-01
-5.765671167546676523e-01
-5.787615437308197830e-01
-5.808060249605651038e-01
-5.826381845966817075e-01
-5.842251273394538646e-01
-5.855566357556919455e-01
-5.866390857287617777e-01
-5.874902082230553102e-01
-5.881347531419424124e-01
-5.886010450526301119e-01
-5.951606449303035173e-01
-5.942194924607981932e-01
-5.932597171362499200e-01
-5.923375722381887254e-01
-5.914903548860757088e-01
-5.907401288770189884e-01
-5.963278764622585992e-01
-6.008520037777467238e-01
-6.044037461292417479e-01
-6.028786714458587159e-01
-5.953347669216338955e-01
-5.890310836042453868e-01
-5.839148988070199664e-01
-5.798891433587811672e-01
-5.768308062854963225e-01
-5.684101434100976569e-01
-5.617683011974705654e-01
-5.567254934726346693e-01
-5.530708986648924519e-01
-5.442029779714006033e-01
-5.335613778432355403e-01
-5.254998949253264495e-01
-5.233763501465067414e-01
-5.186677526955363327e-01
-5.155159545073859650e-01
-5.136080977521002566e-01
-5.061623427817958376e-01
-5.005999254283213240e-01
-4.966486682450599321e-01
-4.940324172276517878e-01
-4.924869673391547575e-01
-4.917706534847141597e-01
-4.916705690802389839e-01
-4.920053538899855639e-01
-4.859879690322124191e-01
-4.813197233773751638e-01
-4.778464471859844576e-01
-4.753953583604195732e-01
-4.737899871244206640e-01
-4.728610302730149595e-01
-4.724536006580006831e-01
-4.689940224358426502e-01
-4.597308790149075008e-01
-4.592254306731902158e-01
-4.592457992495784236e-01
-4.529312727412793116e-01
-4.480695792794413546e-01
-4.444743072963670549e-01
-4.419499551341554699e-01
-4.470524246813696312e-01
-4.448805857286524112e-01
-4.433249434249966203e-01
-4.422811998283884272e-01
-4.416496719311866492e-01
-4.413390555667351389e-01
-4.412686756892192363e-01
-4.413695323211210830e-01
-4.415844298845335025e-01
-4.418674470173011848e-01
-4.421829674447463887e-01
-4.357000516730693551e-01
-4.304174694063662709e-01
-4.262567405662012199e-01
-4.200130523636873559e-01
-4.113893494399125661e-01
-4.016846972515391023e-01
-3.942884976406777486e-01
-3.917502314230769667e-01
-3.874531453885012855e-01
-3.845598953328794867e-01
-3.758026893143906477e-01
-3.691811658362686988e-01
-3.643985087094521180e-01
-3.611503420454797997e-01
-3.494677016332288222e-01
-3.405931572700182652e-01
-3.341227453720698737e-01
-3.296524428488383229e-01
-3.197367651611056072e-01
-3.123653660662144560e-01
-3.071553308628696133e-01
-3.037266085603613774e-01
-2.995135863419062794e-01
-2.968345904627645027e-01
-2.953479303150765567e-01
-2.947590230010352919e-01
-2.948200836911247791e-01
-2.953274842849571424e-01
-2.891166157567999218e-01
-2.843288652091975344e-01
-2.807850345799645098e-01
-2.782955980046788458e-01
-2.766732016887794021e-01
-2.757415204445261558e-01
-2.753410419409245691e-01
-2.753323388073960487e-01
-2.755973616686191452e-01
-2.689272670491027473e-01
-2.636350938485461093e-01
-2.595876711768487777e-01
-2.566251266627801453e-01
-2.545774811811476468e-01
-2.532769285205285215e-01
-2.525663297052065381e-01
-2.504612333745446229e-01
-2.490382408052338459e-01
-2.410611404780660383e-01
-2.348266526224589423e-01
-2.301237064024979073e-01
-2.251016114634685206e-01
-2.215092425086835348e-01
-2.120888874264197366e-01
-2.048967378583979038e-01
-2.010417242149828976e-01
-1.984897005400640957e-01
-1.885084689147169534e-01
-1.809235026605418017e-01
-1.683065150988745096e-01
-1.586956834357253765e-01
-1.516851906377045811e-01
-1.397150726755280736e-01
-1.308042233148463129e-01
-1.244997382591335189e-01
-1.203469057570891732e-01
-1.179142689084691220e-01
-1.168096682658377183e-01
-1.166892420823903986e-01
-1.100561615677426719e-01
-1.051831390514690323e-01
-1.017962457095946682e-01
-9.962512290960678918e-02
-9.117554627050306060e-02
-8.477430257754936527e-02
-8.014132023818265615e-02
-7.698666029487588602e-02
-7.502930879752978122e-02
-6.673566339616332499e-02
-6.047300332327165684e-02
-4.866726232177098765e-02
-3.964346893349568468e-02
-3.303720379056374057e-02
-2.846499863469298397e-02
-2.555132300877493989e-02
-2.394657379294629074e-02
-2.333796928598541598e-02
-1.614777200617245612e-02
-1.079198092032451761e-02
-6.996566206939558441e-03
-4.488014599316914044e-03
-3.029976700361647346e-03
-2.352966095919395428e-03
-2.265430684927238758e-03
-2.598941103743701575e-03
4.280413833294360870e-03
2.147065732897246448e-03
7.540775190244319859e-03
1.169166276176336616e-02
1.475309293286364287e-02
1.689168591815382037e-02
1.827370058350985538e-02
1.905573122701165190e-02
1.937892563316112593e-02
2.687124592672773815e-02
3.274963851698053929e-02
3.719496016618917267e-02
4.040913985629801530e-02
4.259770372113624859e-02
4.395764388268807998e-02
4.466956724612769492e-02
4.489317036333839717e-02
4.476522198223920057e-02
4.439937085816403339e-02
4.388722181597715100e-02
4.330023429110529953e-02
4.269209428015519059e-02
4.210129357142977646e-02
4.155372032402215865e-02
4.106512352959090784e-02
4.064336160862525027e-02
4.776491911281732783e-02
5.358281333584002937e-02
5.818657606576027597e-02
6.916011968083690675e-02
7.781734886871904955e-02
8.440756336285182293e-02
8.921340243782815982e-02
9.252531253335094519e-02
9.462371521786527850e-02
9.576732219821937342e-02
9.618622511651597762e-02
9.607859969591792115e-02
9.561006516655368159e-02
9.421347297320759040e-02
9.284238631120267371e-02
9.156096462619123244e-02
9.040813151609339293e-02
8.940391686045590092e-02
8.855455082995722371e-02
9.508216381361567215e-02
1.004152969887937008e-01
1.046423031313390428e-01
1.078808065382104164e-01
1.102630245046225532e-01
1.191128392342453157e-01
1.260527705093368311e-01
1.313009787622378965e-01
1.350971341468207854e-01
1.376835232268271980e-01
1.392918216186143088e-01
1.483553599508378174e-01
1.554196082032321957e-01
1.606975213259147495e-01
1.644360927820200935e-01
1.668933288854876906e-01
1.683207373379627114e-01
1.689510936161229271e-01
1.762893900577866546e-01
1.818702140894004060e-01
1.859321195797976056e-01
1.959683551403461621e-01
2.036187680732211014e-01
2.092118852118574068e-01
2.130841606950135692e-01
2.155590817121146863e-01
2.240781792928336902e-01
2.304288301786372450e-01
2.349444153408499769e-01
2.467939228772357829e-01
2.540506565000839601e-01
2.591586290831444650e-01
2.625143228090518477e-01
2.663904363117122198e-01
2.688806751888630497e-01
2.773428362768575184e-01
2.836728060386688455e-01
2.881766541384582769e-01
2.911664100977766623e-01
2.950856373721584269e-01
3.026119104924442915e-01
3.103840816585055062e-01
3.161259040366168893e-01
3.201348826226846356e-01
3.298015465451547001e-01
3.370182427235179912e-01
3.421475741074435639e-01
3.455541931537609024e-01
3.545691788953972967e-01
3.612029426700573698e-01
3.632152273331941128e-01
3.640814232938347494e-01
3.641217151870295154e-01
3.635947386570521633e-01
3.627052142679025870e-01
3.616116023640789656e-01
3.671265746325211854e-01
3.739985339552627241e-01
3.767151690029904021e-01
3.785422991142466387e-01
3.862658491206583111e-01
3.921900816420629265e-01
3.993153369280426634e-01
4.018991059482772688e-01
4.034501254948819060e-01
4.042056021781181840e-01
4.043702893924410180e-01
4.041163323690211140e-01
4.035847252909614546e-01
4.028877898741576313e-01
4.021122527254248347e-01
4.013226128442739515e-01
4.005645714451122608e-01
3.998683570199774717e-01
3.992518268846896312e-01
3.987232663286057743e-01
3.982838397233723349e-01
3.979296752430756534e-01
4.004122872064288519e-01
3.996972405030272402e-01
3.990772282843413343e-01
3.985561192445910006e-01
3.981313025185797549e-01
3.977958433381720837e-01
3.975401944732190884e-01
4.038691306316204432e-01
4.053367114701318386e-01
4.129883391937942960e-01
4.191450271677539252e-01
4.239277425699055080e-01
4.274952383935788358e-01
4.300241095923569290e-01
4.316937096223150139e-01
4.391732255870324231e-01
4.479952551757324652e-01
4.548056701198546214e-01
4.598411538220619210e-01
4.633640564372112358e-01
4.656404300506213900e-01
4.669241660634599889e-01
4.674465077135363522e-01
4.674100192307424351e-01
4.669860469109705647e-01
4.696021035282578193e-01
4.715019024751565535e-01
4.727943119166744257e-01
4.735896803146990575e-01
4.739932424966202262e-01
4.741006052974385820e-01
4.739950990033754419e-01
4.737466631642250903e-01
4.800082779850061154e-01
4.849880648502238323e-01
4.888177137107769799e-01
4.916495867172425704e-01
4.936416155892797697e-01
5.013769024942824615e-01
5.109007391989581759e-01
5.183077880814539462e-01
5.238433472484085307e-01
5.277777593054688854e-01
5.303849820711301621e-01
5.319271019569971060e-01
5.326439652178085460e-01
5.327470360848585162e-01
5.324165996481067253e-01
5.318014870919542947e-01
5.310205931177642835e-01
5.301655655259007727e-01
5.356661536269695656e-01
5.374641550409153812e-01
5.387384665918051319e-01
5.395746029479511208e-01
5.362112999146797510e-01
5.435349856750055775e-01
5.494333371012447564e-01
5.476441538115108809e-01
5.522682790560311528e-01
5.558196042523657621e-01
5.584375022451484316e-01
5.602685813273571291e-01
5.614563847296774046e-01
5.621345775434185565e-01
5.624228499192989172e-01
5.624248702769454322e-01
5.622277341437214027e-01
5.619024594466692779e-01
5.615051720689872017e-01
5.610787049786474245e-01
5.606544008979241767e-01
5.602539636481376206e-01
5.598912484182820837e-01
5.595739176029834727e-01
5.632838080395519142e-01
5.663493351132313780e-01
5.687972850298299576e-01
5.706797777056951126e-01
5.720643455199100336e-01
5.730257411126937761e-01
5.695240034256756623e-01
5.665298569750372160e-01
5.703733085283457793e-01
5.734820539787260918e-01
5.799824708123835215e-01
5.851867536692599847e-01
5.892141937160861875e-01
5.922089017503184838e-01
5.943252986700505724e-01
5.957172304670950158e-01
5.965302325901190583e-01
5.968964513743814093e-01
5.969317338744362100e-01
5.967344206017691777e-01
6.025709526534551719e-01
6.071558598719780653e-01
6.106355862289803982e-01
6.131688435818808403e-01
6.149142916640694123e-01
6.203229013858757579e-01
6.244848411929689869e-01
6.275496810745437859e-01
6.357337633517530229e-01
6.420156729491539593e-01
6.466454664790948215e-01
6.544253947731115684e-01
6.602944774749905932e-01
6.645073097364825321e-01
6.673326206149406969e-01
6.690345700643446358e-01
6.757889124015545868e-01
6.807678620096445643e-01
6.842566658214076503e-01
6.865311807051573956e-01
6.878456646313084732e-01
6.884260013476672935e-01
6.884667448306478477e-01
6.881307803224082642e-01
6.875507198156112221e-01
6.868313888394155242e-01
6.860529359095676183e-01
6.852742237515424550e-01
6.845362565609961480e-01
6.838654701605979547e-01
6.832767684958969134e-01
6.827762345388774801e-01
6.823634787968629878e-01
6.820336158083037947e-01
6.817788793443452233e-01
6.826736032345970262e-01
6.834120058001157405e-01
6.840053770272839229e-01
6.844688036858501690e-01
6.848190938026696983e-01
6.850733862258143736e-01
6.907925010450276515e-01
6.898888226689747771e-01
6.945103265224112921e-01
6.926912567351867223e-01
6.965093797295567324e-01
6.995065882999567108e-01
7.017799587727528987e-01
7.034333120467373135e-01
7.045701011857252727e-01
7.152899591745411900e-01
7.238660978779157817e-01
7.304976952805602997e-01
7.354250949709956187e-01
7.389050680919897474e-01
7.411926041485477068e-01
7.473685189887111502e-01
7.519727314358647385e-01
7.552240867702103566e-01
7.625856191053982380e-01
7.680568826980354036e-01
7.719277883465975876e-01
7.744846816132264777e-01
7.759955002068910090e-01
7.817391178588486422e-01
7.910681314844832945e-01
7.981593147788214049e-01
8.033240272927877346e-01
8.117994096937262150e-01
8.180057737053348932e-01
8.223294177725336551e-01
8.303192307426482399e-01
8.361952625452396815e-01
8.402859949552876628e-01
8.429139521858948214e-01
8.497179669783921918e-01
8.547110378190803104e-01
8.581611133004297676e-01
8.650272643558031271e-01
8.699975391961058957e-01
8.733914033240461894e-01
8.755139358197397970e-01
8.811824954717922820e-01
8.907098286006758237e-01
8.979213860180029760e-01
9.031465479885629755e-01
9.067172095354273376e-01
9.089499147841052507e-01
9.157465828900821503e-01
9.207659428066607976e-01
9.242703252653288182e-01
9.265252913425975345e-01
9.277846217666649853e-01
9.383377724708793499e-01
9.464856487098940452e-01
9.525265754997468415e-01
9.626708353673935070e-01
9.703227857881818741e-01
9.758187621581645432e-01
9.795117680234500801e-01
9.817469215014369421e-01
9.889159510499307970e-01
9.941657223158755219e-01
1.001742007687173253e+00
1.007209084630096729e+00
1.010928697328574710e+00
1.013243649326823981e+00
1.014464694161545388e+00
1.021019240937227401e+00
1.029619551216494289e+00
1.036031668768170100e+00
1.040597807736785230e+00
1.043649526455223908e+00
1.049055866634659662e+00
1.058984669292510006e+00
1.066469636326579984e+00
1.071873321937863555e+00
1.075552466388210782e+00
1.084080856054892461e+00
1.090421338176906341e+00
1.094895161623536506e+00
1.097825616240857061e+00
1.099520917677007548e+00
1.106659495914811497e+00
1.115135078884515352e+00
1.114991874057383203e+00
1.120568592323982315e+00
1.127593049539171499e+00
1.139047296408731258e+00
1.147737270741606252e+00
1.154062431556975188e+00
1.161205591305244367e+00
1.163448594532136005e+00
1.173596890309602792e+00
1.181149957610376111e+00
1.186514640382021923e+00
1.190083600643003336e+00
1.192220251576396439e+00
1.199679906187021139e+00
1.205166498037290257e+00
1.215495666481329229e+00
1.223318635756933670e+00
1.235583515613266625e+00
1.244877273275524221e+00
1.251582847359559603e+00
1.256111980231321201e+00
1.265648648975090662e+00
1.272602395171552381e+00
1.277370521932064573e+00
1.280352494961349175e+00
1.279869927407295105e+00
1.278679833015949230e+00
1.284049961150678598e+00
1.287976123949958529e+00
1.290669585608361203e+00
1.292349543114419630e+00
1.302331174781690581e+00
1.309980147060834543e+00
1.315608707460183879e+00
1.312487048953582924e+00
1.309316832394181951e+00
1.306281077837463389e+00
1.303498004342311889e+00
1.302941960546238231e+00
1.302390709667217816e+00
1.301871550676860334e+00
1.301401333450497688e+00
1.309583203154633502e+00
1.314406820421564648e+00
1.318179052725367173e+00
1.321022505602706509e+00
1.316274394992580810e+00
1.312100627118657048e+00
1.308544627677656003e+00
1.305604916698291484e+00
1.303248632786792482e+00
1.301422586095091427e+00
1.293308944340519018e+00
1.284869774253405650e+00
1.278198077902923835e+00
1.273125380388529404e+00
1.271547762997759401e+00
1.268679551136590700e+00
1.268898060718873788e+00
1.269510802642616731e+00
1.270362665569709115e+00
1.269251792835401904e+00
1.270647078408770891e+00
1.271980548046506954e+00
1.273200921538273356e+00
1.274278799942373475e+00
1.275201308221597385e+00
1.275967608967036648e+00
1.276585226789340943e+00
1.277067100508563424e+00
1.277429273400783050e+00
1.277689132667547911e+00
1.277864113807846591e+00
1.277970791654632343e+00
1.278024286604910076e+00
1.278037921685630351e+00
1.278023073419246369e+00
1.277989166877160132e+00
1.271267834248908990e+00
1.265780624877661076e+00
1.261438241480605793e+00
1.258118610653847336e+00
1.255683554026043369e+00
1.253990990719290100e+00
1.252903502699266092e+00
1.252294001601503837e+00
1.245478139509690552e+00
1.240151736870001908e+00
1.236137006094149227e+00
1.230945535115586909e+00
1.227060525930462553e+00
1.217738602944170578e+00
1.210551472219473235e+00
1.205236759116990353e+00
1.208047952467329100e+00
1.204425094627380677e+00
1.201924926827692364e+00
1.200338543317131856e+00
1.192964375855056103e+00
1.184734435230071270e+00
1.178438318450344635e+00
1.173834250796801371e+00
1.164171689077646787e+00
1.150459527519591019e+00
1.140026217299084266e+00
1.126108505387036773e+00
1.115770594679266647e+00
1.108434729236183802e+00
1.100431068418112446e+00
1.094893626319230151e+00
1.091377182676084301e+00
1.089463122670542017e+00
1.082596865430581534e+00
1.077764883092096948e+00
1.074599670117711625e+00
1.069417776441957013e+00
1.059700102132554722e+00
1.052420524187674289e+00
1.047228110359016640e+00
1.040217961954324144e+00
1.035189446914073441e+00
1.031828737496448323e+00
1.019999325084776753e+00
1.010947260015694571e+00
1.004338800285978550e+00
9.998021385953231865e-01
9.909099672006298487e-01
9.805003668611869116e-01
9.728152890491403859e-01
9.614978354665431048e-01
9.532310106661434634e-01
9.416938584752042596e-01
9.333734921048757460e-01
9.276988143845709134e-01
9.241412562263807695e-01
9.166236231346009955e-01
9.071149733802051918e-01
9.002165526276733054e-01
8.954965928207179182e-01
8.870748400781470755e-01
8.810790425355073952e-01
8.725794717491397456e-01
8.664382782833581764e-01
8.569340964303453489e-01
8.500488644906116775e-01
8.453404178745579367e-01
8.377008534152264874e-01
8.322468906193906113e-01
8.234175811247577137e-01
8.170456935242565999e-01
8.078520343370647616e-01
8.011380774310573605e-01
7.914619577547838958e-01
7.794495588684351439e-01
7.705208013187315741e-01
7.642258773518132431e-01
7.552182188336372670e-01
7.488958385774813209e-01
7.447598623511112459e-01
7.423518546635951010e-01
7.412656556004059150e-01
7.411521341812513652e-01
7.417193076029430232e-01
7.427295069310102527e-01
7.439947424983460733e-01
7.401971791176782389e-01
7.373258199264612900e-01
7.305259714761055401e-01
7.252938013245703308e-01
7.214246032724305202e-01
7.187045075651004034e-01
7.169249125188187355e-01
7.113148962248685425e-01
7.018589957263717816e-01
6.945655483000053865e-01
6.891589331027567766e-01
6.853492449139045872e-01
6.828515294337051955e-01
6.813988984571807128e-01
6.807507758129452968e-01
6.806973516071901376e-01
6.756123145675129171e-01
6.717619346212662101e-01
6.689842812050386112e-01
6.671076456125972776e-01
6.659625940744650086e-01
6.653905921291579650e-01
6.608874443879584337e-01
6.519260973165161843e-01
6.492026318544276142e-01
6.431347368192328329e-01
6.386258988034413386e-01
6.354389877119103192e-01
6.333388161436144248e-01
6.263716647613110089e-01
6.268568453640885885e-01
6.220027123973597138e-01
6.143175907270325142e-01
6.085194374462983280e-01
6.043309286097617861e-01
6.014760114736633634e-01
5.996943931987659404e-01
5.987502561031022852e-01
5.926145676413786534e-01
5.879698080080728584e-01
5.807296627359367358e-01
5.753265480401081877e-01
5.714763797141285684e-01
5.689021572173813546e-01
5.673463753411227550e-01
5.665782193927144661e-01
5.663970437683309989e-01
5.703956721363956373e-01
5.702204777045265516e-01
5.740580401401033095e-01
5.773781593160610681e-01
5.762970195247043570e-01
5.753875163065882425e-01
5.746449989680929571e-01
5.740573487467992564e-01
5.736080051746863528e-01
5.673864861798751935e-01
5.623160146963106509e-01
5.583193912854047536e-01
5.492698900081349755e-01
5.420938610180188189e-01
5.366193895548776460e-01
5.326326686544919919e-01
5.299020399707572437e-01
5.219822033911243331e-01
5.159591855722145404e-01
5.115932632916229128e-01
5.022673287466516978e-01
4.951825994580130175e-01
4.900576044343427640e-01
4.865845905040551145e-01
4.810536981330828521e-01
4.772396816210398018e-01
4.748089741504479822e-01
4.670143286257146809e-01
4.612112495175602067e-01
4.571005240470613629e-01
4.478567079103568105e-01
4.377923220500083978e-01
4.303299899884818203e-01
4.250560376507515059e-01
4.150017544256410229e-01
4.075483753762809691e-01
4.023008831444492284e-01
3.988680042082330957e-01
3.968814736198245097e-01
3.893246104155243525e-01
3.837789328141898437e-01
3.799375862802623072e-01
3.774938419876676665e-01
3.761576106548325527e-01
3.756662859511186170e-01
3.689712810651255559e-01
3.613195817375911556e-01
3.556256190323088262e-01
3.515824485714005299e-01
3.420792276338606719e-01
3.348903893785888375e-01
3.296908268793632413e-01
3.261497944578917174e-01
3.239500104781614098e-01
3.159060185875839366e-01
3.098875200896500370e-01
2.986318544796220387e-01
2.879599710283458069e-01
2.800898511739442487e-01
2.745681558412040868e-01
2.709589166321562104e-01
2.688617940847117804e-01
2.679218898364659207e-01
2.678337974031144153e-01
2.683417929946176894e-01
2.604416592114844331e-01
2.544297247261351202e-01
2.482866789306117372e-01
2.370687397143398378e-01
2.353245326382711333e-01
2.278405074917841944e-01
2.223460802874217546e-01
2.200208563049297350e-01
2.187512049858324481e-01
2.182932604850345015e-01
2.184319086853383496e-01
2.189833861799830306e-01
2.197958805766375701e-01
2.137976553396281343e-01
2.160636383408156558e-01
2.112490774491480039e-01
2.075085648716517017e-01
2.047188428055546350e-01
2.027420425468093867e-01
2.014377860577460932e-01
2.006717841526743928e-01
2.003214515691351671e-01
1.932380001228204414e-01
1.876476317551567519e-01
1.904615649994809701e-01
1.860847886603818058e-01
1.827635089474686225e-01
1.803539878105449024e-01
1.787073891454404873e-01
1.776793737224102721e-01
1.771365127062509703e-01
1.769601374039366792e-01
1.757897599631579322e-01
1.762845944287558808e-01
1.768752356307150553e-01
1.775018085097377352e-01
1.781205239707606136e-01
1.787011655041454983e-01
1.792246196421420912e-01
1.784051551980638806e-01
1.777553489990717495e-01
1.772560652299228767e-01
1.781347145710006075e-01
1.718854022564584305e-01
1.667499067992339601e-01
1.626683701796600712e-01
1.595429443508151746e-01
1.572537365531592179e-01
1.485330756989284851e-01
1.416701402536992838e-01
1.364734199271560033e-01
1.255204805640544041e-01
1.170696737506615737e-01
1.108180787985175719e-01
9.919109139585824408e-02
9.041036676435498798e-02
8.408338768693668364e-02
7.252851756352107770e-02
6.394872691046993296e-02
5.789883312135679638e-02
4.629904066600443180e-02
3.065480700549683135e-02
1.899658893349998046e-02
1.069024769589432822e-02
5.127155443608311103e-03
-5.375810589996588007e-03
-1.287225626564247882e-02
-1.789362171188901840e-02
-2.803979827735769703e-02
-3.534844301305395398e-02
-4.030160844654795405e-02
-4.305036430960118565e-02
-4.435578065101442036e-02
-4.460434733818319231e-02
-3.714855471656552943e-02
-3.050469165563463037e-02
-2.476770880047518553e-02
-1.995756771474122004e-02
-1.604124867877576577e-02
-1.295042011673674942e-02
-1.753973989454182814e-02
-1.455282998654960913e-02
-1.218445024758252337e-02
-1.037141464781954348e-02
-9.104093987228667473e-03
-8.220326787361509346e-03
-7.655168271637480260e-03
-7.345196726689984246e-03
-7.231528849175772322e-03
-7.261821595504258653e-03
-7.391348135714848055e-03
-1.474630562489775976e-02
-2.082816001323051225e-02
-2.569717313490982313e-02
-2.946170056180497099e-02
-3.941099519480784075e-02
-4.755906498967110707e-02
-5.382290910238785031e-02
-5.842182398900019891e-02
-6.160214851027046024e-02
-6.361568848653997854e-02
-6.470374021712022028e-02
-6.508634161294857279e-02
-6.495601247580151671e-02
-6.447507865519686021e-02
-6.377565950711350240e-02
-6.250404809351350899e-02
-6.174172970711744313e-02
-6.099154219190139337e-02
-6.028934176755695873e-02
-5.965765558334124030e-02
-5.868069127439201615e-02
-5.787886030146927041e-02
-5.765237883063512037e-02
-5.749070484974660999e-02
-5.738293126352544959e-02
-5.731858194026306919e-02
-5.728801840062902606e-02
-5.728269513609762775e-02
-5.729528779298886931e-02
-5.731972047975331108e-02
-5.693561385531276109e-02
-5.663446187127663123e-02
-5.640603507531194438e-02
-5.664440747897669937e-02
-5.686102594204323069e-02
-5.705104732639254550e-02
-5.680010262229262530e-02
-5.700643542049133039e-02
-5.718163362185668674e-02
-5.691228884355403750e-02
-5.710094449330016531e-02
-5.725878621800539747e-02
-5.738670051095162705e-02
-5.748689109198834579e-02
-5.714583388999683322e-02
-5.727515624902634883e-02
-5.738220464981491631e-02
-5.705286407195475640e-02
-5.678275565011170478e-02
-5.656758273709905360e-02
-5.680724934360958933e-02
-5.660771341052428518e-02
-5.645027273581981753e-02
-5.633016618383690499e-02
-5.624217868676395504e-02
-5.618105055004396498e-02
-5.654378299761986248e-02
-5.644751057680541528e-02
-5.636979902802852216e-02
-5.630905405546737796e-02
-5.666706892672812579e-02
-5.655944372984578195e-02
-5.646793656360427072e-02
-5.639244024158207580e-02
-5.673681439542188620e-02
-5.702392695632974018e-02
-5.684325429816494690e-02
-5.668621285181840719e-02
-5.655384333499524629e-02
-5.644554096935516796e-02
-5.676479266397604917e-02
-5.703258601473382150e-02
-5.683785267645391492e-02
-5.667143146521369523e-02
-5.653338840580990343e-02
-5.642225713164505940e-02
-5.674043896444835866e-02
-5.660008227096802180e-02
-5.648380810461306467e-02
-5.639034185328273274e-02
-5.672217269431523157e-02
-5.700111646864391979e-02
-5.681623887874653889e-02
-5.665775269952688653e-02
-5.652590565565174252e-02
-5.682548781361762558e-02
-5.707616521733904769e-02
-5.686662651119922529e-02
-5.709842087410055278e-02
-5.687425974119375560e-02
-5.668567576416205789e-02
-5.693927789507347015e-02
-5.674076957119877918e-02
-5.657694751361619367e-02
-5.644572574471129478e-02
-5.634395296170890965e-02
-5.626791739161252082e-02
-5.621371500933025622e-02
-5.658006506369739341e-02
-5.648396031885605240e-02
-5.681025538968986766e-02
-5.667102157109060734e-02
-5.655174124025252880e-02
-5.685910755271872397e-02
-5.670341899523378970e-02
-5.657106334635830791e-02
-5.686850648660057850e-02
-5.670525901297973626e-02
-5.656759691438906223e-02
-5.645491035455796336e-02
-5.636545612364729507e-02
-5.670108113155647445e-02
-5.698381507302308080e-02
-5.680272188561352742e-02
-5.664756298620599040e-02
-5.651855221861401546e-02
-5.641444371389758849e-02
-5.633306450558261957e-02
-5.667563232452055288e-02
-5.696462284330472414e-02
-5.678916238356324087e-02
-5.704781358669808178e-02
-5.684570091638518896e-02
-5.708350532734707272e-02
-5.686451190109753639e-02
-5.667999712327853601e-02
-5.652904171385020327e-02
-5.640923381999796149e-02
-5.631727708870970517e-02
-5.624944332765702271e-02
-5.620189995609403688e-02
-5.617093822549823479e-02
-5.655532942647134576e-02
-5.647352189613630280e-02
-5.640444456026760811e-02
-5.634784956309180082e-02
-5.630290540080218342e-02
-5.626842206061200002e-02
-5.624302421052385093e-02
-5.622528003646443118e-02
-5.621379314715313491e-02
-5.620726442512369303e-02
-5.620452999187119936e-02
-5.620458068648992445e-02
-5.660954119640071447e-02
-5.653868734180456102e-02
-5.647373426898893989e-02
-5.641632313825950540e-02
-5.636718736539125807e-02
-5.632639556609508880e-02
-5.629355390373924628e-02
-6.338376099370135464e-02
-6.206179572687742230e-02
-6.794240450020994082e-02
-7.264867186225698603e-02
-7.629057944427586335e-02
-8.608691179049565712e-02
-9.378554397290428390e-02
-9.891979103953785213e-02
-1.094990754271583100e-01
-1.175046242454829137e-01
-1.233289645287785063e-01
-1.273509844591669271e-01
-1.299213100184579694e-01
-1.313543041981661830e-01
-1.387457985876292543e-01
-1.374394257089797122e-01
-1.367231481478412558e-01
-1.356665816684805570e-01
-1.413625786178422938e-01
-1.457676345858605060e-01
-1.490314030687349689e-01
-1.582889787422954164e-01
-1.654703843883076342e-01
-1.708212172843119880e-01
-1.746120507044457426e-01
-1.771154404738819466e-01
-1.868244732211898906e-01
-1.943055442814303202e-01
-1.914478044547787139e-01
-1.897729452546774720e-01
-1.878793186734875054e-01
-1.859322896401394143e-01
-1.911210337137632109e-01
-1.951728419270284398e-01
-1.996419911296747340e-01
-2.030278596916244016e-01
-2.054659449420668249e-01
-2.071047930776646062e-01
-2.080937603498289601e-01
-2.157681507861684000e-01
-2.217377987287314500e-01
-2.262015297450625795e-01
-2.293801902602903287e-01
-2.243508641380389523e-01
-2.197761827764019849e-01
-2.141998707273755631e-01
-2.095727610847908373e-01
-2.058405599834900457e-01
-2.029191334907280986e-01
-2.007089288777637037e-01
-1.991051025361600946e-01
-1.980044530713225281e-01
-1.973099932152684310e-01
-1.969337783212841142e-01
-1.967984472586838951e-01
-1.968378158278472068e-01
-1.969967820024083327e-01
-1.958403275618494366e-01
-1.949880316348147069e-01
-1.957561181955771445e-01
-1.964810192601316174e-01
-1.971378939698735788e-01
-1.907142931629461913e-01
-1.854484733081287473e-01
-1.812732608993159467e-01
-1.780833888707629153e-01
-1.757522404169371555e-01
-1.670443292809253855e-01
-1.602032111749596144e-01
-1.550318655422686653e-01
-1.513020334344108431e-01
-1.487763812654887552e-01
-1.472244501319446286e-01
-1.464333079964013073e-01
-1.390457777843299159e-01
-1.261776025551117897e-01
-1.169457691989315151e-01
-1.091495884407227557e-01
-1.042902731592065813e-01
-1.003189854155925875e-01
-9.120316690893481848e-02
-8.376563859614138963e-02
-7.907674825362809301e-02
-7.545818715562768730e-02
-7.327974671337855739e-02
-7.221063824830875610e-02
-7.249439026943282904e-02
-7.327175349181813679e-02
-6.694429455859851608e-02
-6.209105410652182577e-02
-5.107001242929731788e-02
-4.248301418296218657e-02
-2.856483919138907979e-02
-1.785870010757228954e-02
-2.458978378531373465e-03
1.669333266417294404e-02
2.372457859922882939e-02
3.564941914351127394e-02
4.414639391166041982e-02
5.729240605204433123e-02
6.678764424822736245e-02
8.070042431148838347e-02
9.078068027224261982e-02
9.694804181777838537e-02
1.006209899795869056e-01
1.096733971194052693e-01
1.167932674680081107e-01
1.206952336667497239e-01
1.228419793094195356e-01
1.308625953022182209e-01
1.365808686240352898e-01
1.404113896605541090e-01
1.498688369823859556e-01
1.568363471451805768e-01
1.617154650259025050e-01
1.648907736814113623e-01
1.737958857565475856e-01
1.803594239450014847e-01
1.849541377363570493e-01
1.879402868178894348e-01
1.966816366700312457e-01
2.031458503465288779e-01
2.076906762284751462e-01
2.106639521759552380e-01
2.123887660682690637e-01
2.131545381658865868e-01
2.132125253437968659e-01
2.142939647347752441e-01
2.147819273204960577e-01
2.148235241743627899e-01
2.216698368949361342e-01
2.270257746811734645e-01
2.310527956454293541e-01
2.322538631738273462e-01
2.328037340895243723e-01
2.328784577723674865e-01
2.326229606844003595e-01
2.321535086560382322e-01
2.315609420323854195e-01
2.309141592040384605e-01
2.371723148638222867e-01
2.421761846905383653e-01
2.443395612307754927e-01
2.458149051475984059e-01
2.467435450276707076e-01
2.472490200651544789e-01
2.491394940920164114e-01
2.572510926851587776e-01
2.637084436349741434e-01
2.686703664301701711e-01
2.723256802213163130e-01
2.748749701994779304e-01
2.832608717583611213e-01
2.896813434535270293e-01
2.943969786791005294e-01
2.976789612647625649e-01
3.064607690870730927e-01
3.130697552949344153e-01
3.178267267123111584e-01
3.210503940727424954e-01
3.296097263572199676e-01
3.382681221967238638e-01
3.447255303767331469e-01
3.492959658340781814e-01
3.523004030369809580e-01
3.516263465250095699e-01
3.528347854115643223e-01
3.532995971281214231e-01
3.532187839244447236e-01
3.527603925678155505e-01
3.586608415092331636e-01
3.657227651078216457e-01
3.712083603988072245e-01
3.818985176318967500e-01
3.901665114473373830e-01
3.963051462608966347e-01
4.006342282674477673e-01
4.099844216527763763e-01
4.169174973255929117e-01
4.218134345422595022e-01
4.250420646135451008e-01
4.269461878318236980e-01
4.307612983197861567e-01
4.333133386626515371e-01
4.348399432749723292e-01
4.420180538626397038e-01
4.474102959280399361e-01
4.512731241173277841e-01
4.570052357858216396e-01
4.611898053101264328e-01
4.704944175732546086e-01
4.775344832368930703e-01
4.826207012192145207e-01
4.860757809255067396e-01
4.882123204863335619e-01
4.956416624914279367e-01
5.011007334221175835e-01
5.049120777768785207e-01
5.170763855618554228e-01
5.264297538662114917e-01
5.333310553166950019e-01
5.381597305209118165e-01
5.473870785932299921e-01
5.541091077819566557e-01
5.625230883211935762e-01
5.686163291068666581e-01
5.727580153552790376e-01
5.813149358155059732e-01
5.875005149859308107e-01
5.917147209220694482e-01
5.943390044172935927e-01
5.957214248663993406e-01
6.020356040166986444e-01
6.065658570626450974e-01
6.136860678134449243e-01
6.189309084122622817e-01
6.225857471462925563e-01
6.249343627026666681e-01
6.262448096554850130e-01
6.267600112448946659e-01
6.266923268905946198e-01
6.304434046660867264e-01
6.331984325051767115e-01
6.351028833375709226e-01
6.363062448010136096e-01
6.428031217401144470e-01
6.477809054449178428e-01
6.514408611298463381e-01
6.539935138304963091e-01
6.556437126688308137e-01
6.565810841198967962e-01
6.569745359557586095e-01
6.670846515495272300e-01
6.649467677023455092e-01
6.672175670435419592e-01
6.687677622406144051e-01
6.697282253508490824e-01
6.702230385417239367e-01
6.703647765841695971e-01
6.702516826887328083e-01
6.699664462227805650e-01
6.799157948148017994e-01
6.879428070737010348e-01
6.941984758230009822e-01
6.988847659144914459e-01
7.022276490603651666e-01
7.100510644712121344e-01
7.159051696398973652e-01
7.200942602045911078e-01
7.283389454720621270e-01
7.344252898554581854e-01
7.435620435514325166e-01
7.503925235970777541e-01
7.604819324857434726e-01
7.679333397471743705e-01
7.731756416198358739e-01
7.766173205678895686e-01
7.836571024014108433e-01
7.887245843819725710e-01
7.921399236108073172e-01
8.044264492895306651e-01
8.138317241003454328e-01
8.207214763191188478e-01
8.254872042942367205e-01
8.285167712159180464e-01
8.355599378854464687e-01
8.406216114624947000e-01
8.440169817692833032e-01
8.460595079715836908e-01
8.470438952015015843e-01
8.521030834074850846e-01
8.556775280792283667e-01
8.580391222024902342e-01
8.594392053075756710e-01
8.601013100884374873e-01
8.649241259534155013e-01
8.684567760277993598e-01
8.709212742042549138e-01
8.725234923474182169e-01
8.734480813453120440e-01
8.738562502698284939e-01
8.738853838413845887e-01
8.736498408961069773e-01
8.732425048199106143e-01
8.727367962959635683e-01
8.721889431183098562e-01
8.716403545027451294e-01
8.711199830308649084e-01
8.706465846491989735e-01
8.802299274402183293e-01
8.880413957731408958e-01
8.942085267070072341e-01
8.989068200894468896e-01
9.023356852050942178e-01
9.090561665351222231e-01
9.196448757375572658e-01
9.277995691992668714e-01
9.338326751502307177e-01
9.380724074013871983e-01
9.408408520613434911e-01
9.424391528635651660e-01
9.529695249027976267e-01
9.569693718337395349e-01
9.636485801081950964e-01
9.684552535558478281e-01
9.775455937581477572e-01
9.843591814088189507e-01
9.951683227487294614e-01
1.003336727096356462e+00
1.013007954277869604e+00
1.019996523863832438e+00
1.024757657736561356e+00
1.033818156025055890e+00
1.043976895372159763e+00
1.051319967256211463e+00
1.056336993543537606e+00
1.065628832070244947e+00
1.072363329636366380e+00
1.083195067368104336e+00
1.091210741386003935e+00
1.106388308313913660e+00
1.117805767415492202e+00
1.132430416088293201e+00
1.146199753585373848e+00
1.162573260576696965e+00
1.174592518428936971e+00
1.192139010932190102e+00
1.204924503776753530e+00
1.213759995929148294e+00
1.225978561059362093e+00
1.234515787300351608e+00
1.240042563421128063e+00
1.249833333268947966e+00
1.256614445784895340e+00
1.260929251209162549e+00
1.270041966139216161e+00
1.276469385115927890e+00
1.280669755408442301e+00
1.289943949960780323e+00
1.303546542663899688e+00
1.313770648321138435e+00
1.321069557340518674e+00
1.332968439858821519e+00
1.341650936770317770e+00
1.354734103578430826e+00
1.365821701613222361e+00
1.373580211146020247e+00
1.385724626701004381e+00
1.394424378821918165e+00
1.400279793105837944e+00
1.403855938402319925e+00
1.405663150334742983e+00
1.406147272266283554e+00
1.412773171750218770e+00
1.417477665335500348e+00
1.420594472703984756e+00
1.422439830699111729e+00
1.423301275804423671e+00
1.423431254527260936e+00
1.423044452808033267e+00
1.429456534023798797e+00
1.434376847513487485e+00
1.437030830754453703e+00
1.446057413977404948e+00
1.453100594094589137e+00
1.465735570843764712e+00
1.475539411511713750e+00
1.475385549729567369e+00
1.474405569306414865e+00
1.472901102532334416e+00
1.464470197261374507e+00
1.464585910923515755e+00
1.464506352383221133e+00
1.464297104900628366e+00
1.463227885223177926e+00
1.462253297873526980e+00
1.461396240281717773e+00
1.468030023206762902e+00
1.466092763944567112e+00
1.471757538416204047e+00
1.476325642861064491e+00
1.479883653155652956e+00
1.490584077537851604e+00
1.498417508798981501e+00
1.511816657629147631e+00
1.515230641695101577e+00
1.524278696388867926e+00
1.531327066969991657e+00
1.536292518338061353e+00
1.539564287284165278e+00
1.541497140226498530e+00
1.549697124678264704e+00
1.563078266708363584e+00
1.573338463331171333e+00
1.580894147473095979e+00
1.593451039444606199e+00
1.602815661847202033e+00
1.609751687598423686e+00
1.614461840594270337e+00
1.617346602162458513e+00
1.618788730228984507e+00
1.618779731301047242e+00
1.618057822372200860e+00
1.616883796208899993e+00
1.615460357728564000e+00
1.613939848178421954e+00
1.619732102075553959e+00
1.616971168079073040e+00
1.614440922234087861e+00
1.612203512452926812e+00
1.610286930225054203e+00
1.601412169965402255e+00
1.594174893573040652e+00
1.588458749521728386e+00
1.584102857423300037e+00
1.580923726330958790e+00
1.578731705410160169e+00
1.577342770854563758e+00
1.576586455153193844e+00
1.576310677140213556e+00
1.576384157821456355e+00
1.576697022285040495e+00
1.577160100229658912e+00
1.577703351463745296e+00
1.578273761116048002e+00
1.578832974351974894e+00
1.579354873600514519e+00
1.579823243579995484e+00
1.572927241165716694e+00
1.567327075128210012e+00
1.562905090962022792e+00
1.559606194769398213e+00
1.557130942703444987e+00
1.555409170634598714e+00
1.554305348668043596e+00
1.546596412869438941e+00
1.547642218454735374e+00
1.541837824345376307e+00
1.537185550898062525e+00
1.533990519001917407e+00
1.531512402190086553e+00
1.530162901406299181e+00
1.529144669803789602e+00
1.528647718461922711e+00
1.528543341983265247e+00
1.521454614506377423e+00
1.515863475513390402e+00
1.511616066124827018e+00
1.508532521891419176e+00
1.499146339840041309e+00
1.499160191353583693e+00
1.499706268929713371e+00
1.500594146181587707e+00
1.494396989082050986e+00
1.489611980299905492e+00
1.486061908432586343e+00
1.483558053512432418e+00
1.474667132422472271e+00
1.467798506817030280e+00
1.462696848192491572e+00
1.451882997068568937e+00
1.442710124849791331e+00
1.435833702377180998e+00
1.430942463270516107e+00
1.421502698094352590e+00
1.413471261974458493e+00
1.407700782666224448e+00
1.403820288225896551e+00
1.394199172912621965e+00
1.387105325565837211e+00
1.390718588079310258e+00
1.394467710699069052e+00
1.398111466556710702e+00
1.401491092645027248e+00
1.397400089084000152e+00
1.392960579679024757e+00
1.389516941494340241e+00
1.379791898159236752e+00
1.372114133296569394e+00
1.366273684618740880e+00
1.360499364509068387e+00
1.349051572133398658e+00
1.340214747506996540e+00
1.333689206733920773e+00
1.329136012987227833e+00
1.318968281429985234e+00
1.311433002904107692e+00
1.304167164842888305e+00
1.291780048210827037e+00
1.282481312389040840e+00
1.275844384595775871e+00
1.271423587821648216e+00
1.261583387433077741e+00
1.254472091707409476e+00
1.242512725450566347e+00
1.233740873567922725e+00
1.225104478175305101e+00
1.219022119259380643e+00
1.207991679341074320e+00
1.199958680571320269e+00
1.194438984071384713e+00
1.183980512402055707e+00
1.173542608857625735e+00
1.165968402355191946e+00
1.163818524804024035e+00
1.160106382010035464e+00
1.157962551549155172e+00
1.157033445898892232e+00
1.150041508666272971e+00
1.148083434950120107e+00
1.144059140958562981e+00
1.141353991131860424e+00
1.139709913266949259e+00
1.138891532981298083e+00
1.138691513863729909e+00
1.135748995375751802e+00
1.126746609940779464e+00
1.119703515729233878e+00
1.114407273344692584e+00
1.110614345491260035e+00
1.108073034649848632e+00
1.106539987132925784e+00
1.105791175984966124e+00
1.098798564546183076e+00
1.089982575643742901e+00
1.083197794039020501e+00
1.071427819970956374e+00
1.062451985035422597e+00
1.055891817828939150e+00
1.044731898770614897e+00
1.032599757361435167e+00
1.017021214935530882e+00
1.015826684578422512e+00
1.009581511345007510e+00
1.001454560578489694e+00
9.998158277816719952e-01
9.994150350553632212e-01
9.998858832303251232e-01
9.906307721275329214e-01
9.836039924627139053e-01
9.784947422834180397e-01
9.688333079218071076e-01
9.616458411159439779e-01
9.565424363881066538e-01
9.471484598802921706e-01
9.402762557231318929e-01
9.354945692850062944e-01
9.324019763481427026e-01
9.248291470282751225e-01
9.193824030726360785e-01
9.100043552785146428e-01
9.031342220331025628e-01
8.983347573187172586e-01
8.952054259353224852e-01
8.933893296781726390e-01
8.925757277879183826e-01
8.924998381336758380e-01
8.929409137141878228e-01
8.937191964873281158e-01
8.902546275662661657e-01
8.876545465480933927e-01
8.802817312460230470e-01
8.745553279466039553e-01
8.702778395470854855e-01
8.626015335686708640e-01
8.567364364069371963e-01
8.524586515245192730e-01
8.495243264566330055e-01
8.476887938609138917e-01
8.467204478196188600e-01
8.409975380450561699e-01
8.319229459521592096e-01
8.196524823801970561e-01
8.102669899951348009e-01
8.033702455377718099e-01
7.985570750993865596e-01
7.954386661065296904e-01
7.936581140346297136e-01
7.928989866180031765e-01
7.928889863643535652e-01
7.833201798933365767e-01
7.759322944119046994e-01
7.704502051748021163e-01
7.665827142300007946e-01
7.640426560228654740e-01
7.625605950973198821e-01
7.618934291899142064e-01
7.569313040405720727e-01
7.533202881070661938e-01
7.456531298425098653e-01
7.398067134800735412e-01
7.308009595606512754e-01
7.240446224774086392e-01
7.185313596311702078e-01
7.099905104706306647e-01
7.036756547928790795e-01
6.992475893316254520e-01
6.963693468866031244e-01
6.938032417398239948e-01
6.978784037991063727e-01
6.916379017346593328e-01
6.869297567979162356e-01
6.835450058747503110e-01
6.812650530484808398e-01
6.798771030899295464e-01
6.735180075723753435e-01
6.686787979485155908e-01
6.651665267007699223e-01
6.627728650259067100e-01
6.612903430555733264e-01
6.605238559418268318e-01
6.602980152789765800e-01
6.559728862123931359e-01
6.527655111784094188e-01
6.504957595887844723e-01
6.533852502952883778e-01
6.458806220934132369e-01
6.399481050569765239e-01
6.412647524889778516e-01
6.427291109934639701e-01
6.384224667433427980e-01
6.351073730595127032e-01
6.326600788925177410e-01
6.309483926084075156e-01
6.298409945189146208e-01
6.249465850856351645e-01
6.153399009130930963e-01
6.078009733929319314e-01
6.020987559308513815e-01
5.979756051023304986e-01
5.951690551492156978e-01
5.934271174703467100e-01
5.925183269142854092e-01
5.922376463601689567e-01
5.924091998843766804e-01
5.868445267313462388e-01
5.825400981920474397e-01
5.793493430100682406e-01
5.771093812375555077e-01
5.756545383505830005e-01
5.748262424248745672e-01
5.744796679693747743e-01
5.744876324537749879e-01
5.747423073210857769e-01
5.751552945334431621e-01
5.756565651480051171e-01
5.722015274615915859e-01
5.695042533360556991e-01
5.674690270038544870e-01
5.659958836670624382e-01
5.649872963209527921e-01
5.643523759004258622e-01
5.640093152484972894e-01
5.638865993006545452e-01
5.540299438225613216e-01
5.461259574450163523e-01
5.399869074777619016e-01
5.353919537813343066e-01
5.321086973964945788e-01
5.237313084565127230e-01
5.173106770251569841e-01
5.126003902329017148e-01
5.093372267506186546e-01
5.009246654693142453e-01
4.945556434464335460e-01
4.899645945247785850e-01
4.868675497629451066e-01
4.849832777463236599e-01
4.840482906190068935e-01
4.838264243417638166e-01
4.775907460813035854e-01
4.695135295670518349e-01
4.634160196871945914e-01
4.590087915804630381e-01
4.560022326238020174e-01
4.541227701272283479e-01
4.531225240694183309e-01
4.496336377934855300e-01
4.407562507903992621e-01
4.339482475453320109e-01
4.289265203131233939e-01
4.254041155381125261e-01
4.231057542715195297e-01
4.217778351615819599e-01
4.117908369949874192e-01
4.041198414968913966e-01
3.984493995805611366e-01
3.944589901922197495e-01
3.918409999554466339e-01
3.811325088843786624e-01
3.730010842759419187e-01
3.670702730835113670e-01
3.629685082790001793e-01
3.538083436281247440e-01
3.469844237612564886e-01
3.421486049528426054e-01
3.389546366165638869e-01
3.370750061972791478e-01
3.295631324768268922e-01
3.239894019381095447e-01
3.178579976398818729e-01
3.135435683708645005e-01
3.128569597325749907e-01
3.107827136727683293e-01
3.096422250999328885e-01
3.046504488144219369e-01
3.009576248945216026e-01
2.983778266146739355e-01
2.967197337842892857e-01
2.957982764855564550e-01
2.885835473290552233e-01
2.830012248388762419e-01
2.788643702189768092e-01
2.759620094981027894e-01
2.671107329604747171e-01
2.603164988299546678e-01
2.553268673883803963e-01
2.448150598761891228e-01
2.368140051091389697e-01
2.238788555213564457e-01
2.140461175979611053e-01
2.069126614272513986e-01
1.948426093110859902e-01
1.859046208738828199e-01
1.796350894080263050e-01
1.755636508137277119e-01
1.719794996220809224e-01
1.699955131770916061e-01
1.620569974490693177e-01
1.563276376970923476e-01
1.524239903205792945e-01
1.428483024514839439e-01
1.357217202669249723e-01
1.297376780452801359e-01
1.265864626072792376e-01
1.247755013401823376e-01
1.239960081532232028e-01
1.230932336400711868e-01
1.228865951677664548e-01
1.231687365625186992e-01
1.237727639716479366e-01
1.245676147831094038e-01
1.254531931342723894e-01
1.263556169088380088e-01
1.272227569906330125e-01
1.210200917362207473e-01
1.159975335287637410e-01
1.128575775426601258e-01
1.105077201698101419e-01
1.080653531920312549e-01
1.071176612268298634e-01
1.066194876868420405e-01
9.853907483630885977e-02
9.219755497274761957e-02
8.025597051967103823e-02
6.381737289758393494e-02
5.815523882090323227e-02
4.011655759954813050e-02
2.620595327298991251e-02
1.589948250639428018e-02
8.641062241217856155e-03
3.911473163104917106e-03
-6.090446583514763645e-03
-1.330622334631970105e-02
-1.817272129793856550e-02
-2.112682136598187377e-02
-2.989161653630612037e-02
-3.620647850621527830e-02
-4.017762205616715043e-02
-4.251366639882192544e-02
-5.116308355673626629e-02
-5.754741675214791741e-02
-6.156238605206354464e-02
-6.404575120254962783e-02
-7.248880242271327212e-02
-7.870126464191651294e-02
-9.013923284857949803e-02
-9.873467154489468101e-02
-1.041796367263501111e-01
-1.146643496678472207e-01
-1.223225856282417201e-01
-1.276507070339829575e-01
-1.379324161431620954e-01
-1.454579803008941852e-01
-1.506927447789350172e-01
-1.540713844781560482e-01
-1.570590280614234668e-01
-1.587554678757445714e-01
-1.663269191611784770e-01
-1.719355741921384517e-01
-1.840379937318621373e-01
-1.933873034881103958e-01
-2.002844389738354103e-01
-2.120729101736382738e-01
-2.208544982899052211e-01
-2.270605661959914645e-01
-2.311358363049780262e-01
-2.404629355032468219e-01
-2.489398850029735932e-01
-2.531928934171991941e-01
-2.575289249986831841e-01
-2.653006240788788883e-01
-2.707821854502501235e-01
-2.812211681009693098e-01
-2.888733582805795841e-01
-2.942094812110682689e-01
-3.043593534249386945e-01
-3.117601197677133396e-01
-3.168826499108148287e-01
-3.223642419931360692e-01
-3.260397937705963312e-01
-3.349005068545669594e-01
-3.414091664513971836e-01
-3.459319256056223590e-01
-3.488296489749678209e-01
-3.570461884775841810e-01
-3.630513147525213924e-01
-3.672064066478339939e-01
-3.698592111650294001e-01
-3.778382610021773225e-01
-3.836950275928816545e-01
-3.877778838956313923e-01
-3.904192219522644169e-01
-4.010158760265505329e-01
-4.091254425619532675e-01
-4.214461600485797099e-01
-4.307395603270278706e-01
-4.374396179914616933e-01
-4.419846229608230814e-01
-4.447922238088044544e-01
-4.524999676763223899e-01
-4.580126103485577804e-01
-4.617187453627766835e-01
-4.639803077518813712e-01
-4.682305554638419576e-01
-4.711040139984599140e-01
-4.728557298849653812e-01
-4.799409873756967926e-01
-4.852189629691499029e-01
-4.889597015798465840e-01
-4.947456310836737536e-01
-5.051300206265143533e-01
-5.130437284380793272e-01
-5.188115164389999201e-01
-5.227762420790502684e-01
-5.252740427581819027e-01
-5.266177285367548144e-01
-5.306491138408679920e-01
-5.334250354591676402e-01
-5.412891680637179626e-01
-5.509299508999672135e-01
-5.582959362583495011e-01
-5.697398494353553833e-01
-5.783444992175507116e-01
-5.845146702576198283e-01
-5.886646765921865754e-01
-5.911912052210550605e-01
-5.983704967032358324e-01
-6.034800055005576924e-01
-6.109556948646448493e-01
-6.163800111940586079e-01
-6.258754260954066950e-01
-6.328735476023980011e-01
-6.434493906491925985e-01
-6.512034914185128587e-01
-6.621387967632778038e-01
-6.646194031674963476e-01
-6.711380620545692732e-01
-6.701816414782663101e-01
-6.685761708315529628e-01
-6.666011052975602258e-01
-6.644706530202353356e-01
-6.666406863708586039e-01
-6.681602951456008244e-01
-6.691399157133376407e-01
-6.696867370278654086e-01
-6.698999503126983335e-01
-6.798769694944279962e-01
-6.878937905393238683e-01
-6.941075216649321700e-01
-7.088210997878925390e-01
-7.203538219256158115e-01
-7.338520344128205419e-01
-7.494316071165196824e-01
-7.611429152928744779e-01
-7.695385034626956999e-01
-7.802950511925658139e-01
-7.929021408840258855e-01
-8.020176617136991482e-01
-8.131396127342463975e-01
-8.209354465435210191e-01
-8.260343914168543078e-01
-8.337449630178742632e-01
-8.441110371743780760e-01
-8.561155717302384449e-01
-8.647637954735313270e-01
-8.803812883903198161e-01
-8.919583341121545272e-01
-9.001498671030691012e-01
-9.055771634864686614e-01
-9.142339614231795863e-01
-9.202500860958027218e-01
-9.282460753117091068e-01
-9.337241528771977883e-01
-9.371727091039334656e-01
-9.445878770957182313e-01
-9.442309505894403987e-01
-9.430758809961379274e-01
-9.414274407686530344e-01
-9.395227518547973888e-01
-9.375398802029167866e-01
-9.411479044775853398e-01
-9.398244872773526826e-01
-9.384649909890219188e-01
-9.469745982803065010e-01
-9.555384895157175151e-01
-9.664926678685075156e-01
-9.710289465628446637e-01
-9.842644174826197245e-01
-9.945640574429641667e-01
-1.006136251847683072e+00
-1.014649097217220186e+00
-1.020595597765316276e+00
-1.024455773331522490e+00
-1.026671927755669289e+00
-1.037393813851334112e+00
-1.045346161489086878e+00
-1.050973749187337436e+00
-1.054702775473075782e+00
-1.063068386652864294e+00
-1.069176178884086337e+00
-1.073385348271200801e+00
-1.076046228683005701e+00
-1.077485082956437967e+00
-1.077994435840019083e+00
-1.074442437557528329e+00
-1.071003590490903434e+00
-1.074181955693651602e+00
-1.076607981087036814e+00
-1.084856092454438592e+00
-1.091436732755016292e+00
-1.099854471332000205e+00
-1.106236883767810042e+00
-1.117480147547996294e+00
-1.126074922044369320e+00
-1.132362308736376777e+00
-1.143425607286135959e+00
-1.151717756544695881e+00
-1.157626188290985070e+00
-1.161552599225375015e+00
-1.166811526940717103e+00
-1.170258555989909688e+00
-1.172280563335435177e+00
-1.179963976971937889e+00
-1.185612804248366237e+00
-1.189550836350431684e+00
-1.192092063793081635e+00
-1.193527595269197716e+00
-1.194117722878898835e+00
-1.194087915416023993e+00
-1.193627742432050720e+00
-1.192891912714685976e+00
-1.192002759665919953e+00
-1.191053632350422165e+00
-1.190112761496524563e+00
-1.189227267892479345e+00
-1.188427067409762561e+00
-1.187728502086614402e+00
-1.187137589896889667e+00
-1.186652836950965462e+00
-1.186267595424988386e+00
-1.179193589932874930e+00
-1.173466104067831584e+00
-1.171801661029255648e+00
-1.167899139063865332e+00
-1.161200859750799008e+00
-1.153212176329082794e+00
-1.147060306845432143e+00
-1.142504762172519062e+00
-1.139297161472460296e+00
-1.137195674233931975e+00
-1.135974897004169870e+00
-1.135432093867228653e+00
-1.132344707305648068e+00
-1.123586704339108788e+00
-1.123291214369471103e+00
-1.116956494616828444e+00
-1.112175111417194273e+00
-1.102223118749016795e+00
-1.094622653953933433e+00
-1.089051341289504649e+00
-1.081785467800940204e+00
-1.070067302716822155e+00
-1.067563769530366580e+00
-1.066338677608752006e+00
-1.066076298782371978e+00
-1.060092383663906457e+00
-1.055754020237175794e+00
-1.049149492675386153e+00
-1.044269781677814812e+00
-1.040863509802769649e+00
-1.032309212438637047e+00
-1.025913295207267151e+00
-1.021354929429795444e+00
-1.012075655733858159e+00
-1.011394890665230584e+00
-1.005385293739645025e+00
-9.971775856307100172e-01
-9.950641054870605906e-01
-9.940408428752310899e-01
-9.938237040007522616e-01
-9.881302484776601780e-01
-9.839607472929945420e-01
-9.770528639596905984e-01
-9.718616809859517147e-01
-9.681444097012978922e-01
-9.555548146517139907e-01
-9.457411119753846851e-01
-9.383955084213767561e-01
-9.331692599185407166e-01
-9.252989843338231823e-01
-9.240442752636560675e-01
-9.193767833780348564e-01
-9.162378904664436607e-01
-9.143447726898515926e-01
-9.134290122177285420e-01
-9.132477417469191394e-01
-9.135900839632922210e-01
-9.142797359921269740e-01
-9.151746446563652215e-01
-9.161646787361370503e-01
-9.171680823170694774e-01
-9.181273342084687039e-01
-9.190048753805031279e-01
-9.197790196744639601e-01
-9.204402423411598422e-01
-9.209879484770240321e-01
-9.214277569488626973e-01
-9.217692906405678954e-01
-9.220244360099834058e-01
-9.222060195554963036e-01
-9.223268421446609855e-01
-9.223990113601262530e-01
-9.224335149306330806e-01
-9.224399834090528660e-01
-9.224265964758571190e-01
-9.268855351742339987e-01
-9.260351790110100678e-01
-9.252351327465906383e-01
-9.245121745431454929e-01
-9.238810290462330377e-01
-9.233471861455765373e-01
-9.229093670127422877e-01
-9.225616157162050968e-01
-9.222950170623296362e-01
-9.161710702159783226e-01
-9.112297082993453534e-01
-9.073641452411960184e-01
-9.044445398165880112e-01
-9.023322682625902758e-01
-9.008898577005417518e-01
-8.999876115682182709e-01
-8.995077406092034655e-01
-8.993466306645466757e-01
-8.948201726115780907e-01
-8.958909030944766094e-01
-8.969997149284114624e-01
-8.980764157724342445e-01
-8.990739998643050290e-01
-8.999639951123303838e-01
-8.961339999177080351e-01
-8.976257525048561003e-01
-8.989352662864117383e-01
-9.000489464588332655e-01
-9.009677858102530523e-01
-9.017027830818554746e-01
-9.022712670248012046e-01
-9.026940344181704212e-01
-9.029931948137888131e-01
-9.031906119088694007e-01
-9.033068359893700050e-01
-9.033604304917489669e-01
-8.976144139411026401e-01
-8.929266737656846864e-01
-8.846042379724732285e-01
-8.779436555145101462e-01
-8.727973623274849491e-01
-8.689823231840217987e-01
-8.662998818390754696e-01
-8.645508262572310088e-01
-8.579593924043570352e-01
-8.481558111453202375e-01
-8.405744372396319886e-01
-8.349485041670182683e-01
-8.309869570122745408e-01
-8.283974366753051877e-01
-8.269024824245467808e-01
-8.208293595447381241e-01
-8.164075359383899944e-01
-8.133561682197185672e-01
-8.114106346185749885e-01
-8.103313950379273933e-01
-8.099084253185724336e-01
-8.049213448260011949e-01
-7.960195564644869659e-01
-7.890160934914535185e-01
-7.784828223317192819e-01
-7.704448059828797879e-01
-7.645756165575177121e-01
-7.551138358766162906e-01
-7.480647239177086183e-01
-7.430899277178446560e-01
-7.398373527443499187e-01
-7.329132141818536228e-01
-7.224072754798120943e-01
-7.145493061176724225e-01
-7.089576106826105395e-01
-7.052434219347466504e-01
-7.030347913486000300e-01
-7.019919828720431187e-01
-6.960354027924137155e-01
-6.868929798025735778e-01
-6.800580033183333262e-01
-6.799182187757765172e-01
-6.757712213010839131e-01
-6.729929423362103202e-01
-6.653877354080280915e-01
-6.596791569802691324e-01
-6.556019610944322507e-01
-6.482902255224062271e-01
-6.429619103215833409e-01
-6.392811791726958903e-01
-6.369307565088218048e-01
-6.356230212004103652e-01
-6.395607510021625863e-01
-6.432918342881540630e-01
-6.421513210902618507e-01
-6.459229977908095277e-01
-6.386110890764113979e-01
-6.326864386545546504e-01
-6.280450678965764366e-01
-6.245455795350283168e-01
-6.220281154933673395e-01
-6.203286455505198083e-01
-6.192891507109176130e-01
-6.143915865500833018e-01
-6.045502228080263940e-01
-5.968593974256217738e-01
-5.910678874761368107e-01
-5.869014222289872240e-01
-5.840842515850368510e-01
-5.719593476924436093e-01
-5.666415217415132766e-01
-5.629566012885767190e-01
-5.566052966364509746e-01
-5.520899543110120433e-01
-5.490812079349667307e-01
-5.472728016677761431e-01
-5.399754757295673890e-01
-5.345130470285091029e-01
-5.306231355052841714e-01
-5.280387945363556046e-01
-5.227304797394607405e-01
-5.189651715848824232e-01
-5.099574122354548766e-01
-5.031250036128893655e-01
-4.981663504616085092e-01
-4.912437207783200144e-01
-4.862931132537127166e-01
-4.764077211255881572e-01
-4.689926103134742785e-01
-4.603987026998941356e-01
-4.542213431593666861e-01
-4.500231633866225156e-01
-4.408418966225549074e-01
-4.340716388880527798e-01
-4.293337827776919635e-01
-4.262604063455368575e-01
-4.148819270467496434e-01
-4.063207343246260095e-01
-4.001573300057086335e-01
-3.892790488917099445e-01
-3.811889593750099614e-01
-3.754719329924354199e-01
-3.649041997742927812e-01
-3.570981107054476134e-01
-3.516442544574720497e-01
-3.481287355859252752e-01
-3.461569412508735955e-01
-3.453693547715444012e-01
-3.384820938115986610e-01
-3.310296169596442795e-01
-3.280093782648918488e-01
-3.238692835078205157e-01
-3.141752482864654805e-01
-3.068885024167484765e-01
-3.016561131903048310e-01
-2.981252164446368536e-01
-2.959618530424565908e-01
-2.948626714022790640e-01
-2.945613019605921590e-01
-2.857439236225960411e-01
-2.810441478745455690e-01
-2.757300011343173374e-01
-2.719629169150208359e-01
-2.694593869102033246e-01
-2.609905198133999349e-01
-2.527577879866471644e-01
-2.466905781953463439e-01
-2.424235470396234327e-01
-2.396159072327741502e-01
-2.310761102929559385e-01
-2.299581892499442670e-01
-2.244518787180020958e-01
-2.204935912767331807e-01
-2.178237717051889621e-01
-2.230976017735499806e-01
-2.279299091312956271e-01
-2.253070871283560095e-01
-2.233185883406183514e-01
-2.218785129010298895e-01
-2.208978093011457755e-01
-2.133293020408790763e-01
-2.073005451753080486e-01
-2.026694254482526159e-01
-1.922286519133342697e-01
-1.840796217598779094e-01
-1.779684638882750303e-01
-1.736068677973803265e-01
-1.635876594810612428e-01
-1.560170877167155190e-01
-1.434041837837591871e-01
-1.338414571433073075e-01
-1.197181840205598924e-01
-1.163204274479405775e-01
-1.074084046592198582e-01
-1.010874620760879861e-01
-9.690961893923999426e-02
-9.444722313021203242e-02
-9.399356043425965979e-02
-9.440369312323193540e-02
-9.540437848872529436e-02
-9.676868353615741825e-02
-9.831578204400370780e-02
-9.990807497956577521e-02
-9.400357240621493027e-02
-8.932687603137012822e-02
-8.575879871025127166e-02
-8.315510697934591633e-02
-7.388868632865985830e-02
-6.664592506103739211e-02
-6.119917828009491245e-02
-4.980482121032658860e-02
-4.105749930224522615e-02
-3.461782389130396709e-02
-2.263116513779062089e-02
-1.371143396031371253e-02
-7.170842854327785787e-03
-1.029845993731415277e-02
-1.374744815878337079e-02
-9.726684002108409999e-03
-6.935255513677462957e-03
-5.183637424608145139e-03
-4.169547600358258777e-03
3.792615489839334941e-03
9.995093318248660097e-03
1.462623816202701654e-02
1.790461456689795838e-02
2.005820930435109339e-02
2.130881351081082009e-02
2.955879926630200494e-02
3.588759398953822455e-02
4.823104362469554651e-02
5.774225673376331969e-02
6.477769426132207187e-02
6.971893723829380995e-02
7.294315711770305022e-02
8.245113620491006934e-02
8.950000545562053489e-02
9.446943845163890963e-02
9.773268979138571844e-02
9.963853979221881652e-02
1.081000867842454305e-01
1.143883800553091579e-01
1.188365910228668110e-01
1.217724246223370610e-01
1.310578337758594447e-01
1.380173564718540913e-01
1.505104858909485088e-01
1.599654139110133766e-01
1.668173051406434126e-01
1.715036930558633266e-01
1.818777371408661914e-01
1.894992210074777361e-01
2.021927199065658431e-01
2.116214844863020250e-01
2.182964836065726111e-01
2.227137463204471590e-01
2.270178796507338337e-01
2.370333425483186485e-01
2.444264313649839870e-01
2.495856936134588366e-01
2.529044633349200044e-01
2.547580277672392146e-01
2.554883886330610032e-01
2.553953745298096489e-01
2.547327906244958307e-01
2.517999673735404897e-01
2.490552758478319362e-01
2.484343917830116322e-01
2.477721948657438666e-01
2.471157281536355832e-01
2.464977905656478008e-01
2.459393892999244269e-01
2.454521016455732951e-01
2.431996510104244003e-01
2.431980644172959671e-01
2.432436831308104619e-01
2.507053241966192836e-01
2.494567997418994931e-01
2.556837313825153224e-01
2.606825304643118901e-01
2.645636478862805063e-01
2.674629943421877876e-01
2.695268234706686972e-01
2.709007955551578917e-01
2.717224772519719611e-01
2.721165868221890882e-01
2.721923729990898266e-01
2.720426015604677783e-01
2.717437078979947351e-01
2.713567522618396399e-01
2.709288852678266579e-01
2.777982550384094917e-01
2.833305491532247533e-01
2.876446300368489251e-01
2.908868180912913548e-01
2.932145859665367116e-01
2.947848889155408880e-01
2.957462032716051681e-01
3.034245484619946254e-01
3.022431809150869508e-01
3.080668405024895584e-01
3.125221031453329079e-01
3.157946653750380861e-01
3.180747456026480346e-01
3.195458561644479722e-01
3.274575561256500844e-01
3.335579827240975348e-01
3.380849088648592016e-01
3.482626776914583555e-01
3.560304767565112272e-01
3.617278927350495721e-01
3.656956846608661049e-01
3.682579695422838473e-01
3.765426351920819759e-01
3.826983386681144239e-01
3.870612996910136605e-01
3.899554261471862571e-01
3.916799084672468734e-01
3.925020336503768359e-01
3.926537534198335511e-01
3.951331785283516140e-01
4.035879691236226030e-01
4.101692903744997842e-01
4.150889312795877917e-01
4.185845761043744950e-01
4.208992034755381084e-01
4.222662128719663066e-01
4.259601011568943107e-01
4.254865678264474482e-01
4.345491908592873376e-01
4.416348796973024182e-01
4.469584122568976969e-01
4.507662576462523329e-01
4.600364203657707485e-01
4.670224827395335065e-01
4.720581901711560224e-01
4.754780068561392792e-01
4.810314335816405773e-01
4.915979381061488240e-01
4.996086761449920477e-01
5.054127655674802710e-01
5.093716800697878355e-01
5.118356537980701670e-01
5.131281142229060510e-01
5.135364521342893340e-01
5.133076208893709858e-01
5.126472810678024405e-01
5.182233649889060878e-01
5.224455975556541176e-01
5.356739102855880841e-01
5.422590794954555982e-01
5.508367116912396000e-01
5.572347122515730611e-01
5.617749607193538441e-01
5.647793511437830816e-01
5.728000880084127555e-01
5.827561326569629108e-01
5.902566738648686862e-01
5.956372121602682146e-01
5.950498336234352204e-01
5.938009405064240687e-01
5.921625024060033216e-01
6.005968896430933235e-01
6.071166858209723349e-01
6.119618051902432354e-01
6.153867198942383210e-01
6.176428110629902379e-01
6.189662830171998031e-01
6.195705247103218127e-01
6.196419405022005611e-01
6.253363750856361092e-01
6.296568775220704461e-01
6.328026604539176425e-01
6.349719242966956889e-01
6.363518397588423525e-01
6.414747857118614505e-01
6.453668822369841296e-01
6.481875463300342810e-01
6.501058834720658819e-01
6.468133812476422051e-01
6.482243407233840848e-01
6.491516572810437369e-01
6.496909740070674344e-01
6.499301743878477255e-01
6.499469243699789178e-01
6.557147727036138907e-01
6.602670451236153371e-01
6.579047599679627156e-01
6.615395326724868852e-01
6.643110508573581985e-01
6.663398370641480106e-01
6.677478928147378978e-01
6.686518459015627913e-01
6.691586130883714345e-01
6.796634031140472709e-01
6.880755407850545069e-01
6.945860380251134281e-01
6.994280749675360065e-01
7.028520258360622108e-01
7.051071195617543141e-01
7.064286975424027837e-01
7.070300414920663856e-01
7.070978183222292879e-01
7.123591257047806602e-01
7.163236829893349089e-01
7.191863673695692016e-01
7.211384502793304341e-01
7.277683195451546405e-01
7.274248928332616160e-01
7.369061708181150472e-01
7.443250661598762585e-01
7.548672837577368178e-01
7.682707731485360902e-01
7.785429099192014979e-01
7.860923031168949304e-01
7.913482747832109032e-01
7.947309369737987073e-01
7.966314277443530267e-01
8.026201181704328835e-01
8.119058915535997123e-01
8.187802425164437681e-01
8.236164482903443051e-01
8.267818344082527027e-01
8.339987126342897072e-01
8.392544785628245352e-01
8.428531202652943533e-01
8.450976448233301630e-01
8.566751502815085351e-01
8.655507297045658133e-01
8.720688926002951868e-01
8.765977580725421436e-01
8.852079915798641840e-01
8.961845353799408054e-01
9.043102066251651472e-01
9.100300859029396561e-01
9.137805947415525987e-01
9.159679025492093452e-01
9.228065587487850330e-01
9.277227996044227210e-01
9.354281733219610429e-01
9.409808834989764614e-01
9.447542135149151754e-01
9.530609144590633797e-01
9.591968686716808579e-01
9.634901032696776557e-01
9.662678343122348412e-01
9.678394995375811938e-01
9.684856411887992067e-01
9.726197166414900508e-01
9.754904144449506598e-01
9.834156605189390277e-01
9.833423266224217141e-01
9.827448846457079723e-01
9.858286692212904212e-01
9.839912009475132448e-01
9.821363755061085499e-01
9.843616489877222708e-01
9.859926120497625179e-01
9.871302527509320246e-01
9.878687446513706449e-01
9.882930173603242663e-01
9.884775712973954409e-01
9.944267469485043032e-01
1.003036171775296692e+00
1.009812886402353449e+00
1.014967121329081845e+00
1.018727951748563232e+00
1.030997836391839950e+00
1.036935461855493124e+00
1.041177791766247474e+00
1.044007082038859835e+00
1.055397087555166813e+00
1.064114447197225033e+00
1.070511886819369485e+00
1.074958054781539829e+00
1.077812483700092416e+00
1.085679061715545846e+00
1.091473139374491197e+00
1.095507444177701073e+00
1.098095578741379308e+00
1.102766867841871612e+00
1.112292100144328444e+00
1.119454729346465172e+00
1.131021453086200612e+00
1.139781732406095482e+00
1.155532355574456993e+00
1.160954630317474257e+00
1.164297660529532763e+00
1.172517996157708353e+00
1.178355476770209354e+00
1.182228899061452010e+00
1.187172911760486338e+00
1.190382437019961603e+00
1.192234187681274982e+00
1.193054995393926454e+00
1.199566664339221322e+00
1.197919064235359876e+00
1.193469901180570947e+00
1.189364590078223927e+00
1.185716242179036595e+00
1.182581543529404478e+00
1.179973510331096875e+00
1.177873211392336028e+00
1.176240050559587802e+00
1.175020369619079297e+00
1.180711810150264496e+00
1.185524084388061894e+00
1.189463340607695097e+00
1.192581296834445803e+00
1.201631954531674928e+00
1.208857878008945619e+00
1.221186694104647197e+00
1.228439603408147063e+00
1.233817276515307260e+00
1.246937212694750663e+00
1.256978490748896782e+00
1.264327533785964519e+00
1.269405514592983009e+00
1.272631472235128181e+00
1.281444311169363415e+00
1.289917963184866290e+00
1.293945323059233488e+00
1.303464490052860247e+00
1.312371300879598524e+00
1.318732518927393738e+00
1.323003963901801638e+00
1.323833826163257621e+00
1.325486375257916460e+00
1.324371778656426635e+00
1.324638317309574154e+00
1.324382176312613568e+00
1.323778599831912484e+00
1.322966466343121983e+00
1.320256830150315475e+00
1.317824716545584307e+00
1.317560122479314311e+00
1.315471015850434133e+00
1.315587549468050454e+00
1.315707749155020423e+00
1.315824103278037338e+00
1.315931654758871527e+00
1.316027450909625696e+00
1.316110066343034291e+00
1.314343541129979531e+00
1.314738395952030903e+00
1.315096769206307581e+00
1.313565176817065527e+00
1.314174539799527697e+00
1.305783344101681509e+00
1.298907967150402243e+00
1.293460110440523225e+00
1.296384497767107291e+00
1.299159950568395727e+00
1.294555438497888566e+00
1.298057016113258078e+00
1.301143134513392363e+00
1.303774508331644544e+00
1.307878602220483577e+00
1.311153035902613562e+00
1.313685346008499844e+00
1.315574428825870390e+00
