-7.881754313148103819e-02
-7.890855747979119705e-02
-7.899886353833873720e-02
-7.908393288554305123e-02
-7.916086859813153964e-02
-7.922807158901545854e-02
-7.871887084739159768e-02
-7.830789572444052382e-02
-7.092513802909516940e-02
-6.494803433256612912e-02
-6.025359434215871168e-02
-5.669126720926453977e-02
-5.409916756940957860e-02
-5.231560734338769336e-02
-5.118699784923186336e-02
-5.057295444941312113e-02
-5.034925454075911411e-02
-5.040916445546250735e-02
-5.066355108793874074e-02
-5.104011863680946171e-02
-5.148205073589307013e-02
-5.194628733636230677e-02
-5.943000489173799750e-02
-5.857170102628672659e-02
-5.775636057518251931e-02
-5.661535491949454268e-02
-5.564942746542778096e-02
-5.523673987315391720e-02
-5.452571152080487593e-02
-5.396524838662353218e-02
-5.353784465983513208e-02
-5.322463661064147367e-02
-5.300678314177043049e-02
-5.286639138086446366e-02
-5.278710329178437632e-02
-5.275442989566747620e-02
-5.961055091852385246e-02
-6.523530701959900924e-02
-6.970831490896300942e-02
-7.314487729577079378e-02
-7.620190242217561583e-02
-7.788871687060394677e-02
-7.949944838916334078e-02
-8.053259525803313501e-02
-8.110301764668803592e-02
-8.131718643663021773e-02
-8.126970052689008739e-02
-8.104141817256560465e-02
-8.069892696486880013e-02
-8.029502551764267082e-02
-7.986989307233716140e-02
-7.945266198146727632e-02
-7.906316435377891416e-02
-7.871368424805891273e-02
-7.841060190526683016e-02
-7.815586219717562955e-02
-7.794823448035970159e-02
-7.778435602868638554e-02
-7.765956776069637968e-02
-7.756856093940101005e-02
-7.750585865559855847e-02
-7.746615768825093618e-02
-7.744455591987597920e-02
-7.743668872411779702e-02
-7.743879524083663313e-02
-7.744773262422377513e-02
-7.746095346414927363e-02
-7.747645881358167230e-02
-7.749273670993006569e-02
-7.750869381270364400e-02
-7.752358581905371970e-02
-7.753695066544152859e-02
-7.754854716596626396e-02
-7.755830065396329687e-02
-7.756625635533609397e-02
-7.757254059848817107e-02
-7.757732952420481887e-02
-7.758082466771609731e-02
-7.758323461444538438e-02
-7.758476185345375420e-02
-7.758559394444342061e-02
-7.758589815493110997e-02
-7.758581879702219908e-02
-7.758547658461423246e-02
-7.813426210484153422e-02
-7.803263572661256475e-02
-7.849240562149195632e-02
-7.886441488187490023e-02
-7.915471242286153952e-02
-7.937200821416312557e-02
-7.952643480533949649e-02
-7.962856144103769296e-02
-7.968866242096162011e-02
-7.971621878219181667e-02
-7.971961860227061436e-02
-7.970601545690891854e-02
-7.968130484005975234e-02
-7.965018244462251928e-02
-7.961625418886786321e-02
-7.958217435567571663e-02
-7.954979431055986261e-02
-7.952030952591848667e-02
-7.949439690427673177e-02
-7.947233768409045496e-02
-7.945412364213910728e-02
-7.943954602547464994e-02
-7.942826780299405698e-02
-7.941988055524062950e-02
-7.941394773218579672e-02
-7.941003619103459421e-02
-7.940773794822786336e-02
-7.940668399416783707e-02
-7.940655186510325869e-02
-7.883980560671099980e-02
-7.838316466502037727e-02
-7.858151447530214995e-02
-7.876405906941430501e-02
-7.836555404631084798e-02
-7.804894487612723530e-02
-7.835774830809016933e-02
-7.807346199832276845e-02
-7.840380732756790927e-02
-7.868863584286622803e-02
-7.892650854994620602e-02
-7.911886239500254270e-02
-7.926911984523421495e-02
-7.938193355652045646e-02
-7.946257448594606920e-02
-7.951646094804409870e-02
-7.954881739343822034e-02
-7.956444595452238921e-02
-7.956759102062371802e-02
-7.956187674542403165e-02
-7.955029873838936894e-02
-7.953525355589929902e-02
-7.951859241943548540e-02
-7.950168844096183740e-02
-7.948550927371100805e-02
-7.947068939526724662e-02
-7.945759812037667125e-02
-7.944640093958832416e-02
-7.943711292351784969e-02
-7.942964377189465353e-02
-7.942383467540015118e-02
-7.941948754740946192e-02
-7.941638741718271000e-02
-7.941431889392447374e-02
-7.222866112343329092e-02
-6.635196882824900833e-02
-6.169807981738317793e-02
-5.814210399595309831e-02
-5.553883168689655037e-02
-6.093883997769466987e-02
-6.567210809693002638e-02
-6.249691479008379069e-02
-6.712608351339821589e-02
-7.099616333842351246e-02
-7.467141991421422098e-02
-6.981941935042490499e-02
-7.345884212141773340e-02
-7.643250509738819254e-02
-7.877831694301473675e-02
-8.055713818440923824e-02
-8.184286764106341039e-02
-8.210778338567248369e-02
-8.274998435753344594e-02
-8.312464768562133344e-02
-8.329227242926706687e-02
-8.330634001259173971e-02
-8.321248778211520758e-02
-8.304836807642357321e-02
-8.284400089555044033e-02
-8.262245104740539858e-02
-8.240069026349750025e-02
-8.219053600428494200e-02
-8.199958798749240607e-02
-8.183210887720449023e-02
-8.168981625946059033e-02
-8.157256899266607242e-02
-8.147894271400524246e-02
-8.140669737584871335e-02
-8.135314489817524475e-02
-8.131542802751412502e-02
-8.129072287190375334e-02
-8.127637781177243781e-02
-8.127000094462477620e-02
-8.126950719464431927e-02
-8.127313492127630212e-02
-8.127944044941415314e-02
-8.128727752774533855e-02
-8.129576737570731737e-02
-8.130426375045707310e-02
-8.131231638028557640e-02
-8.131963518134988078e-02
-8.132605690102501228e-02
-8.073651155165317839e-02
-8.084913881525146451e-02
-8.095378425213950457e-02
-8.104736943994672593e-02
-8.112831265806552672e-02
-8.119616813128005539e-02
-8.125131206870683798e-02
-7.394157363944264816e-02
-6.795465091326380325e-02
-7.057745604477627666e-02
-7.297241487856775954e-02
-6.771446032435424200e-02
-6.302494083004295256e-02
-5.941284771467869597e-02
-5.714362678146422958e-02
-5.514902241703634189e-02
-5.380381954374557907e-02
-5.297605358024837230e-02
-5.254858239524229369e-02
-5.242026494854812313e-02
-5.250595329290730362e-02
-5.273572757826161528e-02
-5.305366444179604457e-02
-5.341633873192841442e-02
-5.379119976860780028e-02
-5.415492409921407457e-02
-5.449181897101351701e-02
-5.479232966988289988e-02
-5.505168682237271405e-02
-5.526871546322009721e-02
-5.544481565615200225e-02
-5.558311460954290517e-02
-5.568778254010409157e-02
-5.576349895882670715e-02
-5.581505244319284742e-02
-5.584705508436194066e-02
-5.586375235846219311e-02
-5.586890983873993299e-02
-5.586575961699313808e-02
-5.585699124564347251e-02
-5.584477419990241387e-02
-5.583080109924098977e-02
-5.581634307783001070e-02
-5.580231066065954870e-02
-5.578931523112928836e-02
-5.577772764321098364e-02
-5.576773173585780619e-02
-5.536012393494282868e-02
-5.503141795396460090e-02
-5.516491082380858835e-02
-4.814020707620114692e-02
-4.919333352850352448e-02
-5.019882148269871891e-02
-4.436906139336427302e-02
-4.644172055517414854e-02
-4.829918071945127345e-02
-4.991061256153628278e-02
-5.126755191912613085e-02
-5.237726652322693965e-02
-5.325748996038348615e-02
-5.393231219590610692e-02
-5.442903739911475469e-02
-5.477584457464068635e-02
-5.500010928188703296e-02
-5.474245563507107448e-02
-5.448395295302321806e-02
-5.461604487537918828e-02
-5.469974289159029723e-02
-5.474513709845640896e-02
-5.438016758453256827e-02
-5.406645688824229801e-02
-4.689877670939113230e-02
-4.106996320081934826e-02
-3.647219402180468251e-02
-3.296759639093904681e-02
-3.040455729536017948e-02
-2.862953382860600193e-02
-2.749529455086663354e-02
-2.686635254720437516e-02
-2.662220957708005820e-02
-3.353451841419841095e-02
-3.938472395231817913e-02
-3.731257498403461881e-02
-4.239052013237509797e-02
-3.989416212724128386e-02
-3.742135514202016289e-02
-3.533885924797242062e-02
-3.387215701667090073e-02
-3.270282974467297876e-02
-3.180558213747808338e-02
-3.092988770017668365e-02
-3.030457112722051427e-02
-3.009426662837411115e-02
-2.979878112023248704e-02
-2.963443535208121205e-02
-2.977555014773614062e-02
-2.974396639409437881e-02
-2.997270045400068916e-02
-2.999041598290341781e-02
-3.003234307353053190e-02
-3.008875867270632831e-02
-3.015221603435147557e-02
-3.021721349876727025e-02
-3.027986854798836447e-02
-3.033761340936380613e-02
-3.038892064020526362e-02
-3.064396015871984069e-02
-3.085575808914331475e-02
-3.102581582960062256e-02
-3.115741168467955902e-02
-3.125493765344633523e-02
-3.132334306806594526e-02
-3.136769640956083016e-02
-3.139286401556695694e-02
-3.140329488674309388e-02
-3.140289508994165146e-02
-3.139497300144178382e-02
-3.138223697802233758e-02
-3.136682902611243051e-02
-2.428073283296416918e-02
-2.555968051623924708e-02
-2.675060596888534370e-02
-2.781729399073173958e-02
-2.874118171024742097e-02
-2.230093200766192219e-02
-1.722452882492797599e-02
-1.310742001977405202e-02
-1.006209854415129890e-02
-7.826620323947430791e-03
-1.329594029051750503e-02
-1.102980638571837702e-02
-9.290016500817177558e-03
-8.009853755706952683e-03
-7.118306951666486526e-03
-6.545114816413066805e-03
-6.224290896046591470e-03
-6.096371848844484020e-03
-6.109638194077948725e-03
-6.220545046778491738e-03
-6.393576673483947204e-03
-6.600708155931167553e-03
-6.820624421305154783e-03
-7.037814594383462463e-03
-7.241630130090159767e-03
-7.425369633361711408e-03
-7.585432093223598571e-03
-7.720563388445178532e-03
-7.831208003768352910e-03
-7.918968415454363807e-03
-7.986167996278270564e-03
-8.035508997780826945e-03
-8.069814683356657525e-03
-8.091843566268908106e-03
-8.104163578535494850e-03
-8.109074554042638994e-03
-8.108568408405458783e-03
-8.104317649499037657e-03
-8.097684213136391307e-03
-8.089741983805964765e-03
-8.081307658252434578e-03
-8.072975793164793856e-03
-8.065154920453565524e-03
-9.999245528606870437e-04
-2.284513111990404965e-03
-3.482289568107033162e-03
2.501961837592547866e-03
7.338130113454521819e-03
1.111965759145427945e-02
1.396738452436041555e-02
1.601477093632741600e-02
1.739697408723861471e-02
1.824318021401905021e-02
1.867159671864992987e-02
1.878655252560434974e-02
1.867721385229104136e-02
1.841748974987011955e-02
1.806677006189194579e-02
1.767120400578736650e-02
1.738799633201382200e-02
1.697145324704441016e-02
1.670659675906294162e-02
1.634285863429729702e-02
1.602991347782012355e-02
1.576877335782866929e-02
1.555735258602974902e-02
1.539156474247693751e-02
1.526617184592793386e-02
1.517542158224638449e-02
2.216950152017260756e-02
2.788982111107607409e-02
3.242366253584871849e-02
3.589392083694353808e-02
3.844176937706866859e-02
4.021372200927864071e-02
4.135238574853894455e-02
4.902890212304078510e-02
5.503324734951253738e-02
5.252517402714285133e-02
5.003432908662097667e-02
5.472415975088984474e-02
5.131520430142844091e-02
4.826036889877260982e-02
4.561335759136087020e-02
5.043236233376591215e-02
5.437510792655442238e-02
5.749993325943747458e-02
5.989064888048556412e-02
6.164432087296001228e-02
6.286209686289501164e-02
6.364262471196258097e-02
6.407761390139898872e-02
6.424911558705437287e-02
6.422813830702400750e-02
6.407426458135967451e-02
6.383598409175994526e-02
6.355150851528779121e-02
6.324987934425752023e-02
6.997962232355359191e-02
7.543808901294735136e-02
7.972428449731383537e-02
8.296900260984618747e-02
8.531812032400298840e-02
8.692026689131426842e-02
8.791815386039192326e-02
8.844287984942811320e-02
8.861058510357988638e-02
8.852090647024235537e-02
8.764134576014837030e-02
8.677773907691554989e-02
8.656819127111758938e-02
8.632368608611362681e-02
8.606743209559786223e-02
8.581637704663802602e-02
8.558216244393346273e-02
9.236269792849971516e-02
9.721657173256481599e-02
1.016895898289946754e-01
1.044007965129354343e-01
1.070548082607980511e-01
1.081925819346283291e-01
1.095781369758834778e-01
1.104507702015535830e-01
1.101504495906886483e-01
1.104459946166540529e-01
1.105098031831950323e-01
1.104076347991498341e-01
1.101945346662638325e-01
1.099150613840844670e-01
1.096039940020478998e-01
1.092873603930115678e-01
1.089836438794102857e-01
1.087050494850470006e-01
1.084587394630700530e-01
1.082479755322454107e-01
1.080731297691279735e-01
1.079325459858349046e-01
1.070724824153490573e-01
1.071278127935186841e-01
1.064544737582284739e-01
1.066643483054832142e-01
1.061276774161459269e-01
1.057128106673252965e-01
1.054035153196881680e-01
1.051832189205577084e-01
1.050359568363776752e-01
1.049469741556638969e-01
1.049030766678000770e-01
1.048928000058366727e-01
1.049064478513823673e-01
1.049360374343832891e-01
1.125413723866552917e-01
1.188414472337440131e-01
1.238869000074152016e-01
1.200233834691881718e-01
1.242810283259316861e-01
1.267163793477437128e-01
1.215982663147638920e-01
1.240285268941734298e-01
1.259050849823271090e-01
1.281767078053934750e-01
1.221731532462582148e-01
1.239428307382499650e-01
1.253677331721148036e-01
1.264789225464035827e-01
1.273142742033162023e-01
1.279143803902720311e-01
1.283196196617701901e-01
1.285681549901818155e-01
1.286946605843279912e-01
1.296126471436485073e-01
1.303122857887621944e-01
1.299202081763712879e-01
1.304255415632631365e-01
1.307906203826916247e-01
1.310375479732204251e-01
1.311883261667057265e-01
1.312636688274972929e-01
1.312822197590610696e-01
1.312601185491339972e-01
1.312108442763502136e-01
1.311452649361501965e-01
1.310718263893071445e-01
1.309968250336619455e-01
1.309247203918957325e-01
1.308584554550125123e-01
1.307997628239716548e-01
1.307494429924396240e-01
1.307076074731532422e-01
1.306738840837524673e-01
1.306475848702752796e-01
1.306278391700612662e-01
1.306136954852958887e-01
1.306041963922228710e-01
1.305984308380656600e-01
1.305955680219696990e-01
1.305948767243936270e-01
1.305957335187337698e-01
1.305976228244780657e-01
1.306001312810902704e-01
1.306029384619971090e-01
1.306058055249839089e-01
1.306085630188837943e-01
1.306110987411603919e-01
1.306133462677880885e-01
1.306152745538509130e-01
1.306168788268011749e-01
1.306181728594526525e-01
1.306191826110356669e-01
1.375521417178420247e-01
1.432074389726509800e-01
1.476766411802705736e-01
1.510859653460727703e-01
1.535788783727667361e-01
1.553032295904959170e-01
1.564021543579059426e-01
1.570080313416082340e-01
1.572388501800763283e-01
1.571964303101613947e-01
1.569660155212826425e-01
1.566168476838558643e-01
1.562033953055674829e-01
1.557669775383476729e-01
1.553375818405404729e-01
1.549357236745503297e-01
1.545742394636859807e-01
1.553390248305777099e-01
1.559638210986045159e-01
1.564564662763323621e-01
1.568296350030065067e-01
1.570988055171405051e-01
1.572805910688030995e-01
1.573914626659633775e-01
1.574468478009176664e-01
1.574605607023622511e-01
1.574445043239378617e-01
1.574085803379172699e-01
1.573607473367555354e-01
1.573071758361306305e-01
1.572524588191985817e-01
1.571998466428230490e-01
1.571514841076711022e-01
1.571086349264176896e-01
1.570718846376999434e-01
1.570413173486069347e-01
1.570166647778417079e-01
1.569974281676000949e-01
1.569829749672524422e-01
1.569726129631627831e-01
1.569656448943392846e-01
1.569614066755258275e-01
1.569592922403442170e-01
1.569587677863564235e-01
1.569593779023772395e-01
1.569607457232204961e-01
1.558547926108915238e-01
1.560582284082110416e-01
1.562484893233226924e-01
1.564195752485453283e-01
1.565682804552377405e-01
1.555894846369731965e-01
1.547984328090383777e-01
1.541778290740816182e-01
1.537070015014589952e-01
1.533640776634979108e-01
1.531274692730559828e-01
1.529768492550367398e-01
1.528937562557384222e-01
1.528619255044216807e-01
1.528674192357100114e-01
1.528986119867619120e-01
1.529460735977703489e-01
1.530023837638738726e-01
1.530619051592172486e-01
1.531205366144909874e-01
1.531754630879151868e-01
1.532249149947970679e-01
1.532679457766477071e-01
1.533042333978933414e-01
1.533339087789908906e-01
1.533574120218037518e-01
1.533753756453584138e-01
1.533885328905897349e-01
1.533976484139476515e-01
1.534034683016951561e-01
1.534066862250886842e-01
1.534079226494895476e-01
1.534077142433225571e-01
1.534065109509969993e-01
1.534046785539140423e-01
1.534025049124303486e-01
1.534002084359089579e-01
1.533979476523799068e-01
1.533958310352252497e-01
1.533939264878325659e-01
1.533922700881467094e-01
1.533908738557552276e-01
1.533897324282889052e-01
1.533888286261577694e-01
1.533881379497969988e-01
1.533876320965599227e-01
1.533872816096422120e-01
1.533870577830516169e-01
1.533869339481888083e-01
1.533868862620593188e-01
1.533868941069411740e-01
1.613928646577962311e-01
1.680041196022350469e-01
1.732808549492683703e-01
1.773375060831701155e-01
1.803210830104953200e-01
1.823934934225979188e-01
1.837180013392678557e-01
1.774306199533468575e-01
1.719592648514560729e-01
1.673502515045000028e-01
1.635889732939246333e-01
1.606191706504374039e-01
1.583587870640987827e-01
1.567124435237818858e-01
1.566971912870374073e-01
1.628717595008823960e-01
1.621481550711718622e-01
1.604055509328514706e-01
1.590158243856751863e-01
1.650247087851761663e-01
1.699837873368725827e-01
1.669189186226445187e-01
1.654396375469400216e-01
1.641522297561412991e-01
1.702223051384472718e-01
1.680527544272845120e-01
1.661473608307153516e-01
1.645289871122876946e-01
1.631980833380306528e-01
1.621392762053412984e-01
1.613269725949244560e-01
1.607298947900965835e-01
1.603145719199281505e-01
1.672742696764759618e-01
1.680192791811758735e-01
1.800933667929462967e-01
1.800933667929462967e-01
1.813075872838525449e-01
1.829666041423978484e-01
1.821278970719468759e-01
1.813987378617423207e-01
1.607373880321643078e-01
1.607373880321643078e-01
1.675614521719666072e-01
1.749236148370600930e-01
1.820286000534538928e-01
1.841160024017467478e-01
1.800933667929462967e-01
1.800933667929462967e-01
1.800933667929462967e-01
1.800933667929462967e-01
1.800933667929462967e-01
1.800933667929462967e-01
1.800933667929462967e-01
1.817970589634658740e-01
1.829771178583317059e-01
1.838006891345926874e-01
1.843740646032445696e-01
1.847645345828410335e-01
1.850166179984462644e-01
1.851620826310942380e-01
1.852256080086078782e-01
1.865861301008422402e-01
1.862923317511824273e-01
1.859880433630922703e-01
1.856917570479148516e-01
1.854164896047598710e-01
1.851704153303928013e-01
1.849577214694284599e-01
1.861293804077115421e-01
1.857345688791514071e-01
1.853890806772844346e-01
1.850961307623162355e-01
1.862060894381840637e-01
1.871270035786161134e-01
1.878658096395326993e-01
1.870543629108656347e-01
1.877240239256483534e-01
1.868739933281435839e-01
1.875239759148494834e-01
1.880506203940237597e-01
1.870797887032769058e-01
1.876376677196853748e-01
1.880935014306333031e-01
1.884536982627293966e-01
1.887278514550967401e-01
1.889272919733848699e-01
1.890639589549296673e-01
1.891495660510418286e-01
1.950711843472252571e-01
1.940195954712458093e-01
1.988256836034523189e-01
1.968641745572090596e-01
1.950731964274616814e-01
1.992944390348101447e-01
1.969140534964299860e-01
1.948258933072379850e-01
1.930523693207808478e-01
1.915928550402441477e-01
1.904303406755805117e-01
1.895371065797137877e-01
1.888793657179366203e-01
1.942988139815922111e-01
1.929402174693077843e-01
1.975970263752537814e-01
2.013432165650557160e-01
2.042688085208326232e-01
2.008135688298742227e-01
2.034791690193966662e-01
2.055516873547900136e-01
2.071066354285275857e-01
2.082225976532692258e-01
2.089763026970929971e-01
2.038265256973879058e-01
2.051005166931110235e-01
2.061284486921870496e-01
2.069316846651669817e-01
2.075367914737282771e-01
2.079725352358960944e-01
2.082677125560703502e-01
2.084496562144924070e-01
2.085432753129412564e-01
2.085705105686705974e-01
2.085501042578379316e-01
2.084976010018217973e-01
2.084255103148540123e-01
2.083435748265580756e-01
2.082590995579911564e-01
2.081773076953521429e-01
2.081016970464306670e-01
2.080343788276659556e-01
2.079763866587669430e-01
2.079279486970595503e-01
2.078887198085002108e-01
2.078579736530952182e-01
2.078347566837577265e-01
2.078180074533142463e-01
2.078066454297060606e-01
2.077996338634671147e-01
2.077960212516434257e-01
2.077949657006898931e-01
2.077957460929880096e-01
2.077977634760286296e-01
2.078005355728185233e-01
2.078036867953707567e-01
2.078069356568541526e-01
2.078100810390022257e-01
2.078129883887367413e-01
2.078155765949221134e-01
2.093229319179685799e-01
2.105707357404376090e-01
2.110098791493075776e-01
2.119875976165084275e-01
2.125223738180996857e-01
2.128604334901029738e-01
2.128604334901029738e-01
2.128604334901029738e-01
2.128604334901029738e-01
2.206514872195644017e-01
2.206514872195644017e-01
2.206514872195644017e-01
2.206514872195644017e-01
2.206514872195644017e-01
2.206514872195644017e-01
2.206514872195644017e-01
2.206514872195644017e-01
2.206514872195644017e-01
2.206514872195644017e-01
2.206514872195644017e-01
2.206514872195644017e-01
2.206514872195644017e-01
2.206514872195644017e-01
2.206514872195644017e-01
2.206514872195644017e-01
2.206514872195644017e-01
2.206514872195644017e-01
2.206514872195644017e-01
2.206514872195644017e-01
2.161506073896679592e-01
2.101057714850882441e-01
2.013753147263281917e-01
1.940319586945298269e-01
1.940319586945298269e-01
1.940319586945298269e-01
1.940319586945298269e-01
1.940319586945298269e-01
1.940319586945298269e-01
1.984239453582976598e-01
1.984239453582976598e-01
1.984239453582976598e-01
1.940319586945298269e-01
1.947505763531056644e-01
1.945557240661348608e-01
1.961225421935715030e-01
2.104275189534940971e-01
2.076050085987868332e-01
2.172285185935338703e-01
2.123396318843133734e-01
2.087577889115437291e-01
2.060664926815201081e-01
2.039935898081866039e-01
2.023696555463589952e-01
1.996591519640702472e-01
1.989355473219933668e-01
1.984086074940512034e-01
1.980426212091417337e-01
1.978071397036671453e-01
1.976751454288834253e-01
1.976225565599931677e-01
2.058084540941595986e-01
2.043546106685349972e-01
2.030289474098194713e-01
2.018632176243997378e-01
2.008707283362913820e-01
2.000513075871419577e-01
1.993955315958155783e-01
1.988881385669378776e-01
1.985106738451092312e-01
1.982434641809742715e-01
1.980670329356566395e-01
1.979630629979427514e-01
1.979150019862787602e-01
1.979083907922212227e-01
1.979309838902358898e-01
1.979727185648063603e-01
1.980255801707857533e-01
1.980834015550960725e-01
1.981416267237110507e-01
1.981970617201787022e-01
1.982476295101451846e-01
1.982921404526942766e-01
1.983300856657053135e-01
1.983614572052880831e-01
1.983865963962136991e-01
1.984060697697067610e-01
1.984205707774948646e-01
1.984308446475535614e-01
1.984376333247217516e-01
1.984416373060831074e-01
1.984434912565373743e-01
1.984437505072556007e-01
1.984428858443640920e-01
1.984412843445118035e-01
1.984392543759587735e-01
1.984370332353595501e-01
1.984347962160557532e-01
1.984326661940447600e-01
1.984307230681907619e-01
1.984290126005880950e-01
1.984275543726783386e-01
1.984263487058270936e-01
1.984253824957533663e-01
1.984246339828712458e-01
1.984240765301117371e-01
1.970687802693609214e-01
1.973149247214982527e-01
1.975449677737046716e-01
1.964058119884086739e-01
1.954946549585974136e-01
1.947879820096369841e-01
1.955760322874253720e-01
1.962774963100619718e-01
1.955472129237960655e-01
1.949618153256422737e-01
1.945072142319999031e-01
1.941668988230660364e-01
1.952359583212914806e-01
1.961540896615194818e-01
1.955828709779623420e-01
1.964332867159555018e-01
1.971343562412417594e-01
1.963482304548096469e-01
1.970177292441719352e-01
1.975605628816576864e-01
1.979857780167850745e-01
1.969527045702046397e-01
1.960845569378499853e-01
1.967078148892711376e-01
1.972342637532924492e-01
1.976650810987126139e-01
1.980061369839158925e-01
1.982663233926125201e-01
1.971008543504531030e-01
1.974765922668890727e-01
1.964425317086773148e-01
1.969361318011972894e-01
1.973594566841447850e-01
1.963659493029907832e-01
1.968907679197620109e-01
1.973384026280133874e-01
1.977084041357208832e-01
1.980045380723252091e-01
1.968810141684296244e-01
1.972947662181410156e-01
1.976432773270504484e-01
1.965795282262714494e-01
1.957105101946909897e-01
1.963483685659650479e-01
1.955692638795911709e-01
1.949491642046841111e-01
1.957910893415228948e-01
1.965195199468534604e-01
1.957923541066108886e-01
1.965255350948276192e-01
1.971389810321142466e-01
1.976359864036760783e-01
1.980250347941998612e-01
1.983178518947161795e-01
1.971715244676897072e-01
1.975575790829131595e-01
1.965253772345576522e-01
1.970168783579635541e-01
1.960928677515314522e-01
1.966770095036769472e-01
1.958393162130229737e-01
1.951646165275693345e-01
1.946377808217742977e-01
1.955573651600170937e-01
1.963528617111889307e-01
1.956832054623800499e-01
1.964608816111677037e-01
1.971091085347618233e-01
1.962878844592954586e-01
1.969354490153649717e-01
1.974671318020959632e-01
1.978894162822311120e-01
1.982126837545554743e-01
1.984495207469136879e-01
1.972559355296603645e-01
1.976058762664438806e-01
1.978933380659961827e-01
1.967710942204934366e-01
1.958518599108534097e-01
1.951206192070658041e-01
1.945572493365541611e-01
1.941392443692542269e-01
1.871994553936175976e-01
1.828049720484656859e-01
1.781382021723025844e-01
1.745751581154599830e-01
1.719664498849238221e-01
1.701582455832548746e-01
1.701521416141111853e-01
1.704529708695732282e-01
1.697882313761132078e-01
1.694493578701836700e-01
1.705129337676685175e-01
1.703767848581145827e-01
1.703729130099438382e-01
1.704606650369329124e-01
1.706071748853401626e-01
1.707866627263356918e-01
1.709795732689500802e-01
1.711716598121699739e-01
1.713530824251499052e-01
1.715175624383427078e-01
1.716616176163312524e-01
1.717838902997892436e-01
1.718845725789344137e-01
1.719649269505645339e-01
1.720268971188161355e-01
1.720728011243737310e-01
1.721050975056281906e-01
1.732974441989256764e-01
1.730944857540683834e-01
1.740815499591974458e-01
1.748761884092830954e-01
1.754928522106267152e-01
1.691057101585853317e-01
1.637998971254011060e-01
1.664280097785482138e-01
1.618769267224584585e-01
1.582513346610516791e-01
1.554660208554947687e-01
1.534155487840613841e-01
1.519864266933277364e-01
1.510659846525008732e-01
1.505484261794030054e-01
1.503385770789489317e-01
1.572580775305569833e-01
1.561652286527186462e-01
1.552580030858543569e-01
1.545278619013878973e-01
1.539595013408350255e-01
1.604215565569495627e-01
1.588587777682803903e-01
1.643594081251000816e-01
1.619299098385644786e-01
1.666585423744348926e-01
1.635762925349979469e-01
1.677601157038932644e-01
1.642431983082210945e-01
1.612199980958493040e-01
1.655740283003646063e-01
1.622863368710472098e-01
1.595260208977820060e-01
1.641561146807410942e-01
1.680007860421233179e-01
1.710966294241038632e-01
1.735086085346917439e-01
1.753178966662325422e-01
1.766126314620191096e-01
1.774811575685459886e-01
1.711618919045259091e-01
1.726756136883584869e-01
1.739042521834559540e-01
1.680166843050145964e-01
1.700039124342072050e-01
1.648424998263455787e-01
1.675098919840953826e-01
1.629487926219259641e-01
1.661382337524601738e-01
1.688773558958696075e-01
1.711586714660491282e-01
1.730011921311709333e-01
1.675872663381792194e-01
1.630635960534434492e-01
1.593998523702784276e-01
1.565293619474541487e-01
1.543635740504913922e-01
1.528033758468347880e-01
1.507000583526454385e-01
1.492138863947938265e-01
1.492491228540249182e-01
1.494905492143046022e-01
1.498638623729209307e-01
1.503099388633299949e-01
1.507834385897259821e-01
1.512511202791972931e-01
1.516900170235382372e-01
1.520855994525216470e-01
1.524300262693507602e-01
1.527205521561134649e-01
1.529581352250621862e-01
1.462387950628627475e-01
1.397536869518571923e-01
1.355797431624850002e-01
1.324033333975203064e-01
1.300917766358578032e-01
1.285065600663475305e-01
1.275123328190577165e-01
1.269831321926879752e-01
1.268062845744344358e-01
1.268844352868077063e-01
1.271361421529735303e-01
1.274954259050316008e-01
1.209579496540462706e-01
1.157010360320704923e-01
1.185841949418633412e-01
1.212262415645684044e-01
1.235607619121268375e-01
1.186018046570032070e-01
1.215343740063699052e-01
1.240544396299627650e-01
1.261544702153454267e-01
1.278514537568233855e-01
1.291784915111162668e-01
1.292758038238808194e-01
1.292579896008174689e-01
1.300546228591779041e-01
1.297431357187495138e-01
1.226007916317717328e-01
1.235479853635739200e-01
1.244224882248883279e-01
1.252011148770417748e-01
1.199134086303101920e-01
1.155516502360478537e-01
1.120734454585610163e-01
1.094024028332196696e-01
1.074413535198299741e-01
1.060834015384382045e-01
1.052205950230629128e-01
1.047502507031488062e-01
1.045791484695617335e-01
1.046259257731727565e-01
1.048220479091366286e-01
1.051117252994417939e-01
1.047156712947239221e-01
1.044741373996478373e-01
1.050760710108260554e-01
1.056352548410528502e-01
9.918430077929651922e-02
9.391237605782998266e-02
8.974409468482136276e-02
8.656808952950822977e-02
8.425355646294496736e-02
8.266306505049647591e-02
7.464379102944618261e-02
6.836236112593274683e-02
6.318153737959608662e-02
5.945827317229479547e-02
5.693048322696703245e-02
5.535698557449575397e-02
4.797052540758883765e-02
4.199139154139519547e-02
3.761435226500275952e-02
3.457495383557351865e-02
3.262131689005309809e-02
2.464302378483784750e-02
1.857813279862607914e-02
1.416158423876034966e-02
1.112346665759633701e-02
9.204301656291269396e-03
8.165141602237246943e-03
7.793596347911657674e-03
7.906731391918553342e-03
8.351627436195441234e-03
9.004260097925431694e-03
9.767244137420139083e-03
3.673279347956137642e-03
-1.179145622844490759e-03
-4.910535792898684804e-03
-7.664151989472012261e-03
-9.591476471962678829e-03
-1.773838482069756139e-02
-2.408566696190583833e-02
-2.884495412544030302e-02
-3.224769530329063549e-02
-3.452668230141053840e-02
-3.590324596748861730e-02
-3.657902721588368600e-02
-3.673132604901452325e-02
-4.339882797732896869e-02
-4.855642678915605970e-02
-5.239135468096778325e-02
-5.510370769777517275e-02
-5.689187438365284066e-02
-5.794257077130082756e-02
-5.842456357139202971e-02
-5.848526112898388973e-02
-5.824946360218374863e-02
-5.781967552596456450e-02
-5.727748895195983181e-02
-5.668564108250673250e-02
-6.296417333801507255e-02
-6.801125069950342272e-02
-7.193537026351504160e-02
-7.487130066669056561e-02
-7.696488123336919784e-02
-7.836193203430785736e-02
-7.920058001803198522e-02
-7.960634236312902345e-02
-7.968937175474133383e-02
-8.639412658646716814e-02
-9.232222831971714783e-02
-9.693171058966232323e-02
-1.003652617416195270e-01
-1.027873739681324228e-01
-1.043692633426416272e-01
-1.052773898359111726e-01
-1.126617107063678791e-01
-1.183822982913596000e-01
-1.226386302346420543e-01
-1.256492100406441104e-01
-1.276332633318844056e-01
-1.287982541449064211e-01
-1.293320768845844793e-01
-1.293988497931928272e-01
-1.291373720909181344e-01
-1.286614639047007902e-01
-1.350070238670906253e-01
-1.400163724410092847e-01
-1.438338088019193162e-01
-1.466222489588904221e-01
-1.485488314624034967e-01
-1.497748405611369904e-01
-1.504490803532092524e-01
-1.507039421108040678e-01
-1.506535207003856236e-01
-1.503932427077026013e-01
-1.500005644035105057e-01
-1.495363816898456211e-01
-1.490468675510971952e-01
-1.485655163241696997e-01
-1.481152290834393259e-01
-1.477103211667594174e-01
-1.463403483279464012e-01
-1.452258640037893400e-01
-1.443450670579169426e-01
-1.436709673837681667e-01
-1.499241257573906694e-01
-1.550617059241818918e-01
-1.591611921763655957e-01
-1.623287317041814948e-01
-1.646850514782751684e-01
-1.663551306667598872e-01
-1.674608398796741948e-01
-1.681159261701490326e-01
-1.695672695616712300e-01
-1.705636202984051053e-01
-1.711852129088502483e-01
-1.715091746523289551e-01
-1.716062826691457932e-01
-1.715388734323908260e-01
-1.782217073518475026e-01
-1.835802689779255648e-01
-1.877303365533686819e-01
-1.908183422550422392e-01
-1.930035369285529878e-01
-1.944450921369742513e-01
-2.034988525130496662e-01
-2.106574595547687778e-01
-2.161014962768339487e-01
-2.200512215633705360e-01
-2.227428530689141706e-01
-2.244106185458063507e-01
-2.252741621153353524e-01
-2.255305750295077960e-01
-2.322347253381531473e-01
-2.373690487673263405e-01
-2.411419315279106357e-01
-2.437705274568124914e-01
-2.454660585108010551e-01
-2.532249622560569513e-01
-2.591515543630547036e-01
-2.634977452683517907e-01
-2.665204173873207960e-01
-2.684663390323698273e-01
-2.762673320928732412e-01
-2.821697354901926413e-01
-2.864481549191979504e-01
-2.893767097555342005e-01
-2.912150804936601833e-01
-2.921997696476588136e-01
-2.991503477212034134e-01
-2.978164163289134247e-01
-3.028421936376928247e-01
-2.999908082518645269e-01
-3.038393927240041759e-01
-3.067005384690306702e-01
-3.021535961992982688e-01
-2.981110192809242054e-01
-2.946333568157988303e-01
-2.917334114579481774e-01
-2.893897169469585862e-01
-2.808999825305915632e-01
-2.826735817143040119e-01
-2.776632933203015963e-01
-2.737121687159613792e-01
-2.707225244914159834e-01
-2.685718461144335212e-01
-2.671268441946343941e-01
-2.731536434281700565e-01
-2.714738417893542977e-01
-2.790690328083282878e-01
-2.785107492523415385e-01
-2.849774452144377967e-01
-2.902472511777214326e-01
-2.943950389475642471e-01
-2.975357839229744172e-01
-2.998055746263188492e-01
-3.013471665521956222e-01
-3.022996690498349626e-01
-3.027917351928122169e-01
-3.029375566478209603e-01
-2.958798544874243763e-01
-2.968869474228243988e-01
-2.977030768022972396e-01
-2.983433411190175022e-01
-2.988275710135084307e-01
-2.991777972488287585e-01
-2.994163965835023866e-01
-2.995647992137879800e-01
-2.996426483445071565e-01
-2.906438312782262390e-01
-2.833235619099014890e-01
-2.775437689825435150e-01
-2.731292834808576320e-01
-2.698890632748784935e-01
-2.676310026647781282e-01
-2.661719010352194825e-01
-2.672223757758607210e-01
-2.665286215480460186e-01
-2.662153383883900659e-01
-2.680736320052645727e-01
-2.698020706127108870e-01
-2.713477392486525197e-01
-2.726826937598181289e-01
-2.737984924233884954e-01
-2.747010766779047763e-01
-2.754062355032880216e-01
-2.759357916784637155e-01
-2.763145560716939730e-01
-2.765680231317249049e-01
-2.767207318511524239e-01
-2.767951902260390451e-01
-2.768112529575259551e-01
-2.767858462678665088e-01
-2.767329451803144380e-01
-2.766637235056916833e-01
-2.765868123776074050e-01
-2.765086178310289799e-01
-2.764336607711344040e-01
-2.763649134167345256e-01
-2.763041149390941253e-01
-2.742746509144600164e-01
-2.745913561024819760e-01
-2.748926308383732309e-01
-2.751673444547622083e-01
-2.754090828261188673e-01
-2.756150815928488651e-01
-2.687561004142167143e-01
-2.682407072725481179e-01
-2.698886521230290381e-01
-2.713664748192088361e-01
-2.726477745195532432e-01
-2.737243620974723068e-01
-2.675686201928579866e-01
-2.695461017583511421e-01
-2.712704413293054451e-01
-2.656754357482729034e-01
-2.681626060285928759e-01
-2.703135270276366686e-01
-2.650589555319817769e-01
-2.678220518576712728e-01
-2.701818997644429565e-01
-2.650793540785931768e-01
-2.679471816065293055e-01
-2.703727338251467049e-01
-2.723627791605365278e-01
-2.668969815684514302e-01
-2.694076025832685684e-01
-2.715077613807166390e-01
-2.732117743802251475e-01
-2.745505068996569875e-01
-2.685247738961658026e-01
-2.705516799790499416e-01
-2.722554232455041134e-01
-2.736445538818981227e-01
-2.676990288410072694e-01
-2.698277560425097477e-01
-2.716405758578503971e-01
-2.731380411548953724e-01
-2.672930861899938115e-01
-2.605641124069517645e-01
-2.640838278452284360e-01
-2.582691986658895988e-01
-2.554780202808026868e-01
-2.515710246525586502e-01
-2.486260256509607025e-01
-2.482668514733741283e-01
-2.552917467221020864e-01
-2.612950808256246926e-01
-2.592290187302670468e-01
-2.645073516619078635e-01
-2.687997323725876964e-01
-2.651258136580310065e-01
-2.689810782285568802e-01
-2.630729568732497192e-01
-2.600039230115598343e-01
-2.574816244785271824e-01
-2.536369642774396471e-01
-2.594883847749505090e-01
-2.573986956348297550e-01
-2.556982476150599926e-01
-2.543601314295014237e-01
-2.533462839436715353e-01
-2.526127779919546956e-01
-2.521139152773417269e-01
-2.518052228138136783e-01
-2.516454943099104558e-01
-2.587086494470922649e-01
-2.645327317897170349e-01
-2.691892485961200343e-01
-2.727898352154116690e-01
-2.684221903359145234e-01
-2.645555488070598926e-01
-2.612423929074807472e-01
-2.584902592057831683e-01
-2.562747682151513828e-01
-2.545504936429525689e-01
-2.551137196622375036e-01
-2.538470801623020634e-01
-2.529144951399850960e-01
-2.522633587280740386e-01
-2.518421324742885492e-01
-2.516028400558767419e-01
-2.515025587991113198e-01
-2.515041561946285142e-01
-2.515764788454057932e-01
-2.445651093888729921e-01
-2.388674589724795183e-01
-2.343883319780011298e-01
-2.309965885166582744e-01
-2.285428793666122171e-01
-2.268731058566721970e-01
-2.258381090508694289e-01
-2.253001714189695193e-01
-2.251369286369007128e-01
-2.252432596468825210e-01
-2.183137220918851540e-01
-2.128000583840941040e-01
-2.085676018130346865e-01
-2.054538183258669548e-01
-2.032854535527937045e-01
-2.018911441328883338e-01
-2.011101178851155691e-01
-2.007976666519273312e-01
-2.008280652706457836e-01
-2.010955560309364287e-01
-2.000367824502184977e-01
-1.921393981364767356e-01
-1.858896131671716745e-01
-1.811024160715073439e-01
-1.775751788698793909e-01
-1.751036627421191927e-01
-1.734927508940291574e-01
-1.725632733242403738e-01
-1.721559449135883213e-01
-1.721331793158216161e-01
-1.723793552066090751e-01
-1.727999802106598981e-01
-1.733201036422775676e-01
-1.738822582893526647e-01
-1.744441545451822506e-01
-1.737184460914000805e-01
-1.744273938523170919e-01
-1.750634768611742942e-01
-1.743563403387553556e-01
-1.750453244468668235e-01
-1.743797005249454468e-01
-1.738463853687790550e-01
-1.746725031729789990e-01
-1.753795143040584037e-01
-1.747082104121784329e-01
-1.754022919911684131e-01
-1.747210594617729651e-01
-1.741580219671905461e-01
-1.749492038690996232e-01
-1.743653138160592420e-01
-1.738880204723571854e-01
-1.735095143247165073e-01
-1.732192490410418007e-01
-1.742390474135184775e-01
-1.738608062368935947e-01
-1.735521064011855685e-01
-1.733078626283821588e-01
-1.731211731250037467e-01
-1.729842468869033922e-01
-1.728890828573121929e-01
-1.728279473541463052e-01
-1.727936904144133923e-01
-1.727799359210751007e-01
-1.727811750356738063e-01
-1.727927876836921062e-01
-1.728110126115003364e-01
-1.728328827936860268e-01
-1.728561396603225386e-01
-1.728791366957997955e-01
-1.729007404114917268e-01
-1.729202345009006603e-01
-1.741704892881508204e-01
-1.739581879456391089e-01
-1.750040734961946232e-01
-1.758505842386304252e-01
-1.765113650526328737e-01
-1.757329823347721920e-01
-1.763121316995563959e-01
-1.754902017419959215e-01
-1.747893060870004955e-01
-1.742089934768260573e-01
-1.737425098421243597e-01
-1.733792164706255967e-01
-1.731063964435799463e-01
-1.729105695178969615e-01
-1.727784191597161456e-01
-1.726974173221562658e-01
-1.656483060618254566e-01
-1.669200944118132135e-01
-1.681248353856226174e-01
-1.622025781861542448e-01
-1.574189337037166236e-01
-1.536821342937177981e-01
-1.498078780124669773e-01
-1.479986963396049404e-01
-1.457972116770682725e-01
-1.443105436669260833e-01
-1.433932121976422280e-01
-1.359919432322327371e-01
-1.371213119439593786e-01
-1.383929901821525643e-01
-1.327919316217005541e-01
-1.284065541007817224e-01
-1.320142763965863608e-01
-1.352809072241696331e-01
-1.381390734759235794e-01
-1.405630550415950530e-01
-1.425575020981892926e-01
-1.441480307007363404e-01
-1.453735838672949310e-01
-1.462804035744194042e-01
-1.469174328568489951e-01
-1.473329541043222335e-01
-1.475722674042914129e-01
-1.476762192126561679e-01
-1.476804046416280158e-01
-1.476148842376390213e-01
-1.405908928728913931e-01
-1.417195214529289871e-01
-1.427513608342543261e-01
-1.436613185082336042e-01
-1.444383874939745294e-01
-1.450819366877089678e-01
-1.386809491080467360e-01
-1.403487763977908642e-01
-1.418280522228958507e-01
-1.361757806866590315e-01
-1.385016793697360082e-01
-1.405362280306925449e-01
-1.422606417936822520e-01
-1.367575195913575126e-01
-1.322259423740899109e-01
-1.355473433194263055e-01
-1.384301895669353133e-01
-1.408557516082185046e-01
-1.428352060665172285e-01
-1.443998839647582244e-01
-1.455934515053047829e-01
-1.464658409291850205e-01
-1.470687110654946839e-01
-1.474522046630160066e-01
-1.476627740654918863e-01
-1.477418619710040293e-01
-1.477252454128741288e-01
-1.476428755709009444e-01
-1.475190713935363718e-01
-1.473729497959499479e-01
-1.472189983999308005e-01
-1.480980019532105452e-01
-1.477663011731780163e-01
-1.474626239685106199e-01
-1.471945220669967913e-01
-1.469653191857724917e-01
-1.467752484339845953e-01
-1.396998401221898334e-01
-1.339201814131054658e-01
-1.223996558811515367e-01
-1.132166586982565892e-01
-1.061508912019812900e-01
-1.009355085406455910e-01
-9.728580542935660880e-02
-9.492006948198450367e-02
-9.357384001586721567e-02
-9.300883371257984145e-02
-9.301770935019293418e-02
-9.342570459899302016e-02
-9.409002321512871525e-02
-9.489769813181414548e-02
-9.576251308815120211e-02
-9.662143644816723054e-02
-9.743090766772088962e-02
-9.816322026432389158e-02
-9.880316508392028574e-02
-9.934503336777411597e-02
-9.979002926058333500e-02
-1.001441042468227405e-01
-1.004161996502757059e-01
-1.006168658585977482e-01
-1.007572165227252903e-01
-1.008481709940349802e-01
-1.008999372840129194e-01
-1.009216896750162462e-01
-1.009213988104387116e-01
-1.009057768847991809e-01
-1.008803058535658881e-01
-1.008493219570272270e-01
-1.008161349978959898e-01
-1.007831655288879968e-01
-1.007520872772504905e-01
-1.007239657050329473e-01
-1.006993865708618596e-01
-1.006785707486435033e-01
-1.006614734203357120e-01
-1.006478671558201921e-01
-1.006374093907298484e-01
-1.006296954810510513e-01
-1.006242989162688950e-01
-1.006208004699804537e-01
-1.006188081102814547e-01
-1.006179694263171776e-01
-1.006179781887543978e-01
-1.006185764800682225e-01
-1.006195536281124792e-01
-1.006207429704260026e-01
-9.362995491781900270e-02
-9.491056322390045707e-02
-8.910574197529652629e-02
-8.445278184242988040e-02
-8.084855333117180187e-02
-7.816555285035065026e-02
-7.626609489553626275e-02
-7.501274497613219516e-02
-6.725241016529981408e-02
-6.116920173435946850e-02
-5.657668055003717278e-02
-5.326562632200793068e-02
-5.102222972424552694e-02
-4.964095196667872578e-02
-4.893298888245700695e-02
-4.873123794947065157e-02
-4.184865919906233245e-02
-3.649578395156960475e-02
-3.249146472916630835e-02
-2.963796681349162299e-02
-2.773660963121815648e-02
-2.659865473352640564e-02
-2.605231876963820525e-02
-2.594673193693597391e-02
-2.615357200986423436e-02
-2.656700120780852714e-02
-2.710242918948857493e-02
-2.769452658000326473e-02
-2.829482305043917734e-02
-2.886914389998129771e-02
-2.939507016549880447e-02
-2.985954962090819897e-02
-3.025673920246307880e-02
-3.058612257856196948e-02
-3.085091867939349086e-02
-3.105677677753249100e-02
-3.121073989453626574e-02
-3.132044967448677220e-02
-3.139356128556625158e-02
-3.143733538777171432e-02
-3.145837488540537130e-02
-3.146247635887577943e-02
-3.145456917143207853e-02
-3.143871882796234196e-02
-3.141817489041609512e-02
-3.139544738743005325e-02
-3.137239903179422917e-02
-3.135034357889110446e-02
-3.133014327142369382e-02
-3.131230050668176723e-02
-3.129704064466398705e-02
-3.128438427883262207e-02
-3.127420835701832935e-02
-3.126629631434796330e-02
-3.126037791072122651e-02
-3.125615979826079638e-02
-3.125334802183488137e-02
-2.419864723452724853e-02
-2.548781823117218792e-02
-1.963519162175875188e-02
-1.494762820059603037e-02
-1.131894695369251025e-02
-8.619164552174485294e-03
-6.708658747281548429e-03
-5.448515266098352683e-03
2.350757666125247169e-03
8.458460579677140601e-03
1.306592592454269841e-02
2.344145852579471168e-02
3.145216853635601773e-02
3.739421417991262153e-02
4.862741052310903811e-02
5.712473518533145445e-02
7.029822728075529881e-02
8.021505654808480656e-02
8.734628165447722026e-02
9.216619271249193446e-02
9.446288781895062492e-02
9.541913908521459931e-02
1.022784118726856040e-01
1.071696624542310960e-01
1.104526841925599356e-01
1.124555668135938102e-01
1.142478044699803963e-01
1.143800677380275577e-01
1.147776092245813562e-01
1.146888226533671062e-01
1.142613162054473275e-01
1.197191878091865558e-01
1.178659346317245671e-01
1.160339683664808330e-01
1.212597236163719394e-01
1.254021456316747329e-01
1.285674087735462212e-01
1.378247749442405024e-01
1.461060310193245115e-01
1.525073515256494261e-01
1.572394503429035417e-01
1.605428607315817491e-01
1.626658627443273719e-01
1.638480225076865970e-01
1.643089996862068247e-01
1.642419001713832927e-01
1.708719494020223273e-01
1.689191217280776591e-01
1.669277287584258751e-01
1.650153638068907469e-01
1.632595299297048275e-01
1.687553563699568659e-01
1.731711747745288132e-01
1.766042149565294483e-01
1.721597873166158532e-01
1.752843556680159232e-01
1.777101405263248335e-01
1.795226063862429555e-01
1.808133273409602282e-01
1.816733075818079968e-01
1.809098285240269277e-01
1.813890234352966147e-01
1.816553851967479538e-01
1.817591404414926615e-01
1.817438887362503586e-01
1.816463494826430214e-01
1.814965152263869896e-01
1.813180970966199457e-01
1.811291613639529618e-01
1.809428717974634893e-01
1.864369936501479863e-01
1.921851275914248092e-01
1.898298958697230976e-01
1.946169515946725159e-01
1.983937683144574304e-01
2.012679483391770496e-01
2.033619270958673120e-01
2.048020698470034429e-01
2.057108523609865181e-01
2.062016043201457816e-01
2.063753181983525309e-01
2.063190688726290745e-01
2.075641015538709500e-01
2.069825569650203256e-01
2.063684087564450209e-01
2.057642756691762109e-01
2.051991204115481970e-01
2.046909309238871266e-01
2.042491587554673416e-01
2.038768531503605264e-01
2.035724703011057013e-01
2.033313635295712629e-01
2.031469761323505541e-01
2.030117674970848274e-01
2.029179071749298569e-01
2.028577725029918621e-01
2.028242842215934871e-01
2.028111120870703665e-01
2.028127792696663434e-01
2.027409996084175159e-01
2.030165647723347622e-01
2.030165647723347622e-01
2.030165647723347622e-01
2.704215032432892851e-01
3.354016188292470169e-01
3.374124308406940553e-01
3.403865359972573224e-01
3.426258922065748003e-01
3.438778417110528451e-01
3.445207636498262005e-01
3.448319084164674919e-01
3.449548464527034675e-01
3.449614577314781272e-01
3.475255451329726242e-01
3.494147289814144575e-01
3.507820486308668162e-01
3.517351019999694905e-01
3.523561902295013759e-01
3.527134950962502735e-01
3.528663069095923088e-01
3.528667646884093845e-01
3.527599745411171828e-01
3.567876076649041384e-01
3.624473727997910011e-01
3.602992624817586975e-01
3.583009746256302641e-01
3.606580665083445325e-01
3.649737430752997280e-01
3.658626725125297963e-01
3.689085125113973351e-01
3.712329305761681297e-01
3.638597777335808026e-01
3.576462149042451966e-01
3.525610025527956548e-01
3.485239634722074875e-01
3.454253934753919175e-01
3.454972917135008537e-01
3.391872079337217016e-01
3.341832542836473685e-01
3.303701407381673949e-01
3.276014106082825172e-01
3.257161402865496047e-01
3.245521731606491045e-01
3.171101162164142728e-01
3.135493004982154996e-01
3.110226221259957402e-01
3.093679212548072766e-01
3.084201547987173164e-01
3.080220709341399132e-01
3.080315253551060284e-01
3.083256915661154451e-01
3.088027041559462393e-01
3.093813845300448229e-01
3.099996810593816932e-01
3.093669120914281923e-01
3.105442933081727919e-01
3.087464019369277057e-01
3.099100010687891871e-01
3.084921102288722405e-01
3.074224632905657728e-01
3.066249863181098601e-01
3.082518320135412271e-01
3.143573445245895215e-01
3.193188818483054803e-01
3.209686934997137975e-01
3.221074419223399765e-01
3.228393373903837293e-01
3.232553821252837079e-01
3.234332965454451703e-01
3.234380710302124928e-01
3.233229528949892462e-01
3.231306562228901669e-01
3.228946430813623980e-01
3.226403894156872898e-01
3.223865929379348128e-01
3.243739956312576833e-01
3.259985570833314750e-01
3.272806956270606360e-01
3.282530074954361776e-01
3.289552678414686682e-01
3.294302584720092408e-01
3.297205186084231077e-01
3.298660113256659532e-01
3.299026189432077150e-01
3.298613328982964443e-01
3.297679851859793843e-01
3.296433720883258367e-01
3.295036382987273083e-01
3.361579218377446221e-01
3.347779182208650006e-01
3.402647547253196958e-01
3.470611161929828548e-01
3.499849286991683073e-01
3.520553384674842690e-01
3.534262671641976716e-01
3.542407455436533681e-01
3.546267508154841153e-01
3.546952216332202035e-01
3.612002453248512879e-01
3.663119392648357397e-01
3.701922101613683846e-01
3.730166572027835414e-01
3.749612509146513784e-01
3.761933000429424911e-01
3.768656932970551043e-01
3.771136173609874742e-01
3.770531234833862655e-01
3.767810460979859055e-01
3.763758772410283893e-01
3.758992790890351987e-01
3.753979808515128802e-01
3.749058602234804916e-01
3.770455299721153786e-01
3.787782509135391162e-01
3.801313737282934202e-01
3.811447117239101789e-01
3.818649156131901368e-01
3.890356727712149798e-01
3.975616662384020561e-01
4.043498085538608233e-01
4.095493190604657663e-01
4.133533177325281471e-01
4.226666505400789031e-01
4.297602330535192916e-01
4.349350658285926485e-01
4.385040397254407196e-01
4.407701244982940025e-01
4.354264068394164688e-01
4.304945318653923270e-01
4.261114337910199001e-01
4.223438862206427835e-01
4.192057452195931955e-01
4.166730431015586156e-01
4.146966854740108399e-01
4.161735871087033356e-01
4.175474650729658066e-01
4.187755855343138212e-01
4.198353883590548730e-01
4.207201045448050181e-01
4.214345997826542956e-01
4.219916741631923873e-01
4.224089518784717168e-01
4.227064065900885126e-01
4.229045006349347879e-01
4.230228726745073331e-01
4.299022419319429300e-01
4.286657403940123956e-01
4.274812003706995878e-01
4.331878975938745491e-01
4.309916899988617267e-01
4.290156177098582990e-01
4.242217053909431712e-01
4.203067719871931285e-01
4.172007660726773093e-01
4.148138029444412567e-01
4.130473334867739155e-01
4.118018803090548463e-01
4.042751414685950007e-01
4.011504350126686713e-01
3.960059286084018915e-01
3.949669044911090499e-01
3.944893989805435819e-01
3.915676572211796991e-01
3.894799405675026804e-01
3.909122665621449499e-01
3.895347030903755225e-01
3.914656997675682870e-01
3.932611331570694535e-01
3.948659808798247184e-01
3.962516612130282390e-01
3.875477115317338406e-01
3.804636492819850613e-01
3.748774061881572361e-01
3.706239371738766497e-01
3.675182520491435678e-01
3.653718406082124837e-01
3.640038511660743659e-01
3.632482198794351191e-01
3.629577458803157075e-01
3.560268631461187550e-01
3.505815190323513519e-01
3.464630542655400269e-01
3.434901009742559186e-01
3.414748557504372339e-01
3.402350023782207966e-01
3.324948340012132686e-01
3.336181474825958837e-01
3.278477335356568823e-01
3.234606644931987685e-01
3.202745298891054304e-01
3.180969661006400884e-01
3.095122824060514422e-01
3.028607354424468490e-01
2.979179265256550746e-01
2.944337814600879177e-01
2.921542129001997168e-01
2.908365337637319747e-01
2.902595230668560955e-01
2.902291586290755010e-01
2.905810138764111095e-01
2.911802218540262555e-01
2.919197773398569673e-01
2.927178038232647328e-01
2.935142726084436493e-01
2.942675359095001664e-01
2.949509290461644895e-01
2.955496099004559785e-01
2.960577357278164623e-01
2.964760261387522355e-01
2.968097239884208705e-01
2.970669403800123565e-01
2.972573535445388604e-01
2.973912218617000836e-01
2.974786669416953355e-01
2.975291820413004107e-01
2.975513229833131046e-01
2.975525422850722190e-01
2.975391316879159032e-01
2.975162431961120291e-01
2.974879637016376588e-01
2.974574230236861627e-01
2.974269195528391752e-01
2.973980515549985437e-01
2.973718455103089298e-01
2.973488756300850522e-01
2.973293709328641565e-01
2.973133080119960692e-01
2.973004889468555678e-01
2.972906047587855483e-01
2.972832854533282720e-01
2.972781380817337560e-01
2.972747744518795532e-01
2.899555753532681024e-01
2.839517119343408780e-01
2.791857649310733880e-01
2.681270844207872539e-01
2.593550875896140084e-01
2.526526367145429663e-01
2.477552143181067645e-01
2.443798529150611465e-01
2.422464945832758509e-01
2.317633354311365856e-01
2.238117405369650648e-01
2.179671424237541455e-01
2.030914416704836523e-01
1.934017650664030530e-01
1.868645671081046178e-01
1.748530588756214144e-01
1.661693377469686261e-01
1.600929454183976919e-01
1.549491924072112781e-01
1.517167653241746628e-01
1.499627955242792687e-01
1.493197261311498547e-01
1.494778850227747036e-01
1.501819680790976719e-01
1.512272044669891180e-01
1.524543102097997149e-01
1.537435903068673504e-01
1.550087920580309753e-01
1.561911776147268949e-01
1.572540842716418918e-01
1.581780898223528187e-01
1.589568130805452117e-01
1.595933379038927402e-01
1.600972309015142869e-01
1.604821138023189153e-01
1.607637444215164191e-01
1.609585536693298735e-01
1.610825807876863358e-01
1.611507460583996298e-01
1.611764001922575407e-01
1.611710924128697542e-01
1.611445043356674045e-01
1.611045033314784103e-01
1.610572763713049582e-01
1.610075127162837738e-01
1.609586107643539155e-01
1.609128905897920792e-01
1.608717990587142932e-01
1.608360988290524762e-01
1.608060360791154775e-01
1.607814845324042619e-01
1.607620653600632110e-01
1.607472439570769573e-01
1.607364055138027492e-01
1.607289118427357444e-01
1.607241421626532940e-01
1.595605480598616399e-01
1.597706325313257292e-01
1.588178028562208244e-01
1.509582200835841714e-01
1.527920908744531125e-01
1.533860374927298320e-01
1.468992039537464489e-01
1.487850929896485930e-01
1.434586591068434114e-01
1.463080828204048611e-01
1.488488453956029467e-01
1.439935825932550095e-01
1.400689524351701465e-01
1.369984373213875006e-01
1.417541428787225666e-01
1.388016746716884686e-01
1.435450406896474629e-01
1.486105553938559254e-01
1.528144151057040379e-01
1.479360228626898088e-01
1.509169355232207188e-01
1.533042282191976469e-01
1.562698193244953515e-01
1.574512948339954477e-01
1.593841378354599048e-01
1.525327622002590200e-01
1.539004589504142650e-01
1.550106132096491507e-01
1.558841023533925618e-01
1.576705648988443453e-01
1.579491727031887560e-01
1.580907359702787840e-01
1.581300070422229087e-01
1.580963535061354897e-01
1.580139009868002375e-01
1.579019081358832288e-01
1.577752746411416052e-01
1.576451124358004829e-01
1.575193316144152256e-01
1.574032080443448223e-01
1.584245630227518742e-01
1.581283499893093580e-01
1.578616342723189181e-01
1.576295287284203983e-01
1.503637585659414189e-01
1.444231679166596560e-01
1.397196219078664647e-01
1.361261318805770948e-01
1.334954591987229655e-01
1.316741259918021711e-01
1.314512727814158843e-01
1.306338308212751098e-01
1.311693621036920110e-01
1.318469491945282179e-01
1.325889181372563730e-01
1.333366473154891096e-01
1.340484263103245421e-01
1.346969033875924371e-01
1.352663957284458984e-01
1.357502822498202200e-01
1.361486316090902982e-01
1.364661534422959566e-01
1.294141317688615178e-01
1.236277656966948690e-01
1.190312744055976868e-01
1.155077747025170520e-01
1.129183014930779105e-01
1.111161919847241109e-01
1.099574313935829384e-01
1.093076329717852513e-01
1.090463186940575646e-01
1.098762469726350943e-01
1.099482381538563480e-01
1.109747090560992966e-01
1.111157161729936504e-01
1.113094222317834170e-01
1.115292414875765914e-01
1.125850082894304105e-01
1.126514717269810895e-01
1.127118482956037671e-01
1.127648141089705458e-01
1.128098513206963194e-01
1.128470206766378769e-01
1.128767768930041271e-01
1.128998224768733571e-01
1.129169949066861633e-01
1.129291820788738132e-01
1.129372612460377567e-01
1.137761383565729645e-01
1.136249905229611556e-01
1.134827636791304606e-01
1.133542654216208589e-01
1.132420936432732006e-01
1.131471839985229710e-01
1.130692744344437006e-01
1.130072879874233216e-01
1.129596394450513852e-01
1.129244738194854492e-01
1.128998455918424071e-01
1.128838478566054349e-01
1.055638648285117664e-01
9.957744753078889843e-02
9.483707809795527410e-02
9.054943034125062518e-02
8.739655303778981477e-02
7.796728873516522995e-02
7.065905773827663161e-02
6.519604215255014878e-02
6.085602368850184796e-02
5.791972573214287934e-02
5.609359988970852307e-02
5.512290759263138717e-02
5.479116620593127429e-02
5.491796394432535422e-02
4.802487546580125333e-02
4.273283173450592720e-02
3.881041307405608265e-02
3.603178323900846358e-02
2.733022652638084082e-02
2.063267723794015573e-02
1.567214840819275423e-02
1.217616459517611993e-02
9.881250194718749214e-03
8.542759850268089039e-03
1.076314547922452292e-03
-4.598848161236013254e-03
-8.726758685641433644e-03
-1.843690724906843492e-02
-2.584190645506723172e-02
-3.124962405129871890e-02
-3.498024295114721127e-02
-3.734547242565167124e-02
-3.890259373230331441e-02
-3.932743402714877767e-02
-3.943036140337619067e-02
-3.907458279483355668e-02
-3.841369154867635416e-02
-4.461733213199159387e-02
-4.947413037501391386e-02
-5.312808479173991572e-02
-5.574611557444653087e-02
-6.456112612780939841e-02
-7.138407057986850823e-02
-7.645756676513060235e-02
-8.646865101989065217e-02
-9.397044493783157648e-02
-9.936289883043247784e-02
-1.098777119516796130e-01
-1.177111822239509387e-01
-1.232915338712237130e-01
-1.278979625689853350e-01
-1.300145694640388871e-01
-1.318958504323075598e-01
-1.327838015642008873e-01
-1.398056649975667476e-01
-1.450641653486863802e-01
-1.488088413541415189e-01
-1.512957579402542940e-01
-1.596674677596987557e-01
-1.659891286838959257e-01
-1.705488497080493993e-01
-1.804980200194226114e-01
-1.879876779327267489e-01
-1.933756561068702418e-01
-1.970212064573142463e-01
-2.006465747528123345e-01
-2.083665155786054157e-01
-2.154825109979101594e-01
-2.206448683240587183e-01
-2.310017443367355927e-01
-2.387684829970726508e-01
-2.443151529659186583e-01
-2.480196476017590967e-01
-2.502442014945402970e-01
-2.513202262794260733e-01
-2.515396648984384864e-01
-2.579437150577281734e-01
-2.626860871685332555e-01
-2.660263130297069178e-01
-2.682180107054574769e-01
-2.694971875565923547e-01
-2.700752877409251518e-01
-2.768430328637543347e-01
-2.820004325423766112e-01
-2.857715051646541049e-01
-2.950148639342742296e-01
-3.020700565688665407e-01
-3.072424326774987335e-01
-3.173768140833772566e-01
-3.271970710408071970e-01
-3.323020071396303177e-01
-3.421106858720337485e-01
-3.516466710424657194e-01
-3.586427604264417202e-01
-3.634924863042967580e-01
-3.665842700903325646e-01
-3.682829830459988241e-01
-3.689179057570057818e-01
-3.687759537461947623e-01
-3.680990709405362882e-01
-3.670847669382713008e-01
-3.658888786866807408e-01
-3.646297643860643145e-01
-3.633932775499193468e-01
-3.622380114116443561e-01
-3.636689675457474014e-01
-3.647983416888924690e-01
-3.656546160277798219e-01
-3.728604727595559165e-01
-3.746767323138673333e-01
-3.826109587702899439e-01
-3.889144650672646808e-01
-3.937307477668319233e-01
-4.038733031848931176e-01
-4.116723422746713101e-01
-4.174269929158584969e-01
-4.309468266240483736e-01
-4.413628251011649795e-01
-4.490535923543212959e-01
-4.544322516039325244e-01
-4.579123288122668445e-01
-4.663201413414401753e-01
-4.723606411481520162e-01
-4.764455784797736460e-01
-4.886115913130353317e-01
-4.978203805543495175e-01
-5.107338609806617580e-01
-5.203192744403275505e-01
-5.270970206651814927e-01
-5.315741333151560166e-01
-5.403102755761208797e-01
-5.464761593094356051e-01
-5.565183855603015317e-01
-5.637413675492843890e-01
-5.686546396618232802e-01
-5.754923576767896343e-01
-5.860673778360540043e-01
-5.938424861323833293e-01
-5.992658468121323523e-01
-6.027699672182385005e-01
-6.047546925302540455e-01
-6.152801650992036908e-01
-6.232102151079943475e-01
-6.289069989952861262e-01
-6.369082007299712300e-01
-6.427113899572743927e-01
-6.466513676102929598e-01
-6.590854602291280617e-01
-6.685539245395049068e-01
-6.754276177793211433e-01
-6.801120370638362722e-01
-6.885825652718355894e-01
-6.945888391836337883e-01
-6.985742289849488085e-01
-7.009524464501618590e-01
-7.074950673285792524e-01
-7.167033619238408759e-01
-7.235147897034255315e-01
-7.335579177414913721e-01
-7.409168517234676621e-01
-7.460406262212253559e-01
-7.493532071623079105e-01
-7.512396541132478900e-01
-7.520390331465568456e-01
-7.568276659175317000e-01
-7.602173504524586400e-01
-7.624441291990491365e-01
-7.688227555852981121e-01
-7.735246575963059534e-01
-7.817618500732939069e-01
-7.879888678212817466e-01
-7.924757491321389180e-01
-7.955053763743418216e-01
-8.024685941083885554e-01
-8.076281769818564049e-01
-8.112385846444243320e-01
-8.135649496735334330e-01
-8.148650044226675160e-01
-8.153764611494248582e-01
-8.206207455621322699e-01
-8.245318009057553965e-01
-8.272927533142254708e-01
-8.340478929406942576e-01
-8.445561131028060942e-01
-8.526581081650589367e-01
-8.586450800970605313e-01
-8.628363977127068152e-01
-8.711837653641111290e-01
-8.820993366922159629e-01
-8.902474453828600476e-01
-9.006123023301325636e-01
-9.081140649929558828e-01
-9.176563246895197423e-01
-9.244095134774642508e-01
-9.289174621820029953e-01
-9.415085739298348910e-01
-9.508604189592403388e-01
-9.615046878162366584e-01
-9.691186194690029065e-01
-9.799765346283799694e-01
-9.878638591311599271e-01
-9.932816390772188919e-01
-1.000426359496210393e+00
-1.005275038145569511e+00
-1.014081801872606992e+00
-1.020433458800475535e+00
-1.024740849130801656e+00
-1.027395423554973597e+00
-1.028756061578507630e+00
-1.029141006899291000e+00
-1.028823905686051754e+00
-1.028033058219401497e+00
-1.032889261470971043e+00
-1.036545669441529149e+00
-1.039164565498908122e+00
-1.044430909222041404e+00
-1.054347583569326119e+00
-1.062022869692187399e+00
-1.067730916002692432e+00
-1.077892159037984188e+00
-1.085600881842989862e+00
-1.094393973949716603e+00
-1.100749550648492781e+00
-1.101964181540488141e+00
-1.102145915769149553e+00
-1.101593121605781933e+00
-1.100554693407847839e+00
-1.099231319538355844e+00
-1.097778916036149299e+00
-1.096313490797560464e+00
-1.094916780984032778e+00
-1.087415871753664609e+00
-1.081241983779300808e+00
-1.076312504222799227e+00
-1.072504280488804085e+00
-1.069673213429655156e+00
-1.067668500057846082e+00
-1.066342596228136319e+00
-1.074962380704643117e+00
-1.082238113263052970e+00
-1.088202883681762323e+00
-1.092947754813929695e+00
-1.096598789988893818e+00
-1.099299735053569371e+00
-1.101199311368628475e+00
-1.102442215071148812e+00
-1.103163061920837684e+00
-1.103482645570611265e+00
-1.103505984302639353e+00
-1.103321718897336323e+00
-1.109153524545228198e+00
-1.113812229199079518e+00
-1.117401803475116751e+00
-1.126315987017961318e+00
-1.133339695731188979e+00
-1.138658948673292093e+00
-1.142497727731697443e+00
-1.145094316010559110e+00
-1.146683571949930647e+00
-1.153920784331115001e+00
-1.159419541506361284e+00
-1.163405161381974695e+00
-1.175403639607623507e+00
-1.184618627662801016e+00
-1.197972646154225718e+00
-1.208119287256650631e+00
-1.215493235749698364e+00
-1.227192447623632443e+00
-1.235829543449939560e+00
-1.241865713163156970e+00
-1.254727026415898283e+00
-1.264183396573207663e+00
-1.270788420579398892e+00
-1.281805554058042196e+00
-1.291710891308861520e+00
-1.298634292015811598e+00
-1.303151313581167425e+00
-1.305778224337681426e+00
-1.313626981415330741e+00
-1.319200768216012287e+00
-1.322901410323681803e+00
-1.325104382960770488e+00
-1.332864748785998810e+00
-1.338559093258430366e+00
-1.344069894178290481e+00
-1.347823893597547951e+00
-1.356867483163111565e+00
-1.363582873699147546e+00
-1.368332228551412566e+00
-1.371468114761265067e+00
-1.373318526004408513e+00
-1.374177848454999573e+00
-1.372957112780103683e+00
-1.379565658916647397e+00
-1.384581505964226800e+00
-1.388222377836192178e+00
-1.390713092180587696e+00
-1.399064473866585390e+00
-1.405455324323999111e+00
-1.416971668252646088e+00
-1.425822945559333199e+00
-1.431378115112234450e+00
-1.435182008463959935e+00
-1.444549770355089802e+00
-1.451548259779139372e+00
-1.463584009289436771e+00
-1.472659117496455394e+00
-1.486905642501737734e+00
-1.497476854786602196e+00
-1.512001445160619628e+00
-1.522674208514464222e+00
-1.537379792809759671e+00
-1.547980392869418909e+00
-1.562116129113934271e+00
-1.565410318147482105e+00
-1.573570991706833677e+00
-1.579028949301754858e+00
-1.582335886782790801e+00
-1.583980558196159016e+00
-1.591332907548274944e+00
-1.596598036959943734e+00
-1.600111085189063642e+00
-1.602202153413993635e+00
-1.610153640847191259e+00
-1.616024214756003996e+00
-1.626724195529977379e+00
-1.634665951621347979e+00
-1.647161270213188367e+00
-1.657051778432923950e+00
-1.670432530560380213e+00
-1.681041709602196121e+00
-1.688659201636437679e+00
-1.693779530144467582e+00
-1.696881413049800891e+00
-1.698407297960323969e+00
-1.698750731770161559e+00
-1.698249985752966040e+00
-1.704088979670088877e+00
-1.708327939092876280e+00
-1.711229386830313892e+00
-1.719921236364578609e+00
-1.726490258865768679e+00
-1.731239073049854138e+00
-1.741298032556158226e+00
-1.748863677257289195e+00
-1.754302893715483425e+00
-1.757981193197599046e+00
-1.760243789585161922e+00
-1.761403928895272974e+00
-1.769845181327043271e+00
-1.774863941889939900e+00
-1.785062406279962488e+00
-1.792731734019016976e+00
-1.798250813405485760e+00
-1.808634804560599552e+00
-1.816340387459744354e+00
-1.821792006959741528e+00
-1.831952654371860056e+00
-1.839413613352570698e+00
-1.846454636718098286e+00
-1.851380411672948423e+00
-1.861115050156214590e+00
-1.868263554355780176e+00
-1.873226967423840206e+00
-1.882923442488268595e+00
-1.892149218809812794e+00
-1.898857895391584449e+00
-1.909970871651163860e+00
-1.918144134787747923e+00
-1.932754217090484561e+00
-1.943779170736692929e+00
-1.951694615898544649e+00
-1.963476398763053909e+00
-1.971941775158699173e+00
-1.986845898233635888e+00
-2.004269316628849662e+00
-2.023474368386255051e+00
-2.037631426186710559e+00
-2.053682647762106406e+00
-2.065081065988805697e+00
-2.072690777952473251e+00
-2.077297372312576051e+00
-2.079592316782076900e+00
-2.080168638327795083e+00
-2.079523102069615881e+00
-2.078062113295310986e+00
-2.079413335758960368e+00
-2.076603587124553840e+00
-2.077092431114494708e+00
-2.071075099709309697e+00
-2.071862370236656758e+00
-2.069048667110855444e+00
-2.066635133278552416e+00
-2.064626216244918933e+00
-2.063003187082025125e+00
-2.058901612191469166e+00
-2.061701182816817468e+00
-2.064150647816592077e+00
-2.066224786077244691e+00
-2.067926029727424009e+00
-2.069276174122949730e+00
-2.070309399744635570e+00
-2.071066656477947632e+00
-2.071591352247843965e+00
-2.071926215049225917e+00
-2.072111157555792893e+00
-2.072181960088557595e+00
-2.072169593030343648e+00
-2.072100016671907685e+00
-2.075358455008307512e+00
-2.078010200075070202e+00
-2.086237750186304751e+00
-2.092820735994798120e+00
-2.101468294555099536e+00
-2.114311667013685003e+00
-2.124318140997088822e+00
-2.131810938744732820e+00
-2.143112184149556398e+00
-2.151480760204556031e+00
-2.163204775242206779e+00
-2.171764784957531891e+00
-2.183370202693659667e+00
-2.191736919614950985e+00
-2.197457067657752283e+00
-2.201066199162099224e+00
-2.207061319359008511e+00
-2.211115085337218122e+00
-2.213596203582073318e+00
-2.220315419735738871e+00
-2.223814519389865740e+00
-2.231473707880550883e+00
-2.241396002022453260e+00
-2.248885864387904387e+00
-2.254252353354381455e+00
-2.263277601197990485e+00
-2.274380618363494033e+00
-2.282652812446509305e+00
-2.288492015885195130e+00
-2.297042359579262172e+00
-2.303178502969428276e+00
-2.307277728105838754e+00
-2.309721255997990941e+00
-2.315792584779883256e+00
-2.320046743436625203e+00
-2.322785267555643518e+00
-2.324307595166698714e+00
-2.330261255439928902e+00
-2.334515919335855116e+00
-2.337369317836352600e+00
-2.339102849373095871e+00
-2.339970481720745177e+00
-2.350474575850735270e+00
-2.363708705360263895e+00
-2.373835851361365101e+00
-2.381301020604460916e+00
-2.391407317270503263e+00
-2.398731217681587147e+00
-2.403775521513515923e+00
-2.411655502257459727e+00
-2.417189407457333239e+00
-2.420837538199636096e+00
-2.418470830274763728e+00
-2.420350868215186857e+00
-2.421963478212313170e+00
-2.427361639223636125e+00
-2.431338869506421752e+00
-2.434114457536910248e+00
-2.435904443663255758e+00
-2.446727710679295509e+00
-2.455158397208284882e+00
-2.461477241616100819e+00
-2.465991910331386094e+00
-2.478789059974153552e+00
-2.488577531806826393e+00
-2.495760150113958797e+00
-2.506340758580263728e+00
-2.514170086333646026e+00
-2.519654912188163287e+00
-2.523206306765182205e+00
-2.534996868646435253e+00
-2.543804598911208359e+00
-2.550070292092593505e+00
-2.563931791168425622e+00
-2.574294515707687303e+00
-2.581688272588204214e+00
-2.586636315021492827e+00
-2.593250645909796148e+00
-2.603535341935828917e+00
-2.610987728294338783e+00
-2.619517755113217383e+00
-2.625454246275343628e+00
-2.629304644039748062e+00
-2.637434524263393421e+00
-2.643254354760195213e+00
-2.647161460100178942e+00
-2.649530509780901433e+00
-2.650702135257268388e+00
-2.650976299427632910e+00
-2.647376516770061805e+00
-2.643896715162127098e+00
-2.640685179546025552e+00
-2.637833455242425629e+00
-2.638747139338456282e+00
-2.639465295622434482e+00
-2.640010153725109721e+00
-2.640406345912134967e+00
-2.646717755918023052e+00
-2.651838997353845429e+00
-2.655858690593507987e+00
-2.665032573763372881e+00
-2.672287220740956037e+00
-2.687125188587114799e+00
-2.698713380416858598e+00
-2.707426709612456683e+00
-2.713681065595437758e+00
-2.717896606485767919e+00
-2.729580028478350684e+00
-2.731958995521771350e+00
-2.732987342641529427e+00
-2.733035206430182384e+00
-2.738635487626085663e+00
-2.742659195428644558e+00
-2.745375415884874215e+00
-2.747038671565537271e+00
-2.747880758196810991e+00
-2.748105996398821915e+00
-2.747889144300240449e+00
-2.747375329207326189e+00
-2.746681447604715220e+00
-2.752210297994840627e+00
-2.756589009917330024e+00
-2.759929766543497642e+00
-2.762366706235116265e+00
-2.764042276134830445e+00
-2.765097034446625912e+00
-2.772094461126406451e+00
-2.777572601181203638e+00
-2.781694420932924405e+00
-2.791176222233992643e+00
-2.798531523772631147e+00
-2.810622234224347871e+00
-2.822154791287328823e+00
-2.830742469919546700e+00
-2.843483140909834894e+00
-2.852971745612543408e+00
-2.861620071477695149e+00
-2.874191334747234094e+00
-2.883364884520105420e+00
-2.898003492087797728e+00
-2.907148654540615773e+00
-2.913427467718590069e+00
-2.917380000050137312e+00
-2.919502469541710887e+00
-2.920235948848232788e+00
-2.919960855004698708e+00
-2.917472485823655148e+00
-2.916347858676549443e+00
-2.914979056657941214e+00
-2.920236361780319090e+00
-2.924280191381849470e+00
-2.927262954672963602e+00
-2.929347699622565138e+00
-2.937468167430361099e+00
-2.943783319805974852e+00
-2.955322428176338168e+00
-2.964278000437278404e+00
-2.978955410725299124e+00
-2.990113229945768225e+00
-2.997266209571042950e+00
-2.995283784679829697e+00
-2.992685879555394557e+00
-2.982921752201058929e+00
-2.973202173810307158e+00
-2.966117748988406966e+00
-2.952156636810737922e+00
-2.947712982081815092e+00
-2.945841377837330022e+00
-2.943372650198114115e+00
-2.941740834204023436e+00
-2.939358806572884397e+00
-2.937736658666566747e+00
-2.931175149993553664e+00
-2.931674103791874320e+00
-2.932494097012201095e+00
-2.927931132477620046e+00
-2.924492260746349714e+00
-2.922009775099943418e+00
-2.920317238582250230e+00
-2.910720674893570781e+00
-2.904818577981015171e+00
-2.900481370165874928e+00
-2.895732267954642669e+00
-2.892321425708217486e+00
-2.890029948870399323e+00
-2.881722717278354828e+00
-2.875388563345727455e+00
-2.868838029884377860e+00
-2.865986354869887620e+00
-2.855370598805335725e+00
-2.847224550955328670e+00
-2.841246246132654640e+00
-2.837105408288099095e+00
-2.834470505373698046e+00
-2.835223156241844844e+00
-2.836468535746997865e+00
-2.837985300730023308e+00
-2.832810606583934021e+00
-2.835674522506745454e+00
-2.838354587754897906e+00
-2.840767537322579805e+00
-2.842869315892581739e+00
-2.844645230364123201e+00
-2.839343151688852984e+00
-2.832850015585410830e+00
-2.827576489242597191e+00
-2.823439566575932425e+00
-2.820320709594781761e+00
-2.818082019297301954e+00
-2.809764439208645381e+00
-2.803300744686111123e+00
-2.796037185733132979e+00
-2.783740811534696213e+00
-2.774229542251100966e+00
-2.767174757078017855e+00
-2.762212108554737089e+00
-2.752245870267874039e+00
-2.744919341745278629e+00
-2.739808527351845768e+00
-2.736502296887683983e+00
-2.734621068143549660e+00
-2.730954919711822804e+00
-2.721939667781341221e+00
-2.715170698184988574e+00
-2.710330666848795644e+00
-2.697393209607732878e+00
-2.687449171257799030e+00
-2.680138577180779080e+00
-2.668512687934931016e+00
-2.659958317619091517e+00
-2.653989192298793487e+00
-2.650129420429219618e+00
-2.644456692263960740e+00
-2.634206120945552954e+00
-2.630262455780185249e+00
-2.627978211260087349e+00
-2.626953570476826094e+00
-2.620584241878562537e+00
-2.616056329901093491e+00
-2.613027102149381165e+00
-2.605072989280292184e+00
-2.599212624640150793e+00
-2.595092138542334226e+00
-2.586424960313748578e+00
-2.580021312517715160e+00
-2.575502460703846808e+00
-2.572515589845385975e+00
-2.561176681751300865e+00
-2.552497654229854529e+00
-2.546124981743735027e+00
-2.537749952410673693e+00
-2.525873807842699215e+00
-2.516967943775955785e+00
-2.500786995261765622e+00
-2.488469926892176609e+00
-2.479512624254007758e+00
-2.468980467670420786e+00
-2.455944008689217917e+00
-2.441912472166070547e+00
-2.431618214080485174e+00
-2.414338614574410347e+00
-2.401482113020487308e+00
-2.387462861498534039e+00
-2.377388056765047164e+00
-2.365399202459442130e+00
-2.351943855772992364e+00
-2.342388496740817949e+00
-2.336084201847805630e+00
-2.327020198276247953e+00
-2.315841095684453066e+00
-2.302523356712580238e+00
-2.298484911755117821e+00
-2.286105684486725131e+00
-2.277264246203473341e+00
-2.266606009938624489e+00
-2.259236639727923102e+00
-2.244298908389543268e+00
-2.233375999190480687e+00
-2.215707560232923257e+00
-2.202645704305890462e+00
-2.189295316775629274e+00
-2.179946379769053699e+00
-2.169856355939374648e+00
-2.157341936009320893e+00
-2.148493332684666690e+00
-2.133089085582357214e+00
-2.121848896259038497e+00
-2.114062103584329222e+00
-2.103148231118423972e+00
-2.086040942166869083e+00
-2.073335338721037147e+00
-2.064358815424170324e+00
-2.052326685604023204e+00
-2.037592891495523695e+00
-2.023745216153715276e+00
-2.007603377123731381e+00
-1.995871206045017443e+00
-1.981421198909607995e+00
-1.971096025935016982e+00
-1.955018208192597307e+00
-1.936892733808581735e+00
-1.923668810018691167e+00
-1.905585668258427789e+00
-1.885942489175784331e+00
-1.871695640573668662e+00
-1.855223645121458098e+00
-1.843581878747902136e+00
-1.834094373338770678e+00
-1.821461888188623757e+00
-1.812850026250640179e+00
-1.800715897197715520e+00
-1.790807201287464068e+00
-1.784298547476298902e+00
-1.781892642218985801e+00
-1.779813545782130468e+00
-1.779264832300809340e+00
-1.773116995654187233e+00
-1.768919938639496703e+00
-1.759588379949609704e+00
-1.752697336091909142e+00
-1.747871856652726708e+00
-1.737973024537113442e+00
-1.730633495527581278e+00
-1.718650841397056483e+00
-1.709679735943664181e+00
-1.696418810056822712e+00
-1.686530953143524414e+00
-1.672608894623363707e+00
-1.662317165151709464e+00
-1.648153567866205149e+00
-1.637782312800320161e+00
-1.623626427096427571e+00
-1.613054124061276129e+00
-1.598965285985655349e+00
-1.588899657603865423e+00
-1.575262867078998319e+00
-1.558688086439870002e+00
-1.546602142953962922e+00
-1.531431046429635900e+00
-1.513350245007221373e+00
-1.499982838228797855e+00
-1.483745454569632694e+00
-1.472066571969269599e+00
-1.464202087122610463e+00
-1.452513843488254075e+00
-1.444497887681225334e+00
-1.432573280726357590e+00
-1.424267755649448519e+00
-1.412057800930638374e+00
-1.403461188538623228e+00
-1.391012777269557965e+00
-1.382190049737809456e+00
-1.369588860678484066e+00
-1.353919374199097359e+00
-1.342513393606852956e+00
-1.328024427502279003e+00
-1.317654359866423208e+00
-1.304128794517406487e+00
-1.292697560241992782e+00
-1.284739534370770375e+00
-1.279636187033822203e+00
-1.276803896311089925e+00
-1.275713261949517285e+00
-1.275900467454769815e+00
-1.276972244864500006e+00
-1.278605861033389690e+00
-1.280545429204173580e+00
-1.282595723837571589e+00
-1.278000942434928566e+00
-1.274496782004480799e+00
-1.263299891391799656e+00
-1.254414381848892646e+00
-1.247621075110427080e+00
-1.236089356054259403e+00
-1.227322176450178937e+00
-1.220941443893126532e+00
-1.210083613885691634e+00
-1.199573891069154907e+00
-1.191829197258089668e+00
-1.179994364783800265e+00
-1.171291421635671792e+00
-1.156074882349912736e+00
-1.144621283360244490e+00
-1.136415018360656060e+00
-1.124593718057939506e+00
-1.113065519875113818e+00
-1.104804650832765800e+00
-1.093003199404229964e+00
-1.084592131358992573e+00
-1.078986633937446094e+00
-1.075629042700433358e+00
-1.067848609251156544e+00
-1.062528340193350074e+00
-1.053128486908767592e+00
-1.046441796638614363e+00
-1.041967739722354125e+00
-1.039250382023957364e+00
-1.043813247536706346e+00
-1.048315727126866381e+00
-1.043103719992585221e+00
-1.039161426758126172e+00
-1.036318987713024997e+00
-1.034398684227925802e+00
-1.029624408565105842e+00
-1.020014409520441312e+00
-1.012543328297400569e+00
-9.971882355338077542e-01
-9.851881808792007922e-01
-9.761844693351446889e-01
-9.639073093578260920e-01
-9.549057744971227724e-01
-9.429351123141336277e-01
-9.343230270433563467e-01
-9.284664978753960352e-01
-9.150833419517575562e-01
-9.052070968155617736e-01
-8.928802824981769692e-01
-8.840214027601743796e-01
-8.780087724121008463e-01
-8.690516430410071269e-01
-8.680455005833548343e-01
-8.586995097841163549e-01
-8.519510677749508876e-01
-8.422767437747425978e-01
-8.307628223965068948e-01
-8.222687080120344438e-01
-8.113770645818223493e-01
-8.084556429852793880e-01
-8.023886429525152186e-01
-7.934057432593786263e-01
-7.869750298276669831e-01
-7.826665507139126676e-01
-7.800665066992876762e-01
-7.787950446109237479e-01
-7.735856129023694905e-01
-7.651354891112176482e-01
-7.588986435905966665e-01
-7.498234542163736416e-01
-7.381477472402818707e-01
-7.293963832977808925e-01
-7.179689705783663944e-01
-7.049979689211366418e-01
-6.954334420510502879e-01
-6.834108955769621074e-01
-6.746444317140390945e-01
-6.631635843367800209e-01
-6.506060005048245332e-01
-6.415594899713656929e-01
-6.354349211789935836e-01
-6.316658106178734133e-01
-6.297331763969766794e-01
-6.235476553044736470e-01
-6.193525148193794738e-01
-6.167770174856651577e-01
-6.211783110290444165e-01
-6.254780209309538375e-01
-6.294788690949477683e-01
-6.330607682168355455e-01
-6.305553058283507317e-01
-6.342030555764192057e-01
-6.316810065281972530e-01
-6.311486998259512315e-01
-6.348707503548545183e-01
-6.379774437874898840e-01
-6.349218705046936195e-01
-6.379233284765912781e-01
-6.403676156816248133e-01
-6.422957507461721782e-01
-6.437634284523049422e-01
-6.448335752081639782e-01
-6.400136512214196216e-01
-6.359099963203838080e-01
-6.340187937286633213e-01
-6.310726016561152285e-01
-6.287523323830358501e-01
-6.326364324591118304e-01
-6.303506388027096952e-01
-6.341741702461206609e-01
-6.373841633684782515e-01
-6.343999101443325017e-01
-6.318815232108486724e-01
-6.298225993016932645e-01
-6.281942427257282135e-01
-6.269532116193733406e-01
-6.260485112888980463e-01
-6.197012172585826262e-01
-6.145904741141110517e-01
-6.106215529128047326e-01
-6.036236236681972178e-01
-5.924260289027191151e-01
-5.836926038462197930e-01
-5.771406885403407294e-01
-5.664772751837159337e-01
-5.485944437414109753e-01
-5.347713958856779026e-01
-5.245142744732134155e-01
-5.110780385918356483e-01
-4.977889873815957156e-01
-4.786866571408183724e-01
-4.645481946160419096e-01
-4.482483602291660318e-01
-4.335035860489739878e-01
-4.168226764509099791e-01
-4.048449012061294816e-01
-3.940814817587217078e-01
-3.832073471334513926e-01
-3.732931439449305167e-01
-3.667347222144790031e-01
-3.564110026275200127e-01
-3.492858488560270924e-01
-3.424511624488948414e-01
-3.316976647384617394e-01
-3.262707329316532068e-01
-3.142897064848944044e-01
-3.055823834835416086e-01
-2.996123548947542403e-01
-2.958626820529197676e-01
-2.872670329375335285e-01
-2.811711852421971969e-01
-2.771467627725294758e-01
-2.681120362174962413e-01
-2.615491727998120464e-01
-2.570677575443638396e-01
-2.542816511273731095e-01
-2.460594672066120925e-01
-2.332398857528013014e-01
-2.234939398657767029e-01
-2.110078883987847043e-01
-2.001835011834940392e-01
-1.854080643717217480e-01
-1.744329130897521729e-01
-1.596486944459172275e-01
-1.488086313340066802e-01
-1.342041329009435735e-01
-1.164754085386423554e-01
-1.033871728364157416e-01
-8.707136273546667304e-02
-7.528571882091350531e-02
-6.728932868225401265e-02
-6.235932995684789759e-02
-5.982707469183345950e-02
-5.909879126023565021e-02
-5.208820817936299363e-02
-5.489614762882699672e-02
-5.061221955314665344e-02
-4.786404610487737799e-02
-4.631490334217747140e-02
-4.567263089960782452e-02
-4.569014548933414410e-02
-4.616344952242523725e-02
-4.692820787092299994e-02
-4.785556582727545916e-02
-4.884763790630852753e-02
-4.983295039611013166e-02
-4.374214598685766120e-02
-3.856880907340665132e-02
-3.458202357546746875e-02
-3.183828992313109119e-02
-2.290092298176116259e-02
-1.575601012225225084e-02
-1.047523953042683864e-02
3.536136915678333992e-04
8.711773053094784558e-03
1.489686271798862371e-02
2.627369763529974200e-02
3.485258018890569076e-02
4.102268793151897519e-02
5.223156157976771574e-02
6.052962261398220356e-02
7.339429218603576999e-02
8.293627239860357214e-02
9.667079591919125470e-02
1.067937380464798469e-01
1.138757334180633407e-01
1.254343034560123638e-01
1.337328116283782453e-01
1.462538624661848807e-01
1.553175574163967454e-01
1.683803234265841553e-01
1.709917985880826663e-01
1.787273330413607919e-01
1.771235714555663421e-01
1.759752565486867315e-01
1.798449604090492926e-01
1.754588817629534336e-01
1.793551625662097582e-01
1.821327490641326818e-01
1.839746854560644351e-01
1.850606434491655072e-01
1.855581807152719698e-01
1.856170249674566897e-01
1.866883257315237188e-01
1.873242191471922169e-01
1.862735549246221645e-01
1.936520244210742092e-01
1.995676230633594006e-01
2.041398627776227492e-01
2.075267815250008141e-01
2.042596579493447528e-01
2.011428261977084020e-01
2.055720821032547274e-01
2.090629029624360147e-01
2.117058799803859248e-01
2.063109720831008964e-01
2.073978149126407544e-01
2.081672744605269632e-01
2.071701393092733046e-01
2.133129663713133617e-01
2.181654116816547084e-01
2.256249194373269873e-01
2.261057090209479536e-01
2.261482767726388232e-01
2.281519871754218443e-01
2.284850627654522182e-01
2.302016408662543867e-01
2.271274006097163678e-01
2.253556689623736897e-01
2.241375500863262982e-01
2.232141751919338724e-01
2.224802955342390920e-01
2.203779187807086704e-01
2.120689838960199136e-01
2.053885099332024566e-01
2.001594135648938622e-01
1.962056903744289205e-01
1.933447541067188080e-01
1.847485398046890825e-01
1.780890803726153937e-01
1.743071875846484708e-01
1.705612564604936932e-01
1.680367052976154962e-01
1.608617122385529452e-01
1.622240418745586332e-01
1.559884870544077096e-01
1.513424777936078769e-01
1.480451805379672248e-01
1.468599755547448371e-01
1.453652947595116540e-01
1.445732677348343653e-01
1.443094242791724824e-01
1.444252875118869905e-01
1.380298999255600290e-01
1.330337624352047055e-01
1.292744637441662903e-01
1.265739524322766485e-01
1.247526647663892430e-01
1.168482832978532393e-01
1.114897862108275017e-01
1.067715877641919331e-01
1.034129270957566682e-01
1.011772506578330066e-01
9.984032422357658199e-02
9.919867800102144528e-02
9.907418230944564641e-02
9.247943070241237962e-02
8.737472097339815669e-02
7.672525938839669379e-02
7.202061868170761549e-02
5.594918507198398672e-02
4.522247564706827205e-02
3.780968912858884146e-02
3.273675820128030267e-02
2.240512111676373763e-02
1.488090529372909643e-02
9.645567216118422493e-03
6.268749055354128075e-03
-2.529121811425172339e-03
-1.583413524421795060e-02
-2.587257598941072878e-02
-3.310336331754659689e-02
-3.799739115556155511e-02
-4.100779750935545920e-02
-4.944127413801702176e-02
-5.550544048824890275e-02
-5.960295652360714236e-02
-6.211725190393235785e-02
-6.339790519846832950e-02
-6.375265818679776153e-02
-6.344416849105671830e-02
-6.955868824912769810e-02
-7.414306494198497077e-02
-7.742158985308189578e-02
-7.961892902894907031e-02
-8.094818929650449135e-02
-8.845173415760121394e-02
-9.419261996182703989e-02
-9.840554294962511328e-02
-1.020330829277418250e-01
-1.114203810734060163e-01
-1.186486077477824086e-01
-1.239729064975436668e-01
-1.346157881043517079e-01
-1.426612420348569721e-01
-1.553827178690876387e-01
-1.718339623729601140e-01
-1.842850902283159620e-01
-1.933044476662673095e-01
-1.994695148489062930e-01
-2.101144893260369351e-01
-2.176870883215171748e-01
-2.227357420093458718e-01
-2.324786356551304944e-01
-2.394098287353527699e-01
-2.506762047664055082e-01
-2.588488542697662265e-01
-2.644563843648750634e-01
-2.745496546267645055e-01
-2.836906011993498566e-01
-2.882594338714663529e-01
-2.929149282957161926e-01
-3.023545722141776082e-01
-3.092125460080217270e-01
-3.139040187772195178e-01
-3.168342612734487140e-01
-3.183799962964179997e-01
-3.188778781322676448e-01
-3.186185790080191538e-01
-3.178451212918400604e-01
-3.167542763373780712e-01
-3.220377954662176911e-01
-3.260630298705131658e-01
-3.290038653500551025e-01
-3.310378089418082315e-01
-3.323353961919255362e-01
-3.330533966258202305e-01
-3.397753309485600504e-01
-3.472895785029181948e-01
-3.531134929090160579e-01
-3.638847362016117692e-01
-3.721890663587765768e-01
-3.783340164597028821e-01
-3.890163179862144993e-01
-3.969940195480450296e-01
-4.089511357151411897e-01
-4.205873442328047496e-01
-4.292012350272933485e-01
-4.414502520505703131e-01
-4.504168495099292180e-01
-4.566313911699286798e-01
-4.606070383070779428e-01
-4.658837438281815402e-01
-4.754283404005781311e-01
-4.823559762557003694e-01
-4.870877570500120601e-01
-4.900356992764849373e-01
-4.915829111469871560e-01
-4.920714897883013972e-01
-4.917964158657768259e-01
-4.970755379420552789e-01
-5.009033073634714395e-01
-5.068522306758087570e-01
-5.112588878974910767e-01
-5.203652070811153330e-01
-5.272636626273743410e-01
-5.322628111499594361e-01
-5.356780339919464673e-01
-5.378121980361916243e-01
-5.484132904380691897e-01
-5.565542476334031097e-01
-5.683799064389130073e-01
-5.772684710223801030e-01
-5.893667976822654087e-01
-6.021341841471412604e-01
-6.116069607092814442e-01
-6.238553327634441814e-01
-6.327254259267571790e-01
-6.428765975905637031e-01
-6.555295774775188322e-01
-6.646981336237771654e-01
-6.805684252176703586e-01
-6.923511029162358055e-01
-7.006651917807925622e-01
-7.113079759937283031e-01
-7.186706844562587015e-01
-7.278904113581682322e-01
-7.342533405617696074e-01
-7.382814989529917771e-01
-7.404634447726871072e-01
-7.412388666321479969e-01
-7.409900903486053014e-01
-7.400389809468390645e-01
-7.432992828203972557e-01
-7.454999762029271837e-01
-7.468359685990613173e-01
-7.573667604229800121e-01
-7.656190491229178940e-01
-7.718322988541124197e-01
-7.762868647428429192e-01
-7.842461607503669052e-01
-7.950318055886720359e-01
-8.031663719301529447e-01
-8.138276343859863760e-01
-8.216386764179492985e-01
-8.270746674674431809e-01
-8.305867193818603500e-01
-8.325852297564537707e-01
-8.334314392688624284e-01
-8.380305447062403879e-01
-8.462651405184422604e-01
-8.524197858899370539e-01
-8.523039357914382608e-01
-8.515385018906415082e-01
-8.451674838574929627e-01
-8.395298375489043119e-01
-8.300482235391678509e-01
-8.221661076505382137e-01
-8.158271934530608727e-01
-8.109087176469148561e-01
-8.072474418186846856e-01
-8.046606610752951028e-01
-8.029622323759396663e-01
-8.019740258904102248e-01
-8.063884935878602445e-01
-8.102836742056206409e-01
-8.088329728547647424e-01
-8.077055219118374207e-01
-8.068633608914052013e-01
-8.062649085161780471e-01
-8.058682067000735305e-01
-8.056332466602643683e-01
-8.055235105457531075e-01
-8.055068696317815302e-01
-8.005309256845631882e-01
-7.965515313556246202e-01
-7.885915673861135788e-01
-7.822689727993473729e-01
-7.675632506727839699e-01
-7.609864787584308399e-01
-7.512348452001590404e-01
-7.439163463037761215e-01
-7.340130213097884049e-01
-7.267571701339097245e-01
-7.217087708071998620e-01
-7.139441588303866437e-01
-7.032843438851398288e-01
-6.954093794172264698e-01
-6.898783976178940458e-01
-6.766649503334328797e-01
-6.667460910669037455e-01
-6.596345997873647171e-01
-6.548465703489879663e-01
-6.519254321794307749e-01
-6.504568807280686205e-01
-6.500770562599884617e-01
-6.450268705588532159e-01
-6.414644442163369709e-01
-6.391368911620396442e-01
-6.337081506570801936e-01
-6.242583084191556386e-01
-6.170660840997830299e-01
-6.118312110653861824e-01
-5.986563277544248995e-01
-5.885972313561516067e-01
-5.812333586416748021e-01
-5.761292646147633256e-01
-5.728634451006163752e-01
-5.652591234713202351e-01
-5.597832755759106771e-01
-5.560894445309845224e-01
-5.479292319494775132e-01
-5.419259884204850053e-01
-5.317277136573648200e-01
-5.240722434673923402e-01
-5.186253543528343002e-01
-5.088155262123601474e-01
-5.015659532801266529e-01
-4.965155962541933921e-01
-4.869100871642588757e-01
-4.798610832042327079e-01
-4.652106704156242500e-01
-4.541788386632421570e-01
-4.462578366175968814e-01
-4.474510016203419038e-01
-4.430037727500246714e-01
-4.402479738046247704e-01
-4.388135299874598161e-01
-4.353357292099206965e-01
-4.331559439578209769e-01
-4.383933801722035284e-01
-4.367806913198495344e-01
-4.421483133338921512e-01
-4.467995976211636133e-01
-4.507162909516568838e-01
-4.539227952672657551e-01
-4.534301038738084433e-01
-4.497173488550532117e-01
-4.435890744662418506e-01
-4.415527573241955217e-01
-4.370595288910743559e-01
-4.364717112007145960e-01
-4.362065005221138492e-01
-4.361823122523458274e-01
-4.363287930236028345e-01
-4.365872699578954297e-01
-4.369104912855910072e-01
-4.372618314696921082e-01
-4.376141393941448410e-01
-4.379483925364702213e-01
-4.382522918358457975e-01
-4.385188987869255151e-01
-4.387453837801151835e-01
-4.389319263384832137e-01
-4.390807852680158607e-01
-4.391955400917604280e-01
-4.392804939121437435e-01
-4.393402210827508370e-01
-4.393792397197022748e-01
-4.394017881706351325e-01
-4.394116852723519706e-01
-4.394122559326896216e-01
-4.394063058024308965e-01
-4.393961312334151437e-01
-4.393835531337964007e-01
-4.393699655959757422e-01
-4.393563922108052466e-01
-4.393435447566842456e-01
-4.393318804547652334e-01
-4.393216552194885161e-01
-4.393129713259171787e-01
-4.393058186868719073e-01
-4.393001095118092003e-01
-4.392957065347260492e-01
-4.392924452782749345e-01
-4.392901509923063941e-01
-4.392886509911082538e-01
-4.392877831358266150e-01
-4.392874011849878801e-01
-4.392873776816736964e-01
-4.392876049729068644e-01
-4.392879948745502805e-01
-4.392884774106853296e-01
-4.392889989750543567e-01
-4.392895201871191979e-01
-4.392900136486430629e-01
-4.392904617494202135e-01
-4.392908546230351874e-01
-4.392911883149750452e-01
-4.392914631952682392e-01
-4.392916826251436202e-01
-4.392918518709070241e-01
-4.392919772472516637e-01
-4.392920654655141366e-01
-4.392921231589976827e-01
-4.392921565566270115e-01
-4.392921712770929688e-01
-4.392921722177318689e-01
-4.392921635152369220e-01
-4.392921485584486696e-01
-4.392921300367167436e-01
-4.392921100104896226e-01
-4.392920899936409995e-01
-4.392920710396341910e-01
