1.582058991780672663e-01
1.608238941820601120e-01
1.626704008104691290e-01
1.638830943074545132e-01
1.645909902386295531e-01
1.649103387959049982e-01
1.649424385306048624e-01
1.575795797870165327e-01
1.585948171695266140e-01
1.594444089215114602e-01
1.529302404227486090e-01
1.547915299154907220e-01
1.492187009104724016e-01
1.519391774679927920e-01
1.532130625976484417e-01
1.543188262663506283e-01
1.552513566654942778e-01
1.560162032750191941e-01
1.566257475041472613e-01
1.570963732155867820e-01
1.574464006179263631e-01
1.576946014352951231e-01
1.578591586954831705e-01
1.579569689059368010e-01
1.580032090165146563e-01
1.591352756599488938e-01
1.589095713316173164e-01
1.586803148227338145e-01
1.584607114065743616e-01
1.582594127007395102e-01
1.580814594234727366e-01
1.579291234908006825e-01
1.578026359715141158e-01
1.577007981671632031e-01
1.576214801947528610e-01
1.586865347969204088e-01
1.595742019316208626e-01
1.602893771265971878e-01
1.608447778858328459e-01
1.612580900611746415e-01
1.615495641983641928e-01
1.617401179669173406e-01
1.618499419352261715e-01
1.618975625541363428e-01
1.618992907224199307e-01
1.690787135746212311e-01
1.749015607835358033e-01
1.794737711871630115e-01
1.829358821480064901e-01
1.854444062056124221e-01
1.871583512036176788e-01
1.882299359909815895e-01
1.887986240280226102e-01
1.889877100993189174e-01
1.960188167515355406e-01
1.944475025061478402e-01
1.999519535738922826e-01
2.042143644450422624e-01
2.073902069310500362e-01
2.096442432846237214e-01
2.111390647604889370e-01
2.120273234705252197e-01
2.124468719317327281e-01
2.125181418777297715e-01
2.123432028180771702e-01
2.120060373887904248e-01
2.115736548872839684e-01
2.110977380144063442e-01
2.106165822142480604e-01
2.101571431062307926e-01
2.097370559135460777e-01
2.093665318453861168e-01
2.090500703864350829e-01
2.087879537709413924e-01
2.085775110931915588e-01
2.084141551857934260e-01
2.082922063292487191e-01
2.152625162795276381e-01
2.139162069296085544e-01
2.126800994863897731e-01
2.186326079857332516e-01
2.164103537415533740e-01
2.144321843383720783e-01
2.197715558136712488e-01
2.240957014726232543e-01
2.274869002684729580e-01
2.300513733683007267e-01
2.319062812441365917e-01
2.331702200897534105e-01
2.339565952100137736e-01
2.343693036717175993e-01
2.345002263695969980e-01
2.344280996671537221e-01
2.342184036828864890e-01
2.356004355711638354e-01
2.366459147265094209e-01
2.373977731263059443e-01
2.379023571855822805e-01
2.382059614381542012e-01
2.383522532507356129e-01
2.383805571420238856e-01
2.383248932100581197e-01
2.382136241982026892e-01
2.380695551367082441e-01
2.379103396920088098e-01
2.377490694169444030e-01
2.375949487375039748e-01
2.374539847554506533e-01
2.373296439690468773e-01
2.372234466392211250e-01
2.371354836491035289e-01
2.370648507994668197e-01
2.370100022721304267e-01
2.369690292298192169e-01
2.369398718786155378e-01
2.369204743514126132e-01
2.369088919067641186e-01
2.369033594962526301e-01
2.369023299654247072e-01
2.369044891809046760e-01
2.369087543320755884e-01
2.440508033653119302e-01
2.498697189745571201e-01
2.544642825543463882e-01
2.579673941931361902e-01
2.605284084416046309e-01
2.623002275798262950e-01
2.634302693079579871e-01
2.640545209264910653e-01
2.642940017111055084e-01
2.642530612836906379e-01
2.640190373849471417e-01
2.636628803430502987e-01
2.632404247559116950e-01
2.627940529399792613e-01
2.623545507089233286e-01
2.619430047428563668e-01
2.615726325861569279e-01
2.612504714350136759e-01
2.539024315420161937e-01
2.478771240857802205e-01
2.430954017577515724e-01
2.394356439062108599e-01
2.367529580730829419e-01
2.420387343971059924e-01
2.395511717203226976e-01
2.376806072686603599e-01
2.363391093755620176e-01
2.354372660495367420e-01
2.348894151333495994e-01
2.346170888058605186e-01
2.345510227283669202e-01
2.417776837357457076e-01
2.406514737304745744e-01
2.468001583085350781e-01
2.517857662516922446e-01
2.557015535644475701e-01
2.586684833443588794e-01
2.608202327651003571e-01
2.693370142256195088e-01
2.689698882952882286e-01
2.682605601359011605e-01
2.673500938587181075e-01
2.663473363903661184e-01
2.582729919626149950e-01
2.515087935160331689e-01
2.460184990934126681e-01
2.488298712293599557e-01
2.442824876059721539e-01
2.407239660869207043e-01
2.380439824041731267e-01
2.361187109101023918e-01
2.348215500960306734e-01
2.340307772969432154e-01
2.336346206298041128e-01
2.335342449173398727e-01
2.336451208223422338e-01
2.338971968445175964e-01
2.342342332269675698e-01
2.346125931462352820e-01
2.349997251858051417e-01
2.353725153184880181e-01
2.357156381847944626e-01
2.431608037744721340e-01
2.492367272732836092e-01
2.540427687072055463e-01
2.577146991956738020e-01
2.604061249590017280e-01
2.622749035329112743e-01
2.634736247118585339e-01
2.641433274424971334e-01
2.644097399532969739e-01
2.643814431913713570e-01
2.641494590525008679e-01
2.637878534263460306e-01
2.633550209007944343e-01
2.699378152271416642e-01
2.681993362319710084e-01
2.665746137540720984e-01
2.721486009784532811e-01
2.766166734405626215e-01
2.800820646334261088e-01
2.826690042065795883e-01
2.845096763946224350e-01
2.857348779619888202e-01
2.864676605018880995e-01
2.868193296104972756e-01
2.868872644794713267e-01
2.867541066370880021e-01
2.864879429405071676e-01
2.861431753719918536e-01
2.857618295597315061e-01
2.853751061017968382e-01
2.850050243327648669e-01
2.846660475039661797e-01
2.843666116947753952e-01
2.841105083782526908e-01
2.838980927539862531e-01
2.837273071680790348e-01
2.835945217005819696e-01
2.834952029201358581e-01
2.834244275208042119e-01
2.833772606953366413e-01
2.833490202512178868e-01
2.853807846600466824e-01
2.870708607511620603e-01
2.884296207964804903e-01
2.894822382998920585e-01
2.902632076200974964e-01
2.908117447649885001e-01
2.911681726984642893e-01
2.913712799409930998e-01
2.914565583662171999e-01
2.842897556664703007e-01
2.855420391092271526e-01
2.866654834591024770e-01
2.876395402750329122e-01
2.884580303206552010e-01
2.891250178782847069e-01
2.896514114262611628e-01
2.829021331381182947e-01
2.773366144375295494e-01
2.728925323962589911e-01
2.694666194222741229e-01
2.649716879698227334e-01
2.616339810537979815e-01
2.592652813546232338e-01
2.576867116908541089e-01
2.567351032614109130e-01
2.633179461100749741e-01
2.619135280089746054e-01
2.678762942951604664e-01
2.728328912687874030e-01
2.768340951822492180e-01
2.799638437281917192e-01
2.823249120627913111e-01
2.840281118166847474e-01
2.851843789412540353e-01
2.858992155511008715e-01
2.862690321259762083e-01
2.863790015154303870e-01
2.863020894220789092e-01
2.860989717502506746e-01
2.858185906384231867e-01
2.854991399811686037e-01
2.921224451808026590e-01
2.905350933773196420e-01
2.959944979141988508e-01
3.003276421971563526e-01
3.036511963267776171e-01
3.060990338660443122e-01
3.078098611132560336e-01
3.089185018510831604e-01
3.095501007556868966e-01
3.098166088752754010e-01
3.120276208569747745e-01
3.136680775428744017e-01
3.125633768314615146e-01
3.114631268212011417e-01
3.104245541898105198e-01
3.094837793767066803e-01
3.108726946496218613e-01
3.097617748402641258e-01
3.110254116770041488e-01
3.120477003471497923e-01
3.128458441867392192e-01
3.134440251675292277e-01
3.138700949066366430e-01
3.141529623017815798e-01
3.143206634641557695e-01
3.143990492857962060e-01
3.144109957976852776e-01
3.143760305913756437e-01
3.143102705443476808e-01
3.165298308857789067e-01
3.183419609147895013e-01
3.174209132041077019e-01
3.189157402477060810e-01
3.200883784593153703e-01
3.209718561370165091e-01
3.216052167346701296e-01
3.196494269942631306e-01
3.179787975616126250e-01
3.165929370683424615e-01
3.154762636949961507e-01
3.146039041288066773e-01
3.139460382048679943e-01
3.134710225260370908e-01
3.131475716271623355e-01
3.106939977953029342e-01
3.109987321914393643e-01
3.113472789183007183e-01
3.117082990115260799e-01
3.120591913057471078e-01
3.123846419890907722e-01
3.126752473770757490e-01
3.129262456745389720e-01
3.131363841901657619e-01
3.133069380722122155e-01
3.134408865047608739e-01
3.135422434676391479e-01
3.136155332262520190e-01
3.206725055553329984e-01
3.264061393479091855e-01
3.309202400177861936e-01
3.343510215578058276e-01
3.368496715997175706e-01
3.385697466468629013e-01
3.396584525870112170e-01
3.402509842770062853e-01
3.404672264670030035e-01
3.404102377160134196e-01
3.401660428957005156e-01
3.398043482682799876e-01
3.393798681464519351e-01
3.320144686475554607e-01
3.258948638584893143e-01
3.279427032402228992e-01
3.228579465623182543e-01
3.188191199451040347e-01
3.157251186468716941e-01
3.134548105793069084e-01
3.118795662491968823e-01
3.108724782059966163e-01
3.103147149419229756e-01
3.100995032469178181e-01
3.101342311335149038e-01
3.103411274976533019e-01
3.084140853271819527e-01
3.069751642083842214e-01
3.059461755325878496e-01
3.052525922117337309e-01
3.070071344061053864e-01
3.085820595949086975e-01
3.099485457199033789e-01
3.110968819029089616e-01
3.120316058507910384e-01
3.127672039513846869e-01
3.133244592480719515e-01
3.137274829976248736e-01
3.140014163861963858e-01
3.141707494846974758e-01
3.142581784017017821e-01
3.142839087122657471e-01
3.142653113011366628e-01
3.142168426245313118e-01
3.141501519909726259e-01
3.140743112438757478e-01
3.139961153428683094e-01
3.139204145946306035e-01
3.138504500236731776e-01
3.137881723372488718e-01
3.137345321208493409e-01
3.136897344445805924e-01
3.136534551811560600e-01
3.136250192703413653e-01
3.136035431418799924e-01
3.135880447365051449e-01
3.135775252209924702e-01
3.135710267276925478e-01
3.135676703834060497e-01
3.135666786243784809e-01
3.135673854002469785e-01
3.135692374086955780e-01
3.135717890184628320e-01
3.135746930628964257e-01
3.065402081153740799e-01
3.007690888422316355e-01
2.961872855674856364e-01
2.926795606614229772e-01
2.879958867975016545e-01
2.845308911691171172e-01
2.820846433631853944e-01
2.824994127241142738e-01
2.811548608068714650e-01
2.873403876176567895e-01
2.926117863879051928e-01
2.969781553737600444e-01
3.026414823776888419e-01
3.050007858429042429e-01
3.088989135077542247e-01
3.096559272975447641e-01
3.030919669901224189e-01
3.044094211716250609e-01
3.054213409428516712e-01
3.061684400564665953e-01
3.088849561007449562e-01
3.110428794186121948e-01
3.126927122030680462e-01
3.138971887406669659e-01
3.147245674053027464e-01
3.152433475531468687e-01
3.155184094128169470e-01
3.133277925724380353e-01
3.114426819523714585e-01
3.098673661893880382e-01
3.085882094562841793e-01
3.006721706512647252e-01
3.033398233285442558e-01
3.057485210955122046e-01
3.078486738009691415e-01
3.096212794133492707e-01
3.110702723648997026e-01
3.122157097557143324e-01
3.130879677927633775e-01
3.137230211714758799e-01
3.141587878229825659e-01
3.144324532148536910e-01
3.145786456741870296e-01
3.146283146643504836e-01
3.146081624418273215e-01
3.145404902293840177e-01
3.144433377420792208e-01
3.143308155236956836e-01
3.142135502722869234e-01
3.211086630776653905e-01
3.267041116693365499e-01
3.241447904766074917e-01
3.218051597417768139e-01
3.197417966244029408e-01
3.179797396968107037e-01
3.165206313083117617e-01
3.130774889927969706e-01
3.103462325547172718e-01
3.082466571477247008e-01
3.066912399100518716e-01
3.055921008347028955e-01
3.048655395863395512e-01
3.044348420533495858e-01
3.042318525771472437e-01
2.973243140091843539e-01
2.917712553776405926e-01
2.874563829603777876e-01
2.842338339661230062e-01
2.819442686160678058e-01
2.804270848645389336e-01
2.795291911013211283e-01
2.791108371274053646e-01
2.790490273582515446e-01
2.792390288721371405e-01
2.776025700884681147e-01
2.784138654596528539e-01
2.792456483958432045e-01
2.800480622351080306e-01
2.807877274977290671e-01
2.814445908732832180e-01
2.800025794700036208e-01
2.808341684624329204e-01
2.815531571699980695e-01
2.821556444955874987e-01
2.826449921247080610e-01
2.830295087304968149e-01
2.833205452127192103e-01
2.765427083481559745e-01
2.709509143444428503e-01
2.664859569881075085e-01
2.630459395572743997e-01
2.605045024058674219e-01
2.587250726664562794e-01
2.575714330676850405e-01
2.569150735814478281e-01
2.566398656924524513e-01
2.566446076721300429e-01
2.568439532891129140e-01
2.571681749954892737e-01
2.575621400750534029e-01
2.579838043249960133e-01
2.495054940104675101e-01
2.426976310206967469e-01
2.444030009270456993e-01
2.461038375823747515e-01
2.407626803722811015e-01
2.365601227143767638e-01
2.333669000250739867e-01
2.310417558521309367e-01
2.294420030438661939e-01
2.284309897834491121e-01
2.278830770195399147e-01
2.276866362529141874e-01
2.277455004869581856e-01
2.279792394942705691e-01
2.283225774748396386e-01
2.217211034991197760e-01
2.234234234716925283e-01
2.250299164544491415e-01
2.264848008286557413e-01
2.277572818763515805e-01
2.288355814009301881e-01
2.297217728555407401e-01
2.304274541110142849e-01
2.309702338963814938e-01
2.313709708337527982e-01
2.316516819970715346e-01
2.318340274608736706e-01
2.319382752492256117e-01
2.319826548604504435e-01
2.319830150665262991e-01
2.319527113727668510e-01
2.319026591792530123e-01
2.318414994468331880e-01
2.317758339404307755e-01
2.317104965152556595e-01
2.316488352055023903e-01
2.315929869727293422e-01
2.315441328657437126e-01
2.315027260928030906e-01
2.314686892093495985e-01
2.314415794035549201e-01
2.314207228517197734e-01
2.314053204506494321e-01
2.313945280427287532e-01
2.313875146485036005e-01
2.313835023143091529e-01
2.243755964398308489e-01
2.256584895841442506e-01
2.268546478393846932e-01
2.279272455440324308e-01
2.288572224850207171e-01
2.226269961677598275e-01
2.175216497111616132e-01
2.134718234897177158e-01
2.103729697877556593e-01
2.081014854346723286e-01
2.065270833970027642e-01
2.055218152629367800e-01
2.049662391873816603e-01
2.032937720541363458e-01
2.021527105370222177e-01
2.014355612393996520e-01
2.010471229641976887e-01
2.009053977945396419e-01
2.009414663062503159e-01
2.010987510399890876e-01
2.013319357316449842e-01
1.947049720854672206e-01
1.893407741266077693e-01
1.851388177103945321e-01
1.819686211832569622e-01
1.796852053787507675e-01
1.781408240522228681e-01
1.771934329570235001e-01
1.767123937394465827e-01
1.765819096628096219e-01
1.767026681353722761e-01
1.769921254074904304e-01
1.703945644163071815e-01
1.651127645500096719e-01
1.610293482184073088e-01
1.579984318897234008e-01
1.558620591501356234e-01
1.544623696319844530e-01
1.536500842978771875e-01
1.532899409354340214e-01
1.532637044121580860e-01
1.534713273639531916e-01
1.538307662949627286e-01
1.542768782484349455e-01
1.547597428762963467e-01
1.552426793831114260e-01
1.557001606348902278e-01
1.561157692184511614e-01
1.564802927541191213e-01
1.567900178685790458e-01
1.570452530231758459e-01
1.572490887264839099e-01
1.574063883254492868e-01
1.575229923870575810e-01
1.576051135691802774e-01
1.576588958806706131e-01
1.576901115324251812e-01
1.577039695059994084e-01
1.506671850474410324e-01
1.448971725525305398e-01
1.403162005182392313e-01
1.368068494312737471e-01
1.342302448828371908e-01
1.324399831634985869e-01
1.242013929393224192e-01
1.177563000825823103e-01
1.129040196278865427e-01
1.094194377656225736e-01
9.994171408445051696e-02
9.267362026851966306e-02
8.733228779383273022e-02
7.591041623338301569e-02
6.732855730746312162e-02
6.114775584530041108e-02
5.694237485063458060e-02
4.729739584318259915e-02
4.018358835150670494e-02
3.519501637956201634e-02
3.194161577564824661e-02
3.006381231521748632e-02
2.223216744954448210e-02
1.645515515362094838e-02
1.241248332262667731e-02
9.790609510126779824e-03
8.296789426705419856e-03
7.667866995181737977e-03
6.453708728544338413e-04
-4.653444553655683436e-03
-1.550505304996363520e-02
-2.383853229295129772e-02
-2.997793013158633890e-02
-3.426542910770646877e-02
-3.703728124717819981e-02
-3.860763346628637294e-02
-3.953669498060374821e-02
-3.974306346488076791e-02
-3.942646400466442991e-02
-4.560868297104736513e-02
-5.029456065270943022e-02
-5.369865142493557286e-02
-5.603737270486885969e-02
-5.751623826016816210e-02
-5.832217674741979607e-02
-5.861949601908778007e-02
-5.854839596789940259e-02
-5.822521473787745094e-02
-5.774380992209082741e-02
-5.717763725895963489e-02
-6.358859025237562079e-02
-6.872559418487500515e-02
-7.270639528091815684e-02
-7.514692296714398090e-02
-7.733615858737263871e-02
-7.881670961944564624e-02
-7.917191334413464787e-02
-7.972979272534397310e-02
-7.994715702759913611e-02
-7.991462171059460218e-02
-7.970886811074429090e-02
-7.939279523050846166e-02
-7.202366923397618415e-02
-6.589554704812794483e-02
-6.797151614825014398e-02
-6.285142101430962747e-02
-5.878133689341491497e-02
-5.565905328470122093e-02
-5.336268362201801452e-02
-5.176324828055522964e-02
-5.109321560875268453e-02
-5.044561870830066574e-02
-5.050724226756320157e-02
-5.040590641923148318e-02
-4.372378636299734112e-02
-4.551717166528623792e-02
-4.007351059379016256e-02
-3.578056385218619795e-02
-3.252406747617930804e-02
-3.016700957729434585e-02
-2.856425173458299049e-02
-2.737537092573205655e-02
-2.671055742290850965e-02
-2.662869978517723446e-02
-2.660704550014769687e-02
-2.697532383897316421e-02
-2.744085544783292363e-02
-2.795020178540008615e-02
-2.846342764788012403e-02
-2.895226248495430532e-02
-2.939817552980783510e-02
-2.979048368909875677e-02
-3.012458483833579947e-02
-3.062118535675595332e-02
-3.102754011907737919e-02
-3.134833560564209698e-02
-3.159156028383347525e-02
-3.176714161705751494e-02
-3.165156559729176422e-02
-3.153376494067217095e-02
-3.142075918527575951e-02
-3.131706230781428069e-02
-3.145279337972106681e-02
-3.156047795136696088e-02
-3.164275893767198866e-02
-3.170284408423196254e-02
-3.174417722151812171e-02
-3.177018495492367478e-02
-3.178409491067202275e-02
-3.155560408285329466e-02
-2.407129800685336996e-02
-2.546386882077755764e-02
-2.676476069089139820e-02
-2.793310675769755669e-02
-2.158881375081600495e-02
-1.641050337234539747e-02
-1.969889340465380556e-02
-1.524305508731016445e-02
-1.163670826466600694e-02
-8.987031439270154465e-03
-7.053090340972678618e-03
-5.721334310399450729e-03
-4.880535656953233214e-03
-1.180358784669266470e-02
-1.029862843351980750e-02
-9.096753431480975038e-03
-8.109852436260389652e-03
-7.438437138619358180e-03
-6.916687996594061971e-03
-6.621718676222743127e-03
-6.409095821324761744e-03
-6.305603930779390964e-03
-6.328334378025601836e-03
-6.400153328200097747e-03
-6.455456631520695154e-03
-6.582115992074255573e-03
-6.713663055317287132e-03
-6.791833715419359763e-03
-6.918978959973287601e-03
-1.437218507844306714e-02
-1.314314771787006286e-02
-1.198132721302958004e-02
-1.092815089072884938e-02
-9.933467857019095959e-03
-1.810714283031256144e-03
4.763829644587547207e-03
9.927562472261897142e-03
1.384827677698852177e-02
1.670547406231381871e-02
1.867748061750695854e-02
1.993289466834613499e-02
2.062524521792341581e-02
2.787175938039654355e-02
3.345598455683029826e-02
4.466230220154132624e-02
5.333428952507746068e-02
5.280874232974941407e-02
5.173310936403741067e-02
5.033175692381441912e-02
4.178421212462302137e-02
4.148098502099162310e-02
4.115399028711430596e-02
4.111547037775942215e-02
4.104101866302656276e-02
4.065489432376589995e-02
4.771769677891923855e-02
5.352683793616352936e-02
5.814423377925526104e-02
6.885103257296809609e-02
7.731113948166679073e-02
8.374858960033915167e-02
8.843085189692834192e-02
9.164012738683369186e-02
9.365277410393280100e-02
1.018874897763157872e-01
1.152291915869920746e-01
1.254978616622846044e-01
1.330922491855228706e-01
1.384310504112342688e-01
1.419234086403422523e-01
1.510104063052239987e-01
1.576626362243986890e-01
1.634348000752108288e-01
1.661953396252353610e-01
1.676520347228127594e-01
1.681285724572534335e-01
1.749169375008505778e-01
1.729260979308462343e-01
1.707302922329956285e-01
1.755075324594941311e-01
1.790938863681337256e-01
1.816653189106496313e-01
1.833967814723813650e-01
1.844534924081848715e-01
1.849854247599658219e-01
1.851242535104198339e-01
1.919334120765161522e-01
1.972715306290762083e-01
2.013076186737130513e-01
2.042271059119802334e-01
2.062170853679146099e-01
2.089186228604813511e-01
2.107883224257260935e-01
2.119706957642837342e-01
2.126053142599224621e-01
2.113069074320823582e-01
2.114899465944897194e-01
2.114479537691382749e-01
2.112503516371164736e-01
2.109543261155606420e-01
2.106052775839470925e-01
2.188770848855439155e-01
2.256471500735666158e-01
2.309954738444386368e-01
2.350567819184012919e-01
2.379970918657379197e-01
2.399949115161752466e-01
2.412271543383672778e-01
2.490183980227604899e-01
2.550276046065187430e-01
2.594809194514462458e-01
2.626188730986311892e-01
2.646783011525259965e-01
2.658804914346903914e-01
2.664240962212625075e-01
2.735256522393898493e-01
2.789731199055198729e-01
2.809718082691268215e-01
2.752209378355148228e-01
2.701446672796952164e-01
2.726770272435983244e-01
2.746503447340793436e-01
2.761360984728662427e-01
2.772079407245224836e-01
2.779375073458785206e-01
2.783916503955123911e-01
2.786307249878248182e-01
2.787076649529691696e-01
2.806264181128661495e-01
2.821278581078026093e-01
2.832547411581909369e-01
2.840573568552549055e-01
2.845888325881533731e-01
2.849014384934338562e-01
2.780451154977234829e-01
2.723087950602904872e-01
2.747161459863911581e-01
2.768554509500775751e-01
2.786938088918451406e-01
2.802248437317165219e-01
2.814608064382113639e-01
2.754135019329058132e-01
2.723657163572807960e-01
2.699167731235332379e-01
2.680229400697222708e-01
2.666227847810223039e-01
2.656455080216928444e-01
2.650176922185816242e-01
2.646683480532345811e-01
2.717787017778265923e-01
2.777000203860433558e-01
2.824796800441722322e-01
2.883381797937425439e-01
2.907706778897976019e-01
2.946064838329829350e-01
2.974514818773013047e-01
3.066900769245641811e-01
3.139001073803413533e-01
3.193110486492041211e-01
3.231807748659820678e-01
3.257721034371048319e-01
3.273365308262659035e-01
3.281038169812184879e-01
3.282761232802504647e-01
3.280255551498747479e-01
3.274941418509229596e-01
3.267954680947198209e-01
3.260173390209819555e-01
3.252250054473357910e-01
3.244645989333905245e-01
3.237665271207983420e-01
3.302964427993868579e-01
3.355834420155483500e-01
3.397314650167084782e-01
3.428721478898888453e-01
3.451491894135769734e-01
3.396458773999682101e-01
3.348356210519523035e-01
3.307629008238652801e-01
3.274202756711281914e-01
3.247640532542226399e-01
3.227273477400549595e-01
3.212305588024497727e-01
3.201894378354945836e-01
3.195209993533820736e-01
3.191475870040241247e-01
3.189994206727255754e-01
3.166613217491442978e-01
3.172190022351555339e-01
3.178209033215477763e-01
3.184221090722250125e-01
3.189912061442550240e-01
3.195079044398185797e-01
3.199607832636841565e-01
3.203452386114835626e-01
3.206616792703851360e-01
3.209139944086785157e-01
3.211082947923982189e-01
3.212519143037901870e-01
3.213526479389186008e-01
3.285735393062443332e-01
3.344317606555591293e-01
3.390373002627533605e-01
3.425322644552830642e-01
3.450732024957634536e-01
3.468183994192441943e-01
3.479191340784142383e-01
3.485140397662871425e-01
3.487258483650521601e-01
3.486599279896103187e-01
3.413501942752537044e-01
3.351821745431391442e-01
3.372487018563605776e-01
3.390781966490954424e-01
3.406462234016187640e-01
3.419496804870416629e-01
3.430003992276786651e-01
3.438199336952667551e-01
3.514730554882725677e-01
3.506280676060651302e-01
3.567364748222694448e-01
3.615518994954185494e-01
3.652185287978495509e-01
3.678961038017156682e-01
3.697467488609398334e-01
3.709258870486704662e-01
3.715763446116431279e-01
3.718249047896480253e-01
3.717807084952440277e-01
3.715350129989394290e-01
3.711619127323957379e-01
3.707197031068127924e-01
3.702526328925426213e-01
3.697928460860617772e-01
3.693623620104917737e-01
3.689749835326081584e-01
3.686380581507815446e-01
3.683540455728857577e-01
3.681218685481784103e-01
3.609862194347450703e-01
3.577512368329234249e-01
3.526081247698795718e-01
3.486054879433075904e-01
3.526703817621656967e-01
3.492516072304425734e-01
3.536696915076276149e-01
3.574755971796470533e-01
3.606564227556723345e-01
3.632364197932111960e-01
3.652639828127266508e-01
3.668015581585040152e-01
3.679180360653748760e-01
3.686832034977534089e-01
3.691638735336784105e-01
3.694213537259265490e-01
3.695099627101188222e-01
3.694763478877300944e-01
3.762640057079922329e-01
3.817117137483225786e-01
3.887410798174253390e-01
3.942576490514413390e-01
3.955330387488062982e-01
3.961388806406214158e-01
3.991247468873313498e-01
3.983544202451712035e-01
3.973951112872826652e-01
3.963559792415438654e-01
4.021058434029569639e-01
4.066297879492104528e-01
4.100718077263689754e-01
4.125867521799648774e-01
4.143289427788527934e-01
4.154446035669092652e-01
4.160671184244042475e-01
4.163143758204435052e-01
4.162876462981506265e-01
4.227062722488397206e-01
4.277668570856649755e-01
4.250395586382655910e-01
4.224793172784120365e-01
4.267839752391089370e-01
4.301696057870747492e-01
4.327400619831898165e-01
4.346098020743192070e-01
4.358946876710427798e-01
4.367055989509229796e-01
4.371442760651131909e-01
4.307457988912490876e-01
4.253110065688916475e-01
4.208383255875633999e-01
4.239120906049176352e-01
4.265978352379569127e-01
4.288720978385358595e-01
4.307405148141232321e-01
4.352777862551751031e-01
4.323135194416753979e-01
4.363937540116995528e-01
4.329818254634028030e-01
4.367625430229129524e-01
4.330800604160123246e-01
4.366953346057029783e-01
4.328799296352510151e-01
4.296575321118059065e-01
4.270225789687045470e-01
4.249390125121723649e-01
4.264475039912989374e-01
4.278376717268195240e-01
4.259250176834452617e-01
4.244110846531101711e-01
4.232540439428444934e-01
4.155370567257654635e-01
4.093226850811420015e-01
4.044864167092605545e-01
4.008674435491079713e-01
3.982885028424765217e-01
3.965705605192364480e-01
3.955430698624202712e-01
4.019902043666190306e-01
4.075356011741217976e-01
4.121645522533385897e-01
4.159153741501864232e-01
4.188605711605111193e-01
4.278766203064987561e-01
4.349921586387277550e-01
4.404234577337782230e-01
4.444065660044351773e-01
4.471788663334639313e-01
4.489666874419280251e-01
4.499774391162980614e-01
4.570009983101797069e-01
4.623512898300445872e-01
4.662656125586794875e-01
4.689815521663416309e-01
4.707248687858096581e-01
4.717018892159117183e-01
4.720952201547459204e-01
4.720618937348677324e-01
4.717332718729796426e-01
4.712161898904976276e-01
4.705949314958168817e-01
4.699337118016349013e-01
4.692794130026907151e-01
4.621332701361171580e-01
4.562028920717899894e-01
4.514394689566014751e-01
4.477464666557433581e-01
4.449987117677847159e-01
4.430576671046149162e-01
4.417830204233310631e-01
4.379049252307314344e-01
4.283974939277046534e-01
4.209657571540676990e-01
4.250319976960315049e-01
4.288994700230106538e-01
4.324244847548102122e-01
4.355241046816924477e-01
4.381626709189618829e-01
4.403397003578171098e-01
4.420794191586128186e-01
4.434220440340144176e-01
4.412610508884831084e-01
4.425306438242997409e-01
4.435228440016605322e-01
4.442690796876609394e-01
4.448042523512893975e-01
4.451638870164209560e-01
4.453820784937225774e-01
4.454901162799891345e-01
4.489633485767778875e-01
4.548873467195584386e-01
4.596023616705067205e-01
4.566850921724796564e-01
4.605775309598971745e-01
4.570272474232934812e-01
4.571306441133362597e-01
4.538396746898618606e-01
4.510549860516734899e-01
4.487713513587905378e-01
4.469581006843308391e-01
4.455685959088555581e-01
4.445476854280590029e-01
4.438373253942802243e-01
4.433806151109278559e-01
4.431245148965914371e-01
4.363240861374535484e-01
4.308318179573635831e-01
4.265471417807120691e-01
4.301099922720073021e-01
4.265933334413782863e-01
4.306872484765413844e-01
4.342621169907521228e-01
4.305576546836114016e-01
4.275400510246327723e-01
4.319260916448117715e-01
4.356372498901091017e-01
4.386845116627247076e-01
4.411106317283941536e-01
4.429779149237187408e-01
4.443588628450338973e-01
4.421712872666261340e-01
4.433768510448221623e-01
4.442792598241800395e-01
4.417794602741866861e-01
4.427758018893539482e-01
4.435651330824430527e-01
4.441682669597237787e-01
4.446094706143026709e-01
4.449142316887004789e-01
4.451075849164223275e-01
4.452129358806684589e-01
4.452513088707898969e-01
4.452409411015048057e-01
4.451971466176987136e-01
4.451323788511116764e-01
4.418966601371669967e-01
4.392668219336441915e-01
4.371910139778500959e-01
4.356049290607666435e-01
4.278635848557472698e-01
4.216628811550668932e-01
4.168602889677148760e-01
4.132842513800720763e-01
4.107513973535390495e-01
4.090793380915336286e-01
4.080956961231170244e-01
4.076440013218023406e-01
4.075870549228255424e-01
4.078083160951966324e-01
4.082118087590902444e-01
4.087209821286146294e-01
4.092768903034482708e-01
4.098359877358890291e-01
4.103677719426968018e-01
4.108524451542483469e-01
4.112787145551872747e-01
4.116418073034169289e-01
4.119417417366246781e-01
4.121818695885437478e-01
4.123676847410935320e-01
4.125058809278443483e-01
4.126036327198061571e-01
4.126680699583813450e-01
4.127059145586855493e-01
4.098162196449797179e-01
4.103471093438051387e-01
4.108325439678004454e-01
4.112607771520861988e-01
4.116265628997224368e-01
4.119295007017880206e-01
4.121726150904392316e-01
4.123611739223040917e-01
4.125017377793442908e-01
4.126014234746135934e-01
4.126673581877429164e-01
4.089117500867227584e-01
4.125788123957629949e-01
4.156703235758520965e-01
4.181912509137488687e-01
4.201763888667242597e-01
4.216797121526529857e-01
4.227655895416453369e-01
4.235019517304534631e-01
4.208949934736805343e-01
4.186553707578219985e-01
4.167864466515507349e-01
4.152707166889695323e-01
4.140777269625783852e-01
4.131698933397014439e-01
4.125066936914012494e-01
4.120476156598664730e-01
4.117541576562258054e-01
4.115911109877123941e-01
4.115272977227077966e-01
4.115358997512561512e-01
4.115944860199265420e-01
4.116848238318049358e-01
4.117925438173581920e-01
4.119067149069213229e-01
4.120193742766871114e-01
4.121250472299460288e-01
4.055213294060737717e-01
4.000993307450122494e-01
3.957928037171600799e-01
3.924957184995891968e-01
3.900796278002243156e-01
3.884073040751299111e-01
3.873428753571954708e-01
3.867588644761192906e-01
3.769659971440100232e-01
3.719092664307726004e-01
3.723426628165826813e-01
3.689526906492730518e-01
3.707128521863571891e-01
3.656993872768676823e-01
3.712951223339415741e-01
3.667466303512396664e-01
3.631879838616152156e-01
3.605021512437025510e-01
3.585626579577227968e-01
3.572430584441657064e-01
3.564234091397497917e-01
3.559944017932750171e-01
3.558597004177583845e-01
3.559369264056762017e-01
3.561576544826674517e-01
3.564667144485624828e-01
3.568210368189110859e-01
3.571882319307730924e-01
3.575450500919110652e-01
3.578758339654133369e-01
3.513526250085479141e-01
3.460101109874089698e-01
3.417771515927643389e-01
3.385447309835805108e-01
3.337832030477474454e-01
3.302355365679310317e-01
3.277085856490808968e-01
3.260167910335007857e-01
3.272946444825515222e-01
3.263505822711516569e-01
3.258235318530062763e-01
3.256124496046106653e-01
3.188326945155113279e-01
3.134432843437777727e-01
3.093069320862427141e-01
3.062623912131350323e-01
3.041398620353779059e-01
3.027723353690130459e-01
3.020034636165416231e-01
3.016925572785666976e-01
3.017172821739593225e-01
3.019745879919641940e-01
3.023803396336046667e-01
3.097409898524277061e-01
3.158525117352450895e-01
3.207757528949934933e-01
3.246156146705625467e-01
3.275016554468883623e-01
3.295736132898992032e-01
3.309709881114533125e-01
3.318258962401270384e-01
3.322585099736929948e-01
3.323744972900666284e-01
3.322639716342601357e-01
3.320015453937266159e-01
3.316471536342904258e-01
3.312473783028957453e-01
3.217835877081216545e-01
3.162593477398820685e-01
3.118668730511873211e-01
3.084995635269180969e-01
3.060283736675635247e-01
3.043151036046560787e-01
3.032224608339697536e-01
3.026211889412486755e-01
3.023946701047446339e-01
3.024414596852389447e-01
3.026762137458234303e-01
3.008881885076937213e-01
2.995722331304331298e-01
3.007532114346906926e-01
3.018680264226862864e-01
3.028781664247137684e-01
3.037619852961672695e-01
3.023671857616458958e-01
3.012408717182988305e-01
3.003584004695225573e-01
2.996901762957666637e-01
2.992048108262996831e-01
2.988712920156675334e-01
2.986604159899490796e-01
2.985456731797224705e-01
2.985037317310565985e-01
2.917777054827621619e-01
2.862978728847760390e-01
2.819776465479264527e-01
2.786956560602498190e-01
2.763122457246343089e-01
2.678408114255614869e-01
2.593751290144512556e-01
2.529543961651001815e-01
2.482808923339374640e-01
2.467695960994495952e-01
2.461027318407471576e-01
2.460652035329753407e-01
2.464718416580682359e-01
2.471685091829936010e-01
2.480313267802942701e-01
2.489644938741579772e-01
2.498971853261420240e-01
2.438338651991571737e-01
2.389411667552845397e-01
2.421079449141583240e-01
2.449558721456388533e-01
2.404683206032367515e-01
2.438340481223593148e-01
2.467271060413396278e-01
2.491385362147136018e-01
2.441420641433389438e-01
2.469444938882072726e-01
2.492812730919216069e-01
2.511710818976271575e-01
2.457142723114651428e-01
2.411529643100558395e-01
2.374577110297793059e-01
2.345620959997467558e-01
2.323773250780520883e-01
2.308036930909047602e-01
2.297392085868126266e-01
2.290857442418192669e-01
2.287531159840576755e-01
2.286614927313759260e-01
2.287425124258906095e-01
2.219256603967323382e-01
2.164466138920779770e-01
2.121921637873120936e-01
2.105271371749639631e-01
2.079844620212851769e-01
2.062318069188313618e-01
2.051212013603196382e-01
2.045154790091945340e-01
2.042925123522858488e-01
2.043472159625716600e-01
2.045919484504987729e-01
2.049558221069607278e-01
2.053833177890291850e-01
2.058325065443633584e-01
2.062730999837147916e-01
2.066844874114195374e-01
1.999757203758572022e-01
1.944990625738873824e-01
1.888118710389299348e-01
1.844591917571503092e-01
1.812513816354350826e-01
1.789992739167309832e-01
1.705351635155571977e-01
1.639690434756120307e-01
1.590640535328460281e-01
1.555703039200151405e-01
1.532413283600866372e-01
1.518453753547381879e-01
1.511726130108368427e-01
1.510391435649796055e-01
1.583044573247096576e-01
1.645327933319793434e-01
1.627157769008851229e-01
1.681794199345889584e-01
1.644773943699349150e-01
1.625034657515838088e-01
1.597379894707682269e-01
1.575231887200565506e-01
1.558033154454523395e-01
1.545146211603445341e-01
1.546616230794228830e-01
1.549149992769276452e-01
1.552302430966157054e-01
1.544833569456325328e-01
1.550204025273556052e-01
1.555291059314283242e-01
1.559910508657542660e-01
1.563957317384863099e-01
1.567388285130355552e-01
1.570206250917089985e-01
1.572446249537602370e-01
1.574163916543500630e-01
1.575426190847573071e-01
1.576304192933857262e-01
1.506349727885725187e-01
1.519583001968427549e-01
1.461153536231918348e-01
1.414202495775045421e-01
1.377741375134617918e-01
1.350521015776195988e-01
1.331178494158398173e-01
1.247410411518929951e-01
1.110563842866725270e-01
1.002613746857994315e-01
9.140232456455499310e-02
8.498886559697882426e-02
7.355035864760983699e-02
5.801931214320088515e-02
4.626646957629354517e-02
3.774365072813967714e-02
3.190461442853331775e-02
2.122294784283140778e-02
1.352138772460498295e-02
1.283209896791870364e-03
-6.636744107462178022e-04
-8.154318788911485427e-03
-1.331512491387987218e-02
-1.658136965465373258e-02
-2.537885719055843481e-02
-3.176180827640728843e-02
-3.612649709702275835e-02
-3.885533356959736118e-02
-4.030084024437496915e-02
-4.077617261393640113e-02
-4.055060970405399701e-02
-3.984870662170947320e-02
-3.885203610649368144e-02
-3.770264935174116872e-02
-3.650756247783593089e-02
-3.534372895272808179e-02
-3.426309259978865818e-02
-4.032978637690720625e-02
-4.523929508539570321e-02
-4.908435715064873861e-02
-5.198580062602164986e-02
-5.407752082911887470e-02
-5.549539241636658460e-02
-6.338552829439070280e-02
-6.956253684773550106e-02
-6.721638418716824326e-02
-6.485160745835960583e-02
-6.259850079393802780e-02
-6.097020764197491616e-02
-5.906988965497950161e-02
-5.744711413997349858e-02
-5.610314039418518028e-02
-5.502392067305961199e-02
-5.418563272333631886e-02
-5.355899198504343595e-02
-6.013508093290509393e-02
-5.855156807769557048e-02
-5.717558108787201832e-02
-5.601646474606036818e-02
-5.506933219266851864e-02
-5.431964733696936776e-02
-5.374691531170405767e-02
-5.332756299425733815e-02
-5.303710711115039445e-02
-5.285171365224927698e-02
-5.274925175323441628e-02
-4.601146749242190914e-02
-4.758674300679799352e-02
-4.871543910733588945e-02
-4.266262150600974579e-02
-3.780428060328344664e-02
-3.403144594173324045e-02
-3.143253231759723931e-02
-2.957821143511774054e-02
-2.834761586134781908e-02
-2.762157399139697489e-02
-2.709342207815668147e-02
-2.708914628180636441e-02
-2.728884983771950878e-02
-2.762090780270920476e-02
-2.802791968254769728e-02
-2.826177805050344993e-02
-2.873207846306646829e-02
-2.917670142609729567e-02
-2.957989686807827034e-02
-2.993282839913424809e-02
-3.023198928034998012e-02
-3.047779554864304963e-02
-3.067338310252076816e-02
-3.082361645896369851e-02
-3.093430213120451633e-02
-3.123682228125224114e-02
-3.147389132634725861e-02
-3.142140401609139211e-02
-3.135933963907189259e-02
-3.129397466650885029e-02
-3.122980438498790257e-02
-2.394320829678298068e-02
-1.799895731532186183e-02
-1.329984324629829295e-02
-9.712834842289685966e-03
-7.087232947033283992e-03
-5.268024957626238347e-03
-4.105288786714345051e-03
-3.460423626120867624e-03
-3.209889289200074103e-03
-3.247037467218882867e-03
-3.482525728222718442e-03
-3.843721386370235749e-03
-4.273427691113163007e-03
-4.728198540951966677e-03
-5.176449532401816711e-03
-5.596522238781265202e-03
1.231135174345698857e-03
6.790978603795183588e-03
1.117439938928743715e-02
1.450731045872077907e-02
1.693292074796981517e-02
1.859885974083397286e-02
2.685203500680755084e-02
3.330080450317685070e-02
3.815335766176763954e-02
4.163905386901700645e-02
4.398966072162302510e-02
4.542630459495056172e-02
4.615102929314640612e-02
5.353207934571257987e-02
5.921273547900240963e-02
6.341092089833377798e-02
7.352922864579269913e-02
8.129968630463446644e-02
8.702845283711857505e-02
9.103600648320608890e-02
9.363558293455520598e-02
9.511885822780130617e-02
9.574726107474917924e-02
9.574755132910572897e-02
9.531054456260501517e-02
9.459207482485099128e-02
9.371546651190731936e-02
9.991609784065014210e-02
1.048107539803508903e-01
1.085393031572332578e-01
1.112604219805752859e-01
1.131374286546402708e-01
1.143282698078658122e-01
1.149788783298641981e-01
1.152191943696103671e-01
1.151612311769354413e-01
1.220058652151834178e-01
1.274142674707940959e-01
1.244490313044472884e-01
1.287670606337791845e-01
1.320633282227505756e-01
1.344754274076314093e-01
1.361454948973752632e-01
1.372113558479532980e-01
1.378006226941259627e-01
1.450915265260253051e-01
1.508154779015140612e-01
1.551494589249906575e-01
1.582894392959515173e-01
1.604341671732911756e-01
1.617739066702035267e-01
1.624831180147918719e-01
1.627162059713129771e-01
1.626055954908700585e-01
1.622615172273478290e-01
1.617729955677542630e-01
1.682236996137307372e-01
1.733594815745311823e-01
1.785715443310249562e-01
1.825719296866010755e-01
1.855045936995816103e-01
1.875289205442827178e-01
1.888067913703543876e-01
1.894929025210623230e-01
1.968618149248138050e-01
1.940683467460406764e-01
1.998900221629571483e-01
2.043876438152889552e-01
2.077246909978638367e-01
2.100767896814961233e-01
2.116185735661859635e-01
2.125146278119276477e-01
2.113973903490131701e-01
2.117050501096517934e-01
2.102374541919600492e-01
2.088659125749250389e-01
2.076323639629378270e-01
2.080173652075896218e-01
2.068336670116119880e-01
2.127499942248562981e-01
2.190770734805160824e-01
2.172102884747117990e-01
2.224102642503771321e-01
2.265204732502370533e-01
2.296499930784889898e-01
2.319276174362450149e-01
2.334891150713758190e-01
2.344677939108112952e-01
2.349879844730902168e-01
2.351609736160464870e-01
2.350828970169343002e-01
2.348341202660158000e-01
2.344796880400463746e-01
2.340704849501893392e-01
2.336448200721319424e-01
2.332302128800920471e-01
2.328452171405757110e-01
2.325011692607028557e-01
2.322037881343421706e-01
2.336187404966409975e-01
2.347906479357122489e-01
2.357285312908590225e-01
2.364513735642101988e-01
2.369843172146348653e-01
2.373554932430759212e-01
2.447520878803872701e-01
2.507224683772757423e-01
2.553825366155224597e-01
2.659708226741563930e-01
2.742316682335739220e-01
2.804452881560204336e-01
2.849141244113180260e-01
2.879390696408219430e-01
2.898038428729268201e-01
2.907654713721246065e-01
2.889809113369372628e-01
2.871131138511946457e-01
2.852863904349083324e-01
2.903941399507581345e-01
2.943855347329862315e-01
2.974022457583853640e-01
2.995903188410875551e-01
3.010918343102826356e-01
3.020394599830065196e-01
3.046582926127205937e-01
3.065876699549445750e-01
3.079283262513343722e-01
3.087827410713370746e-01
3.160830938709049409e-01
3.218420288765053705e-01
3.194035586723751319e-01
3.238398594153151233e-01
3.203625583209435135e-01
3.171904158103997506e-01
3.144001566417569116e-01
3.120248754905092792e-01
3.100653213863036051e-01
3.084996405878905890e-01
3.072914491338090137e-01
3.132722896281727731e-01
3.182388716201356438e-01
3.245315134710611282e-01
3.272465112006937016e-01
3.315508383488001698e-01
3.348337745260747678e-01
3.372239956977847175e-01
3.388602357333450055e-01
3.398808586234427498e-01
3.473137229140035309e-01
3.531004900478840192e-01
3.574370941342603913e-01
3.605373748684468360e-01
3.626155106832897879e-01
3.638741987692160063e-01
3.644973128546555863e-01
3.714191594834121979e-01
3.767346922974201817e-01
3.806602721851981563e-01
3.834177469401387484e-01
3.852211046465068289e-01
3.862679228138286014e-01
3.867343849954105739e-01
3.867729153773096229e-01
3.865117016093773117e-01
3.860555427306571197e-01
3.854875845020913072e-01
3.848716007564803032e-01
3.842545557980239224e-01
3.836692456327557288e-01
3.897936090043865320e-01
3.975161896940275774e-01
3.942616533959735214e-01
3.979575268496537976e-01
4.007905982498034536e-01
4.057027429931245877e-01
4.095097125511324432e-01
4.123378218240658644e-01
4.114188486225052177e-01
4.132338375392496932e-01
4.144677666563618690e-01
4.218721239901213060e-01
4.210567126263828897e-01
4.200379304066141906e-01
4.189308978020873653e-01
4.178209600924018829e-01
4.234268968277661305e-01
4.278901828622236891e-01
4.313260453113654247e-01
4.338687303348487401e-01
4.356582038085528019e-01
4.368309079792322969e-01
4.440366154499331142e-01
4.496363883931155936e-01
4.538336837969687565e-01
4.568414205495965330e-01
4.588679719494321851e-01
4.601080186290189555e-01
4.607370103802097550e-01
4.609082851642847256e-01
4.607521231657751848e-01
4.603761825985406286e-01
4.598668872864295487e-01
4.592914281530906528e-01
4.618817802269701289e-01
4.607233820717810957e-01
4.628540487701389150e-01
4.645309412129436932e-01
4.657987255140663141e-01
4.667111136719821474e-01
4.673253352132393790e-01
4.676979053354144433e-01
4.678816373530889638e-01
4.679237546050338814e-01
4.678649067710085596e-01
4.710653563794848786e-01
4.702861031544853798e-01
4.695311457013480183e-01
4.688333739130678968e-01
4.715452620163904651e-01
4.803309377711197925e-01
4.874367698777339886e-01
4.929925932248289122e-01
4.971728802959636262e-01
5.066398969761496396e-01
5.138940984774074128e-01
5.192373358072064349e-01
5.229785286976007530e-01
5.317070545488524758e-01
5.381959945514376287e-01
5.428050147685319349e-01
5.458773199115665165e-01
5.477274351387424467e-01
5.486346495616345464e-01
5.488403026453876343e-01
5.485476749842730371e-01
5.479236317684914592e-01
5.471014160892537781e-01
5.461841487784793170e-01
5.489990149286874122e-01
5.511918153960921885e-01
5.528290394158748011e-01
5.539875482699077036e-01
5.547475972982960357e-01
5.551874549088846589e-01
5.553795991971839374e-01
5.515231150454136255e-01
5.521060370466015499e-01
5.487268552405826227e-01
5.497610352803357081e-01
5.506546323021994649e-01
5.514027509123258231e-01
5.520096515703696305e-01
5.524858163515520282e-01
5.528455334968416235e-01
5.531049871462483392e-01
5.532808129913138195e-01
5.533890638741598700e-01
5.534445209979335090e-01
5.534602848413643361e-01
5.534475832071770185e-01
5.534157402807320381e-01
5.533722586292102452e-01
5.572147320539493354e-01
5.603792212480960266e-01
5.628971976705019475e-01
5.648257332450787871e-01
5.622327484500908579e-01
5.599494339055712810e-01
5.619520747984820819e-01
5.595960350739859201e-01
5.615627844299213578e-01
5.631727052861910110e-01
5.707506703813540749e-01
5.728097529930653575e-01
5.742515205149294477e-01
5.690337678864789694e-01
5.645650544755207445e-01
5.608497946025290393e-01
5.578524029352689428e-01
5.555112045915973074e-01
5.537493997308520211e-01
5.524834802334650519e-01
5.516294727721744451e-01
5.511073573336073839e-01
5.508439839051566533e-01
5.507747823941226972e-01
5.508445315278340804e-01
5.572456089521520273e-01
5.625272183536065285e-01
5.605894517959415513e-01
5.650219449252988912e-01
5.685346394748074239e-01
5.712260781654665553e-01
5.732071282893965725e-01
5.745914145130643913e-01
5.693819282034915386e-01
5.648743393286803638e-01
5.610963473335393026e-01
5.642255163349816360e-01
5.607042196052773875e-01
5.578380156277469304e-01
5.617973151006734334e-01
5.651541177559473716e-01
5.679162017840615473e-01
5.639704378833105824e-01
5.606352050912208895e-01
5.579033308564353977e-01
5.619517575859993563e-01
5.653617069699150566e-01
5.681494288482784594e-01
5.703591080542824709e-01
5.720516938779909299e-01
5.732964562426945410e-01
5.741648029799196751e-01
5.747259319405699785e-01
5.750439447860611342e-01
5.751761037303828594e-01
5.812336497425975024e-01
5.800305566484501574e-01
5.788404780800417981e-01
5.817002249708028705e-01
5.799562754447056268e-01
5.783939214413416074e-01
5.770406317527037032e-01
5.759043416754677791e-01
5.749790342460391335e-01
5.742493469344326362e-01
5.736942548324112101e-01
5.732899189052055311e-01
5.730118066160636570e-01
5.728361980344468529e-01
5.727411878595016770e-01
5.727072858819478585e-01
5.727177075680015550e-01
5.727584342649771898e-01
5.728181100727077757e-01
5.667628608851249528e-01
5.617956537587192045e-01
5.578556369589235953e-01
5.509998204382098308e-01
5.457084392764106617e-01
5.455375348813020775e-01
5.458101231028207323e-01
5.463795736425660632e-01
5.471269355399241974e-01
5.479591896218853897e-01
5.387152944152613365e-01
5.350422958442739851e-01
5.323108930484059531e-01
5.266544587414532241e-01
5.223853517064407370e-01
5.193011361964163797e-01
5.208434085381410394e-01
5.225179964720008119e-01
5.205084597489053611e-01
5.190898235158416529e-01
5.181541243570451094e-01
5.176015514597172018e-01
5.173432006456122334e-01
5.173023042475533018e-01
5.174144167846888021e-01
5.176269086623039861e-01
5.178980241909172388e-01
5.181956897904262949e-01
5.184962067668048569e-01
5.187829250427407057e-01
5.190449656166455927e-01
5.192760375251006533e-01
5.194733778940452407e-01
5.196368301727409822e-01
5.197680651672800245e-01
5.162714700386605848e-01
5.134388491380652564e-01
5.112109059792937504e-01
5.095157097999523099e-01
5.082765543148726195e-01
5.074173445679321937e-01
5.068661630170749888e-01
5.065574961472254500e-01
5.064334749728678364e-01
5.001966277068194966e-01
4.951619856335824910e-01
4.912356793448207082e-01
4.916922258014164715e-01
4.923900989098450864e-01
4.897721642515824314e-01
4.878329815329582875e-01
4.864686794812662640e-01
4.855760411545593236e-01
4.850581513669947054e-01
4.848278155030787406e-01
4.848093018759467299e-01
4.849388738571156487e-01
4.787454886094610895e-01
4.737556388170847121e-01
4.698728455592522391e-01
4.669704737497513136e-01
4.649073858811980653e-01
4.635398870547573491e-01
4.594872602397410688e-01
4.499847283782814067e-01
4.425633356915614769e-01
4.369755659619356525e-01
4.329536692913393825e-01
4.302301902856171534e-01
4.285518436582012036e-01
4.247151842154659462e-01
4.250060953155112564e-01
4.162227211343132449e-01
4.159774561903568646e-01
4.162609639793120042e-01
4.132540378650118029e-01
4.176651453854340890e-01
4.121682898897678360e-01
4.078715761751940949e-01
4.046344205925000992e-01
4.023036312462042741e-01
4.007253589478585454e-01
3.997533304528182452e-01
3.992541333107975099e-01
3.991102154925618706e-01
3.992211590931047382e-01
3.995036927936648219e-01
3.998908240151837212e-01
4.003303982692574259e-01
4.007833290485882660e-01
4.012216857903199152e-01
4.016267793728727220e-01
4.019873438450816128e-01
4.022978792655984570e-01
4.025571932284721655e-01
4.027671573418085682e-01
4.029316789777082075e-01
4.030558773117964844e-01
4.031454452707858849e-01
4.032061747639583693e-01
4.032436207890353064e-01
4.032628800435045235e-01
4.032684609930676789e-01
4.032642244949089516e-01
4.032533766809689446e-01
4.032384985957973011e-01
3.966373420400755023e-01
3.912125654791045459e-01
3.896289306697939825e-01
3.858044658227952617e-01
3.856247388615878791e-01
3.762450984526639619e-01
3.687960403693431033e-01
3.630930755311203573e-01
3.589115672223455178e-01
3.560121510391032196e-01
3.516480841199258744e-01
3.486091515390881135e-01
3.398853007392472758e-01
3.332497032285239857e-01
3.284073732643784105e-01
3.250616052194827965e-01
3.252127454095445902e-01
3.190411670680304290e-01
3.190390425888220971e-01
3.126925727230058794e-01
3.079370412605753060e-01
3.067206027686233405e-01
3.040336739281608303e-01
3.044607246885682184e-01
3.052398466196890592e-01
3.062260649551187264e-01
2.980850063237774350e-01
2.937859812776966173e-01
2.905842441555348543e-01
2.862286729924985451e-01
2.830729964603424520e-01
2.738607867286733111e-01
2.667474049162430472e-01
2.614671037533018438e-01
2.577383408096129980e-01
2.464060403276855382e-01
2.395200244576785042e-01
2.345709396364066279e-01
2.295719277297572081e-01
2.278573684185429826e-01
2.271344901319534149e-01
2.271448720732871518e-01
2.276683243939450207e-01
2.268715408273958012e-01
2.265641588056994671e-01
2.266088850072569549e-01
2.268935781589558331e-01
2.273289333862431594e-01
2.278457339760828759e-01
2.283919992240122099e-01
2.219382186028620030e-01
2.167181037116434617e-01
2.126323190471151037e-01
2.025002897673735536e-01
1.944910051756103542e-01
1.883902460922866062e-01
1.839465228424272958e-01
1.808956080424086732e-01
1.789785525223659413e-01
1.779540538775470360e-01
1.776061487260771621e-01
1.777481947227885772e-01
1.782240381599662360e-01
1.789071565801538810e-01
1.725425548663959141e-01
1.663043019728975835e-01
1.627079275193352714e-01
1.589726551340151506e-01
1.574459428155146057e-01
1.565799180994889017e-01
1.562225381958672887e-01
1.490546678898965194e-01
1.506416710056333041e-01
1.450999891718300905e-01
1.408306603733933127e-01
1.376774950585633039e-01
1.354712672690683295e-01
1.330713976288393496e-01
1.243148515571914636e-01
1.175607030488876603e-01
1.125405203414697741e-01
1.169371045375824369e-01
1.210978713291415154e-01
1.248753004139604439e-01
1.200846334881444655e-01
1.243377788033237508e-01
1.280088405053847467e-01
1.310779602613887374e-01
1.254045691012954933e-01
1.288158214552572733e-01
1.307098495556520135e-01
1.259659755430582173e-01
1.211132700498496195e-01
1.252732720278635359e-01
1.288290543333896476e-01
1.245429685007575227e-01
1.209687383064552701e-01
1.180828857134053056e-01
1.085409372180325960e-01
9.287068541353460382e-02
8.051719929366796258e-02
6.387279302068082920e-02
5.110125784422803186e-02
4.167800555335032797e-02
2.786801452116227651e-02
1.767877415674612429e-02
1.046046666910505074e-02
-1.287253286888612180e-03
-1.674107004425295919e-02
-2.811954526180460157e-02
-3.610234606665452262e-02
-4.132753281572343340e-02
-5.136119790509319216e-02
-5.843795455056199906e-02
-6.309407830490565416e-02
-6.628779431845832626e-02
-6.745778828898685298e-02
-6.752721660257932079e-02
-6.682820633560360157e-02
-6.563160338729545629e-02
-6.415172430681681526e-02
-6.255250574657256202e-02
-6.095432670717060297e-02
-5.944097289333138967e-02
-6.507656041574327865e-02
-6.259057523521383004e-02
-6.738116339885236172e-02
-7.119255520436018614e-02
-7.412165808094295372e-02
-7.628237115807201540e-02
-7.779440291775485683e-02
-7.877520790831504804e-02
-7.933450372180406163e-02
-7.957086233555243915e-02
-7.956991957534564897e-02
-7.940380373910271850e-02
-7.913144370238422987e-02
-7.879947467086045876e-02
-7.844351400706184307e-02
-7.864108382867684988e-02
-8.584348981228440145e-02
-9.174114816481671042e-02
-9.572109368555659081e-02
-9.866895578425416424e-02
-1.077676173189530129e-01
-1.148312144280589919e-01
-1.201175391301210205e-01
-1.238976134952332053e-01
-1.264369034819814441e-01
-1.279832141442951432e-01
-1.287594949341175354e-01
-1.289602019324251891e-01
-1.356602219587110802e-01
-1.408128338273035851e-01
-1.446203913314401124e-01
-1.472933648993346445e-01
-1.490370264865032990e-01
-1.500425135790861564e-01
-1.584474048665929224e-01
-1.639020912063535729e-01
-1.690590929985806845e-01
-1.728161885946690735e-01
-1.753877351198467327e-01
-1.769890245375982385e-01
-1.778242970026933101e-01
-1.850693701444339201e-01
-1.906138840503457388e-01
-1.946792035936215637e-01
-1.974993755627028058e-01
-1.993040262442138388e-01
-2.003070058474236692e-01
-2.006995655950141177e-01
-2.020681662544903112e-01
-2.098912816781453028e-01
-2.160324187788948969e-01
-2.206649303740220169e-01
-2.239929012509793704e-01
-2.262306005997565261e-01
-2.275873406124255816e-01
-2.282571655655101228e-01
-2.354355603695374999e-01
-2.322815047093704788e-01
-2.379102864057953681e-01
-2.405156208040137855e-01
-2.422668342977127853e-01
-2.433415696871554790e-01
-2.438955495697645581e-01
-2.440618490264658824e-01
-2.439515984614055721e-01
-2.436555032402734078e-01
-2.432458042368073059e-01
-2.427784465589204466e-01
-2.422953078880514255e-01
-2.418263872595489694e-01
-2.413918852950576177e-01
-2.410041271882159553e-01
-2.406692952391178419e-01
-2.403889508442513812e-01
-2.469402133754681206e-01
-2.540407883013622303e-01
-2.597716625288062353e-01
-2.642331150726384692e-01
-2.675640828982299713e-01
-2.699237253881572318e-01
-2.714767846279968477e-01
-2.723827292523137711e-01
-2.727883597481097766e-01
-2.728233643404880393e-01
-2.725982344286759229e-01
-2.722039507570976902e-01
-2.717129071677335528e-01
-2.711806225445787533e-01
-2.706478843011410618e-01
-2.701430558494766210e-01
-2.696843588315349649e-01
-2.692820055056801554e-01
-2.689401072743482501e-01
-2.686583231607708733e-01
-2.684332390416463987e-01
-2.682594867310119646e-01
-2.681306235634062229e-01
-2.680397996420476048e-01
-2.679802427886357474e-01
-2.698433090813434632e-01
-2.783288992549846075e-01
-2.832614734412601809e-01
-2.890939352331856060e-01
-2.915429922054622036e-01
-2.931826240648158777e-01
-3.030890236408001481e-01
-3.040687088424434137e-01
-3.044046337113353040e-01
-3.111352974007535188e-01
-3.140676679083738154e-01
-3.114248998217161724e-01
-3.156729194314682463e-01
-3.188614820353461443e-01
-3.211429116704129783e-01
-3.226715364130845476e-01
-3.167679166079189201e-01
-3.184717210095058260e-01
-3.197376024619744683e-01
-3.206318359097375392e-01
-3.212202535989470142e-01
-3.215648435465252586e-01
-3.217216135385565501e-01
-3.217394394369836874e-01
-3.216596514740825974e-01
-3.215161502339050070e-01
-3.213358814235343086e-01
-3.211395331923485585e-01
-3.277426178395175249e-01
-3.330891030453948520e-01
-3.372836255085858159e-01
-3.404590606707471601e-01
-3.427606612561333588e-01
-3.443346553147761391e-01
-3.453204050967311201e-01
-3.458453578247586702e-01
-3.417008344055312286e-01
-3.448458469561339612e-01
-3.473429255455702247e-01
-3.492506668115136215e-01
-3.506424535693326572e-01
-3.515981138490618108e-01
-3.453204521271888705e-01
-3.468965645864425795e-01
-3.412715283627274498e-01
-3.435442885314861083e-01
-3.454833168408428801e-01
-3.470870971228194879e-01
-3.483727498354214358e-01
-3.400383099282180410e-01
-3.400564821949856320e-01
-3.333919228347754782e-01
-3.348607341966904904e-01
-3.318371512544739943e-01
-3.294895478922790222e-01
-3.277417299166245357e-01
-3.265084135808646870e-01
-3.257020560097931838e-01
-3.252380959275595895e-01
-3.250386487960201798e-01
-3.250348101048254890e-01
-3.251677908700885133e-01
-3.253891394879711019e-01
-3.256603011379894941e-01
-3.259517403992997497e-01
-3.262418149651107324e-01
-3.265155466601235013e-01
-3.267633961169253975e-01
-3.269801127380227435e-01
-3.271637033429652952e-01
-3.273145412735993798e-01
-3.274346220646371375e-01
-3.344710083056772199e-01
-3.401863217342968593e-01
-3.446859240766833032e-01
-3.481065712802215995e-01
-3.437368394697450924e-01
-3.467193981793650348e-01
-3.421119439211874891e-01
-3.405769828212503736e-01
-3.462128539722717502e-01
-3.508260132546847654e-01
-3.544742805911607064e-01
-3.572508555459061874e-01
-3.566601949891781143e-01
-3.585049117298393373e-01
-3.598063812726568500e-01
-3.676157032841860239e-01
-3.737743280559704395e-01
-3.757398466931178849e-01
-3.769241053646028572e-01
-3.775126461832458702e-01
-3.776621243965241348e-01
-3.775018227234467894e-01
-3.771361008205666998e-01
-3.766472367120783371e-01
-3.760983593000166714e-01
-3.688235122498524365e-01
-3.695105130330214038e-01
-3.701546348613544701e-01
-3.707352085861159718e-01
-3.712411263627186653e-01
-3.716685187419073166e-01
-3.787220061518248304e-01
-3.777777906807311403e-01
-3.862403287876507996e-01
-3.903434628356921010e-01
-3.867463396663977093e-01
-3.834978340444992195e-01
-3.873510767124903609e-01
-3.904074711846818868e-01
-3.927511155636942419e-01
-3.944775230611985428e-01
-3.956850366346467140e-01
-3.964688534308793422e-01
-3.969170955296834613e-01
-3.971084582137014429e-01
-3.971110514316220641e-01
-3.969821215584876661e-01
-3.967683999239761672e-01
-3.992887182436219984e-01
-3.984950082577491948e-01
-4.043477524342331542e-01
-4.052743464704968712e-01
-4.058549391947219309e-01
-4.061602389065641638e-01
-4.062552593398898182e-01
-4.061973907264255779e-01
-4.060354011309876832e-01
-4.058092153681178704e-01
-4.055502832569977123e-01
-4.120156607592670994e-01
-4.172298950687152175e-01
-4.213012336360777432e-01
-4.243657711929933463e-01
-4.265710145938295117e-01
-4.280642898731805701e-01
-4.355634459784276658e-01
-4.413737897639253838e-01
-4.457138349298639390e-01
-4.488103250874839745e-01
-4.508838723375196977e-01
-4.521396857012829340e-01
-4.527620483653609362e-01
-4.529115338997204976e-01
-4.527242027340001584e-01
-4.492020433719461359e-01
-4.461482906932248138e-01
-4.435759706893442900e-01
-4.414691857433328259e-01
-4.397933200839416745e-01
-4.385026924539821014e-01
-4.375462231227080778e-01
-4.368715564835232712e-01
-4.394066004108465595e-01
-4.479929747894610959e-01
-4.550723483440941575e-01
-4.607229556445477936e-01
-4.650755380100484171e-01
-4.682908061739416983e-01
-4.705418305361896980e-01
-4.720009661658621791e-01
-4.728307356365986092e-01
-4.731780107708833949e-01
-4.731708274671313497e-01
-4.729172104878360816e-01
-4.629650893239589671e-01
-4.578442160035496311e-01
-4.537061734482696895e-01
-4.504768055313739250e-01
-4.449703330909107191e-01
-4.438102090239126607e-01
-4.431862777875321679e-01
-4.429709344147643169e-01
-4.430528572569054635e-01
-4.433381728398966271e-01
-4.437503395315947063e-01
-4.473387408540674404e-01
-4.504168961189891629e-01
-4.529703408507588236e-01
-4.615809581840248921e-01
-4.685113413579831132e-01
-4.673846331684505806e-01
-4.726250736910242445e-01
-4.701042653760156842e-01
-4.742232622514268581e-01
-4.773473133726193751e-01
-4.796159824191659204e-01
-4.811715368789781788e-01
-4.821502887119533121e-01
-4.826771098990745301e-01
-4.828623477078037851e-01
-4.828005017274252797e-01
-4.825701523914378566e-01
-4.822347405921589836e-01
-4.818438889601399655e-01
-4.814350293240798884e-01
-4.810351605530085450e-01
-4.806626090505570215e-01
-4.803287027867992887e-01
-4.800393005830785320e-01
-4.797961426764276727e-01
-4.762722562896184453e-01
-4.767215347220377097e-01
-4.771679073999754994e-01
-4.711443290028429765e-01
-4.629669471378337064e-01
-4.564772123731277720e-01
-4.611535294952329167e-01
-4.653690307643281177e-01
-4.690407736508876990e-01
-4.721393121250401226e-01
-4.746743212673576462e-01
-4.766823801995079268e-01
-4.717527038661384342e-01
-4.675662447336979000e-01
-4.706466726739377826e-01
-4.732428983224139518e-01
-4.753649960545514030e-01
-4.770453600928172833e-01
-4.783299901103619245e-01
-4.792717909978552182e-01
-4.799256118285946116e-01
-4.803447364176520740e-01
-4.839553842424670904e-01
-4.868397214315469679e-01
-4.890584454550301885e-01
-4.971898584821381473e-01
-5.036192940382326899e-01
-5.121285549591598762e-01
-5.187283803797273496e-01
-5.236291998988282792e-01
-5.270728809132885218e-01
-5.293099165860717381e-01
-5.305825260329488646e-01
-5.311132076196432017e-01
-5.310979396552542031e-01
-5.307030793992875140e-01
-5.300650145286240900e-01
-5.292917155840137777e-01
-5.284654779832733684e-01
-5.276462951498577247e-01
-5.268754492845129089e-01
-5.261790320682397937e-01
-5.255712098141445132e-01
-5.250571263860424054e-01
-5.310928237116219197e-01
-5.359978483742795508e-01
-5.500643760491661372e-01
-5.550392600644094010e-01
-5.649960364401944712e-01
-5.726366147116549454e-01
-5.782643604874569965e-01
-5.883910192339742995e-01
-5.959387572893548590e-01
-6.013131629835194447e-01
-6.049058923482711903e-01
-6.112918407792793385e-01
-6.158519280778068650e-01
-6.188877509813304201e-01
-6.206923097956715818e-01
-6.275884990867190982e-01
-6.326390144216738065e-01
-6.361440003362969220e-01
-6.428331393389371540e-01
-6.537031770322569990e-01
-6.560584812867089610e-01
-6.585929788645288330e-01
-6.645304831978068316e-01
-6.687842579262565090e-01
-6.716424713330096941e-01
-6.733788605783009862e-01
-6.742428212060633808e-01
-6.802217624415087815e-01
-6.893235026988221437e-01
-6.963118852761330801e-01
-7.014541711568927917e-01
-7.050348541984509110e-01
-7.073355896548801924e-01
-7.086211365935601858e-01
-7.147565917271234692e-01
-7.192591367220997345e-01
-7.223987743158674091e-01
-7.244324614001852458e-01
-7.255946582452110771e-01
-7.309851375576922328e-01
-7.350270215309997468e-01
-7.433700670336340632e-01
-7.442920059212571049e-01
-7.550001414956306611e-01
-7.633233608904302914e-01
-7.695323879941079470e-01
-7.739313770008470206e-01
-7.768311151479834198e-01
-7.785298037522673242e-01
-7.793003562347317059e-01
-7.793830101296586044e-01
-7.842848505927466629e-01
-7.878664810002817820e-01
-7.903511289087058467e-01
-7.919492613941748749e-01
-7.928515035748814332e-01
-7.984873816154989257e-01
-8.079245190621133776e-01
-8.152273602369717320e-01
-8.206678899641531855e-01
-8.245314874033045083e-01
-8.270978404700796149e-01
-8.389834043298821653e-01
-8.481625110975263837e-01
-8.549788171452772367e-01
-8.645444825141179734e-01
-8.715257132272085094e-01
-8.763663386755118356e-01
-8.794801497731051798e-01
-8.812393994124182450e-01
-8.865068437391318001e-01
-8.956942778025838159e-01
-9.025824497072599817e-01
-9.075140988708007006e-01
-9.108271515907232496e-01
-9.128397281977012057e-01
-9.138404987184356454e-01
-9.140832012196588030e-01
-9.093905233574615110e-01
-9.050901535507500650e-01
-9.012936700078184593e-01
-8.980537500352717695e-01
-8.953777067494446129e-01
-8.932400465121143052e-01
-8.915934784862283857e-01
-8.903780600769973796e-01
-8.895283961606461620e-01
-8.889789897114459549e-01
-8.783422523669385251e-01
-8.744764595029541621e-01
-8.716734313024876446e-01
-8.697496099091255317e-01
-8.685329396423069337e-01
-8.623927696697393230e-01
-8.631503130106106259e-01
-8.641373931814876341e-01
-8.597999558474680448e-01
-8.618980401083512488e-01
-8.638867679927120236e-01
-8.656955013795637477e-01
-8.672839522910820165e-01
-8.631822615392426012e-01
-8.598608271255424595e-01
-8.626496999510627761e-01
-8.596656950280798792e-01
-8.573000752504628119e-01
-8.608679654818182092e-01
-8.639448528589858123e-01
-8.665157615370521205e-01
-8.685966081143543516e-01
-8.702244603570915560e-01
-8.667919575267287735e-01
-8.638285103411688093e-01
-8.660857627953604254e-01
-8.632479939747336184e-01
-8.553740006492026593e-01
-8.490096997521270339e-01
-8.440317634436734773e-01
-8.402796709722069046e-01
-8.375765702252960798e-01
-8.357441872830790874e-01
-8.292842431389355617e-01
-8.243948579959312628e-01
-8.208414441880311774e-01
-8.183941765844670035e-01
-8.168383924715925115e-01
-8.159805895552660893e-01
-8.156513840124629544e-01
-8.105756989441369464e-01
-8.067377277984946193e-01
-8.039511885772419042e-01
-8.020348421650836945e-01
-7.959433189903585282e-01
-7.961735896333059781e-01
-7.918504359253643043e-01
-7.886171134209597477e-01
-7.863190912619837381e-01
-7.847984531281202436e-01
-7.839029788837623691e-01
-7.784372585956153001e-01
-7.692203613085278890e-01
-7.620470363550473358e-01
-7.566784838210257602e-01
-7.480035543657839181e-01
-7.363279363630151897e-01
-7.274395070773120864e-01
-7.209601936943061951e-01
-7.164993041089192660e-01
-7.136784694494479053e-01
-7.121479989182482040e-01
-7.016071955211062861e-01
-6.990327295080053238e-01
-6.922646438903239385e-01
-6.873789736784801097e-01
-6.885441012504358582e-01
-6.856630231900662231e-01
-6.838372099371141655e-01
-6.828415459950949451e-01
-6.824756829096831900e-01
-6.870564444385574010e-01
-6.911684413361952606e-01
-6.947327025454456129e-01
-6.977225225695118382e-01
-7.001500618051131886e-01
-7.020543871537833214e-01
-7.034913391476297351e-01
-7.045253755429836673e-01
-7.052233470265443227e-01
-7.056500260889365661e-01
-7.058651342455257716e-01
-7.059215848315748554e-01
-7.058646646155908311e-01
-7.002140729024857180e-01
-6.954901355237111948e-01
-6.916684061340593326e-01
-6.886831317724575463e-01
-6.807546842668744658e-01
-6.755892089167288006e-01
-6.660520111803150956e-01
-6.586742395305089648e-01
-6.531900998836519534e-01
-6.493132153798931716e-01
-6.467588910659922696e-01
-6.452591168005381572e-01
-6.445718531743585000e-01
-6.444859640507741849e-01
-6.448229415110884322e-01
-6.454363576755601795e-01
-6.462097896224312521e-01
-6.470538020195484297e-01
-6.479024356134536200e-01
-6.428799416730268668e-01
-6.446881239840819289e-01
-6.463320440543455225e-01
-6.477747733965072419e-01
-6.490013953981370598e-01
-6.500130105854972085e-01
-6.449968979180477069e-01
-6.408321448322890079e-01
-6.433783691292569440e-01
-6.456024763769122599e-01
-6.474852979921763563e-01
-6.431881817548545932e-01
-6.396260389558277026e-01
-6.367677683295526192e-01
-6.345540431051616137e-01
-6.329087262505085354e-01
-6.317479728465801303e-01
-6.369370423931902669e-01
-6.413255240001460855e-01
-6.390497171447697689e-01
-6.371244719565239967e-01
-6.311932240644373415e-01
-6.366423731428247912e-01
-6.353558933606188175e-01
-6.343147925103522766e-01
-6.335002910981804014e-01
-6.328873143724439432e-01
-6.324476312716359461e-01
-6.321522743087771845e-01
-6.319733034419109385e-01
-6.318849988124957129e-01
-6.318645786953724919e-01
-6.318925409483147071e-01
-6.259565522215760902e-01
-6.210983274504777718e-01
-6.129539520591388291e-01
-6.065689858178081595e-01
-6.059482483963452015e-01
-6.016491747609938878e-01
-5.985250306205641690e-01
-5.963777293203509355e-01
-5.991723941423626743e-01
-5.976602582808397957e-01
-5.966750875202051496e-01
-5.961065839382316822e-01
-5.958567019891225502e-01
-5.958409557145304403e-01
-5.959885916210801993e-01
-5.962420013075935277e-01
-5.965556517508174839e-01
-5.968947385188797528e-01
-5.972337124194492253e-01
-5.975547884144793986e-01
-5.978465134512324086e-01
-5.981024446754883428e-01
-5.983199696620333796e-01
-5.984992847550578698e-01
-6.028064686230869551e-01
-6.063595445468923373e-01
-5.988286932747299840e-01
-5.924979048873968424e-01
-5.873444032345859211e-01
-5.832880959844314317e-01
-5.802133897459973433e-01
-5.779864885368305449e-01
-5.764684378031247336e-01
-5.755244181057681541e-01
-5.750299012342283689e-01
-5.748742970221217830e-01
-5.749626773430531745e-01
-5.752160918602118311e-01
-5.755709066314020905e-01
-5.759775131834715678e-01
-5.763986786769736970e-01
-5.705369466210599150e-01
-5.720684583578317106e-01
-5.734782884649133328e-01
-5.684390345764884778e-01
-5.706735527893003201e-01
-5.686197425178252107e-01
-5.670403267424548588e-01
-5.658686345289998254e-01
-5.650381244141831072e-01
-5.644858216573218623e-01
-5.641543337010255232e-01
-5.639929002044692385e-01
-5.639577887808824297e-01
-5.640122481700995394e-01
-5.641261650425124508e-01
-5.581077016312234740e-01
-5.594042907146759003e-01
-5.606257437081441086e-01
-5.656397386411846639e-01
-5.596798511584173408e-01
-5.547331999352771437e-01
-5.507588646861001358e-01
-5.476758688582605838e-01
-5.453794971291938687e-01
-5.437541770466767233e-01
-5.363176081498894909e-01
-5.304470297429237924e-01
-5.259892889397612681e-01
-5.227598630992695838e-01
-5.205623829762884291e-01
-5.192032022809618397e-01
-5.185014776143945792e-01
-5.182954407135660357e-01
-5.184456250362681207e-01
-5.188357916493699928e-01
-5.193722229125214973e-01
-5.199819466104618204e-01
-5.206103393390986156e-01
-5.212184496893927932e-01
-5.217802865700269521e-01
-5.222802389542759993e-01
-5.189961966958465123e-01
-5.163528546745472791e-01
-5.142877372797147739e-01
-5.127281945682611308e-01
-5.115985247556893434e-01
-5.108247598751149976e-01
-5.075030429678359933e-01
-5.077622124355869460e-01
-5.081544380241482806e-01
-5.086181069964774704e-01
-5.091069275751105572e-01
-5.031720192252147061e-01
-4.948558997486391942e-01
-4.917254083796873676e-01
-4.894691264421251464e-01
-4.944397419013293327e-01
-4.923366555857384697e-01
-4.907695051615044157e-01
-4.896604419749108761e-01
-4.854743481162260288e-01
-4.822565759008174968e-01
-4.798745916236009101e-01
-4.781937154057884776e-01
-4.706104746485961776e-01
-4.711490655526158200e-01
-4.654616385652503574e-01
-4.610883430715155828e-01
-4.578632597352960687e-01
-4.621571955830101608e-01
-4.627905676419967751e-01
-4.570814997354200049e-01
-4.557816909647713910e-01
-4.582756321545220501e-01
-4.605340527264105699e-01
-4.625125169548589543e-01
-4.641950846321647450e-01
-4.624014769910114175e-01
-4.608973927145343374e-01
-4.629261579630905565e-01
-4.614007922538843065e-01
-4.601397175087491576e-01
-4.591319634047934528e-01
-4.583562356410515459e-01
-4.545653066148542809e-01
-4.515631477313066799e-01
-4.524275117681635372e-01
-4.501388876804979233e-01
-4.484097291546174091e-01
-4.471579953689936993e-01
-4.463020858942035041e-01
-4.392598365296920271e-01
-4.336386424944773665e-01
-4.293058273451337836e-01
-4.261010168192931324e-01
-4.208943522525796510e-01
-4.170574796518855543e-01
-4.143632811720314724e-01
-4.125970128205391774e-01
-4.115634998164108271e-01
-4.110907835202486371e-01
-4.110313889073091698e-01
-4.112620135490097084e-01
-4.116821885406465320e-01
-4.122122962007641611e-01
-4.127912204881141189e-01
-4.162359506184354352e-01
-4.191655426845182220e-01
-4.215763627110755696e-01
-4.234933081365717111e-01
-4.249606213611527572e-01
-4.194045572196281046e-01
-4.146861452694505790e-01
-4.108102507597068964e-01
-4.077338226614810601e-01
-4.053823893429577829e-01
-4.036637455290299492e-01
-4.024786559528701346e-01
-3.988723083494780663e-01
-3.989877322133614790e-01
-3.965011973906091836e-01
-3.946891840564956677e-01
-3.934356402524881169e-01
-3.926321680756823529e-01
-3.921812084429583400e-01
-3.919975338345806914e-01
-3.920086199562953233e-01
-3.855349082670167515e-01
-3.803354345395490999e-01
-3.762999381092453355e-01
-3.732905890855775510e-01
-3.711570516281863519e-01
-3.671579015982850969e-01
-3.642446682566859995e-01
-3.622307099832375865e-01
-3.609415532971358420e-01
-3.535856988146559576e-01
-3.545176162317009716e-01
-3.490345240300598562e-01
-3.448538127260141195e-01
-3.418012574466633424e-01
-3.396964671588573736e-01
-3.383638696798099144e-01
-3.309111598977458879e-01
-3.251205416426916628e-01
-3.208014805688073068e-01
-3.155154942322964118e-01
-3.139125222509082658e-01
-3.131114367424536749e-01
-3.129141141153797268e-01
-3.131495261569732236e-01
-3.136748376158660090e-01
-3.143746837410861250e-01
-3.129458800179332201e-01
-3.141453674631460302e-01
-3.130850891358658572e-01
-3.123347986064040072e-01
-3.118369698685166114e-01
-3.048271732137748380e-01
-2.992004836042558846e-01
-3.015614833499833392e-01
-2.991456652019837126e-01
-2.973493261532373921e-01
-2.940093149359792601e-01
-2.915088641695589011e-01
-2.897229637787748224e-01
-2.905583695365769881e-01
-2.915032303686606596e-01
-2.904139964501037952e-01
-2.896680390240433667e-01
-2.823666851181865223e-01
-2.765337164429715333e-01
-2.720304540697942031e-01
-2.686899762864205510e-01
-2.594524248532825705e-01
-2.522612987318573197e-01
-2.538017862778767508e-01
-2.487155664680742451e-01
-2.449913794305502712e-01
-2.424147733595976018e-01
-2.407750046128542820e-01
-2.398752074621495201e-01
-2.395387540850211217e-01
-2.309961148968493472e-01
-2.243740080772032019e-01
-2.194223460047934893e-01
-2.158820978793758449e-01
-2.135020368086311127e-01
-2.120492283702255509e-01
-2.113150575710813772e-01
-2.111181055605655388e-01
-2.113048216501660637e-01
-2.117486760879103702e-01
-2.123482989112597252e-01
-2.130249850194063654e-01
-2.068459197056959908e-01
-2.018830829299649299e-01
-1.980319433772990134e-01
-1.938010216520906770e-01
-1.920235088209789609e-01
-1.895869734580901689e-01
-1.879355426114537320e-01
-1.882090251153012428e-01
-1.874257858410997013e-01
-1.870277140807301564e-01
-1.882119526639014495e-01
-1.893738658835226740e-01
-1.904592541613097101e-01
-1.845114070762667868e-01
-1.796621814106111881e-01
-1.758425447872478120e-01
-1.659430655564071433e-01
-1.639621882972597255e-01
-1.627980020630193092e-01
-1.633949325441548250e-01
-1.561626523307599879e-01
-1.505724618734880504e-01
-1.464106954396644511e-01
-1.434552767616046332e-01
-1.414901618854087495e-01
-1.403146318954686667e-01
-1.397487785084841061e-01
-1.396362133283228779e-01
-1.329531473575702449e-01
-1.277339450748218308e-01
-1.238102160582406075e-01
-1.209965451573882245e-01
-1.191052162595558350e-01
-1.110189712471885137e-01
-1.047663906992584160e-01
-1.001244918099333248e-01
-9.685187278733842220e-02
-9.470724124019613832e-02
-8.648107654612635642e-02
-8.021498962778061959e-02
-6.864472324679837811e-02
-6.019275934303158770e-02
-5.393499536091894697e-02
-4.921349376908978890e-02
-4.616117219961601847e-02
-4.442695265031737506e-02
-3.663684588542492904e-02
-3.794174743480227541e-02
-3.261862030403483992e-02
-2.879253862484065785e-02
-2.620797661481755192e-02
-2.462230156010858373e-02
-2.398328155896467528e-02
-2.389583663945660241e-02
-1.692641820055351687e-02
-1.157251107229262388e-02
-7.621122215801356958e-03
-4.850078286795733717e-03
4.013102103432197865e-03
1.080821439614698676e-02
1.581007068175321884e-02
1.930348046703533882e-02
2.156507964097342800e-02
2.988150293169122840e-02
3.616219846607648947e-02
4.069660582495560064e-02
4.377759498253208648e-02
4.568505127952526834e-02
4.667523741411128135e-02
4.730700815450927799e-02
4.738222616609100157e-02
4.705904990345310956e-02
4.647166716623307714e-02
4.572962307143080274e-02
4.491870869097858154e-02
4.410300632290486966e-02
4.332766034954471657e-02
4.984321964852012066e-02
5.472608313365112664e-02
5.848940633466170880e-02
6.172503925680628001e-02
7.073059969624662102e-02
7.771619244870020538e-02
8.996092491183182993e-02
9.939514678462701980e-02
1.063996014044683580e-01
1.191252703640954813e-01
1.288499901525754776e-01
1.359546315256274784e-01
1.398556703847839700e-01
1.420933122877900967e-01
1.430669341462498245e-01
1.500276757819103413e-01
1.561377305623496969e-01
1.605009883589365582e-01
1.634057121533878387e-01
1.721117934270963712e-01
1.786360836504659044e-01
1.832903282487434726e-01
1.863926748932698274e-01
1.882482745029179227e-01
1.960981381464561579e-01
2.019405795067035214e-01
2.060801741599340708e-01
2.088186125044066976e-01
2.035204459230686158e-01
2.055490277075764372e-01
2.068488553327310076e-01
2.075736430457106874e-01
2.078604291247785341e-01
2.078274814170100182e-01
2.075738359320304927e-01
2.071799798348155086e-01
2.081675872491959289e-01
2.088686008764413238e-01
2.093296725831275129e-01
2.166322250917918080e-01
2.225142335584051612e-01
2.270883283446643031e-01
2.305049577007576289e-01
2.329322714441732778e-01
2.345411507666561590e-01
2.424919262942832887e-01
2.486328706201479388e-01
2.531941998803051153e-01
2.564193738976063841e-01
2.585475906382712630e-01
2.598022915292199642e-01
2.603842473317827810e-01
2.604680476359577668e-01
2.602010539757355634e-01
2.665919646864338688e-01
2.647040479046647299e-01
2.697143670564627893e-01
2.667160201512726037e-01
2.639722742496271035e-01
2.615503323867887087e-01
2.594802940642273459e-01
2.577646947589038451e-01
2.545882966199448649e-01
2.538508285136473752e-01
2.533594848902944729e-01
2.444331856556978266e-01
2.458587497137783018e-01
2.455694779315256149e-01
2.455263939123655259e-01
2.456548407675942514e-01
2.458948181095559349e-01
2.461993391961943001e-01
2.465326747632838877e-01
2.468686189341953163e-01
2.471888522259348964e-01
2.474814418068418398e-01
2.494592071101739972e-01
2.511058429738035613e-01
2.524315368453955433e-01
2.603347304146523822e-01
2.598596601240217296e-01
2.661231469463198884e-01
2.710589518609056725e-01
2.748061635805083558e-01
2.775262316511284411e-01
2.793869589590063374e-01
2.805511833220568629e-01
2.879932966785760939e-01
2.937488507576544450e-01
2.980327107032219036e-01
2.943085358347867775e-01
2.975714019387805109e-01
2.931647730475528402e-01
2.892366109799169305e-01
2.858491414240738049e-01
2.761930904145455390e-01
2.682885858971153503e-01
2.620290945733296795e-01
2.572518984139600118e-01
2.537636384996888594e-01
2.444220506321617137e-01
2.372061332230113173e-01
2.302218032067959719e-01
2.251904271557954029e-01
2.163771355579382494e-01
2.082846268033264892e-01
2.024271775315953370e-01
1.998274827284480804e-01
1.900631839854782790e-01
1.827834607868692451e-01
1.788745227717249975e-01
1.751850123980491780e-01
1.729129617876179470e-01
1.717427667336008934e-01
1.726180309274283342e-01
1.726403314257802801e-01
1.743129233882096951e-01
1.831261704824596048e-01
1.892608893681373416e-01
1.872439823244660406e-01
1.868175209718365704e-01
1.850912715756825033e-01
1.836576352701402293e-01
1.754935323462731844e-01
1.700764142978627991e-01
1.658030714343938783e-01
1.614002250109947134e-01
1.581464398166523289e-01
1.569782815486719940e-01
1.563843392759078910e-01
1.562264385699148050e-01
1.563834434038378074e-01
1.567529595054089064e-01
1.572515290700320367e-01
1.505923508453317350e-01
1.524886969232588374e-01
1.542760480395999334e-01
1.570357315284915956e-01
1.582444619459195678e-01
1.592458630961015587e-01
1.600500945305698419e-01
1.606748591142745930e-01
1.599774177358908034e-01
1.593689684506349735e-01
1.588533358810304552e-01
1.584282736586422047e-01
1.580876182985908596e-01
1.578228737333107201e-01
1.576243656347591227e-01
1.574820714337994421e-01
1.573862044022191764e-01
1.573276094592686025e-01
1.572980137165440606e-01
1.584088600074591291e-01
1.522400906371632612e-01
1.471199542306713681e-01
1.430142321845140341e-01
1.398437222651423006e-01
1.365053353501348710e-01
1.350585911094122071e-01
1.341767489612495368e-01
1.327693636939635269e-01
1.318822493307463262e-01
1.313995459901966534e-01
1.312206419718520145e-01
1.312606589311082761e-01
1.314498582963756768e-01
1.317324304678790803e-01
1.320649663698834075e-01
1.324148031319500873e-01
1.327583657564135322e-01
1.321406421200701509e-01
1.316681780387942702e-01
1.313198909536781311e-01
1.310750715763737695e-01
1.309142987301985528e-01
1.308199722832248391e-01
1.307765855553562062e-01
1.247401166914217097e-01
1.127592551914147201e-01
1.092688777662740307e-01
1.075558517439298978e-01
9.945427117607996692e-02
9.313229170280568070e-02
8.840080037202246999e-02
8.503947459494409777e-02
8.281827729537960536e-02
8.151341691144953217e-02
8.091823545954368591e-02
8.084978217166005621e-02
8.115194785044699266e-02
8.823664084519378115e-02
9.417663152530586501e-02
9.901980372534491259e-02
1.028566585089076835e-01
1.127669455030644308e-01
1.205942610973422813e-01
1.265767852064170196e-01
1.309724297720549213e-01
1.271423891464822375e-01
1.303941547968219261e-01
1.327008855214291128e-01
1.342298336686593707e-01
1.351373946554574879e-01
1.355646068856559694e-01
1.356346980094367272e-01
1.354521985482595170e-01
1.351032196635888472e-01
1.346565551204186306e-01
1.341653235799034061e-01
1.336689190199276123e-01
1.331950851735337338e-01
1.327619740885290778e-01
1.323800884834951397e-01
1.320540417694193724e-01
1.317840979818825087e-01
1.315674763721716989e-01
1.323204699991795685e-01
1.320250197134424930e-01
1.317782645822374032e-01
1.325039141292276845e-01
1.260776596598105481e-01
1.207636891068439855e-01
1.165178664076296222e-01
1.132505236957839223e-01
1.037030050229748035e-01
8.836537256551491026e-02
7.694520564492313142e-02
6.778169024872693349e-02
6.117561715468711192e-02
5.667810389433203255e-02
5.387010045271933834e-02
5.237562816337359983e-02
5.186776288539896029e-02
5.206990411984646627e-02
5.275405049238934829e-02
5.373723674154917695e-02
5.487691456088295006e-02
5.606581711707425697e-02
5.763053418197205957e-02
5.196561042301195421e-02
4.736055431157160100e-02
5.091140212019218403e-02
4.690169846999059367e-02
4.374161650354513320e-02
4.134634356058630722e-02
3.961435428713122597e-02
3.843823659362133327e-02
3.048618940725522641e-02
3.143544613715576475e-02
3.256056975852583690e-02
3.374812195117393721e-02
2.769672585701221657e-02
3.011221721837298304e-02
3.232603152138024960e-02
4.148968872652725182e-02
4.904355640017632467e-02
5.507907494819508365e-02
5.974046572305091729e-02
6.320062712441432140e-02
6.564306256209273549e-02
6.724890314270548508e-02
6.818809516808310711e-02
6.861389800813033624e-02
6.865994170126876739e-02
6.843920348889720451e-02
6.804436779491895848e-02
6.754913072493917703e-02
6.701009675623037509e-02
6.646899179758092302e-02
6.595498340295069539e-02
6.548695589050135268e-02
6.554672136521566550e-02
6.558201817607267614e-02
6.559810740031091214e-02
6.559977528153959625e-02
7.294022660360965915e-02
7.894903315676726763e-02
8.370416314323603224e-02
8.732931397393728368e-02
8.997281687478686507e-02
9.179156092190732252e-02
9.293944222133054822e-02
9.425386109608391294e-02
9.434754363473074612e-02
9.486005178437983965e-02
9.505936248234414521e-02
9.502703090598285662e-02
9.483346254914581941e-02
9.453714175404903663e-02
9.418478463290824720e-02
9.381216361260524828e-02
1.009724034983028318e-01
1.067709764615307755e-01
1.104814176761161892e-01
1.205815550463589236e-01
1.284198652372865457e-01
1.343001614053289661e-01
1.395491123990189042e-01
1.433001750737872282e-01
1.458035414744496272e-01
1.472999601443107931e-01
1.553804673727152696e-01
1.615358735565226578e-01
1.672645433743085164e-01
1.714216473903109605e-01
1.729348346513051027e-01
1.748844933277959868e-01
1.746424748211283795e-01
1.739745390942841752e-01
1.730484244282601836e-01
1.732865247448740487e-01
1.719513531345802093e-01
1.794044101625655863e-01
1.766035747382832533e-01
1.828160504865830038e-01
1.877595012167012634e-01
1.827031191979162639e-01
1.796242815390196590e-01
1.769280019706662710e-01
1.821421409857302276e-01
1.775637923361073067e-01
1.737503689495003556e-01
1.793998788505621889e-01
1.841229602779339558e-01
1.791282439960062423e-01
1.749408833908063787e-01
1.715308872862555400e-01
1.688368119488137253e-01
1.667791052838050181e-01
1.652699336279339626e-01
1.642202246298476442e-01
1.635445326545130751e-01
1.631642155677783812e-01
1.630093139963018078e-01
1.630194469167847160e-01
1.631439773308414054e-01
1.633416544594836761e-01
1.635799004769091791e-01
1.638338774707590595e-01
1.727124656003706793e-01
1.713663541030396864e-01
1.701069607753376012e-01
1.689746071684687934e-01
1.766669084995762251e-01
1.742350208393887989e-01
1.720708815981180084e-01
1.702072226380404452e-01
1.686506239969673970e-01
1.747510873400153208e-01
1.810980922299618712e-01
1.774858310853832943e-01
1.743297905606533416e-01
1.716572741489406084e-01
1.694615404237673761e-01
1.677127408337630854e-01
1.663666414241606883e-01
1.653713733835060484e-01
1.733085879252920236e-01
1.712621502979991828e-01
1.695224789916331964e-01
1.767689369803633337e-01
1.827690414537945784e-01
1.875730946407501154e-01
1.824247118853798977e-01
1.867509376415434907e-01
1.901654495470821438e-01
1.927595938655917163e-01
1.946416865343021385e-01
1.959260328589675915e-01
1.967248144655970865e-01
1.971425179258738947e-01
1.972724923374347128e-01
1.957113149984490708e-01
1.869049485332046068e-01
1.796773852436588381e-01
1.739167031446637868e-01
1.694697662513586778e-01
1.661634541292136280e-01
1.638197593691692600e-01
1.622661927604061027e-01
1.601559504335023920e-01
1.599371358026207002e-01
1.600626066889647703e-01
1.677348455508675951e-01
1.669105723593300450e-01
1.735652712160073996e-01
1.790327854498567905e-01
1.833857652198649379e-01
1.867333201175569446e-01
1.892042788469978642e-01
1.909344788653528635e-01
1.920575301285418757e-01
1.926984836411946844e-01
1.929698577108027724e-01
1.929695187362898690e-01
1.927799693100473721e-01
1.910575590436138782e-01
1.895447468592663665e-01
1.882550910815818934e-01
1.871861876677767267e-01
1.863250738852082478e-01
1.856522821443846727e-01
1.851448461590288197e-01
1.918764355144415568e-01
1.974101850697358440e-01
2.018250178266483008e-01
2.052328451258744746e-01
2.147971940935293755e-01
2.223118688137288856e-01
2.210122483584977537e-01
2.194360764754312854e-01
2.177493410464301782e-01
2.160738674519988578e-01
2.144942560856686331e-01
2.130646244376384058e-01
2.118149059032239379e-01
2.107565306336212085e-01
2.098873832967291797e-01
2.091959939458232220e-01
2.086649682482077939e-01
2.082737008783497323e-01
2.080004412533769109e-01
2.078237953663502058e-01
2.077237532055182800e-01
2.162901919239830217e-01
2.233964611691698909e-01
2.290961905567268087e-01
2.335031131765403778e-01
2.367676621365299994e-01
2.390578472601863069e-01
2.405445615112320468e-01
2.413910491080757392e-01
2.417460049662918387e-01
2.417396511296534545e-01
2.486318151703299506e-01
2.540339439845473724e-01
2.581172582267097226e-01
2.610704684615965387e-01
2.630839718556887696e-01
2.643391331374769226e-01
2.650015112696431085e-01
2.652170727128424499e-01
2.651106093071966541e-01
2.667114000360453208e-01
2.678393788154975752e-01
2.685730376796460206e-01
2.761684798057908452e-01
2.822181688195777305e-01
2.868646974754982537e-01
2.902843754343769067e-01
2.926668722387271160e-01
2.942003998656026464e-01
2.950616328685029544e-01
2.932550090472871851e-01
2.914911657620435914e-01
2.898499313166666980e-01
2.883790024544417019e-01
2.871021376698539296e-01
2.860257290341283731e-01
2.851440055953755603e-01
2.844431106079321481e-01
2.839042603371222384e-01
2.835061542617363095e-01
2.832267735955713572e-01
2.830446794613556971e-01
2.829399031915142970e-01
2.828945074531186155e-01
2.828928864332074244e-01
2.898720842405195786e-01
2.955833093164081937e-01
2.932016370129337801e-01
2.979517072535495803e-01
3.016911156469641586e-01
2.976328803439156623e-01
2.940547041523855487e-01
2.910002904445561089e-01
2.884727029577052182e-01
2.864462696733858227e-01
2.848765216277926449e-01
2.767190750467030114e-01
2.701544999263336688e-01
2.650528476215430196e-01
2.612446067455698184e-01
2.585417550672179932e-01
2.567536175027920198e-01
2.556981069828572206e-01
2.552090689645774013e-01
2.551404870653011248e-01
2.535317647653858586e-01
2.524672246548569365e-01
2.518312123876087494e-01
2.515227484094275656e-01
2.514559620091172398e-01
2.515595481754349105e-01
2.517756760129692406e-01
2.520586131950399711e-01
2.454668116868579109e-01
2.401272590642029581e-01
2.376253456368171424e-01
2.341399476389796064e-01
2.315696380349636652e-01
2.297722366273602379e-01
2.302497896050936799e-01
2.309369846277986582e-01
2.246018515510257441e-01
2.195495588650935304e-01
2.156734415332841603e-01
2.128329718395616243e-01
2.093297182373188292e-01
2.083754693786010748e-01
2.079679526381355004e-01
2.079647086897022934e-01
2.082440965888381346e-01
2.087058224268905082e-01
2.092700711697168536e-01
2.098757132406174897e-01
2.104779807143430936e-01
2.110459215756061990e-01
2.115598569383332350e-01
2.120089928280290970e-01
2.123892783654421912e-01
2.127015563675531684e-01
2.042014578700848126e-01
1.973187617160481189e-01
1.919093647441503236e-01
1.877976784868102822e-01
1.847962366034501258e-01
1.898350115068236921e-01
1.858661171780953136e-01
1.828610559944883196e-01
1.806711739037751840e-01
1.791543641496919914e-01
1.781797938083513611e-01
1.776304556910457411e-01
1.774042840407996646e-01
1.786672372710778056e-01
1.868977008461580880e-01
1.937935901445262399e-01
1.993870786001814555e-01
2.052370930503761848e-01
2.098007521288032251e-01
2.132050611701936660e-01
2.156048525571572227e-01
2.171663217164756521e-01
2.180540248638394019e-01
2.111521599909060853e-01
2.051708803792433589e-01
2.001569545716406218e-01
1.960890153609069486e-01
1.928995132266342338e-01
1.831472606403075076e-01
1.753988991787578389e-01
1.694627425235799567e-01
1.651061297465747923e-01
1.620813247516528222e-01
1.601441249378818821e-01
1.590663559017460038e-01
1.512506124387276163e-01
1.452570239369297411e-01
1.408516587386952068e-01
1.377865503380957257e-01
1.283825478389908348e-01
1.137308492432154150e-01
1.015816573540626599e-01
9.258008732538614005e-02
7.883676458063426651e-02
6.862141385883702149e-02
5.402108174018271924e-02
4.289592114645857102e-02
2.787236284578020751e-02
9.711205183962068332e-03
-3.715002015644897071e-03
-1.318737244966516897e-02
-1.944114804596686064e-02
-2.314383492312033219e-02
-2.488462090546006422e-02
-2.517086649726274494e-02
-2.442913164288618155e-02
-3.017355522817322111e-02
-3.397391065746702132e-02
-3.664928840031200785e-02
-3.794895617468463378e-02
-3.870943661054848661e-02
-4.596568533155998004e-02
-5.149435017100212342e-02
-5.552273936053575554e-02
-5.828908942156840745e-02
-6.002699112806864079e-02
-6.095447922388697037e-02
-6.126708889304155470e-02
-6.113414299443209465e-02
-6.069755002741361594e-02
-6.007244889773932783e-02
-5.934911883916793585e-02
-5.140146480109364369e-02
-4.478423005336118479e-02
-3.944451245728930466e-02
-3.527726811246756355e-02
-3.214690470061598582e-02
-2.990392459860768959e-02
-2.839720071040163774e-02
-2.748255681072087064e-02
-2.702833079847377640e-02
-2.691855649331098554e-02
-2.705433092763387393e-02
-2.014958568290281526e-02
-1.465959132923488895e-02
-1.044471546049807742e-02
-7.340200761011050901e-03
-5.172617265203349746e-03
-3.771725439461359741e-03
-2.978529017463094064e-03
4.557286971341278914e-03
3.226530958176931918e-03
8.956049461466886186e-03
1.334281031515827110e-02
1.656327949838209967e-02
1.880192955508253050e-02
2.023899767967862751e-02
2.104223429295504211e-02
2.120901849703948905e-02
2.105224378225356574e-02
2.068239896678014667e-02
2.723905282035699038e-02
3.944049098799773390e-02
4.910106670336111812e-02
6.349527264392329506e-02
7.463785268288791741e-02
8.990646081064657125e-02
9.453536805323947689e-02
9.727894237644285624e-02
9.856743978144200113e-02
1.057226316174069147e-01
1.108427040065855795e-01
1.142783586636744175e-01
1.163611987369597145e-01
1.173925528411865482e-01
1.245691016064267576e-01
1.299124958819510844e-01
1.337000276922424291e-01
1.362060749040623353e-01
1.376886124674654432e-01
1.452809529787777443e-01
1.510149512930323290e-01
1.551561837862778237e-01
1.590742055075653472e-01
1.617544377389978916e-01
1.634178099756737890e-01
1.642757582093923308e-01
1.645215031488653779e-01
1.713461796235860035e-01
1.765914609239485067e-01
1.804557376865036922e-01
1.831524152413976925e-01
1.848931517882430597e-01
1.858765337994920941e-01
1.862811192888098599e-01
1.932339353774896740e-01
1.985996926192687972e-01
2.025816428131741453e-01
2.053936812478567298e-01
2.072455518636335814e-01
2.083330598180517246e-01
2.088321343700654253e-01
2.173048778044253115e-01
2.239969820308573834e-01
