-8.089518471797996213e-02
-7.622961951752915688e-02
-7.265597631461906403e-02
-7.002904562140122025e-02
-6.819821312720941719e-02
-6.701708841939368888e-02
-6.634988658770546444e-02
-6.607527248346634074e-02
-6.608827252406412889e-02
-6.630075871366036822e-02
-6.664091916221548395e-02
-6.705204990660496023e-02
-6.749093372189185480e-02
-6.792601191607672284e-02
-6.833550397056842307e-02
-6.870558663761450191e-02
-6.952598274986798721e-02
-7.021468903268379691e-02
-7.077369008730705069e-02
-7.121135726813521138e-02
-7.154022853866348619e-02
-7.177511795712820941e-02
-7.193160670460407857e-02
-7.202492018057604639e-02
-7.206916005155417082e-02
-7.207683859132285598e-02
-7.205865373267394958e-02
-7.202344371887581254e-02
-7.197826656373340626e-02
-7.192855870346859248e-02
-7.187833709781998870e-02
-7.183041828327785261e-02
-6.446008997038821242e-02
-5.800815826062399871e-02
-5.295610606934397779e-02
-4.912812656323262139e-02
-4.634090452361383505e-02
-4.441572587581466003e-02
-3.603403288625228740e-02
-3.666456643687743266e-02
-3.047327143139266781e-02
-2.594790215695774727e-02
-2.262122179418835088e-02
-2.031797049485195572e-02
-1.885934149557644268e-02
-1.807322475567518794e-02
-1.780159903221334439e-02
-1.777443045545434863e-02
-1.802459323705263294e-02
-1.121309996254526986e-02
-5.866589177643710684e-03
-1.812040146384807926e-03
-6.047179702277416524e-03
-2.695842925652502942e-03
-1.829086183944284016e-04
1.628269223616474193e-03
2.863486959446825963e-03
3.626235874394589942e-03
4.015189885280934234e-03
4.120358139643176543e-03
4.020654634651288362e-03
3.782736281850551663e-03
3.460875173919575332e-03
3.097597591020795349e-03
2.724830166819680599e-03
2.365327796015836981e-03
9.476740652981208157e-03
1.533848605298682166e-02
1.985416655683125420e-02
2.342942250294899331e-02
2.586159429306511548e-02
3.492025008562316124e-02
4.225532347047900039e-02
4.782890113812499067e-02
5.186851003332693111e-02
6.211912226166438344e-02
6.996015495260277106e-02
7.570010047217268223e-02
7.966865343417595113e-02
8.219154409521456373e-02
8.357351662953482752e-02
9.158353334909064003e-02
9.758156454902611188e-02
1.018640302203548398e-01
1.121873524296159719e-01
1.125469674758059480e-01
1.195624271376560799e-01
1.246817741250181300e-01
1.282148575899499932e-01
1.304599667685886200e-01
1.316916910564673859e-01
1.395508082753296186e-01
1.454850710681698800e-01
1.497707654963638113e-01
1.526859348402866967e-01
1.544952617643962078e-01
1.554404227611076994e-01
1.557346226674765077e-01
1.567217690511042427e-01
1.560137540795656363e-01
1.562902748724146473e-01
1.562740719161006542e-01
1.485321727959787452e-01
1.419772456059469334e-01
1.366094901106926773e-01
1.399674016064915705e-01
1.353563786436537963e-01
1.317135349585243365e-01
1.289417601700222349e-01
1.259591476113466335e-01
1.238171353259360785e-01
1.223634350046853836e-01
1.289125087122307001e-01
1.344712403115220223e-01
1.390579566083669505e-01
1.427349893783738111e-01
1.455915267284071390e-01
1.477308306158302553e-01
1.492608770815708752e-01
1.502876791857776784e-01
1.509107165322898236e-01
1.512200184926235647e-01
1.512945376430028244e-01
1.512015147075782551e-01
1.425813191278677561e-01
1.355073534426496362e-01
1.298672169423820133e-01
1.255095178606331352e-01
1.222644457589374678e-01
1.199582078823719922e-01
1.184228689066577633e-01
1.175027629379599148e-01
1.242734741223952000e-01
1.300710439472276825e-01
1.348891247993853071e-01
1.387738875206903089e-01
1.418057316985130711e-01
1.440848494440376548e-01
1.457201541009642831e-01
1.468210890320218454e-01
1.474918521903347823e-01
1.478276030262075658e-01
1.479122554135654521e-01
1.549988473256476151e-01
1.606433692727256002e-01
1.638057521906086667e-01
1.672150276832571336e-01
1.696656252135047005e-01
1.713189033934205963e-01
1.723290033105198127e-01
1.716026606824689882e-01
1.707349485413309775e-01
1.639593425630749834e-01
1.582146739198853069e-01
1.534957560310130642e-01
1.497455892136816402e-01
1.468729357969533744e-01
1.447669826895536804e-01
1.361031173149502838e-01
1.292642998332840243e-01
1.168155191001583049e-01
1.070907451589098169e-01
9.978889519375844230e-02
8.663379709584573263e-02
7.733332700680284333e-02
7.062204264997706815e-02
6.559713196131111701e-02
6.245488079250494096e-02
6.121058171985982455e-02
6.097158124948998115e-02
6.145106715097448102e-02
6.240924667411196225e-02
7.095016528713649073e-02
7.099919950505162447e-02
7.115468605171471062e-02
7.137626375510874865e-02
7.163220043238061052e-02
6.410326324932591469e-02
5.082477060022894122e-02
4.026347430661370019e-02
3.212759892726291255e-02
2.609018941271945558e-02
2.181801488557555402e-02
1.183134709083311087e-02
4.311872725248022675e-03
-1.101331718316389541e-03
-4.767391080061633701e-03
-7.026062112918118885e-03
-8.186544797408989993e-03
-1.567782146444418601e-02
-2.127129261875193578e-02
-2.524850628580210810e-02
-2.789039252939051750e-02
-3.662355420229057579e-02
-4.321977919350428188e-02
-4.798022707219118388e-02
-5.084735469409573660e-02
-5.252415243541386225e-02
-6.032722564102122043e-02
-6.613676766632514692e-02
-7.027123448308558729e-02
-7.303441412818401091e-02
-7.470508677564602351e-02
-7.553132122258365833e-02
-7.572798349533282902e-02
-7.600540963936563976e-02
-7.588593019897094116e-02
-7.549135237903792373e-02
-7.492317107169976786e-02
-7.426280896872494708e-02
-7.357284455808743573e-02
-7.289896523546279816e-02
-7.942704836027369986e-02
-8.471566130461094524e-02
-9.599855581865579524e-02
-1.049417269023742438e-01
-1.117832862056686860e-01
-1.168020629384394216e-01
-1.194379220889427717e-01
-1.279528749124752007e-01
-1.342759964134878636e-01
-1.387682644642560525e-01
-1.417691157173284200e-01
-1.435863341583614172e-01
-1.444911818064724685e-01
-1.515531842120445560e-01
-1.568674624637063086e-01
-1.606934311600525245e-01
-1.632866131932111387e-01
-1.648873741405589843e-01
-1.657137718700276707e-01
-1.671048889481463462e-01
-1.678778928022712780e-01
-1.681721064674006616e-01
-1.681124065628578634e-01
-1.678065493973612821e-01
-1.673440848685867621e-01
-1.667965992965358968e-01
-1.662189497767507795e-01
-1.726523071806351783e-01
-1.778331430539281666e-01
-1.875082425968401800e-01
-1.950187866270893799e-01
-2.020485245758723014e-01
-2.073005964193834760e-01
-2.110379423951691535e-01
-2.135226486493027043e-01
-2.150029471187837604e-01
-2.210044803355097898e-01
-2.253956189803223431e-01
-2.300218761174213089e-01
-2.265644361422969322e-01
-2.671888303587584002e-01
-2.849458628347649736e-01
-3.160051419821165997e-01
-3.337639900642972446e-01
-3.467392110325744348e-01
-3.623769582202680528e-01
-3.733928496029816912e-01
-3.832828976237439011e-01
-3.896906343657557947e-01
-4.000761196184960955e-01
-4.070415628738974778e-01
-4.142057313443670008e-01
-4.187288705564913283e-01
-4.211394596684980840e-01
-4.150627528848986891e-01
-4.090067903131160421e-01
-4.032932191334879235e-01
-3.981299083164127062e-01
-3.936316720815495884e-01
-3.968567270056471141e-01
-3.994809146275946077e-01
-4.015488048687900768e-01
-4.031215555802150075e-01
-4.042680633295663295e-01
-4.050586502068274086e-01
-4.154477529143802972e-01
-4.207623922947165696e-01
-4.278377705804539133e-01
-4.301257666426820947e-01
-4.346584733703331427e-01
-4.447466193211568886e-01
-4.525310823104835567e-01
-4.583025874543906752e-01
-4.690554000242648236e-01
-4.771335068609392493e-01
-4.829401722317407941e-01
-4.868718498433062258e-01
-4.892993383899286730e-01
-4.905567378869502004e-01
-4.944464504546468575e-01
-4.970937624727163051e-01
-4.987240547269811142e-01
-4.995512166138837973e-01
-5.063822083123779016e-01
-5.115538704523976410e-01
-5.152982270187200786e-01
-5.215953677995879278e-01
-5.262967108786447135e-01
-5.296227968622451154e-01
-5.318041450654358293e-01
-5.330656427298787747e-01
-5.297418228447259292e-01
-5.266314063900565667e-01
-5.238336724202712347e-01
-5.213994798916465889e-01
-5.156413309802383438e-01
-5.109979895259859628e-01
-5.109601607672529244e-01
-5.075066756877439911e-01
-5.048621164314204268e-01
-4.964710835413299606e-01
-4.898189424081829113e-01
-4.847253662623809412e-01
-4.809849427073986661e-01
-4.783845873204413124e-01
-4.767163638282772009e-01
-4.757864097149244742e-01
-4.720570066731304415e-01
-4.628389331614106705e-01
-4.556849976419075077e-01
-4.503388792716347400e-01
-4.465287206272008369e-01
-4.471510551149635582e-01
-4.482219434849050721e-01
-4.428309639957850319e-01
-4.387168989128709118e-01
-4.357271384466023800e-01
-4.336913859776903024e-01
-4.255218594802236964e-01
-4.191751315716487625e-01
-4.074132789942694899e-01
-3.982616631355853087e-01
-3.914468590936972525e-01
-3.866431338656239891e-01
-3.835079269867107676e-01
-3.817077720236978777e-01
-3.736927798979481352e-01
-3.649426511991875621e-01
-3.585405606032987524e-01
-3.540937155919767765e-01
-3.512283446592647795e-01
-3.496045834701928534e-01
-3.489238885015317759e-01
-3.489315155164978144e-01
-3.494158258597399591e-01
-3.502056221541489656e-01
-3.414496472368113711e-01
-3.274561020440487358e-01
-3.187975385920815974e-01
-3.026733682281359528e-01
-2.850149950008871169e-01
-2.712531795280441749e-01
-2.590014142885890269e-01
-2.427554204063362420e-01
-2.307545304291143129e-01
-2.223501718178388931e-01
-2.168952606359237922e-01
-2.137812910557488344e-01
-2.124604177416904438e-01
-2.108397927210123868e-01
-2.029743819321383480e-01
-1.899128273543917444e-01
-1.725978098559830531e-01
-1.593921984452877361e-01
-1.497367953415928987e-01
-1.430571610763347046e-01
-1.312539227100679717e-01
-1.227199838258357101e-01
-1.169173726978705030e-01
-1.133266297973820613e-01
-1.114686153654467216e-01
-1.109175154904400440e-01
-1.036920619842232050e-01
-9.848085188352051489e-02
-9.495185299181807537e-02
-9.278356485267580389e-02
-8.402028295850860751e-02
-8.511509342311329718e-02
-8.668981197296798946e-02
-8.851539218639392637e-02
-9.041901897968518398e-02
-9.227626102034225397e-02
-9.400299293244152032e-02
-9.554760483631463686e-02
-8.922393755297508555e-02
-8.408042349730249221e-02
-8.003151259697616204e-02
-6.927428967414273053e-02
-6.075524232430917770e-02
-5.424814128541544100e-02
-4.948767478750282223e-02
-4.619587019472737310e-02
-4.410102502454460449e-02
-4.295041979215707961e-02
-4.251806239872402138e-02
-4.260859931292437786e-02
-4.305837794954614495e-02
-4.373448674698354743e-02
-3.682018332253367277e-02
-3.135656103396500249e-02
-2.719215200949198774e-02
-2.415256204883098334e-02
-2.205677709844167111e-02
-1.300604470805311053e-02
-1.369505775480339693e-02
-7.023249739616543863e-03
-1.960891637107664565e-03
1.713489288490688267e-03
4.227564944981221373e-03
5.801161469157101180e-03
6.636972669271434810e-03
6.915043554692523742e-03
1.451429789237579371e-02
2.058497467702502526e-02
2.500874314519752062e-02
2.814811044669696116e-02
3.023013308784161524e-02
3.146842378474046242e-02
3.205570223553699805e-02
3.215994287181378475e-02
3.192311221123333986e-02
3.146170029475214847e-02
3.086843128062621844e-02
3.822368972120138153e-02
4.418551274498327963e-02
4.846413103488367291e-02
5.200186032074127773e-02
6.239881901631227912e-02
7.000608318673040564e-02
7.562542058668841882e-02
7.957926693135419782e-02
9.058628613759811543e-02
9.905453273284137161e-02
1.130843817719238142e-01
1.238062461883098209e-01
1.316465558740178565e-01
1.370590675879277409e-01
1.404910356480015832e-01
1.345668891428779546e-01
1.288667783517729593e-01
1.236253527945676556e-01
1.111403044595324907e-01
1.085909576171144586e-01
1.066199939330070290e-01
1.051562137878865322e-01
1.119687598923657657e-01
1.176887821944181400e-01
1.223473482376931099e-01
1.260224533088214471e-01
1.366118592462577386e-01
1.449965950970499851e-01
1.514099579909344850e-01
1.561175639717298225e-01
1.593930581049347595e-01
1.615012346016546640e-01
1.703952313646672767e-01
1.694677092565748389e-01
1.681214380596154356e-01
1.742520152882212070e-01
1.712104665950955340e-01
1.773688648255258293e-01
1.821753026332528780e-01
1.857709172254564667e-01
1.883210473763956561e-01
1.899995240732204049e-01
1.909765546750108456e-01
1.992702343862768899e-01
2.057152934269759204e-01
2.183362706167435441e-01
2.280984136683865682e-01
2.353630960419781371e-01
2.405140962902572177e-01
2.516037851088983590e-01
2.598621091075710154e-01
2.657301047949540695e-01
2.771959745831888977e-01
2.856677710853900987e-01
2.916295502759518321e-01
2.955441193770738106e-01
2.978360196453719855e-01
2.988822085709039733e-01
2.990080620761559338e-01
2.984870423249221805e-01
3.026509059221915710e-01
3.055862755253087037e-01
3.075319348872769254e-01
3.158956963407453244e-01
3.199179350798047050e-01
3.296616286923528261e-01
3.370039128884556590e-01
3.423432603054503698e-01
3.460440037080014797e-01
3.484317310850075788e-01
3.497920757273695891e-01
3.571172256272736600e-01
3.558941596444440414e-01
3.543569950607536878e-01
3.526794120110903208e-01
3.577489405287341828e-01
3.616621922672325073e-01
3.645679694501651191e-01
3.666213331231782391e-01
3.679740275108882575e-01
3.754612395079102161e-01
3.812700007474392194e-01
3.856116344613438329e-01
3.980663310363286023e-01
3.984220946786134476e-01
3.980741065338433415e-01
3.972559542062030769e-01
3.961541762486850971e-01
3.976807492420109114e-01
3.986806815802050874e-01
3.925451302323483826e-01
3.940018560622369215e-01
3.856047854560762378e-01
3.881818142942035088e-01
3.808958031805882438e-01
3.776917650486066869e-01
3.725661282998000701e-01
3.686251236069255643e-01
3.724718200456602624e-01
3.691828236350358505e-01
3.641153634937555061e-01
3.627793115946711389e-01
3.619729937577569334e-01
3.615781265027020464e-01
3.614909147147189472e-01
3.616229086046245378e-01
3.619008995309185295e-01
3.622661141419691866e-01
3.559186358039947429e-01
3.507851894523246195e-01
3.467743357760297851e-01
3.413294311472996334e-01
3.396274143031559056e-01
3.386033780127906123e-01
3.288926176574662463e-01
3.235979157658146477e-01
3.174229400983645810e-01
3.128956609639925723e-01
3.119546544661115917e-01
3.026056918234818482e-01
2.954425340438182612e-01
2.812251653851778332e-01
2.703485656097222023e-01
2.623403304355118593e-01
2.567268394175612478e-01
2.530593131295175713e-01
2.440510227175611835e-01
2.374675048223031659e-01
2.329175962521219390e-01
2.230867980514754656e-01
2.158014615307395356e-01
2.036787593243791772e-01
1.932012824953481811e-01
1.786807211860705902e-01
1.678779480683045833e-01
1.602167626508534948e-01
1.551341360691507187e-01
1.521063504979647263e-01
1.506640021255698514e-01
1.434066478114943699e-01
1.382520672244789139e-01
1.418470355414249706e-01
1.385460458033254127e-01
1.364058091253903537e-01
1.351881471987230743e-01
1.346782117604070628e-01
1.346887208284532900e-01
1.350615142358821963e-01
1.356671260545323499e-01
1.364029751073081442e-01
1.301438437534034875e-01
1.251582586064559077e-01
1.213252093716421509e-01
1.114157426175554910e-01
1.036379031751553104e-01
9.776053668182527190e-02
9.352035695711680141e-02
9.064614079912103328e-02
8.887593191386300440e-02
8.734462200861337067e-02
8.011394177076613943e-02
7.408617168759512595e-02
6.970973549825276727e-02
6.669811119709079250e-02
6.478449422184495710e-02
5.675155026962097615e-02
5.065508238824811826e-02
3.924454435579383116e-02
3.049478412948603001e-02
1.707142264397032427e-02
6.865391357720795895e-03
-7.552595883685508937e-03
-1.837043866475052134e-02
-3.309971963645597093e-02
-3.675531336273873961e-02
-4.537349534704770981e-02
-5.125728060152767718e-02
-5.533433854795877238e-02
-6.457897215758889864e-02
-7.124644796788004442e-02
-7.575756154709778478e-02
-7.852089502102987950e-02
-8.686459956809233773e-02
-9.291506827612661112e-02
-1.039878225370118869e-01
-1.122274613304774515e-01
-1.180598755145283452e-01
-1.288211223140984796e-01
-1.367202404572323005e-01
-1.422153182260308402e-01
-1.457511263658430867e-01
-1.546003153522952367e-01
-1.609983387226030516e-01
-1.653592021648697674e-01
-1.748890245087575401e-01
-1.818681226525304950e-01
-1.867123028510557781e-01
-1.830477391381239993e-01
-1.804885124037767241e-01
-1.777766483384970453e-01
-1.820096325937607951e-01
-1.851871560159021879e-01
-1.874540860049853652e-01
-1.889619113040561516e-01
-1.954212313275205393e-01
-2.003198976896134464e-01
-2.038906763948922229e-01
-2.077869096845181840e-01
-2.105628587056702639e-01
-2.124079656118549320e-01
-2.135040369615104350e-01
-2.125402956731952120e-01
-2.128873506406148142e-01
-2.129116619658146803e-01
-2.144371126356492407e-01
-2.688994731380396352e-01
-3.135661495611989924e-01
-3.452587659423282940e-01
-3.748265849080136825e-01
-3.960667622193081439e-01
-4.108010655096909769e-01
-4.203680618656961965e-01
-4.258648025600677567e-01
-4.282368982299906701e-01
-4.345790026601321632e-01
-4.318924355346080990e-01
-4.345139615875235339e-01
-4.355150878470914755e-01
-4.319777519083412010e-01
-4.281948765693801562e-01
-4.308193919372822478e-01
-4.325338594588385988e-01
-4.335199110956797774e-01
-4.369209396039996918e-01
-4.393946577785052821e-01
-4.475290834639158444e-01
-4.538404705305327802e-01
-4.585399687615314690e-01
-4.714672895103197980e-01
-4.782509827598191432e-01
-4.863649466855985981e-01
-4.922927782631780769e-01
-5.026623608319817915e-01
-5.103369932958856658e-01
-5.192733773995059643e-01
-5.257648788181283894e-01
-5.363959124325068384e-01
-5.441795459941087820e-01
-5.556704026743284341e-01
-5.678641761910319108e-01
-5.768365826434722621e-01
-5.870638336473317231e-01
-5.944140180348791436e-01
-5.993356907174176573e-01
-6.064623790867033071e-01
-6.113491192502701344e-01
-6.248233203839155259e-01
-6.350192605360120979e-01
-6.423400017653251304e-01
-6.518391199689957949e-01
-6.586166120630290166e-01
-6.630932682989724158e-01
-6.717614126493791638e-01
-6.718146108908165104e-01
-6.708563638049113154e-01
-6.644638945947264341e-01
-6.586353467806876916e-01
-6.488938413400163752e-01
-6.408693124762142590e-01
-6.344365264337048504e-01
-6.294274145941293197e-01
-6.256549243651953196e-01
-6.186439948181681192e-01
-6.175765957640703130e-01
-6.129189903500766867e-01
-6.095291358579325580e-01
-6.071849220296008376e-01
-5.997185456687621485e-01
-5.939729164839113729e-01
-5.897292673711534983e-01
-5.867579571057873755e-01
-5.848325232340036983e-01
-5.837398666815880599e-01
-5.832870637105163070e-01
-5.771536319093368839e-01
-5.724291067725789661e-01
-5.689476799120414263e-01
-5.665252423137965287e-01
-5.649747048993516430e-01
-5.577824394358656956e-01
-5.522298512820100758e-01
-5.481295184319432412e-01
-5.452691376888787467e-01
-5.369217676666102612e-01
-5.305235028770447503e-01
-5.258420833693600027e-01
-5.159451337419613814e-01
-5.046568487543179327e-01
-4.961989012685976697e-01
-4.901529585381383392e-01
-4.793297376530052389e-01
-4.713091785262824018e-01
-4.656716099783597684e-01
-4.551054856259093562e-01
-4.473109144847895458e-01
-4.385914156196808467e-01
-4.324848313599125582e-01
-4.285004092088819938e-01
-4.192412059612091735e-01
-4.125179748904892474e-01
-4.079156825115346496e-01
-3.979904323482839068e-01
-3.906593914021467828e-01
-3.855361291481493868e-01
-3.750518252201333613e-01
-3.672707008590714306e-01
-3.618056322338860653e-01
-3.555413527335247181e-01
-3.513546691736362249e-01
-3.488182220918909504e-01
-3.475520295192433551e-01
-3.472288351366945580e-01
-3.475744570641128295e-01
-3.411853988166997365e-01
-3.338589866151326913e-01
-3.212354175563643111e-01
-3.115006929689425608e-01
-2.876479841716295116e-01
-2.690798166140937475e-01
-2.478740543597983681e-01
-2.318871380213451960e-01
-2.114643352833946999e-01
-1.979873845940041122e-01
-1.799528604548983335e-01
-1.670083014347993888e-01
-1.582522628510545371e-01
-1.455324291562904993e-01
-1.377643280676037474e-01
-1.329430167749696690e-01
-1.304639408912746656e-01
-1.297724388363625803e-01
-1.303787362092541091e-01
-1.242971090749394047e-01
-1.201045539882368285e-01
-1.174620915296893386e-01
-1.160465815157802894e-01
-1.155644577466994338e-01
-1.081142496869764713e-01
-1.025138269676966196e-01
-9.082917086303599064e-02
-8.185697296874705486e-02
-7.525580919041940930e-02
-7.065860062585627155e-02
-5.999612544263044356e-02
-5.203692736057186075e-02
-4.638358158566413536e-02
-4.263549937065902462e-02
-4.041212009430883434e-02
-3.164912698298261162e-02
-2.517214543825763151e-02
-1.290549239259286551e-02
-3.637092037622968732e-03
3.053415329443032178e-03
7.596008527327891002e-03
1.040377344273246685e-02
1.185584551965335187e-02
1.219342940003476095e-02
1.191111615269502266e-02
1.113487513811350915e-02
1.005404508087459625e-02
1.651891058654308964e-02
2.924744175898408294e-02
3.930065704293816964e-02
4.659808093905759563e-02
5.940606766884748424e-02
6.905316956295459718e-02
7.602795409283524819e-02
8.080140889302467322e-02
9.127191932597655821e-02
9.897221164263658721e-02
1.043555078564075700e-01
1.152648110148704053e-01
1.306959912289558101e-01
1.423427003040640404e-01
1.507581965861475304e-01
1.576572790826729076e-01
1.622416206484815770e-01
1.649466988841346016e-01
1.736543944783308646e-01
1.799219815262018685e-01
1.841468522798623830e-01
1.867182959144539911e-01
1.879981147192344437e-01
1.883087410409429729e-01
1.954030977653933299e-01
2.021807892272460272e-01
2.071866123765295775e-01
2.106744635282609135e-01
2.204688763228872528e-01
2.278853792237565123e-01
2.332451557970960376e-01
2.368850816897052347e-01
2.391333969357090083e-01
2.402937095300659021e-01
2.406356006370478084e-01
2.478870249412896687e-01
2.552931575373555972e-01
2.608847776504155114e-01
2.724358445006305196e-01
2.812894911575010148e-01
2.952681598081263736e-01
3.058488823532869993e-01
3.208913282914571674e-01
3.320876205859313313e-01
3.400400987655276541e-01
3.552242251372290660e-01
3.665483046287196789e-01
3.745739887722527861e-01
3.798695225234030026e-01
3.829772437857070777e-01
3.843924236044540255e-01
3.845510350296330593e-01
3.838243547861466265e-01
3.897355578526826569e-01
3.867843849537428991e-01
3.909757326871801109e-01
3.867763983115257709e-01
3.900934350210700785e-01
3.925168686679221253e-01
3.941934001384062025e-01
3.982620694710290454e-01
4.013413580117628499e-01
4.035591230472241886e-01
4.019669236563701009e-01
4.034201414766225291e-01
4.043834666228867114e-01
4.049515379810011417e-01
4.052122942534961414e-01
4.052441016334757951e-01
4.051142430966125918e-01
4.048784904896725045e-01
4.045814743837707894e-01
4.042575901484999346e-01
4.039322192468572936e-01
4.036230918050200955e-01
4.106107422499751802e-01
4.162669464112487283e-01
4.207045802663764711e-01
4.240657972557533295e-01
4.265050657718167937e-01
4.352756597658467008e-01
4.420782952759942930e-01
4.471679744564360792e-01
4.542050354711191229e-01
4.594866427519548324e-01
4.702606831258773212e-01
4.784749974974864539e-01
4.844725412106967166e-01
4.886099078923198391e-01
4.912338307346828525e-01
4.995416578210523095e-01
5.056452588389019898e-01
5.099062040825157460e-01
5.126697313480601537e-01
5.209624958205263390e-01
5.270722926179565171e-01
5.313610579746765872e-01
5.341702572410360617e-01
5.358102170447083257e-01
5.365546465785751007e-01
5.366386660783124540e-01
5.362592047913916637e-01
5.355769867206769952e-01
5.347195483576545616e-01
5.337848766521406940e-01
5.328453519530036431e-01
5.384991486683994300e-01
5.430076713943534639e-01
5.400039285115403320e-01
5.437971429683932101e-01
5.467425076446756904e-01
5.529103869182820929e-01
5.537604685569756935e-01
5.605484024511164787e-01
5.657633589234494220e-01
5.696239118877095553e-01
5.826780780155896844e-01
5.887721543257855572e-01
5.930857966455420627e-01
5.959537288835446978e-01
5.976777936016933745e-01
5.985227589921500169e-01
5.987153581123076940e-01
5.984453486080347773e-01
5.978678328139466203e-01
5.971063480314690031e-01
5.962563936912023133e-01
5.953891539256663812e-01
5.844047896704432921e-01
5.753674007128141143e-01
5.642550889965580740e-01
5.556046382246804249e-01
5.490933935785995423e-01
5.382488592818979178e-01
5.299899564210306391e-01
5.239633472250222468e-01
5.198080804163740520e-01
5.136364832467683605e-01
5.093561214686539440e-01
5.003658992099364600e-01
4.936957404665505145e-01
4.793668773661632354e-01
4.684632437312021835e-01
4.605021295868929609e-01
4.549969134211051536e-01
4.514838087390364851e-01
4.495384712950907247e-01
4.487852709797135464e-01
4.425040921995904153e-01
4.349637474828074168e-01
4.294844515971332211e-01
4.257157036947420981e-01
4.233271588313314293e-01
4.220194479357708417e-01
4.215297472410648449e-01
4.216337114325792168e-01
4.157360915054348904e-01
4.112441734819172190e-01
4.079731499112215776e-01
4.057291695436868739e-01
4.043220295724672120e-01
3.970425387482492408e-01
3.914206772677626400e-01
3.872613310323793634e-01
3.816845480724990747e-01
3.776649466468726679e-01
3.749297835282474622e-01
3.666613585575120293e-01
3.603907137247235326e-01
3.583109956085404058e-01
3.480644143420021930e-01
3.402214486369932178e-01
3.344724498385878153e-01
3.304888660569433867e-01
3.279470705297178323e-01
3.265445321914388632e-01
3.260097994176447411e-01
3.261076784320486865e-01
3.266408252616197494e-01
3.206915222770243545e-01
3.139013661340364081e-01
3.087717581901656683e-01
3.050553658193158046e-01
2.957849113243880002e-01
2.886829216480502058e-01
2.834611168120129143e-01
2.711523040487286984e-01
2.618021563950192476e-01
2.482341569141053306e-01
2.379954002732991292e-01
2.306029942146408107e-01
2.255746751637526248e-01
2.156556695938729451e-01
2.016107691256101564e-01
1.910477562964223441e-01
1.822096020485235446e-01
1.761731654139075953e-01
1.655566451313328358e-01
1.511110994610358471e-01
1.472405564760508323e-01
1.462814345603988819e-01
1.396408097176555785e-01
1.350689311162645012e-01
1.251917793175190141e-01
1.178972848918380389e-01
1.049862036545943234e-01
9.540995666332841019e-02
9.632161667376371028e-02
9.041123789814764500e-02
8.645257597499789171e-02
8.405067503399932249e-02
8.285148062693337145e-02
7.557782196448914469e-02
6.324885108337974238e-02
5.380869762399909106e-02
4.687526483895498863e-02
4.175911737835824589e-02
3.155922524600174306e-02
2.425622310891273337e-02
1.899322975506145816e-02
8.716361586808663020e-03
1.184224551957990812e-03
-4.058534592186413548e-03
-1.427707037316827687e-02
-2.177115668959550554e-02
-2.698259277253289845e-02
-3.033532022989793298e-02
-3.244102932842007903e-02
-3.316786406679805843e-02
-3.307105448765823574e-02
-3.240727021201106339e-02
-3.823349039199164245e-02
-4.260539846740174497e-02
-4.573616873391661564e-02
-4.783910347465214485e-02
-4.911639745227902587e-02
-5.009458155490298381e-02
-5.053548050514655721e-02
-5.057272003779034186e-02
-5.032310335335776763e-02
-5.687554356831103775e-02
-6.206038680203618263e-02
-6.601099030994683758e-02
-6.888838561120724790e-02
-7.086364599578964807e-02
-7.210507446007552446e-02
-7.976550264333703844e-02
-8.569946356622226702e-02
-9.708912165681216067e-02
-1.058975917407622980e-01
-1.193807969336999619e-01
-1.296564486388251947e-01
-1.371671710139696909e-01
-1.423653894211589499e-01
-1.456856564389195086e-01
-1.543833923772106598e-01
-1.606871222840973168e-01
-1.649990989411824760e-01
-1.677018945064874256e-01
-1.759493799278715187e-01
-1.887585530843756132e-01
-1.984451817897887604e-01
-2.054616974438463473e-01
-2.102599838622030148e-01
-2.132678107327505845e-01
-2.148743690306791354e-01
-2.221032853747497704e-01
-2.273316078653349059e-01
-2.308980483748197532e-01
-2.331236065782456013e-01
-2.343005897452645758e-01
-2.495877596602329440e-01
-2.918861042602045597e-01
-3.305006274780952769e-01
-3.603378036828865927e-01
-3.825092128869913566e-01
-3.982175081795769067e-01
-4.086396528120783689e-01
-4.148627587626616542e-01
-4.240299711742987476e-01
-4.296346651264231209e-01
-4.324885277345709156e-01
-4.361287700257088229e-01
-4.378003029960588766e-01
-4.379963929728332150e-01
-4.371433565136622068e-01
-4.355978841869649898e-01
-4.365522950991360673e-01
-4.368068051441293953e-01
-4.365506406560613062e-01
-4.295642870237157407e-01
-4.299020095521042251e-01
-4.330295412781750564e-01
-4.325171510832206412e-01
-4.414015111785352108e-01
-4.485709262507646677e-01
-4.541538554125483795e-01
-4.583287962981024144e-01
-4.676738792978512027e-01
-4.748087558718518952e-01
-4.862958183658219191e-01
-4.949660297645603890e-01
-5.012448893051835164e-01
-5.089458274160587603e-01
-5.205869507979992150e-01
-5.292761455425765149e-01
-5.354575824640910309e-01
-5.455556157647341031e-01
-5.528558689717166796e-01
-5.578428319593646822e-01
-5.646766783508236909e-01
-5.694238832623486068e-01
-5.724544819203688517e-01
-5.838651595677060158e-01
-5.964893233603549838e-01
-6.119767092888167559e-01
-6.237118219373004591e-01
-6.321844220325807395e-01
-6.379198117372083532e-01
-6.515008102639917587e-01
-6.659825659881180027e-01
-6.824007225313313274e-01
-6.945212313919778557e-01
-7.029963258564618789e-01
-7.132206404917336151e-01
-7.257424562809798863e-01
-7.395042548583730113e-01
-7.494441204182036298e-01
-7.612382005745688129e-01
-7.749005529058553554e-01
-7.846530332344086034e-01
-7.964475748821461254e-01
-8.098905417659579831e-01
-8.194135250206726617e-01
-8.361719380596059903e-01
-8.484073817059574196e-01
-8.568604141364076776e-01
-8.622459138792260003e-01
-8.652205988686683114e-01
-8.663656779627585403e-01
-8.606055176594997747e-01
-8.550011307732613419e-01
-8.497983677446444561e-01
-8.397515154102886958e-01
-8.314038338433740183e-01
-8.246545208698228269e-01
-8.245781702797335688e-01
-8.248013465822791046e-01
-8.252226563648419333e-01
-8.155985610877763969e-01
-8.078527110197943895e-01
-8.018281821795678610e-01
-7.921813756668645290e-01
-7.848338142527991890e-01
-7.794600473074428937e-01
-7.757325938285286604e-01
-7.682167373661061838e-01
-7.626473383717324861e-01
-7.485612886945435251e-01
-7.376746055360923204e-01
-7.248165895434851569e-01
-7.153143710783163023e-01
-7.040088097159976632e-01
-6.959419579748222784e-01
-6.806427685558867902e-01
-6.693255583713562107e-01
-6.613289811388862738e-01
-6.560330326248426935e-01
-6.528765637377442754e-01
-6.458404410901847914e-01
-6.410008621801066564e-01
-6.338161117167503411e-01
-6.232067496234254822e-01
-6.153736055538562288e-01
-6.059140104645003300e-01
-5.991765731801942385e-01
-5.889265879769483014e-01
-5.814717858167585129e-01
-5.705116055664656294e-01
-5.587473917504457432e-01
-5.502057127194242003e-01
-5.383886263495178959e-01
-5.297865827301879715e-01
-5.178148056183309311e-01
-5.090875390859781469e-01
-4.997229112428489550e-01
-4.870957024144013658e-01
-4.779343908448763223e-01
-4.716745784599269964e-01
-4.614715954968220402e-01
-4.542231195354009543e-01
-4.494314334868860783e-01
-4.401938756967647137e-01
-4.336121201814633341e-01
-4.292495633168995628e-01
-4.201231826286544457e-01
-4.106502993381717648e-01
-4.067445566093872422e-01
-4.017051391900892110e-01
-3.985170591668263373e-01
-3.929136738970337994e-01
-3.863278519262249855e-01
-3.817174270492347254e-01
-3.787226493003255090e-01
-3.770078855511957983e-01
-3.722008606063644809e-01
-3.661951074031271069e-01
-3.618764654844826012e-01
-3.268878329295294982e-01
-2.991330951135897642e-01
-2.690620624478663458e-01
-2.395936091263644041e-01
-2.176703884059942862e-01
-1.938420069215067709e-01
-1.768922636618044386e-01
-1.655022538037529412e-01
-1.585014799349646619e-01
-1.538292591694887523e-01
-1.518930456156930564e-01
-1.452728046011100282e-01
-1.421958231225011193e-01
-1.409245582261988705e-01
-1.342383360739765052e-01
-1.296734396126366651e-01
-1.200140930084776514e-01
-1.129224634375545211e-01
-1.080131410454701069e-01
-1.048971908237457118e-01
-1.032042958297496593e-01
-9.565954765665307669e-02
-8.953270372088595330e-02
-8.588611904557175158e-02
-8.362055592658990122e-02
-8.244141027955298462e-02
-7.512306373148036620e-02
-6.965616383237360765e-02
-6.577301611621111377e-02
-6.320137153760230220e-02
-6.168080340339043843e-02
-6.097340721452226830e-02
-5.387446377905047434e-02
-4.847765887294519516e-02
-3.754686075423174785e-02
-2.892341042392287953e-02
-2.277034445736458856e-02
-1.845001974421500712e-02
-1.563709548157765639e-02
-1.402484260902081559e-02
-1.342962906599898254e-02
-1.349853251421739841e-02
-1.403507461518849198e-02
-1.487361538405673755e-02
-8.701547524413655310e-03
-3.880008135504819933e-03
-2.635781939863690582e-04
9.523717548052257342e-03
1.713366517492942442e-02
2.281877734044224226e-02
2.686039623822744637e-02
3.673976133955259016e-02
4.420531637567726158e-02
4.924344709063110948e-02
6.008099989561088705e-02
6.775089038289805465e-02
7.314071899368523866e-02
8.368294231626238755e-02
9.144495512730843600e-02
1.038243295150693690e-01
1.130174085378732318e-01
1.195315951868196613e-01
1.238527003803662208e-01
1.332961884299457278e-01
1.401243149772795071e-01
1.447811676522825497e-01
1.408396878937623331e-01
1.436270316082406406e-01
1.531909342777133531e-01
1.536068776747481213e-01
1.591097909165326563e-01
1.630177767223719432e-01
1.656164374687720819e-01
1.683348475335997296e-01
1.757377966191711050e-01
1.756404694515107945e-01
1.749989524021811071e-01
1.740077198054550411e-01
1.728231172140139993e-01
1.785316677811583652e-01
1.829891487694117469e-01
1.863370728260442810e-01
1.887340825957735113e-01
1.890135559025563072e-01
1.957495727886229275e-01
2.022938861010612488e-01
2.072788031487398097e-01
2.109143012287697516e-01
2.134172171814057162e-01
2.149981797347590984e-01
2.158526415485315653e-01
2.229918615026673656e-01
2.284705076735742413e-01
2.341280344662184376e-01
2.383242202776187924e-01
2.412660595629021465e-01
2.500703574832539022e-01
2.567877766779236293e-01
2.616894034451124895e-01
2.719242427452943645e-01
2.796331520850769969e-01
2.851814226804472163e-01
2.957086560622446125e-01
3.035141727689683044e-01
3.111801921521057945e-01
3.166374453328086869e-01
3.202527523307567847e-01
3.223828364598684271e-01
3.233583138676359159e-01
3.257672098357362600e-01
3.271705033251144368e-01
3.346812716197764548e-01
3.403632008164001466e-01
3.444588337216036855e-01
3.540822046637990272e-01
3.613448747478880119e-01
3.665842471235549738e-01
3.701433845273571777e-01
3.790766747308107476e-01
3.856786166938197535e-01
3.903250372460760342e-01
3.933767726321542035e-01
3.951652912728091938e-01
3.959848436761201906e-01
4.054671733533912192e-01
4.099116195379848282e-01
4.063851678425369762e-01
4.029180912186907104e-01
4.024699931745105985e-01
4.018292683167474788e-01
4.010858251335420732e-01
4.003092355177073625e-01
3.995506354233684387e-01
3.988451482016084348e-01
3.982145689406071387e-01
3.976700729775146659e-01
4.000722950468700301e-01
4.020634679717733917e-01
4.066079625508194351e-01
4.073077151403396989e-01
4.146086820898686742e-01
4.203926512823952244e-01
4.279178491708330867e-01
4.337560608084298774e-01
4.380947769633209976e-01
4.411488266097682853e-01
4.431399086749789884e-01
4.511225118527186773e-01
4.571667270034374120e-01
4.649289853396616490e-01
4.673171084496610117e-01
4.686238879389437173e-01
4.691145526521856013e-01
4.690149929602926981e-01
4.685120805776608055e-01
4.677560690388709030e-01
4.668641804251332239e-01
4.659247690276651088e-01
4.582907594184781885e-01
4.519077540552889349e-01
4.535178681206768481e-01
4.550219778485093958e-01
4.563730121556732744e-01
4.575464454682776072e-01
4.585346237823055837e-01
4.593419726657452795e-01
4.599810606959007231e-01
4.604694538038538454e-01
4.575201608592829317e-01
4.550957688799222023e-01
4.465158524231187531e-01
4.395858890826107590e-01
4.341638936278815475e-01
4.300736746300537483e-01
4.271240684637487295e-01
4.183773080966912694e-01
4.115889737531808201e-01
4.065320066838979951e-01
4.029552478926508030e-01
4.006037186889142010e-01
4.021588341039317172e-01
4.039636458200974722e-01
4.058499085743298984e-01
4.046839924878435912e-01
4.039336576722312167e-01
3.965502623661822934e-01
3.906868798307530088e-01
3.819929879478904944e-01
3.822855758666847681e-01
3.758518711622502728e-01
3.709422624336491392e-01
3.673741761274944562e-01
3.576158398135689254e-01
3.473859057662485039e-01
3.423164776711165036e-01
3.362810179047659442e-01
3.320977148791717237e-01
3.220567084382450762e-01
3.145415511546765241e-01
3.017684904440818272e-01
2.920977020467672158e-01
2.851058553468419632e-01
2.803537433925675781e-01
2.774152751945255790e-01
2.758966761066943274e-01
2.679188844851272400e-01
2.620628780899694199e-01
2.580022418001111095e-01
2.554120740415115609e-01
2.539862673744313071e-01
2.534485718295251822e-01
2.535586516636043619e-01
2.541142963471543226e-01
2.549508298310028120e-01
2.483094548036945959e-01
2.430992284818418447e-01
2.391658768942759306e-01
2.286264004996330090e-01
2.203803927109453387e-01
2.219376174749649877e-01
2.160912780623853724e-01
2.101366909123492110e-01
2.058558762371713868e-01
2.045353290756215525e-01
1.947255799909490825e-01
1.887075858678313178e-01
1.765551181931517277e-01
1.671577910201429429e-01
1.602018638028002151e-01
1.541027337447371526e-01
1.512004376828555152e-01
1.496448537075254492e-01
1.479348563789542048e-01
1.471964011937905159e-01
1.471637499115554526e-01
1.398327349981118850e-01
1.420404378892561326e-01
1.443166210544504224e-01
1.465211079986348253e-01
1.485606671504120513e-01
1.503791516906443082e-01
1.519489338262489664e-01
1.455355440970282910e-01
1.402768258719195860e-01
1.361003249956451722e-01
1.328988375526671817e-01
1.227593866326366356e-01
1.147385072322280042e-01
1.086223019317555938e-01
1.041596080009727920e-01
1.010868168216723095e-01
9.129389875241611385e-02
8.381517202869015470e-02
7.834793909439019544e-02
7.457316453251139343e-02
7.217794574399771790e-02
7.087067850681227910e-02
7.039034337977145839e-02
6.261878660979491862e-02
5.669781545736340966e-02
5.237995911737702848e-02
4.940737598659250551e-02
3.961667381530542542e-02
3.212941524780066338e-02
2.664334866148587722e-02
2.284125305470552370e-02
2.041276233890032543e-02
1.114395378240184975e-02
4.149438389603687938e-03
-8.916858695957596836e-04
-4.306573022545778784e-03
-6.358653235982725249e-03
-1.531332630033110931e-02
-2.208170715333035439e-02
-3.485583683094461982e-02
-4.462455236853846152e-02
-5.178175005174767698e-02
-5.674068524977116112e-02
-5.990578717661088071e-02
-6.954415428041649250e-02
-7.665665593176096415e-02
-8.163608157715729341e-02
-8.486858414365539005e-02
-9.458033278101196650e-02
-1.017812881764035282e-01
-1.068578680865412966e-01
-1.093304026809942542e-01
-1.182704529938007898e-01
-1.171368088669575425e-01
-1.154749961683718684e-01
-1.211552105741300345e-01
-1.253199179104365069e-01
-1.282219215128557188e-01
-1.300990981726415363e-01
-1.311677193835099065e-01
-1.391711915296480750e-01
-1.528563156255580147e-01
-1.635365804076105434e-01
-1.790411007915941877e-01
-1.908890110208922852e-01
-1.995842848809741277e-01
-2.056390703975095047e-01
-2.169135073194949914e-01
-2.251162262592159014e-01
-2.380645383624258038e-01
-2.402976402033587533e-01
-2.482729857344949664e-01
-2.465526134244784284e-01
-2.533118674856871255e-01
-2.581269628859181875e-01
-2.613150523496903244e-01
-2.631875554715743526e-01
-2.640353540333666427e-01
-2.715079351109963568e-01
-2.770873329702856491e-01
-2.883848170016682921e-01
-2.969666236991392871e-01
-3.104502677098821550e-01
-3.205999671201420487e-01
-3.350310926742872120e-01
-3.482985616112015403e-01
-3.651473299789913529e-01
-3.777225969204440759e-01
-3.866638289103023762e-01
-3.926069099135838236e-01
-4.030807581318711641e-01
-4.103946717134345779e-01
-4.151390750130710128e-01
-4.148424431462700568e-01
-4.135672856889032190e-01
-4.116902804776008118e-01
-4.027660841279732118e-01
-4.017115493454752606e-01
-4.006119217638459684e-01
-3.995381180242520980e-01
-3.957289845578197962e-01
-3.925765622777543928e-01
-3.900373222825643804e-01
-3.946461587897382994e-01
-3.984896690971491129e-01
-4.016088232072576591e-01
-4.040675596565137528e-01
-4.124041348023459452e-01
-4.190179659883022101e-01
-4.241004405008459432e-01
-4.278601831522768073e-01
-4.305078098068944037e-01
-4.322453867157580731e-01
-4.332594543111794039e-01
-4.337167750617512141e-01
-4.367216061531371540e-01
-4.389243214323703679e-01
-4.404432620605098769e-01
-4.478382614222309321e-01
-4.536096624783580999e-01
-4.579415170876821595e-01
-4.610401200186269310e-01
-4.631155789907379638e-01
-4.643689661229137844e-01
-4.649840407294600908e-01
-4.714619429668291950e-01
-4.796728579996338837e-01
-4.889750937014185617e-01
-4.993536378912108997e-01
-5.072394268275726148e-01
-5.129727829847663401e-01
-5.169041402690346398e-01
-5.255011700131504426e-01
-5.317911763797773528e-01
-5.361558430308903667e-01
-5.389589677456074757e-01
-5.405329937598262191e-01
-5.411716987494592512e-01
-5.471069863236257547e-01
-5.514453730215209681e-01
-5.544552339412949227e-01
-5.622496634513383107e-01
-5.717944058597241863e-01
-5.790569005156921412e-01
-5.805417751493084921e-01
-5.848435877827781182e-01
-5.877653862219976988e-01
-5.895674289512243815e-01
-5.904908154251865549e-01
-5.946507913926257771e-01
-5.976595744836327162e-01
-6.055115032054168012e-01
-6.155669890385838672e-01
-6.233379008693211709e-01
-6.290802569378515230e-01
-6.373514809959396343e-01
-6.492651900144223998e-01
-6.582546392659104351e-01
-6.647150207991201487e-01
-6.690639768327620862e-01
-6.762345159976805853e-01
-6.812984712639444940e-01
-6.892642610271517700e-01
-7.007131247705817856e-01
-7.092398850761736373e-01
-7.201391189137837934e-01
-7.232165260529002104e-01
-7.296323924583851817e-01
-7.395102773470143553e-01
-7.517229797946477499e-01
-7.608006302051603109e-01
-7.671926800274126990e-01
-7.767204732637487119e-01
-7.834354510825619622e-01
-7.878543608907562223e-01
-7.904549652579172525e-01
-7.916619490125497149e-01
-7.918410262891901752e-01
-7.912983750256395998e-01
-7.955437462646178792e-01
-7.932803412856180847e-01
-7.909643574465110571e-01
-7.887339943116740137e-01
-7.918596916013822540e-01
-7.942419956551663995e-01
-7.959888615108483556e-01
-7.972068855522062014e-01
-7.979963023471052797e-01
-7.933773333291053165e-01
-7.893979696785031752e-01
-7.860758670875841458e-01
-7.885900771372361673e-01
-7.907803243119997383e-01
-7.926249170594288351e-01
-7.941269622336398770e-01
-7.952033483248874823e-01
-7.959939693913308245e-01
-7.965471920698311559e-01
-7.917137591088850845e-01
-7.877492588243310001e-01
-7.896721540684373819e-01
-7.811674364188139208e-01
-7.742652409792658563e-01
-7.688374177284629241e-01
-7.647195641297170887e-01
-7.617298809140936600e-01
-7.596833412293964027e-01
-7.584018992767065370e-01
-7.577214050099129183e-01
-7.522164700570520557e-01
-7.479630907372191162e-01
-7.448174227061841179e-01
-7.371789923847243964e-01
-7.312429244549881746e-01
-7.268313404212677353e-01
-7.237331950867587071e-01
-7.217258954691937456e-01
-7.149142949699751615e-01
-7.097581080943042853e-01
-7.060494198246338726e-01
-6.928049458303238151e-01
-6.825069081899037826e-01
-6.748216464353493649e-01
-6.693698603214105480e-01
-6.657640359808928432e-01
-6.576021968160676856e-01
-6.516402238322451801e-01
-6.475415086272620080e-01
-6.449675966970388474e-01
-6.435978831867161798e-01
-6.323482088375115273e-01
-6.237544185054322288e-01
-6.174627144351589880e-01
-6.131032448845966654e-01
-6.039954764646202623e-01
-5.972378150098334171e-01
-5.924877087183711977e-01
-5.893964475755142374e-01
-5.876300862600820629e-01
-5.868834257133334065e-01
-5.868882143960497677e-01
-5.809068603311878798e-01
-5.829694381152714655e-01
-5.743380782183348243e-01
-5.676823162820365809e-01
-5.627451829000322814e-01
-5.592578630032272180e-01
-5.569582767090082154e-01
-5.556029823726726935e-01
-5.549741290451239983e-01
-5.483029284755802646e-01
-5.431799137680353162e-01
-5.394136164587071125e-01
-5.328361947471833560e-01
-5.279757566314318140e-01
-5.245540093839919926e-01
-5.223044463291903750e-01
-5.171969721187243962e-01
-5.135467509170528189e-01
-5.110813882162346111e-01
-5.095560800804592727e-01
-5.087565859548421887e-01
-5.084995976474437906e-01
-5.086315789369248996e-01
-5.054218159957242218e-01
-5.030615837955603187e-01
-5.014059007033786486e-01
-4.968360415281229958e-01
-4.934041834727644904e-01
-4.909251820440101444e-01
-4.892266137560088435e-01
-4.881525329989444550e-01
-4.875651935029428063e-01
-4.873454952149300912e-01
-4.873926052845278800e-01
-4.843050494256722072e-01
-4.756954082548214835e-01
-4.688625758854723102e-01
-4.636186054352766650e-01
-4.597523275179640212e-01
-4.570465907191092469e-01
-4.552906464069066406e-01
-4.542886072259693098e-01
-4.538647568423115342e-01
-4.474779167577602745e-01
-4.425220154095470537e-01
-4.388324846577926763e-01
-4.362261956610473668e-01
-4.345165943711775114e-01
-4.335247873485299497e-01
-4.300914382896059429e-01
-4.276423414710852633e-01
-4.259985923965998733e-01
-4.249955737541113443e-01
-4.244871005453456636e-01
-4.272580537246362109e-01
-4.297822310311101290e-01
-4.320005974480993771e-01
-4.338871865710240971e-01
-4.354411573251091294e-01
-4.336664524900311068e-01
-4.257050875649013300e-01
-4.191994161071188607e-01
-4.140483436107580406e-01
-4.101099522207454218e-01
-4.072217728910425549e-01
-4.052157460420331425e-01
-4.039287813035579155e-01
-4.032097711995561440e-01
-4.029238187438233254e-01
-4.029543328923734791e-01
-4.032035425840345688e-01
-4.035918853139432994e-01
-3.975199027078946123e-01
-3.992121798174788072e-01
-3.849805752127166691e-01
-3.643880168000928066e-01
-3.662952181291942999e-01
-3.381453836668040225e-01
-3.620017259021637290e-01
-2.478820654990716577e-01
-3.407962939027617821e-01
-2.416306691255176720e-01
-3.422502236221689476e-01
-2.331915127731696291e-01
-3.360971494006896876e-01
-2.603409940287499946e-01
-2.057701741888118274e-01
-1.995904402772583630e-01
-1.961227853685434397e-01
-1.942745273885559953e-01
-1.934471950583229738e-01
-1.933051705146089372e-01
-1.864125596702046472e-01
-1.814911482698076117e-01
-1.781073298713438113e-01
-1.759374725036830789e-01
-1.747208080569937483e-01
-1.674237705512258145e-01
-1.619143104010749568e-01
-1.579390994644866986e-01
-1.552450258828508289e-01
-1.535880401331475298e-01
-1.527421233289472102e-01
-1.456469256706822701e-01
-1.402326770116166799e-01
-1.362788375959336218e-01
-1.335528927357365614e-01
-1.318269688349054114e-01
-1.239888664087853698e-01
-1.180017567874001028e-01
-1.136230473856738588e-01
-1.105975931641782761e-01
-1.086753797723405413e-01
-1.076234741622641433e-01
-1.072333627040438220e-01
-1.003882064199268509e-01
-1.020796370255661056e-01
-9.695076805512603535e-02
-9.307714919618881311e-02
-9.723363871110213275e-02
-9.473173190098438390e-02
-9.289784865832428906e-02
-9.163443803195869819e-02
-9.793792432115400182e-02
-1.033441240619068502e-01
-1.078316409351887106e-01
-1.050705853936555467e-01
-1.090538957758078187e-01
-1.050766100923585800e-01
-1.016917723053250011e-01
-9.961472706181040415e-02
-9.794490552080703516e-02
-9.595222249435897410e-02
-9.443864298748416708e-02
-9.333662312235579961e-02
-9.257745562126062921e-02
-9.144032121956557901e-02
-9.065243951942902889e-02
-9.014385064375263212e-02
-8.985288876872554731e-02
-8.972654815576031062e-02
-8.278025575035696804e-02
-7.719773333535462356e-02
-7.285110012784046241e-02
-6.958922247772858505e-02
-6.725195897940405843e-02
-6.568058509072538520e-02
-6.472511093828758888e-02
-6.424908336684476140e-02
-6.413237375633706883e-02
-6.427238587972095019e-02
-6.458406341953781826e-02
-6.499902771281518277e-02
-6.546412893823783108e-02
-6.593964700225307674e-02
-6.639733230076805270e-02
-6.681843269489817772e-02
-6.719181297717180534e-02
-6.751223806282147244e-02
-6.777886185730053192e-02
-6.101008890349191027e-02
-6.289543203447256481e-02
-5.751573353885897077e-02
-5.314612856593825541e-02
-4.972283594854420841e-02
-4.714891088765460481e-02
-4.530920795848980553e-02
-4.408232065296080471e-02
-4.334945846490767529e-02
-4.300051339865329503e-02
-4.293773870050499042e-02
-4.307753048017204378e-02
-4.335079633557081813e-02
-4.370234320870713951e-02
-4.408964328343301098e-02
-3.730113338039919846e-02
-3.181092388856576747e-02
-2.751471844533215361e-02
-2.427642825654063863e-02
-2.194527493175457700e-02
-2.036837370917332635e-02
-1.939952462457106286e-02
-1.172848520557212559e-02
-5.726255826671300397e-03
-1.194089679792620373e-03
2.040960530502289316e-03
4.234442294607898560e-03
5.585338149669993868e-03
6.276810188477810470e-03
6.471511837542021084e-03
6.309265796403229487e-03
5.864514399982700965e-03
5.288529394476215728e-03
4.653062313862976751e-03
4.010044022522807339e-03
1.040773308176068390e-02
8.552886255116076697e-03
1.384953974478553285e-02
1.805769691598180238e-02
2.129036814575724357e-02
2.367600593108809548e-02
2.534748224191352151e-02
3.341868699245398311e-02
4.002971938103305760e-02
4.510998044381664407e-02
4.883815856392459409e-02
4.428048072378887312e-02
4.003890909675322796e-02
4.342047238230239969e-02
4.602634522313731047e-02
4.795044420190919254e-02
5.648042030590638696e-02
6.321676318323254939e-02
6.834548219041169936e-02
7.208320312495009041e-02
8.181078481253423185e-02
8.212451826278854838e-02
8.892595991488816409e-02
9.397497734849968865e-02
9.754034530550836912e-02
9.988694890297744600e-02
1.012628486914759485e-01
1.082218547240072493e-01
1.133939852730496689e-01
1.170742869148062582e-01
1.203778845628447058e-01
1.225878413558458835e-01
1.239152526123308284e-01
1.245541931214604325e-01
1.246770526000939849e-01
1.244320713223128205e-01
1.309973749253670050e-01
1.361314110117837206e-01
1.390110868285217016e-01
1.409576874893438969e-01
1.421628274714035189e-01
1.427955310539330558e-01
1.430008430283007392e-01
1.429002353820769677e-01
1.435842375138203231e-01
1.498476496182354900e-01
1.479106878155758142e-01
1.529211871356934704e-01
1.568218777509966522e-01
1.597489228186932397e-01
1.629681648715963771e-01
1.653250265618462223e-01
1.669484875426505699e-01
1.667987452110739621e-01
1.744686483302757551e-01
1.805246353298337603e-01
1.851287786157207460e-01
1.898033808657044741e-01
1.918585887995902795e-01
2.000130406045692588e-01
2.076712140682965835e-01
2.119438868523997321e-01
2.078881287396652233e-01
2.109192797927181839e-01
2.129863365403952269e-01
2.073859495669569952e-01
2.024446950788496569e-01
1.982224172990749711e-01
1.947229267637857753e-01
1.919108609026516366e-01
1.897254571165232218e-01
1.880914605898622582e-01
1.869274723328073762e-01
1.861520830844791696e-01
1.856881475426062078e-01
1.854655409374921238e-01
1.854227139666779767e-01
1.855073282117896127e-01
1.856762164374334834e-01
1.858948735335423930e-01
1.791984348118524917e-01
1.725478679052521169e-01
1.685214941927988264e-01
1.655064685992508888e-01
1.633577070915634977e-01
1.607968354005608891e-01
1.590409810358115461e-01
1.579304502892016071e-01
1.573224709531075849e-01
1.502484107432724425e-01
1.447078130724588352e-01
1.405218703605013442e-01
1.374966706761127089e-01
1.354374924334524888e-01
1.341588139129583634e-01
1.275004873914411530e-01
1.223214442194344720e-01
1.176364235051643448e-01
1.150855801382164589e-01
1.134655042912857681e-01
1.125881675167519358e-01
1.114869257897399546e-01
1.109509310200871290e-01
1.108324001844847029e-01
1.110078101038698417e-01
1.113768382914808175e-01
1.118603001234987904e-01
1.054682919124179108e-01
1.003576154238534635e-01
9.640612386356472996e-02
9.346852812404882194e-02
9.139089777767517297e-02
9.002119249195206230e-02
8.226829539619440190e-02
7.621312768613730526e-02
7.166127250426068684e-02
6.142360491171916514e-02
5.352099533021004163e-02
4.766505743421767249e-02
4.354562105090087343e-02
4.085415062856623258e-02
3.929984773651806762e-02
3.139806849455561988e-02
2.553288930543695656e-02
1.448227297274073955e-02
6.121286928109981318e-03
5.164960931680617762e-05
-4.118219680266710370e-03
-1.358835803392466346e-02
-2.059960154099171881e-02
-2.571296941838174810e-02
-2.913747040839576030e-02
-3.786315116960858873e-02
-4.425151982060793188e-02
-4.868482284602793086e-02
-5.153035799052596566e-02
-5.312539914194736035e-02
-5.413922003185689391e-02
-6.130793409371571023e-02
-6.671009081507617289e-02
-7.058220039145268743e-02
-7.317370527895294963e-02
-7.472952057380011226e-02
-7.547773828991188871e-02
-8.319186130859157480e-02
-8.853956345195657107e-02
-9.239700131582129217e-02
-9.501479627998143940e-02
-9.731538590191379789e-02
-9.872897279393910708e-02
-9.944148092065208111e-02
-9.962265536640702024e-02
-1.057816178614441327e-01
-1.034416189797466856e-01
-1.011777970892291378e-01
-1.060686880946952737e-01
-1.098768007367409982e-01
-1.127376113957239134e-01
-1.147935643615414225e-01
-1.161845309342317556e-01
-1.170415309207735177e-01
-1.243799026528535911e-01
-1.301335641862351178e-01
-1.344856675152787950e-01
-1.376359318366833229e-01
-1.397853862263280789e-01
-1.411257552578502050e-01
-1.418325355842158242e-01
-1.420609579819107626e-01
-1.419441586372731656e-01
-1.415929937787649973e-01
-1.479599004963580988e-01
-1.529906202780910718e-01
-1.568275315341178811e-01
-1.596323700154238523e-01
-1.615717540681398390e-01
-1.628069547182062760e-01
-1.634871017433199292e-01
-1.637451009209933694e-01
-1.636956331510490692e-01
-1.702537023521111248e-01
-1.754211522393780420e-01
-1.861313393439925079e-01
-1.945082887975622121e-01
-2.008271201691140817e-01
-2.053863503203987584e-01
-2.099142564125813237e-01
-2.130402237258199882e-01
-2.150109734109282300e-01
-2.160631276156157465e-01
-2.149181252711451773e-01
-2.203179600032172392e-01
-2.243480264406374491e-01
-2.272233219654433700e-01
-2.224664816854227123e-01
-2.196854006893955713e-01
-2.171567165929986221e-01
-2.149388804646052975e-01
-2.130571828882459329e-01
-2.183537820036998145e-01
-2.227282504076979475e-01
-2.262262543112625313e-01
-2.289271425043906127e-01
-2.307977041405970819e-01
-3.052441505538829869e-01
-3.721646441370747294e-01
-3.768878953960115297e-01
-3.748565556190892600e-01
-3.821994931936358864e-01
-3.871203598657717571e-01
-3.900678260876768721e-01
-3.918004088033983923e-01
-3.927968296222770217e-01
-3.933237967174487704e-01
-3.935320921895424373e-01
-3.963015545730306233e-01
-3.983036616163224686e-01
-3.996958376950774383e-01
-4.005985004371437341e-01
-4.011116084478505428e-01
-4.013223965900121204e-01
-4.040391061602759404e-01
-4.061266010849811092e-01
-4.076565399328533346e-01
-4.021790459741365620e-01
-3.974494749472650135e-01
-3.962753025670666673e-01
-4.020612377000982729e-01
-4.068995202709995151e-01
-4.108074756299489039e-01
-4.138509974742703434e-01
-4.161255786537878532e-01
-4.243987141848637457e-01
-4.308661999811398413e-01
-4.291555995857585515e-01
-4.338979659378752185e-01
-4.374171607672436846e-01
-4.399044490015462383e-01
-4.415463817501865673e-01
-4.425162377345526199e-01
-4.494358347087490380e-01
-4.547518247358963706e-01
-4.586830255638456588e-01
-4.614516372860719695e-01
-4.632707496519643531e-01
-4.706545024558492774e-01
-4.699854486612626836e-01
-4.752555372952060875e-01
-4.791700546974817509e-01
-4.819424049995906234e-01
-4.837785873909632439e-01
-4.848692227977018376e-01
-4.853848330673429246e-01
-4.854735168840560444e-01
-4.852603746292190046e-01
-4.848481832964615101e-01
-4.876050240729070673e-01
-4.897331629945755882e-01
-4.913044196379108275e-01
-4.923995435310912772e-01
-4.931014154562516350e-01
-4.934898742426747642e-01
-4.936381288542674994e-01
-5.033883379346175690e-01
-5.112764528845372691e-01
-5.174354913487901886e-01
-5.220540801429878197e-01
-5.253489650162737057e-01
-5.275440459815179395e-01
-5.288554063013972684e-01
-5.294814666319000995e-01
-5.295972756121123393e-01
-5.293519689577088627e-01
-5.351134767809042625e-01
-5.395587802709025382e-01
-5.527543395663567782e-01
-5.631832907518767861e-01
-5.711384056656516606e-01
-5.769538431265246459e-01
-5.809744904252689413e-01
-5.835344421140667981e-01
-5.849427929572307283e-01
-5.914539367811697534e-01
-5.902594416035660263e-01
-5.946518424626855426e-01
-5.977680540735850201e-01
-6.038849458909593126e-01
-6.143452344479132243e-01
-6.223813103520847712e-01
-6.283090552912333759e-01
-6.324589825696954604e-01
-6.351541247176540894e-01
-6.366953407953257482e-01
-6.373523849097012528e-01
-6.373593427220013430e-01
-6.369132942690717281e-01
-6.419038339809935989e-01
-6.456543925926790939e-01
-6.483527774181440106e-01
-6.501828656790941130e-01
-6.612166979172428016e-01
-6.698999257858833101e-01
-6.764919327914572511e-01
-6.812821783341677095e-01
-6.790657677712598206e-01
-6.766100686126228503e-01
-6.841772219867927607e-01
-6.900665875149106787e-01
-6.944630358747571064e-01
-6.975777609755160480e-01
-6.996288290819310252e-01
-7.008269050167934555e-01
-7.060603695045897243e-01
-7.099878592574152547e-01
-7.127835916491443990e-01
-7.201622294774334687e-01
-7.257350623876180906e-01
-7.297597022095655417e-01
-7.324982250746108203e-01
-7.390939980647227570e-01
-7.440232308183233334e-01
-7.528795359666664577e-01
-7.595231718610411242e-01
-7.642836349382071681e-01
-7.674887424642238276e-01
-7.642094084294690504e-01
-7.608990792193613961e-01
-7.628084687906963035e-01
-7.589895011845416706e-01
-7.555814616477207757e-01
-7.526420210729461990e-01
-7.552496877333187975e-01
-7.574185627881052651e-01
-7.591625136881064995e-01
-7.659210501751322342e-01
-7.765246408019957913e-01
-7.849974961920821448e-01
-7.967733209464511468e-01
-8.058010162524050779e-01
-8.124537034566142735e-01
-8.171152397258748534e-01
-8.201550529214706176e-01
-8.323291010269895374e-01
-8.415887755561219929e-01
-8.483424902555217750e-01
-8.530036817286157369e-01
-8.615385613833643763e-01
-8.677714240292332404e-01
-8.720570537504709341e-01
-8.747487593743300538e-01
-8.819385077722440291e-01
-8.871772515344771293e-01
-8.907571261942881513e-01
-8.929762793836640844e-01
-8.988552117330560476e-01
-9.089652345723939764e-01
-9.166157249108450866e-01
-9.221415619363871885e-01
-9.258919112384956795e-01
-9.282060303906731757e-01
-9.399884676190646271e-01
-9.489585894370702324e-01
-9.555036904424840660e-01
-9.600212664806111462e-01
-9.628938169813248127e-01
-9.644729463658012758e-01
-9.650703682806529571e-01
-9.588001210694631071e-01
-9.532107497338871971e-01
-9.544527421092305897e-01
-9.553476056085035140e-01
-9.559530391127057936e-01
-9.545396590948728166e-01
-9.593203525762689088e-01
-9.673282096231181626e-01
-9.736249961664127373e-01
-9.784259293009320846e-01
-9.819526136454856946e-01
-9.904443611498364719e-01
-9.970052637110842220e-01
-1.001876693102540017e+00
-1.005313333504445072e+00
-1.011430074062582785e+00
-1.015855283310779456e+00
-1.022629861587038391e+00
-1.023838463182813685e+00
-1.027913992944643695e+00
-1.030694877353323768e+00
-1.032443446599287107e+00
-1.033390714772811414e+00
-1.043313936986265844e+00
-1.044974488985144001e+00
-1.051811548753166292e+00
-1.056938159648542541e+00
-1.060612026426826393e+00
-1.063085025841203901e+00
-1.061210544225057895e+00
-1.059176729094971403e+00
-1.063297488579084238e+00
-1.066457038141508384e+00
-1.068766357130159328e+00
-1.064066419136106667e+00
-1.059913376393395001e+00
-1.052818931968531047e+00
-1.046920245795721627e+00
-1.042181535051112107e+00
-1.038513286518389034e+00
-1.035792994328919914e+00
-1.033882092936650121e+00
-1.032638899771183727e+00
-1.031927816173583867e+00
-1.029134306328769677e+00
-1.033289937980883089e+00
-1.030768649061942988e+00
-1.028860250444169289e+00
-1.023797278770863350e+00
-1.019813934180688886e+00
-1.016792471468467962e+00
-1.014601199053759117e+00
-1.013104982312525548e+00
-1.012173011722750537e+00
-1.005636738524727125e+00
-1.000568421261742502e+00
-9.967823474384238658e-01
-9.940830987112241335e-01
-9.824519639210230748e-01
-9.733141016806002854e-01
-9.704140691846266931e-01
-9.589074801876283916e-01
-9.501388380804205447e-01
-9.437257822537088447e-01
-9.392815789072890276e-01
-9.364365518567397961e-01
-9.348516413784045964e-01
-9.286059333694101081e-01
-9.199010659458485284e-01
-9.133707949001298454e-01
-9.031835440937736603e-01
-8.956010071920739168e-01
-8.902196632936489884e-01
-8.812706845669716627e-01
-8.748057206636198346e-01
-8.703857586335927987e-01
-8.631426953438877669e-01
-8.579577480660084410e-01
-8.544862620698991940e-01
-8.425856279455962161e-01
-8.335173244795414105e-01
-8.269119016155246360e-01
-8.172815619237686624e-01
-8.103229479782025901e-01
-8.007594425984547737e-01
-7.937278550292582446e-01
-7.841371899793826428e-01
-7.772360497396623158e-01
-7.725632588386367461e-01
-7.696833926705662909e-01
-7.682011674108152333e-01
-7.677692566996691115e-01
-7.583630957678824114e-01
-7.559625590105500947e-01
-7.499208589562275096e-01
-7.404976194469938822e-01
-7.333715982282201784e-01
-7.282371326404060152e-01
-7.247719823282212648e-01
-7.226598373247925533e-01
-7.170022147869851148e-01
-7.077385209055545578e-01
-7.007738840168666883e-01
-6.913298627467580060e-01
-6.888010182747322796e-01
-6.831338553049616236e-01
-6.738532987131820029e-01
-6.669618659725173870e-01
-6.566023745142752777e-01
-6.488537572944593768e-01
-6.433537113351399661e-01
-6.397257563521397961e-01
-6.334294454550337683e-01
-6.234234507799698566e-01
-6.160141056498533718e-01
-6.068025368330813851e-01
-5.944422349579743248e-01
-5.891289487764604926e-01
-5.818823256523687482e-01
-5.769190821712716355e-01
-5.679071318050852302e-01
-5.613832368261224559e-01
-5.569475658431315424e-01
-5.481845002503566988e-01
-5.417997127287457193e-01
-5.337995328641049753e-01
-5.281599540481562993e-01
-5.244515536282137180e-01
-5.126831850998219142e-01
-5.039140130954615771e-01
-5.010232670607777106e-01
-4.900369519483782632e-01
-4.818736738303455169e-01
-4.761050781703590751e-01
-4.723070452189064294e-01
-4.700808940191820717e-01
-4.690665554695241379e-01
-4.657955320408038169e-01
-4.575242583102629990e-01
-4.513527929703133879e-01
-4.406744367253971895e-01
-4.325742894779918135e-01
-4.267032732576414578e-01
-4.226997393457936347e-01
-4.202121287392786009e-01
-4.124865179543681926e-01
-4.067984411249128129e-01
-4.028425719336392596e-01
-4.003110142060208876e-01
-3.989108924530235800e-01
-3.983760217327294573e-01
-3.853044828064271510e-01
-3.816304045841645287e-01
-3.725993295589102861e-01
-3.380438968759629237e-01
-3.657945493407348536e-01
-2.478820654990716577e-01
-3.609178300524609195e-01
-2.463121961201941712e-01
-3.550419668396123107e-01
-2.564820255144681926e-01
-2.325177724602842666e-01
-2.270333867094562752e-01
-2.143206164084974219e-01
-2.061487345681032313e-01
-2.009274804032818995e-01
-1.976534846761299757e-01
-1.957201437024229662e-01
-1.875197195720290644e-01
-1.816436011230955216e-01
-1.775883931455806142e-01
-1.749756844822156765e-01
-1.734986232648234594e-01
-1.660712309736878112e-01
-1.605408601769733323e-01
-1.566238868100138237e-01
-1.471848627868601600e-01
-1.400497469291086539e-01
-1.349042761779108979e-01
-1.323389769585130438e-01
-1.309320811097529624e-01
-1.304203566445001350e-01
-1.235179505077474982e-01
-1.183213557405302652e-01
-1.146029359170721573e-01
-1.121203150435983176e-01
-1.106351048695493056e-01
-1.028002012934918774e-01
-9.683990661200114758e-02
-9.250601375587530484e-02
-8.953663467781236562e-02
-8.767537695701754785e-02
-8.668410206232834980e-02
-8.635055204388475403e-02
-7.935255529642271100e-02
-7.398270656384120514e-02
-7.662768972064148976e-02
-7.217673993703566104e-02
-6.939392612551142925e-02
-6.700056799524878315e-02
-6.588207107011712083e-02
-6.531117318933210569e-02
-6.515464219057931494e-02
-6.529695763017784316e-02
-5.851128073013467379e-02
-5.313166222398324479e-02
-4.902084383721883043e-02
-4.601469122424339808e-02
-4.362623871148696431e-02
-4.207427999755286585e-02
-4.117749980478468963e-02
-4.077804936821216586e-02
-3.373326495425699179e-02
-2.824430998894844613e-02
-3.111122516101372248e-02
-2.705507275111984633e-02
-2.380778350677359434e-02
-2.147256020021703904e-02
-1.989282842870698786e-02
-1.905413452381199413e-02
-1.865905389674527015e-02
-1.147328147012793842e-02
-5.784821741319001731e-03
-1.442247302593457903e-03
1.674900751442276459e-03
3.809513571739087112e-03
5.148712460471660535e-03
5.858293043798257216e-03
1.325728972965101171e-02
1.901431429994793199e-02
2.315101019577636698e-02
2.622235177859932875e-02
2.827377242056283713e-02
3.666334047408326136e-02
3.595032607295101101e-02
4.201393597411429148e-02
4.655605951757224581e-02
4.979740684589750721e-02
5.196113954420455983e-02
5.326001938382263212e-02
5.388810903868357371e-02
5.401606249894896905e-02
6.094953005058378892e-02
6.633310774663292442e-02
7.749761799017673702e-02
7.848937542623790620e-02
8.575441843369091544e-02
9.113057745688024625e-02
9.493074447196581112e-02
1.043893646435729572e-01
1.123087144430718887e-01
1.181845142942385962e-01
1.223161327113611030e-01
1.250051708661596983e-01
1.265398600011529151e-01
1.262889633996246985e-01
1.264373305969990202e-01
1.322147937815305596e-01
1.365249545759426031e-01
1.395999582353169011e-01
1.416630397509286432e-01
1.429196889642114776e-01
1.435528432949684241e-01
1.447201036371192906e-01
1.453802155871914970e-01
1.526083280291319344e-01
1.583049908382976323e-01
1.626254411238392539e-01
1.657526876062864751e-01
1.678793104004381309e-01
1.691940017043551681e-01
1.698723180891561491e-01
1.700709673202451810e-01
1.699249100535114021e-01
1.695465873444939042e-01
1.690266600404315422e-01
1.754181893085795529e-01
1.805006131709296913e-01
1.844059261232615654e-01
1.942158594536969041e-01
2.018689635596941923e-01
2.076248882836586596e-01
2.117629121704089901e-01
2.145609536969563802e-01
2.162815005454594708e-01
2.239973201829779104e-01
2.298152862137132768e-01
2.340120393393594345e-01
2.368635861944594634e-01
2.402907919710630669e-01
2.425959567644087045e-01
2.439863539241524659e-01
2.446579592357234212e-01
2.447882075697078719e-01
2.514534247217812268e-01
2.565956307008818715e-01
2.604030812096627123e-01
2.630791832026100341e-01
2.648263176373868433e-01
2.746189974354682484e-01
2.753891342897549777e-01
2.824354581193426750e-01
2.877612989641145091e-01
2.915986242631429803e-01
2.941911021417200622e-01
2.957767207812580512e-01
2.965760706211741926e-01
3.036935271398526481e-01
3.091018257073974151e-01
3.152715879220890915e-01
3.198576198875628940e-01
3.230846291631910283e-01
3.251845945293383444e-01
3.263820146617684159e-01
3.268836368006537985e-01
3.268721466529551645e-01
3.265031223381313907e-01
3.328549852431839096e-01
3.377859162627496747e-01
3.414710119076442840e-01
3.440978955614930612e-01
3.458524325357226203e-01
3.469092722909470350e-01
3.474260819691568081e-01
3.475405307031047553e-01
3.473692701015378415e-01
3.470083163718671315e-01
3.533549065573153847e-01
3.583772404014402557e-01
3.622189940847706513e-01
3.650410750464627707e-01
3.670078453031315746e-01
3.682776045446489732e-01
3.689963818105010951e-01
3.692942603003459556e-01
3.692836103342309606e-01
3.757598339587953085e-01
3.808507561796212748e-01
3.847152703479634894e-01
3.875271058117859546e-01
3.894611814486153012e-01
3.906842784627622134e-01
3.940908255315875852e-01
3.966024232849101328e-01
3.983490137167982059e-01
3.994636020744908311e-01
4.000743565968436499e-01
4.070174218926521092e-01
4.057412105753170906e-01
4.110565056031052489e-01
4.151265838084801096e-01
4.181168168312161537e-01
4.201995883051605762e-01
4.281470769457351722e-01
4.276945374406266875e-01
4.334471648506652564e-01
4.377664686066593536e-01
4.343536074058855778e-01
4.376571734423990723e-01
4.400629649368199559e-01
4.481829430565578143e-01
4.544705442125072103e-01
4.591653221302114396e-01
4.625142233125003610e-01
4.647566203130650830e-01
4.661147007159882616e-01
4.730881293088788908e-01
4.720996608056586830e-01
4.708257396542971929e-01
4.789493174707621925e-01
4.853592022793324912e-01
4.902280979341331335e-01
4.937589585006825210e-01
4.961656050394704920e-01
4.976581257059102814e-01
4.984326319006995298e-01
5.049471203891044979e-01
5.098951986011610593e-01
5.134980409381098010e-01
5.221416777938090448e-01
5.225810891229183408e-01
5.285024786674412667e-01
5.328486206764615485e-01
5.358804751699062230e-01
5.378453145611270525e-01
5.389685326172251045e-01
5.430616117260316233e-01
5.460530575865842895e-01
5.481105733721181039e-01
5.554469359746685431e-01
5.610596909426379675e-01
5.651767699199143902e-01
5.680363615032801849e-01
5.737087991510109175e-01
5.838741843341455073e-01
5.857398799429921477e-01
5.925814885023809042e-01
5.975945888503553238e-01
6.010704192361464582e-01
6.032936956068858381e-01
6.045288829853306956e-01
6.108450222172632227e-01
6.155069852924441864e-01
6.228935352178527340e-01
6.284414339029480434e-01
6.324092045530181894e-01
6.350614837537340573e-01
6.366534493665394479e-01
6.374201421701893855e-01
6.375699254273918815e-01
6.372812864577735992e-01
6.367022048370146736e-01
6.359513764425276383e-01
6.351206755101213020e-01
6.342783439586311411e-01
6.334725066411481809e-01
6.327347140361379019e-01
6.320833044945234347e-01
6.315264536605518231e-01
6.310648384887185269e-01
6.306938883361151715e-01
6.304056277597241964e-01
6.301901371056557455e-01
6.300366699754945676e-01
6.299344732361097376e-01
6.298733571551512478e-01
6.298440619287951625e-01
6.298384634536594584e-01
6.298496565478044484e-01
6.298719485909219928e-01
6.257129786218139644e-01
6.223582203745603447e-01
6.238505693961152732e-01
6.252224883183190585e-01
6.264383719770971748e-01
6.274812852927407203e-01
6.283483837612958700e-01
6.290469202327522158e-01
6.295908752730312585e-01
6.299982124971381658e-01
6.302887284644537180e-01
6.304824426361650413e-01
6.305984576342155146e-01
6.306542130532560853e-01
6.306650558658781769e-01
6.306440551810478246e-01
6.306019969667790992e-01
6.305475038001067123e-01
6.262938594110563084e-01
6.269965505668831929e-01
6.276511825994768312e-01
6.282378960962526904e-01
6.287463487721159927e-01
6.291734173834854227e-01
6.253388751560429171e-01
6.222254262952326975e-01
6.238897281128743533e-01
6.253803713783631091e-01
6.266713243287425072e-01
6.277546688987700740e-01
6.286357367502536375e-01
6.293289395037590106e-01
6.298543184108373882e-01
6.302347977469153761e-01
6.304940922373241108e-01
6.264598471938883639e-01
6.273068097844560764e-01
6.280460205336259039e-01
6.286710873835479330e-01
6.291835351312863311e-01
6.295903672617119140e-01
6.257153524103503672e-01
6.225540562479471296e-01
6.241712666741944249e-01
6.256141688647298693e-01
6.268594053449739745e-01
6.279008523483501358e-01
6.245714756060324335e-01
6.259864520135972610e-01
6.271926220650331230e-01
6.240221494004295488e-01
6.255706252832915482e-01
6.268922075843854635e-01
6.279854318482445130e-01
6.288612824196939677e-01
6.295389567370436312e-01
6.300424111826801177e-01
6.262052680373997315e-01
6.271992235791660208e-01
6.238814646633453753e-01
6.253338820373447460e-01
6.266004479020839124e-01
6.276704186765683646e-01
6.285465526881602871e-01
6.250618781842276483e-01
6.263484210336950353e-01
6.274455981947485439e-01
6.241836479029188034e-01
6.256618577499151179e-01
6.227767291895346391e-01
6.245760631102809102e-01
6.261257769011357999e-01
6.274191662186847651e-01
6.284649670108223285e-01
6.251027946470153474e-01
6.264723844804787056e-01
6.234607153852901318e-01
6.210109909788867899e-01
6.231876374163819454e-01
6.250751323582194319e-01
6.225111730530877852e-01
6.245448727574925973e-01
6.221160088499797514e-01
6.201383057699028090e-01
6.185764687804363726e-01
6.214746920861267121e-01
6.239602486469684184e-01
6.260251251176702780e-01
6.235244203342431568e-01
6.255590352297986101e-01
6.272227661540121790e-01
6.285386169743399920e-01
6.253586903587737833e-01
6.268435793520200638e-01
6.280538543449245559e-01
6.290080615883599791e-01
6.297327949542708136e-01
6.302588912814828248e-01
6.306185034571967218e-01
6.266454658967893776e-01
6.275267167405407243e-01
6.282783624002913347e-01
6.288999028207798991e-01
6.252169188681206968e-01
6.222135609015039259e-01
6.239547273581420583e-01
6.254959768033109269e-01
6.268163924787285568e-01
6.237488766393153306e-01
6.212454500072350783e-01
6.192628474997248222e-01
6.218385092521473423e-01
6.240773919727056196e-01
6.259623381489181071e-01
6.274997110199079797e-01
6.287123363060698189e-01
6.296335139091263633e-01
6.261108559215310398e-01
6.273262538581459991e-01
6.241537034479864854e-01
6.256951360841807031e-01
6.270052616189657479e-01
6.280845241693004954e-01
6.289453900259540653e-01
6.296081557973177700e-01
6.300975463464342230e-01
6.304400676992641950e-01
6.306620463563220591e-01
6.307882649012359622e-01
6.308410938988308070e-01
6.308400197110524132e-01
6.308014743612313513e-01
6.307388843437267134e-01
6.248590567709960686e-01
6.158346477532365970e-01
6.086043756307882857e-01
6.070709848376867335e-01
6.061933941655666125e-01
6.058232087592033688e-01
5.957761145084446985e-01
5.918605288275016196e-01
5.890615378635147836e-01
5.871998529683521983e-01
5.860973615301531270e-01
5.855867905488658653e-01
5.855180683936919150e-01
5.817090566701986765e-01
5.788757141136480211e-01
5.808515852681847003e-01
5.827677175561163381e-01
5.845409143751248982e-01
5.861203936391743419e-01
5.935729903618754966e-01
5.996472385123285953e-01
6.044477252339439666e-01
6.122913448843003703e-01
6.184483951527982581e-01
6.230951653426519687e-01
6.264361267015430279e-01
6.286849166414161250e-01
6.300500982016417062e-01
6.307252715524059861e-01
6.308829193169255278e-01
6.306712803593748085e-01
6.302135439135202466e-01
6.296087112832460253e-01
6.289335617697505709e-01
6.239188401301972720e-01
6.137823217132355458e-01
6.055350338210392369e-01
5.990348193896128937e-01
5.940910563546277778e-01
5.904896558117642691e-01
5.839641091960663388e-01
5.791445644019025396e-01
5.757483602913122667e-01
5.713428040797560170e-01
5.681996834974520905e-01
5.661153848354871787e-01
5.648892424802158807e-01
5.603885890045274820e-01
5.610428832494962492e-01
5.557017243411233043e-01
5.477247495456727400e-01
5.416159468424317502e-01
5.371304763611146615e-01
5.275993145043156307e-01
5.203160561434705400e-01
5.113365247777510447e-01
5.047515772841990600e-01
5.001626917361694513e-01
4.971912060457079896e-01
4.954925158725316248e-01
4.882966880335788407e-01
4.829725454373070548e-01
4.792368397995556695e-01
4.768081370553824971e-01
4.788254167568937181e-01
4.743937146590813114e-01
4.711296679066918625e-01
4.688719504434273322e-01
4.674491999306196188e-01
4.666926739830763449e-01
4.664455222118188971e-01
4.665687295390865685e-01
4.600376842748816753e-01
4.548923754023936894e-01
4.509974145343449425e-01
4.481878954842624108e-01
4.392420161223589137e-01
4.322776247452722043e-01
4.270786934773265209e-01
4.233954372142538780e-01
4.209690773337602110e-01
4.195496609995768011e-01
4.157318253353119442e-01
4.131061988233553084e-01
4.043359237845733922e-01
3.976208045549682879e-01
3.897475004223844852e-01
3.839821551209865458e-01
3.799576434402160974e-01
3.773359547197443487e-01
3.758155940567859954e-01
3.751343921720808883e-01
3.750695072454026668e-01
3.657360378188552197e-01
3.585141784409457966e-01
3.531221068471208646e-01
3.492735909997894961e-01
3.466933803396825553e-01
3.451270161950179549e-01
3.373565264484650328e-01
3.314230761212537679e-01
3.270863618941959317e-01
3.240948291510528101e-01
3.222016797152780221e-01
3.188289425105848007e-01
3.165709984666216226e-01
3.174983471118897338e-01
3.116026377835015015e-01
3.070750370218902070e-01
3.037503714372680186e-01
3.014478023556670383e-01
2.905820863383155039e-01
2.821544291851119102e-01
2.758601215498512893e-01
2.713745618211134136e-01
2.683778516837949102e-01
2.665706614631406790e-01
2.656836290483606255e-01
2.654820830003306042e-01
2.585838756932556937e-01
2.533074977635487723e-01
2.494420846002607384e-01
2.467658603376186033e-01
2.450610045563006434e-01
2.441239553634158010e-01
2.437719163580340798e-01
2.365688550677533808e-01
2.400512778556580518e-01
2.341914570545582386e-01
2.296671719403691192e-01
2.263140768102922529e-01
2.239544434359506120e-01
2.224112315133179862e-01
2.141445228887866037e-01
2.151020552169780053e-01
2.089509707242620529e-01
2.042701680217970939e-01
2.082681498325249514e-01
2.045818158514243201e-01
2.018515575221973002e-01
1.999322232065712246e-01
1.912473098881515288e-01
1.844322520405703436e-01
1.792850503297720444e-01
1.755751785712351687e-01
1.717644080497093828e-01
1.617852040521086110e-01
1.615838931827517921e-01
1.620341416141484192e-01
1.555674448854917902e-01
1.580473801354675967e-01
1.532145419864672231e-01
1.496060140174613196e-01
1.396889609140048449e-01
1.319557230875716414e-01
1.261529803519190196e-01
1.220028008753970550e-01
1.183439115716309331e-01
1.159802771601654570e-01
1.073381520671077283e-01
1.008278526208021830e-01
8.885219616329087522e-02
8.699106662910405241e-02
7.896847613913160480e-02
7.308626698596532023e-02
6.171292863267074935e-02
5.312611418052992640e-02
3.962361346613696433e-02
2.211755887734190296e-02
8.790058091314945088e-03
-9.183939984918065846e-04
-1.492758021143880676e-02
-2.513034364727162462e-02
-3.214274905416947270e-02
-3.656331168450410729e-02
-3.894572991188383071e-02
-3.978300194604722506e-02
-4.683623413743465136e-02
-5.178156965812608092e-02
-5.499909087244536643e-02
-5.643042629502303953e-02
-6.410789342647649214e-02
-6.970221628774697642e-02
-7.357543723350423726e-02
-8.319450834641295423e-02
-9.039096899266585439e-02
-9.553973541553828497e-02
-9.971155718833735193e-02
-1.088194850498687138e-01
-1.226338262001400725e-01
-1.331209805667166179e-01
-1.407573528759087367e-01
-1.460198548316964384e-01
-1.563627386562247423e-01
-1.638963646595714696e-01
-1.690881708584766052e-01
-1.793317919107018099e-01
-1.867943333494843650e-01
-1.919377611696400088e-01
-1.952020724167613519e-01
-1.969896083557975963e-01
-2.045436446459549806e-01
-2.100108041198223141e-01
-2.137430060098082230e-01
-2.160744074794156422e-01
-2.173097263603649409e-01
-2.245494116139703511e-01
-2.299283589021063889e-01
-2.337340758317087985e-01
-2.362477736670360873e-01
-2.309409566817268722e-01
-2.335945544280884079e-01
-3.122512674439350544e-01
-3.769690443405169233e-01
-3.769690443405169233e-01
-3.769690443405169233e-01
-3.769690443405169233e-01
-3.829295993354635552e-01
-3.867073049889995229e-01
-3.890645383911444100e-01
-3.905433928976076441e-01
-3.914595667958791214e-01
-3.919947299797894580e-01
-3.922586425402787569e-01
-3.923235498503041541e-01
-3.948890894275327579e-01
-3.968486622167060052e-01
-4.046201711583665706e-01
-4.044878364305219964e-01
-4.040704615974706204e-01
-4.062029866846568193e-01
-4.077690497424664162e-01
-4.088478765967371586e-01
-4.131695235069929861e-01
-4.164681178683018459e-01
-4.188854695669621542e-01
-4.205672196989331812e-01
-4.216528492325974931e-01
-4.222697469892719990e-01
-4.225301560941703283e-01
-4.253709185571572515e-01
-4.275311899321392328e-01
-4.354279921330375114e-01
-4.353523348183210295e-01
-4.349398942175999316e-01
-4.406587088089943816e-01
-4.450932308232611323e-01
-4.484002178652364279e-01
-4.507488345365986415e-01
-4.523074871716583623e-01
-4.532349298614861688e-01
-4.536747366780666813e-01
-4.599901455065709133e-01
-4.680000945317717154e-01
-4.742534731755052579e-01
-4.789444769190809303e-01
-4.822925231901749044e-01
-4.845232504963485898e-01
-4.858545501654145671e-01
-4.897963337971158460e-01
-4.926468161798118750e-01
-5.008441009411062073e-01
-5.071373120620983332e-01
-5.117656068595608509e-01
-5.185185603661517373e-01
-5.297453713245321438e-01
-5.383203845973774104e-01
-5.445865640655651596e-01
-5.550134741913093084e-01
-5.665121543603626186e-01
-5.750770650682618390e-01
-5.871266134228024791e-01
-5.959517706870228748e-01
-6.061467423171112978e-01
-6.193411819505285631e-01
-6.290117664999047564e-01
-6.357226940111957436e-01
-6.400232312095771592e-01
-6.481291369837892669e-01
-6.580382648465940010e-01
-6.651615112209781078e-01
-6.755510569246652164e-01
-6.875068881484369676e-01
-6.962803787989925164e-01
-7.070265005664764235e-01
-7.148033355736216343e-01
-7.255263949519531463e-01
-7.380499239768285591e-01
-7.525610885301682318e-01
-7.631647202077692649e-01
-7.755860100070232077e-01
-7.844846454132944347e-01
-7.955832688419232079e-01
-8.032987747171954629e-01
-8.135586076870802152e-01
-8.207346454916020217e-01
-8.253700540283258613e-01
-8.279819384691851081e-01
-8.394427144689132758e-01
-8.478658816447867119e-01
-8.537251747379087652e-01
-8.574883836169587825e-01
-8.699695843282473362e-01
-8.792705889472945957e-01
-8.904909749055078816e-01
-9.042628303421144098e-01
-9.144400439699527094e-01
-9.274184814813030142e-01
-9.369205604613475291e-01
-9.434789287610306774e-01
-9.476252072629993695e-01
-9.498617420679206225e-01
-9.446401183084230935e-01
-9.394872609137259190e-01
-9.405873153064759906e-01
-9.410654731454267674e-01
-9.410830478930047871e-01
-9.407775977147050384e-01
-9.343006261869032381e-01
-9.288321783678449295e-01
-9.243495870712692408e-01
-9.207849249063684294e-01
-9.180431335206366006e-01
-9.160155931121314321e-01
-9.145899822840173332e-01
-9.238800701847115215e-01
-9.316670858326284721e-01
-9.422774181688658990e-01
-9.565445443027358330e-01
-9.678178023906200966e-01
-9.764238807134493214e-01
-9.887442913686271817e-01
-9.981002328160577530e-01
-1.008759124316347178e+00
-1.016475834057266825e+00
-1.027912760515336643e+00
-1.036298419442011065e+00
-1.042111691181420108e+00
-1.045822653667953350e+00
-1.051468342646801890e+00
-1.055149923918950350e+00
-1.057288121974353068e+00
-1.058250946615190369e+00
-1.058351668386844135e+00
-1.057850407352575850e+00
-1.056957838203576028e+00
-1.055840063810609131e+00
-1.054624048185765162e+00
-1.049871028272038043e+00
-1.045777349758548969e+00
-1.042364739209930447e+00
-1.039612790844774537e+00
-1.031248611207526089e+00
-1.028315383510403747e+00
-1.026254269085413062e+00
-1.024898765518857502e+00
-1.024098636639978022e+00
-1.020034671047711061e+00
-1.016937844610435349e+00
-1.014681402797013465e+00
-1.013132553990169216e+00
-1.006117806152126981e+00
-1.000686259745399820e+00
-9.927571735907450012e-01
-9.905846118463977890e-01
-9.794590214006870799e-01
-9.748434409845490034e-01
-9.677290240562099743e-01
-9.567084176543335650e-01
-9.484021796068783372e-01
-9.424084962976203572e-01
-9.383296347292863215e-01
-9.357915414915795038e-01
-9.302588531343329858e-01
-9.207152336166924966e-01
-9.135806005946626174e-01
-9.029537294823846150e-01
-8.896565482582219353e-01
-8.797862336975392772e-01
-8.727744484063714170e-01
-8.680881310204613399e-01
-8.607773158813757375e-01
-8.556695583001592276e-01
-8.477898226294129369e-01
-8.421167682680127387e-01
-8.383067815971935177e-01
-8.260219984663156323e-01
-8.166916320165706900e-01
-8.048082931580625710e-01
-7.960948788003772147e-01
-7.900402351390016786e-01
-7.811898773292543785e-01
-7.750189170943658779e-01
-7.710083784642395299e-01
-7.686922648346667941e-01
-7.579153326622758424e-01
-7.498989333922273515e-01
-7.442104400081883675e-01
-7.404319056077581784e-01
-7.381763280542984473e-01
-7.370971975342768268e-01
-7.317852268796165571e-01
-7.182200985347306776e-01
-7.076637990319084581e-01
-6.997775748335525181e-01
-6.941800297273601483e-01
-6.806674597587756281e-01
-6.704750905554989204e-01
-6.631366724933148715e-01
-6.581737870284507519e-01
-6.453705296303640093e-01
-6.358728247022786828e-01
-6.291697978432495564e-01
-6.207265729782674990e-01
-6.149092048543771671e-01
-6.055810913740349299e-01
-5.989055202586476279e-01
-5.944248172836571475e-01
-5.859890549239308299e-01
-5.799226075312405859e-01
-5.700027704643595428e-01
-5.589726356940334373e-01
-5.509086542935008879e-01
-5.429760021982392715e-01
-5.338109834168638379e-01
-5.212187587538026357e-01
-5.118890455499052194e-01
-5.053514466874275968e-01
-4.915022434089399983e-01
-4.812888080452764061e-01
-4.741431173721137871e-01
-4.663320734228584286e-01
-4.548913080158139000e-01
-4.466777917331059555e-01
-4.411256106042962255e-01
-4.377062251995116338e-01
-4.296303188611554358e-01
-4.239276590474831963e-01
-4.137848058096931236e-01
-4.063250218145191273e-01
-4.011468490647942531e-01
-3.913070687006645620e-01
-3.840971950344298502e-01
-3.791238804341248159e-01
-3.693123369081614538e-01
-3.621239568619514237e-01
-2.711154420786971997e-01
-3.543502851882771587e-01
-2.560210982527670875e-01
-2.425089263053132882e-01
-2.356210660713338179e-01
-2.190394544488605266e-01
-2.079302846451733799e-01
-2.012957854637880128e-01
-1.974363255758055935e-01
-1.868842131878956092e-01
-1.798338946958104589e-01
-1.676498952035383461e-01
-1.590444542992845989e-01
-1.531536832755160393e-01
-1.423467980751136341e-01
-1.345701801796417296e-01
-1.292704018950332490e-01
-1.250985430187117053e-01
-1.158569917854317399e-01
-1.100036658521841293e-01
-1.053950929258375968e-01
-1.025412420785711820e-01
-9.424370507332469060e-02
-8.883053324962153496e-02
-8.515404235894896701e-02
-7.598356851447740645e-02
-6.915003327952140566e-02
-5.735714658523494158e-02
-5.545419401257722924e-02
-4.781237091578316445e-02
-4.234591484194072386e-02
-3.869062090611619098e-02
-3.649386765623852114e-02
-2.841319378074969038e-02
-2.261867664648842258e-02
-1.854146532035327866e-02
-8.751845587740447741e-03
-1.367560849080406982e-03
1.094677409388422618e-02
2.015117090748286266e-02
3.376856501337055505e-02
4.389472004666084004e-02
5.107289708278917040e-02
5.583341492589855015e-02
5.866890425276882759e-02
6.700035525540615211e-02
7.990724802001270000e-02
8.955319273307105199e-02
9.643012411561824315e-02
1.010235611672511968e-01
1.107117857218655743e-01
1.177074056166367289e-01
1.224655546472996903e-01
1.323087813366270460e-01
1.394689918317517652e-01
1.443901833479390717e-01
1.543475026965712704e-01
1.616116863160543815e-01
1.666255164249579312e-01
1.698133377542740963e-01
1.783634276263748042e-01
1.845645053680371461e-01
1.888101531723749282e-01
1.982241818013459334e-01
2.051451890418645174e-01
2.114138996339398613e-01
2.157660895813062751e-01
2.253261697152446619e-01
2.324031258233489883e-01
2.373660004322502015e-01
2.473597657255568460e-01
2.547132699860548133e-01
2.598417161197554837e-01
2.631525401364602779e-01
2.717247960870778911e-01
2.798604410081841909e-01
2.857567565009515587e-01
2.897651036593125173e-01
2.922345374699382159e-01
3.002311585192602994e-01
3.060752542335880566e-01
3.167934489696950795e-01
3.247800633479684951e-01
3.304541997823602362e-01
3.365315076942660966e-01
3.407170029076838080e-01
3.499949202002334836e-01
3.568270850008894435e-01
3.615901668639391886e-01
3.646582045503721226e-01
3.663826740599160914e-01
3.670801165744685957e-01
3.736052778539717956e-01
3.809984850916041665e-01
3.865088338750199970e-01
3.904033567605516009e-01
3.929569428630370620e-01
4.010196315233887088e-01
4.070302008715094289e-01
4.112968505839953437e-01
4.141268271135656320e-01
4.158096529944932396e-01
4.194979990415648174e-01
4.285568637394483460e-01
4.259886359728353167e-01
4.327545463801176773e-01
4.378503482406217451e-01
4.479709396838271740e-01
4.556767681840681039e-01
4.549044898644198920e-01
4.599809805006938035e-01
4.635548145000714104e-01
4.658986695693521085e-01
4.672659317071026219e-01
4.678833218057727450e-01
4.679473106932998672e-01
4.676232365071373298e-01
4.733589710667929218e-01
4.714865641152201636e-01
4.759186298706692408e-01
4.730266812770520524e-01
4.766568066451370989e-01
4.794393167142958490e-01
4.752401409817130773e-01
4.715559749542082013e-01
4.684255456374724069e-01
4.721537584473156635e-01
4.689571856157173091e-01
4.726076239832799342e-01
4.756198883909967812e-01
4.780308893077882537e-01
4.798978223340364391e-01
4.812888379533375449e-01
4.760350212994557406e-01
4.778374423404390114e-01
4.792926009310614077e-01
4.804297852065695373e-01
4.812860542686767662e-01
4.819019065956604564e-01
4.823181098143991541e-01
4.825734913140113935e-01
4.764645354476391148e-01
4.713727202797461935e-01
4.735613531873841264e-01
4.755110301542366802e-01
4.771915394977330749e-01
4.785962613578200742e-01
4.797352099447054208e-01
4.743768191911432730e-01
4.762036642681057863e-01
4.714911308515135069e-01
4.739376530647494423e-01
4.697638926268634663e-01
4.663834775143735900e-01
4.700575569783789209e-01
4.669216013599417625e-01
4.707342246896049076e-01
4.739583768939572561e-01
4.766042028864774238e-01
4.819705468459138942e-01
4.829961703089666880e-01
4.869377846585885017e-01
4.962668282118249952e-01
5.036580766192848557e-01
5.058660346445416067e-01
5.106079265380656373e-01
5.140503863591145972e-01
5.164046242110793550e-01
5.178754685792532619e-01
5.247837247063933397e-01
5.300167579960981534e-01
5.338157778592480529e-01
5.460633495720328412e-01
5.496030048970916848e-01
5.518588856483495064e-01
5.530923704403927221e-01
5.595849534825614313e-01
5.741962322424924992e-01
5.856082309808051667e-01
5.941826271842910456e-01
6.003249421061183089e-01
6.102791500411612891e-01
6.174890401463279943e-01
6.224262715849540051e-01
6.312087229707518121e-01
6.374620785752689311e-01
6.416533598163458585e-01
6.483860224619749646e-01
6.489084240583826713e-01
6.527470137993461874e-01
6.552345397309669028e-01
6.566432116905313032e-01
6.572210045178648041e-01
6.627274852125467630e-01
6.667761107572012236e-01
6.696019757411892925e-01
6.714319108945857595e-01
6.822604568684019766e-01
6.853094574423949092e-01
6.872521405209744971e-01
6.883136865194728893e-01
6.986467821725745875e-01
7.067127943598411344e-01
7.127588538532528828e-01
7.170684882255864423e-01
7.199347340339329326e-01
7.269574578203561455e-01
7.267929555565018074e-01
7.260252518537766431e-01
7.248771560523961099e-01
7.235245183225815779e-01
7.221009246571667983e-01
7.207032821085417318e-01
7.193977208692660108e-01
7.182253879573603506e-01
7.172078403530277591e-01
7.163518578369009182e-01
7.156535852912769835e-01
7.151019814020281862e-01
7.146815979187679524e-01
7.143747441880631266e-01
7.141631090834283935e-01
7.086371751838103084e-01
7.041209085257562617e-01
6.959495081736259969e-01
6.895221760168646075e-01
6.791081921255780474e-01
6.709869337802409905e-01
6.605023497678772504e-01
6.569794306971356024e-01
6.505078503449128746e-01
6.459477682658747444e-01
6.429465669081297907e-01
6.354964441778683248e-01
6.258433774493415980e-01
6.186743453591162512e-01
6.078270220664772072e-01
5.997050638554234370e-01
5.939143800399220297e-01
5.861383169484009059e-01
5.786470178765937833e-01
5.694913323237349445e-01
5.568939229875136121e-01
5.474653645034019966e-01
5.407566117203506106e-01
5.363067811628936532e-01
5.239094232931720274e-01
5.147346133650401168e-01
5.082812029473040560e-01
5.040568186765390646e-01
4.919957255077713754e-01
4.831072236868758640e-01
4.768760705297254709e-01
4.728086851058721507e-01
4.704524467967399204e-01
4.631332289984200212e-01
4.579008430584599054e-01
4.480397647990461696e-01
4.376681169169609475e-01
4.300714370462412894e-01
4.183642345519427153e-01
4.096907758406902467e-01
4.035927068545472896e-01
3.930758153305540237e-01
3.827406781948414771e-01
3.713596448695577479e-01
3.605059143575406466e-01
3.527825996170796952e-01
3.409680862032522519e-01
3.324093218792956161e-01
3.265743213517942056e-01
3.139921279357096306e-01
3.048477322748017748e-01
2.918207633289024994e-01
2.823165177055777519e-01
2.689715009907163168e-01
2.592303415743058004e-01
2.525201113593917857e-01
2.465521145898168509e-01
2.360862645939747484e-01
2.286645774225191108e-01
2.169177659868086749e-01
2.083937963506248270e-01
1.956991703796513438e-01
1.864106897266046836e-01
1.799899899838590667e-01
1.689824153334149592e-01
1.599399404340946518e-01
1.478894518363194077e-01
1.391134455760978383e-01
1.321687725630691368e-01
1.277032483760229820e-01
1.182573972690157404e-01
1.115690190095051104e-01
1.071420220421663849e-01
1.045156931150321711e-01
1.032774677348680115e-01
1.107441330320657613e-01
1.176111022876471512e-01
1.236934835401852784e-01
1.289011655256684374e-01
1.332172568880516383e-01
1.296291590936278215e-01
1.265262459358313940e-01
1.239287984965560252e-01
1.209613247685943360e-01
1.116234601222259037e-01
1.041775735649004275e-01
9.144296147725805568e-02
8.147833240258317566e-02
7.395510270165495115e-02
6.851847442869796190e-02
5.784312379288003569e-02
4.286089612311538843e-02
3.120973918734470942e-02
2.277846525686211265e-02
1.012170005989276866e-02
8.807160978541173080e-04
-5.562081592222822835e-03
-1.666915426218062990e-02
-2.475401935789700580e-02
-3.028972139784746886e-02
-3.374399621778811920e-02
-3.555632679206843783e-02
-3.612288898464299791e-02
-3.578807664970473645e-02
-3.484126931285280726e-02
-2.650247881043865661e-02
-2.626710774564333661e-02
-2.589233974155291662e-02
-2.544037125383713516e-02
-1.793852726545952514e-02
-1.874627622645252956e-02
-1.949506759658259369e-02
-2.016320881382505092e-02
-2.073990046435092438e-02
-2.122248254170866488e-02
-2.161408863127611824e-02
-1.490942098222580725e-02
-1.642556826891894417e-02
-1.778977161160422149e-02
-1.897622951353272747e-02
-1.296612323774981590e-02
-8.055398794729162759e-03
-4.169362538924969996e-03
