-1.291450107437297490e-01
-1.328872463651071811e-01
-1.424241309330254168e-01
-1.497764651290280913e-01
-1.483403616078928788e-01
-1.465535871676628688e-01
-1.515149428124522579e-01
-1.552121623445035237e-01
-1.578354856321961819e-01
-1.606886248998520283e-01
-1.626547748213642564e-01
-1.627402191581857060e-01
-1.635943234461174622e-01
-1.639958591331860394e-01
-1.629018577693277514e-01
-1.629301885820546580e-01
-1.616406572937674202e-01
-1.604582078628522535e-01
-1.594123612639628540e-01
-1.585160509017689012e-01
-1.577702881237241783e-01
-1.571679075256213753e-01
-1.566965088051373023e-01
-1.574334435967819079e-01
-1.580767460745349240e-01
-1.586200879443049327e-01
-1.590642219414679648e-01
-1.594149859410325387e-01
-1.596815422489816783e-01
-1.598749056299024751e-01
-1.600067798725570700e-01
-1.600886934754606195e-01
-1.601314041964754242e-01
-1.601445303767823347e-01
-1.601363628154679475e-01
-1.601138124250875983e-01
-1.600824537884399934e-01
-1.600466312769266430e-01
-1.529423108882936866e-01
-1.471239970313440448e-01
-1.425104901253397838e-01
-1.389809449064096647e-01
-1.363934135696951433e-01
-1.345989060434764628e-01
-1.334515384258518900e-01
-1.328154040658919843e-01
-1.325687979417169426e-01
-1.326063799960071066e-01
-1.328397959929206174e-01
-1.341558406391429870e-01
-1.353796924059855744e-01
-1.364735599512365560e-01
-1.374174634462421718e-01
-1.382053974600068180e-01
-1.388416798184521905e-01
-1.393376882363819291e-01
-1.397091063838595826e-01
-1.472601906401649341e-01
-1.533774652219417334e-01
-1.581724441445979679e-01
-1.629847014961145479e-01
-1.666182639874127513e-01
-1.765676742704171964e-01
-1.829757949381820570e-01
-1.890076130983262548e-01
-1.919562880449452447e-01
-1.951663670494598879e-01
-1.972384946503655812e-01
-1.984035741239231765e-01
-1.988720765068487939e-01
-1.988287667066759301e-01
-2.057332697298306368e-01
-2.110668491194851448e-01
-2.150260606417202514e-01
-2.178207871586603783e-01
-2.196586092962877768e-01
-2.207343121179081713e-01
-2.212234249027613675e-01
-2.212788311342444025e-01
-2.282549688277144551e-01
-2.336925137626095772e-01
-2.377770529935110400e-01
-2.407081035644302869e-01
-2.426842605475771908e-01
-2.438931458151349929e-01
-2.516416809437385105e-01
-2.576163138849481005e-01
-2.620478671621997435e-01
-2.651765639126584251e-01
-2.672366143639084424e-01
-2.684460384061311267e-01
-2.760432571486732822e-01
-2.818465077272218622e-01
-2.790997369147147911e-01
-2.833515053431441277e-01
-2.864530893838475034e-01
-2.885932598962199780e-01
-2.899530619383992036e-01
-2.906988802768077917e-01
-2.909783843393558556e-01
-2.888465571005158772e-01
-2.868851043879436791e-01
-2.851433837021022377e-01
-2.836436358796856627e-01
-2.823887517138128356e-01
-2.794095389486137559e-01
-2.770367353396394616e-01
-2.752011352690031387e-01
-2.738288846547931588e-01
-2.747280158706197906e-01
-2.823424993881771261e-01
-2.819551829433390999e-01
-2.815570886474070278e-01
-2.811722117718093994e-01
-2.808168471735246197e-01
-2.805009375567399932e-01
-2.802293819727548208e-01
-2.800032485319472464e-01
-2.798208501864289932e-01
-2.796786597886149472e-01
-2.795720568014572471e-01
-2.726265252247406234e-01
-2.669427605614413945e-01
-2.624433252549907003e-01
-2.590102810197225658e-01
-2.565038179880121394e-01
-2.547765546951650251e-01
-2.518950900373435609e-01
-2.498663943710206503e-01
-2.485288682104318525e-01
-2.477363244531685105e-01
-2.473606353290778159e-01
-2.490173774222677050e-01
-2.488474236929094641e-01
-2.505833651448716726e-01
-2.521310313597588948e-01
-2.534648568735375918e-01
-2.545779170846844686e-01
-2.554770457360531211e-01
-2.561785165500114481e-01
-2.567043978189487152e-01
-2.570796209336783100e-01
-2.573297439192978597e-01
-2.574793469754534936e-01
-2.575509705547953665e-01
-2.575644956262828078e-01
-2.575368666789341621e-01
-2.505284450047400302e-01
-2.447601680399358326e-01
-2.401640637247459686e-01
-2.366298695524542417e-01
-2.340237486626886021e-01
-2.322027040233682893e-01
-2.310251323070340312e-01
-2.303580782646681424e-01
-2.300817865512210236e-01
-2.300921279766647842e-01
-2.303014234254885384e-01
-2.306381178463379200e-01
-2.310456802408891175e-01
-2.314810308942762962e-01
-2.319127286148345846e-01
-2.323190907989938214e-01
-2.326863685725242270e-01
-2.330070580015715098e-01
-2.332783957583703938e-01
-2.318450951209842792e-01
-2.306838849715142636e-01
-2.297700931180537420e-01
-2.290740792736898346e-01
-2.285644072603119081e-01
-2.282099948382105836e-01
-2.295796577869366750e-01
-2.291550404395303886e-01
-2.304379204621076482e-01
-2.298971575682811075e-01
-2.294505864316216392e-01
-2.290927866885861253e-01
-2.288153515751363276e-01
-2.286082607752208951e-01
-2.284608993723491466e-01
-2.214975714688662833e-01
-2.158155725270041181e-01
-2.113272616323125241e-01
-2.079086258876747806e-01
-2.068690540192126281e-01
-2.063362447950993772e-01
-2.047272468361320819e-01
-2.036711106072002231e-01
-2.030540492398460461e-01
-2.027738678198220956e-01
-2.027419766591143091e-01
-2.028839407479809953e-01
-2.031390503135406256e-01
-2.034592767850511574e-01
-2.038078806006544674e-01
-1.972176411194663803e-01
-1.918684371384142828e-01
-1.876673549637313254e-01
-1.844889264055806777e-01
-1.821915068571859919e-01
-1.806296436368928227e-01
-1.726576311693657217e-01
-1.664161896983751276e-01
-1.617140810422705854e-01
-1.583354535405405716e-01
-1.560589474150331224e-01
-1.476047418889905316e-01
-1.411211446573492623e-01
-1.363573643172195649e-01
-1.321019380028698453e-01
-1.292437765400913374e-01
-1.274938872947970481e-01
-1.265974520334269826e-01
-1.263360282537582258e-01
-1.265269578178633836e-01
-1.200857423796850565e-01
-1.150986599412024969e-01
-1.113838381023064539e-01
-1.017902695325576534e-01
-9.434498134310231876e-02
-8.879029780743885603e-02
-8.484710855737498392e-02
-8.223584314847132148e-02
-8.069122503267256441e-02
-7.997188476359506915e-02
-7.986585823533309814e-02
-8.019290208613494286e-02
-8.080444690619881243e-02
-8.158189073479626963e-02
-8.243381683468697929e-02
-8.329260544466943195e-02
-8.411080294336170660e-02
-7.783974929288595135e-02
-7.275785522051436693e-02
-6.877354052650219707e-02
-6.576468429665971449e-02
-6.359442133680470732e-02
-6.212293708975935580e-02
-6.121582733412100907e-02
-6.074961544704882144e-02
-6.061499849340123980e-02
-6.071834325990099757e-02
-6.098188842323937209e-02
-6.177835849696888815e-02
-6.255398819894542051e-02
-6.327387512355264754e-02
-6.437932884147112844e-02
-5.802361889591423072e-02
-5.274758911201304912e-02
-4.852453335101380993e-02
-4.527541270225765579e-02
-4.288849128214189399e-02
-3.403705008689184019e-02
-2.700053437630955955e-02
-2.163586708214282339e-02
-1.774495307481127604e-02
-1.510278420816546507e-02
-1.347950289617738662e-02
-5.001027379947453610e-03
1.472906802014950500e-03
6.202112377262647414e-03
9.464202707486268906e-03
1.153247565745219028e-02
1.266139806099486620e-02
2.069894567806551677e-02
2.681303647961641445e-02
3.126756158688648313e-02
3.433397559160411561e-02
4.386424811209854724e-02
5.111060103260922638e-02
5.638809415935708280e-02
6.001934464742597619e-02
6.231495627129524095e-02
6.356084032920028548e-02
6.401082338125596571e-02
6.388321328200596838e-02
7.091729094512277953e-02
7.631730280748239004e-02
8.850270729836218209e-02
9.047644547290234485e-02
9.145241780747315197e-02
9.936749514537979167e-02
1.053624142068043668e-01
1.096904540094323366e-01
1.126208808004613982e-01
1.135384875576368469e-01
1.222681647629668689e-01
1.203433375755065260e-01
1.182169703000406358e-01
1.236033670767529014e-01
1.266473337260229926e-01
1.297852499059957143e-01
1.328159961862847016e-01
2.110652687259364502e-01
2.898113824456949317e-01
2.958564477502325651e-01
3.046316162859248333e-01
3.111111665784571656e-01
3.146867909206205738e-01
3.260654037186252463e-01
3.331917405232682761e-01
3.376605411342787910e-01
3.404143100677947675e-01
3.420006417504788399e-01
3.497267771801331193e-01
3.552465018904686911e-01
3.615590719541943443e-01
3.660836975504266899e-01
3.691393685686585879e-01
3.710051933150531056e-01
3.719332778023123343e-01
3.813550829801546360e-01
3.886635289057513987e-01
3.940890285427454121e-01
4.007031558076195044e-01
4.055330262148399978e-01
4.088334434149614172e-01
4.176044904962523674e-01
4.271851406441897758e-01
4.343843311108139815e-01
4.395103293649791354e-01
4.428992534368392242e-01
4.549003520729619776e-01
4.640518284328880583e-01
4.707027964508749829e-01
4.819449760631178137e-01
4.901940579126695674e-01
4.959279307929369551e-01
4.996147002938879922e-01
4.981148242371749024e-01
5.025427563841033951e-01
5.054458459738073728e-01
5.071612636891886794e-01
5.079765292249072139e-01
5.143915443420021827e-01
5.129324416553360244e-01
5.174666535813650103e-01
5.207764931834359956e-01
5.230711290395424484e-01
5.306518723311870467e-01
5.364275681222079317e-01
5.442933855990195191e-01
5.562795305551220260e-01
5.595164938194558957e-01
5.614493617888396404e-01
5.661869963949055506e-01
5.755746968817635478e-01
5.826903666300807805e-01
5.918648308050056261e-01
5.987307609651020268e-01
6.096195701065928452e-01
6.219711172921912334e-01
6.371990934686806440e-01
6.486162592865066800e-01
6.567675182108895227e-01
6.667589479698516897e-01
6.795887291763150762e-01
6.888705851397606272e-01
6.951933893812319853e-01
6.991258996014351190e-01
7.011904858193753753e-01
7.018486782407186153e-01
7.070829641400014909e-01
7.208551408340626576e-01
7.264884281827997947e-01
7.349681909244599742e-01
7.463434158588373446e-01
7.546891398228566805e-01
7.605187313735949362e-01
7.643113245600988703e-01
7.765398012311015563e-01
7.856943632579009851e-01
7.922385869848336259e-01
7.966274395377355155e-01
7.992874065839821185e-01
8.006041284519933576e-01
8.109594444631078591e-01
8.187685682535971177e-01
8.243930874110404483e-01
8.334636915262090273e-01
8.401663093484774691e-01
8.502571073059057571e-01
8.577790196698165115e-01
8.686656184995510399e-01
8.814969440272294454e-01
8.967705416858741119e-01
9.082535385665386762e-01
9.164432161219010498e-01
9.278620505448903488e-01
9.360418397520604561e-01
9.459220413405996508e-01
9.527201211242258827e-01
9.570229481581077335e-01
9.636317534642855342e-01
9.740178775906249697e-01
9.814751211660517338e-01
9.905560268133362101e-01
9.968796849422369988e-01
1.007113273000272535e+00
1.014506574625720248e+00
1.029519533075891502e+00
1.040759274199030804e+00
1.048800408399746864e+00
1.057751393136748153e+00
1.070134399725939378e+00
1.079122637065625945e+00
1.088607298324745010e+00
1.101434297342328339e+00
1.110749626458446215e+00
1.123528516124786103e+00
1.132833013381356446e+00
1.142182311752174773e+00
1.155004433919081919e+00
1.164275773613399956e+00
1.177127525405278430e+00
1.186446705417891767e+00
1.199441555826896710e+00
1.211399618845749648e+00
1.226493089015023408e+00
1.237486441484360267e+00
1.245046093688721767e+00
1.249817752456734432e+00
1.250152645790545414e+00
1.242397591706342119e+00
1.235019558993488253e+00
1.228298117770471931e+00
1.222394495131875702e+00
1.217377379688862948e+00
1.213246665704001526e+00
1.209954195874857863e+00
1.207421050895086001e+00
1.198797026475005190e+00
1.198724803786141546e+00
1.201637910251433183e+00
1.204286873484913034e+00
1.204062822920679565e+00
1.206535040546839133e+00
1.206088842387688542e+00
1.205740933175454943e+00
1.205480215707691816e+00
1.205294331086806503e+00
1.205170652792694641e+00
1.205097024467335798e+00
1.205062266800760451e+00
1.202450807666509691e+00
1.202943888618994706e+00
1.200787411439903751e+00
1.199056241909546294e+00
1.197717590682086497e+00
1.196726780607588969e+00
1.202952288095725297e+00
1.208197114674811168e+00
1.212470650801051431e+00
1.215833413659903828e+00
1.211363142181328456e+00
1.207482139638179630e+00
1.204217301405078988e+00
1.208507786247818627e+00
1.212084680235154588e+00
1.214973854533359932e+00
1.217230186881066434e+00
1.211931005992993970e+00
1.207450970368407317e+00
1.206420441263739152e+00
1.205660232001079191e+00
1.198342703032969858e+00
1.192525610546557591e+00
1.188035903354214273e+00
1.184689299932789819e+00
1.188930523499008851e+00
1.186105380091439399e+00
1.184000391315565448e+00
1.189126641119581329e+00
1.193562241150234682e+00
1.190612998787259347e+00
1.188180400643434886e+00
1.186234475513413322e+00
1.184729130680840292e+00
1.183609397091475390e+00
1.180090543496358668e+00
1.173427691399714590e+00
1.168198857330891238e+00
1.161394825273995401e+00
1.156141994417766661e+00
1.152256265767892085e+00
1.149535315758394294e+00
1.147774626162940237e+00
1.146779179343758948e+00
1.146371281693777444e+00
1.146395125531006753e+00
1.153367886809151477e+00
1.162255128197195786e+00
1.169518688170136045e+00
1.175277210039293863e+00
1.179692671838485252e+00
1.182947376286879404e+00
1.185227704862401810e+00
1.184009767688978476e+00
1.185368950497940554e+00
1.183490537314212387e+00
1.181686946154747453e+00
1.173306397386729483e+00
1.163468583863594752e+00
1.155423044663500987e+00
1.149074921959220896e+00
1.137529522053810638e+00
1.128578151893875781e+00
1.118684352673268823e+00
1.111240990409960050e+00
1.105925685064930164e+00
1.102392610384700600e+00
1.100299435180158492e+00
1.092634018425213682e+00
1.093713272927905544e+00
1.095301581095626586e+00
1.097160421310259260e+00
1.099108805942404565e+00
1.101015849094915122e+00
1.102792712828982946e+00
1.104384622048759867e+00
1.099061329079465965e+00
1.091324274563495678e+00
1.085099470369373265e+00
1.080265391117849916e+00
1.076662304270560089e+00
1.074112035633415507e+00
1.072433141150371805e+00
1.075066606088795229e+00
1.070958032560659801e+00
1.067889141592522462e+00
1.072181766498116806e+00
1.075973449093347467e+00
1.075703752254757228e+00
1.068965585527019257e+00
1.059837490952244998e+00
1.052453658258803326e+00
1.040137109260868442e+00
1.030497965761847379e+00
1.023242676639918081e+00
1.018035996972250778e+00
1.010502519515807496e+00
9.985659704260311242e-01
9.895703042045019826e-01
9.767708297583131971e-01
9.673125875889238001e-01
9.606591997409934525e-01
9.501565030280234581e-01
9.426669257714076489e-01
9.376339003829889940e-01
9.345517026635308255e-01
9.329747971465368606e-01
9.325205554209465841e-01
9.269647165279651935e-01
9.230622008562920922e-01
9.204997637797257548e-01
9.132294176662910656e-01
9.034119411941239353e-01
8.948353372599204825e-01
8.840846474694055157e-01
8.760524486135879974e-01
8.703226846232139380e-01
8.610470732584410980e-01
8.496391082504455294e-01
8.411474145475490438e-01
8.351387304649163790e-01
8.258906160401757734e-01
8.143935253397032170e-01
8.111289663532834648e-01
7.991788181970050919e-01
7.902420187920283778e-01
7.786809934563856395e-01
7.701402912877336471e-01
7.642056480106408367e-01
7.549677174416302705e-01
7.432267605446628567e-01
7.346994655544960562e-01
7.288770305818063067e-01
7.195696499907898724e-01
7.129729468193332087e-01
7.086366449120343747e-01
6.953467494708590602e-01
6.854338515345372862e-01
6.784055911543040995e-01
6.690254010886320657e-01
6.565134998093858920e-01
6.428228720756319348e-01
6.328972881896122171e-01
6.200049686219951672e-01
6.106735325162756522e-01
5.939082276100491331e-01
5.814820028458970169e-01
5.727161050316004198e-01
5.566802194352362676e-01
5.449637367740283178e-01
5.304566155657701731e-01
5.199770570509909540e-01
5.092258910908025182e-01
4.954457362740238846e-01
4.855953814838362970e-01
4.690316899697164477e-01
4.569656505399224411e-01
4.486400176398215311e-01
4.402072890342114686e-01
4.281908517385537571e-01
4.197332305364054328e-01
4.112764695105479706e-01
3.991232124784713786e-01
3.904547763076937628e-01
3.846422133873066418e-01
3.784684046406605606e-01
3.745901411443022244e-01
3.659186711880790810e-01
3.597792792431919739e-01
3.557145593193264954e-01
3.533030998738309059e-01
3.521682914426214062e-01
3.519826885986787612e-01
3.524690753858341630e-01
3.509694632147655202e-01
3.436009783158751052e-01
3.379829719914897446e-01
3.250196187297427208e-01
3.150255657556428890e-01
3.075949700971993828e-01
3.043825489388951588e-01
3.025274508738724499e-01
2.930213026758501371e-01
2.859037673933280121e-01
2.741380620523294898e-01
2.634363409834454828e-01
2.489653019380329013e-01
2.314319726463349713e-01
2.114541772377624973e-01
1.963467988051619262e-01
1.854310875397044978e-01
1.712034797512893558e-01
1.541731676082975788e-01
1.417183860493584913e-01
1.271028403833796006e-01
1.157642184300857746e-01
1.081376536364770935e-01
1.035045234272418124e-01
1.012025285419213549e-01
9.365194123932174541e-02
8.862017049782089373e-02
8.501340250696576284e-02
8.310821607015039802e-02
8.246879685987384967e-02
7.585996851922938156e-02
7.163567619873756342e-02
6.883998197626706173e-02
6.719716205337955550e-02
6.645184355138278320e-02
6.637626169145582899e-02
6.017633869589533724e-02
5.541259087222383251e-02
5.192514968725525648e-02
4.952918402617068061e-02
4.080235226786821379e-02
3.432861010481325081e-02
2.951506639381640262e-02
1.874249562268492930e-02
1.047380997542091130e-02
4.420246647318659683e-03
2.506668295374492317e-04
-9.840926538780880861e-03
-1.734669001449251624e-02
-2.264656264253028795e-02
-2.612760761528676312e-02
-2.795037244813269872e-02
-3.602472574392145965e-02
-4.189949670812942450e-02
-4.595986341570923450e-02
-4.821306845340211922e-02
-5.649345092391833134e-02
-6.258660511109281899e-02
-6.687316765534867535e-02
-7.724249725293064195e-02
-8.454730730598658539e-02
-9.674038849493693526e-02
-1.059031860351058452e-01
-1.194360313272624374e-01
-1.304603909962696040e-01
-1.444921596640262873e-01
-1.548211863137920474e-01
-1.689196931657113154e-01
-1.792031932696604990e-01
-1.944541739986731521e-01
-2.057444626261970555e-01
-2.189843575764927053e-01
-2.299261230757718710e-01
-2.442878839843436456e-01
-2.546484885964235279e-01
-2.616758194737178744e-01
-2.660108239599348057e-01
-2.682414718535222065e-01
-2.688879748559296345e-01
-2.770382207219026505e-01
-2.761051806091010530e-01
-2.744407413657061756e-01
-2.792091131970648732e-01
-2.845601941493529630e-01
-2.884243483664832297e-01
-3.001152159874200809e-01
-3.092507738032845843e-01
-3.230862431442633742e-01
-3.336332496918221757e-01
-3.482580201461238367e-01
-3.591362600276890582e-01
-3.668314303088571204e-01
-3.787281537917925878e-01
-3.939624939207999610e-01
-4.050818954626023150e-01
-4.127962649186698307e-01
-4.243020924629905544e-01
-4.323907126037651594e-01
-4.377149070767805128e-01
-4.442057285668261635e-01
-4.483367427545665862e-01
-4.536774914301635597e-01
-4.571245083134607423e-01
-4.590770003570872060e-01
-4.598868700126337306e-01
-4.598570532586268023e-01
-4.592420107761849835e-01
-4.582499040276404312e-01
-4.570460546294048410e-01
-4.494592700914528116e-01
-4.429857485757882074e-01
-4.376366630426804516e-01
-4.333601323473674771e-01
-4.300621553700918476e-01
-4.211520309119076710e-01
-4.141100501434145098e-01
-4.087562529223309760e-01
-4.048718088931271275e-01
-3.994345463353841108e-01
-3.955551332870006487e-01
-3.864112659482970003e-01
-3.794836886094419270e-01
-3.744595790552056602e-01
-3.684778325075457328e-01
-3.642964594234934239e-01
-3.615665834856212069e-01
-3.534818308493279382e-01
-3.474543776083409696e-01
-3.431702531817302226e-01
-3.403222763570503684e-01
-3.409434824406756270e-01
-3.420449143404942216e-01
-3.434289966413193174e-01
-3.449396847197609972e-01
-3.464593207397350660e-01
-3.479042320366283469e-01
-3.467943811488849448e-01
-3.459728597384468252e-01
-3.453932723848938124e-01
-3.450109597028665487e-01
-3.381894974267565246e-01
-3.260539660357471003e-01
-3.163025251138547045e-01
-3.087338653910480790e-01
-2.963419225961141379e-01
-2.867807803202455652e-01
-2.777645967094015678e-01
-2.713008552980329391e-01
-2.601676910228989392e-01
-2.519542490735136031e-01
-2.461980782762174247e-01
-2.424501004424914896e-01
-2.402941153473525659e-01
-2.325529913374342339e-01
-2.337613546699832678e-01
-2.286925965092654334e-01
-2.251466743060119846e-01
-2.228514209557730386e-01
-2.284017159664026853e-01
-2.334552815904087364e-01
-2.326887771995689302e-01
-2.322114829756494192e-01
-2.249875322060006511e-01
-2.191477861149151440e-01
-2.075193578462244393e-01
-1.982796025551436525e-01
-1.912220303882459227e-01
-1.788855783659399901e-01
-1.622093435294820196e-01
-1.493536111223356944e-01
-1.398696876169116532e-01
-1.259416212033710458e-01
-1.156874218295642631e-01
-1.012007738581810479e-01
-9.059665141826589441e-02
-8.265690014627136151e-02
-7.756934918577029769e-02
-6.745608846871431474e-02
-6.038615780435607761e-02
-5.578364708216332346e-02
-5.312567124924161277e-02
-5.195224035945544827e-02
-5.186947708766731502e-02
-5.254857490129571929e-02
-5.372205270117258458e-02
-5.517834189041481707e-02
-5.675542665678157128e-02
-5.833406263678475590e-02
-5.983096777162066893e-02
-6.119228042926216915e-02
-5.519296989364019801e-02
-5.068813616761191909e-02
-3.980722883368881249e-02
-3.103899239346508132e-02
-2.423316584169543653e-02
-1.917503689748922824e-02
-8.194520999028620523e-03
7.638170089673046448e-03
1.986385689804914811e-02
2.891555238394238891e-02
4.270013151545626329e-02
5.289939162014878349e-02
6.006329534119192459e-02
7.213530641059784365e-02
8.758828322645606512e-02
9.884985041286076246e-02
1.138634222819907560e-01
1.309193786261648729e-01
1.432029751476571189e-01
1.516317400430269302e-01
1.570095707156820009e-01
1.668785794524503263e-01
1.792475331875904576e-01
1.892667811930550670e-01
2.096069997946896635e-01
2.182873261573416990e-01
2.372301074096812012e-01
2.513022434250735682e-01
2.743334488205293464e-01
2.914990891220829994e-01
3.057590991243168688e-01
3.157269165509406506e-01
3.286024147991082334e-01
3.374828384309853657e-01
3.454138108602780033e-01
3.480676025068447643e-01
3.511380383585049891e-01
3.588942623171869073e-01
3.641472958294682538e-01
3.738289624150388235e-01
3.807166642543433621e-01
3.852977365093868123e-01
3.880340728282729579e-01
3.919807287121701567e-01
3.944106382486152196e-01
3.956412491559773148e-01
3.959621334879959154e-01
3.891147242517360993e-01
3.829696633214205725e-01
3.776479497378095740e-01
3.665480035406512016e-01
3.574511486026548113e-01
3.478077219061161962e-01
3.404130080019798221e-01
3.349619729797155276e-01
3.334460656277493662e-01
3.305081045449955734e-01
3.286609932881217055e-01
3.276640496345206710e-01
3.362423488910146752e-01
3.436829259756950528e-01
3.499353805718126154e-01
3.616490721137266551e-01
3.710406744016521152e-01
3.848561213388446145e-01
3.955665798703056346e-01
4.035685779079369873e-01
4.092778579161104879e-01
4.131006755836135191e-01
4.154155341737812979e-01
4.229092166449444079e-01
4.283393137868423128e-01
4.349711344250346556e-01
4.397402318551568712e-01
4.399667113533445306e-01
4.424356149497834512e-01
4.501980553123170470e-01
4.560148438016766725e-01
4.601692933986181178e-01
4.660862800765941394e-01
4.734395356682301603e-01
4.820151626215876117e-01
4.883850318097682219e-01
4.928731231826852799e-01
4.958072523371328533e-01
4.975000981003820932e-01
4.982367077116844900e-01
5.016640355360268977e-01
5.040041202904486095e-01
5.054508318796078203e-01
5.061905178158025986e-01
5.162277187935175871e-01
5.278014244786166653e-01
5.369094920019996664e-01
5.539626358366893655e-01
5.673208504572615496e-01
5.773299498874117086e-01
5.886057685690074814e-01
6.030681012088729975e-01
6.137133317524101628e-01
6.211092107375265625e-01
6.319650620397093688e-01
6.440393223636863285e-01
6.586689681923419970e-01
6.692557789755405606e-01
6.823100895839961932e-01
6.971858531522664437e-01
7.077527915893079280e-01
7.251073126549544279e-01
7.377681334797128176e-01
7.518250434265341120e-01
7.616862227557265053e-01
7.731374657649559001e-01
7.861329928849065674e-01
8.002205084738951424e-01
8.152778254097121646e-01
8.261123237646759154e-01
8.434153744216249526e-01
8.560852736229355164e-01
8.694262615257939419e-01
8.840961715701364243e-01
8.945468319860405693e-01
9.070540643735525155e-01
9.201330294054197445e-01
9.349484720783554081e-01
9.455843119911493400e-01
9.626431861824207292e-01
9.809697226852277518e-01
9.944195496470551454e-01
1.013626607526919354e+00
1.033761696536040109e+00
1.048477963007639069e+00
1.064933738039373523e+00
1.086418337055185201e+00
1.102056240257149211e+00
1.119324185366897817e+00
1.131469273325156788e+00
1.139373582609199076e+00
1.146907800389667553e+00
1.151232595078029108e+00
1.156038390240663238e+00
1.158490349899394367e+00
1.159214822561421832e+00
1.158721770516710770e+00
1.163872658387921311e+00
1.167343645913208716e+00
1.169466263971549402e+00
1.173270916166417654e+00
1.182222200385625754e+00
1.195458799632189262e+00
1.205657133823232918e+00
1.222206000097709300e+00
1.234781811099824100e+00
1.250566767855757933e+00
1.269008410477764803e+00
1.282870916915930026e+00
1.299572199961956720e+00
1.313615188577140103e+00
1.330233683176029302e+00
1.349013544400794240e+00
1.369574890753409990e+00
1.385947245463248656e+00
1.397318369482796419e+00
1.411494980991664594e+00
1.428098511658588476e+00
1.439885708846633028e+00
1.447710828934387628e+00
1.452371769245724975e+00
1.454586266037758424e+00
1.448101350404683130e+00
1.440688186253531233e+00
1.433672602231644166e+00
1.427307252671207172e+00
1.421738008834472433e+00
1.410028180677922904e+00
1.400446489624789237e+00
1.392864138665299567e+00
1.387081279532531797e+00
1.382860401062860234e+00
1.379951497594261278e+00
1.378109991130553214e+00
1.377108633020425188e+00
1.369805965865687813e+00
1.371173799882397626e+00
1.371370644524454674e+00
1.373310827276859492e+00
1.373803160574282867e+00
1.367384123862951162e+00
1.362274305768600868e+00
1.358355130555600754e+00
1.348444416354968256e+00
1.340715457831105795e+00
1.327936258610155518e+00
1.318123224016144013e+00
1.303988244269941532e+00
1.293335750310234289e+00
1.285647798145478360e+00
1.273641878906641045e+00
1.262760324061001915e+00
1.261664867581029359e+00
1.261890523133173181e+00
1.263036638518436394e+00
1.264770294050572286e+00
1.266824746482554165e+00
1.268994826888533378e+00
1.271130222209998051e+00
1.273127561690072795e+00
1.265824620446108328e+00
1.252942697643934622e+00
1.235717385139947888e+00
1.222148934229525530e+00
1.205053446383074212e+00
1.189399995048546987e+00
1.177646033743427800e+00
1.165416130274016915e+00
1.156822236631728673e+00
1.151166891128056369e+00
1.138365168541827899e+00
1.122602716184348370e+00
1.110993307136661779e+00
1.102860190336340418e+00
1.097557566534604234e+00
1.091224033942808536e+00
1.087158480800554106e+00
1.084907191700161810e+00
1.084053111400486991e+00
1.084226977115623436e+00
1.085113231793032984e+00
1.086451528736088523e+00
1.081611552286044775e+00
1.074601713870914743e+00
1.069243752036438622e+00
1.058944357340273257e+00
1.047420950971554854e+00
1.038570720161982930e+00
1.021913417041949046e+00
1.009019250854745531e+00
9.932182231193571464e-01
9.814887016987146051e-01
9.732134494922917156e-01
9.617043775059168631e-01
9.536373326823307517e-01
9.424483685114457554e-01
9.346315625192324061e-01
9.237863079495790553e-01
9.162137083965744555e-01
9.069035259129983872e-01
8.948511502074339985e-01
8.861690719010151263e-01
8.802628541945460849e-01
8.666440499940069042e-01
8.565696097197150749e-01
8.494866666108108477e-01
8.348724310762539735e-01
8.188401117305191823e-01
8.021534072905428525e-01
7.848048204361276481e-01
7.670992589094934866e-01
7.489529823463404457e-01
7.308494089135835203e-01
7.077914717903711628e-01
6.853152789315725135e-01
6.688387292226967151e-01
6.474083478212799836e-01
6.261854020709478608e-01
6.049766131506897349e-01
5.856768611171235817e-01
5.722522003167836990e-01
5.536623510464702136e-01
5.407551067958273894e-01
5.226354841008988839e-01
5.100286859392966221e-01
5.018794956269425622e-01
4.972318714616978941e-01
4.856511744180675993e-01
4.778314322543724124e-01
4.667214182898322683e-01
4.590582116268620005e-01
4.541994473954420464e-01
4.451541571566315358e-01
4.359008370666079824e-01
4.231070141693149544e-01
4.138106571720558957e-01
4.009017324675501204e-01
3.888042027788336519e-01
3.736736907076658731e-01
3.626268274773867262e-01
3.483402678398281882e-01
3.312799865303015512e-01
3.186908901734786248e-01
3.009329137889098504e-01
2.792177462730418558e-01
2.479287549236861565e-01
2.245611552790278687e-01
1.996520639376122563e-01
1.818800292950137898e-01
1.698605675546349669e-01
1.557066801184081584e-01
1.462829951146962237e-01
1.339310040373931088e-01
1.256763343857583148e-01
1.206988840534031215e-01
1.115447807283296289e-01
1.054952364838144252e-01
1.019337517342462363e-01
1.003000978870669524e-01
1.001014393194932239e-01
1.009172709143015823e-01
1.023995869717584384e-01
1.042694904807124345e-01
1.063113095751928583e-01
1.083651590018783750e-01
1.110787977465665932e-01
1.066055592675405617e-01
1.030031787116911790e-01
1.002089862512114404e-01
9.112838301684367259e-02
7.687573913450584939e-02
5.851229587932293974e-02
4.440837527871388524e-02
2.646433307150108938e-02
1.271985090136129593e-02
-4.524050708950788646e-03
-2.449288611959010709e-02
-3.911723475046402498e-02
-5.644386727892825029e-02
-6.881574109790822291e-02
-8.478631538403824663e-02
-9.621358579649141873e-02
-1.038538764893961464e-01
-1.155687680073105295e-01
-1.236062474757988472e-01
-1.295816154868887349e-01
-1.330822830496181108e-01
-1.346423813932002833e-01
-1.420142419817127521e-01
-1.470549924062931613e-01
-1.574582155992867438e-01
-1.650283717626388480e-01
-1.787532270070917306e-01
-1.890897818766610339e-01
-2.037723744201604958e-01
-2.146585644689513739e-01
-2.295551534380391168e-01
-2.476214240497680574e-01
-2.590486300649670337e-01
-2.757199760684494461e-01
-2.878120354544106974e-01
-3.008991470606887653e-01
-3.098880167773507832e-01
-3.156291190507063416e-01
-3.255547158330998059e-01
-3.389160838144635868e-01
-3.484585038397709500e-01
-3.613854803361227219e-01
-3.705931785757845542e-01
-3.767764258408152767e-01
-3.805580088611797418e-01
-3.914307936992476034e-01
-3.993330656871008078e-01
-4.047426907604261270e-01
-4.144708229218228013e-01
-4.214292525990690486e-01
-4.260951762498603745e-01
-4.351947332600694107e-01
-4.446471659976229951e-01
-4.514809791459979404e-01
-4.561139225537740316e-01
-4.589570296764897694e-01
-4.603948521846998876e-01
-4.544714322561915765e-01
-4.488960686439762426e-01
-4.502354390723339872e-01
-4.447086060060561064e-01
-4.463288617703506933e-01
-4.475700850563841815e-01
-4.515584031004054033e-01
-4.611184661126324080e-01
-4.719970480911466204e-01
-4.869982858872878850e-01
-5.050509618158487424e-01
-5.225459898817750304e-01
-5.420963222903416590e-01
-5.568371321046816647e-01
-5.734629131245551070e-01
-5.913574791180236101e-01
-6.082418889904186443e-01
-6.260943460403793903e-01
-6.444630401508809614e-01
-6.672454375714311769e-01
-6.838856585581608583e-01
-6.954382497766101734e-01
-7.125851962421378971e-01
-7.247309311300184076e-01
-7.327744907918997130e-01
-7.375477670683376896e-01
-7.397951047412946179e-01
-7.448364579021916621e-01
-7.528103333259417163e-01
-7.629692576932453063e-01
-7.702217392708758936e-01
-7.849773457188488068e-01
-7.959990302901834847e-01
-8.137922687954505241e-01
-8.271150664281911036e-01
-8.366027107463002155e-01
-8.482143263190127236e-01
-8.563741661234337554e-01
-8.671236422249012366e-01
-8.802401326404373227e-01
-8.897861520558422166e-01
-9.008470502873845431e-01
-9.085036614779223862e-01
-9.133754383274548250e-01
-9.160489137164763429e-01
-9.170523126069352049e-01
-9.212592245178561345e-01
-9.237929604884483892e-01
-9.250471197695496750e-01
-9.253567421288347861e-01
-9.249997703370150814e-01
-9.242012424890273525e-01
-9.188216218367805110e-01
-9.140618165683960239e-01
-9.099868104203733266e-01
-9.009435701952536180e-01
-8.936404697714270817e-01
-8.879298938982899125e-01
-8.836251479489010130e-01
-8.805228065191950115e-01
-8.729377113754052120e-01
-8.672113422867065990e-01
-8.584441431057222571e-01
-8.517830822576283323e-01
-8.416261963597243545e-01
-8.340226702167401474e-01
-8.233996134820771307e-01
-8.155893088027489357e-01
-8.002606019792329883e-01
-7.886757821275813818e-01
-7.802772074352861686e-01
-7.745183892620707278e-01
-7.660895736199043737e-01
-7.552674799062835120e-01
-7.521184605019098912e-01
-7.505754247545050051e-01
-7.502475818748375325e-01
-7.507939194656091386e-01
-7.467606919733947857e-01
-7.339274997665130584e-01
-7.238897720428755234e-01
-7.062588201162931512e-01
-6.926251133755580991e-01
-6.825220429628913177e-01
-6.709629346302203867e-01
-6.627791934583453504e-01
-6.517239463491478757e-01
-6.396081513017373155e-01
-6.309887306627030013e-01
-6.252257014020139447e-01
-6.176813208736684491e-01
-6.070171676588379528e-01
-5.993915148843227403e-01
-5.885104801344608338e-01
-5.806320262390214371e-01
-5.693903928575891893e-01
-5.574630767950614629e-01
-5.428720833745803720e-01
-5.285286602390277810e-01
-5.120903436340116244e-01
-4.966781199692271720e-01
-4.795315381875371319e-01
-4.670817890613319090e-01
-4.492909065331145424e-01
-4.364367808058802201e-01
-4.213920035380056550e-01
-4.107316291501246219e-01
-4.036829458179025387e-01
-3.995206189516928852e-01
-3.885811499276197178e-01
-3.809852006447627115e-01
-3.697084743588914257e-01
-3.617104612213972725e-01
-3.564189325309403689e-01
-3.468150354937356017e-01
-3.312349948048061155e-01
-3.218346611373266164e-01
-3.131971375223889797e-01
-3.028725039457991208e-01
-2.955465291435497299e-01
-2.839826966870058200e-01
-2.669133760415181023e-01
-2.559733043436518418e-01
-2.465775541759767098e-01
-2.334266019969006845e-01
-2.171151807946036794e-01
-2.051456297994986855e-01
-1.968424480382329200e-01
-1.915352743983609329e-01
-1.803521979103026585e-01
-1.725624925706963353e-01
-1.686875223273183177e-01
-1.667195129929195385e-01
-1.650312273172609423e-01
-1.657496592588172390e-01
-1.659861207004791339e-01
-1.668278822303783659e-01
-1.680423777743509373e-01
-1.694505286992318283e-01
-1.709189407168387742e-01
-1.723523261246073801e-01
-1.736864706503764566e-01
-1.748819013815765544e-01
-1.759183188478936621e-01
-1.767898023511234040e-01
-1.775007654412419367e-01
-1.780626182136246793e-01
-1.784910797857248710e-01
-1.731625037335933204e-01
-1.687007788488184001e-01
-1.650905466409171574e-01
-1.552452938256603243e-01
-1.402588085462690426e-01
-1.283018771181847484e-01
-1.119656000251290084e-01
-9.934481169915643228e-02
-9.066463156028414794e-02
-7.727458066650183532e-02
-5.995801443370751826e-02
-4.689761668550596063e-02
-3.012219926953441096e-02
-1.034771485654117917e-02
4.267174806805051901e-03
2.172650713030255254e-02
4.115006041513158408e-02
5.493133679517159251e-02
6.372520775023859940e-02
7.648056023164828687e-02
8.460583811806388077e-02
9.642567383867928221e-02
9.835202516262819827e-02
9.848364848431323537e-02
1.042501226342882337e-01
1.079534565113413613e-01
1.169318997056365550e-01
1.234096414203023073e-01
1.278031329591857723e-01
1.314253756338326085e-01
1.475832172731539327e-01
1.671129304912393199e-01
1.772394387472946420e-01
2.285435882056852108e-01
2.736801355162772342e-01
3.135512913961668868e-01
3.350958591236563588e-01
3.567772866022334011e-01
3.811271907381450497e-01
3.981866889940042231e-01
4.190308074729662824e-01
4.333955845080132985e-01
4.424119162164079633e-01
4.506714332663346312e-01
4.549877631770047337e-01
4.629716976083235735e-01
4.643350078889909582e-01
4.638046501233004104e-01
4.620267338054904194e-01
4.594936467040462436e-01
4.628697330302131707e-01
4.680819662578852292e-01
4.779781248404988414e-01
4.854325311415377264e-01
4.969621888125774767e-01
4.994847923141705337e-01
5.102161856548117491e-01
5.182944428887432675e-01
5.240864843827144348e-01
5.340583127551477016e-01
5.352918323237521037e-01
5.414657386521408711e-01
5.494060311858703916e-01
5.551758944034004273e-01
5.651464418961986702e-01
5.724913492856590347e-01
5.776211024598786326e-01
5.907977296105565435e-01
6.007623865229927418e-01
6.120530748659879228e-01
6.262144645773335405e-01
6.367266683206002087e-01
6.484732471017887745e-01
6.626815553442836348e-01
6.730399527534044468e-01
6.801649072604788460e-01
6.902319812469857041e-01
7.072486209144966951e-01
7.198435388205378649e-01
7.340152406279284447e-01
7.440778393506481958e-01
7.504536432942016111e-01
7.594928115776301558e-01
7.756389102123167900e-01
7.875945610055056223e-01
8.009482304666066810e-01
8.155277342923968886e-01
8.308290680642776982e-01
8.470416583851552161e-01
8.633844164738536664e-01
8.750508948945583398e-01
8.927081741913760471e-01
9.054556999707112919e-01
9.141485479847556439e-01
9.251264071284459600e-01
9.325998997670437163e-01
9.372257139933752867e-01
9.453043189834396953e-01
9.507083994907161717e-01
9.638416673483846120e-01
9.734869310113212215e-01
9.861193410086090960e-01
1.001368261369240287e+00
1.022688158690924665e+00
1.038819066992136442e+00
1.056767888743097128e+00
1.069872991740311585e+00
1.088771171925247971e+00
1.102440152003221208e+00
1.121495223644218164e+00
1.135134566107649512e+00
1.153856627052626704e+00
1.169938795669560827e+00
1.187470910813418712e+00
1.199767503158409854e+00
1.214401875755739990e+00
1.226896516374492929e+00
1.241765862932948661e+00
1.252143270756872040e+00
1.265481193015326022e+00
1.274772559001196681e+00
1.287434775730332603e+00
1.304886226250298042e+00
1.317573142985648094e+00
1.333037166647711880e+00
1.350873685308444649e+00
1.363855091832552047e+00
1.380942550609362884e+00
1.399940646447845660e+00
1.413654681423471171e+00
1.429840558795291150e+00
1.448133228831641306e+00
1.461273721535498726e+00
1.477044812324569190e+00
1.488122162835898932e+00
1.502287346285374303e+00
1.512127662067527911e+00
1.525405643479260442e+00
1.534620485147147217e+00
1.547511246044158240e+00
1.563460710183070423e+00
1.575098616415035568e+00
1.590199825181836779e+00
1.601020093363586305e+00
1.615426402287656549e+00
1.625629173859531429e+00
1.639529698675004532e+00
1.648758459907576857e+00
1.661703461796992132e+00
1.670671185594859498e+00
1.683429542715860761e+00
1.692356291362425491e+00
1.705097683033360179e+00
1.714090666140458241e+00
1.721068558662701697e+00
1.725488313606012403e+00
1.734825460887984283e+00
1.741362482533810097e+00
1.752543903974004724e+00
1.768930585808530020e+00
1.781332056666224739e+00
1.797240126976083374e+00
1.808952986302943433e+00
1.817106697640763935e+00
1.822341006877374436e+00
1.818305860006113939e+00
1.813758316238095691e+00
1.809094013350778019e+00
1.795957537198503928e+00
1.784859799382411127e+00
1.775756343729693487e+00
1.768509265220569393e+00
1.757278625107064229e+00
1.740122401053139090e+00
1.734898748205328411e+00
1.723217053562583478e+00
1.714504261020228570e+00
1.708310989602845220e+00
1.704192072319512308e+00
1.701729711526148048e+00
1.693478115199269274e+00
1.687466773527366293e+00
1.683332653798162770e+00
1.679946831232463911e+00
1.677929010535354148e+00
1.676954127047545429e+00
1.676746932705686088e+00
1.677825033757772699e+00
1.679137201363755327e+00
1.672782604711169352e+00
1.661501709861894049e+00
1.652526287384839199e+00
1.638535218536266047e+00
1.627641458375095773e+00
1.619504836865274466e+00
1.613735159599407831e+00
1.609929467457084318e+00
1.607698833402898542e+00
1.606686112448081794e+00
1.599375085127090035e+00
1.594013867653557792e+00
1.590295886159670324e+00
1.587919330612037827e+00
1.579398261306894868e+00
1.573019878004099592e+00
1.561169757952785009e+00
1.552055485823876868e+00
1.545346915391996312e+00
1.533353904294189940e+00
1.524366892495904846e+00
1.517968617497220674e+00
1.513723690322399618e+00
1.511645859740607944e+00
1.510400741845762784e+00
1.503314027199790015e+00
1.498245920011390897e+00
1.487632609426316144e+00
1.479701407606783592e+00
1.466901468466384140e+00
1.458104563183705960e+00
1.444963318653190720e+00
1.428386194626266148e+00
1.416030810772224147e+00
1.407200154018442673e+00
1.401245165175592611e+00
1.397580012318571763e+00
1.387672076296659895e+00
1.380487600202500609e+00
1.368760375373281768e+00
1.358660626042464958e+00
1.344453700412631347e+00
1.333839029947094357e+00
1.326325626898447130e+00
1.312655045999978176e+00
1.302535399536933092e+00
1.288498231809912298e+00
1.269181413505418465e+00
1.261591717127399592e+00
1.249874540298966608e+00
1.241718410354375468e+00
1.229532467287181241e+00
1.214088000419423441e+00
1.200311354226505589e+00
1.183647005904785665e+00
1.164806968494987327e+00
1.144456680016225025e+00
1.126598511488836829e+00
1.107271596955000881e+00
1.086986942991124749e+00
1.062693802676378585e+00
1.038686389670059107e+00
1.011508874650939527e+00
9.916332839726523796e-01
9.719346606349950068e-01
9.525741046948686952e-01
9.351464760002505816e-01
9.176319213167576372e-01
9.057031275749564125e-01
8.938436862772647373e-01
8.861963539698509695e-01
8.764421404550580830e-01
8.702897881851933137e-01
8.669591906315665675e-01
8.657640432921785978e-01
8.661174695103965870e-01
8.629332129527501616e-01
8.558398219098991566e-01
8.508746625528916807e-01
8.376087530117728441e-01
8.275535251067624998e-01
8.153857477523842601e-01
8.011747418620206451e-01
7.855973766178145912e-01
7.687835085043931427e-01
7.511927366858069943e-01
7.279968767197632085e-01
7.106305950753794010e-01
6.926711659081753458e-01
6.740478287890060427e-01
6.502182778356969672e-01
6.370048661039892091e-01
6.221353718709505820e-01
6.118618505268901275e-01
6.054308455753487639e-01
6.020802646818445014e-01
5.967540762307185220e-01
5.875886869533331058e-01
5.814661780282943671e-01
5.671908075947278416e-01
5.527955652613756321e-01
5.360394239944530348e-01
5.200597535602018429e-01
5.021656229172195562e-01
4.791470102303254652e-01
4.621696867736559966e-01
4.470404318965797152e-01
4.301226047419428600e-01
4.182074045546262386e-01
4.008736024918644336e-01
3.885842460215893635e-01
3.777537725933171053e-01
3.707412126014402176e-01
3.601244333391702135e-01
3.529493287381770816e-01
3.461434709517670072e-01
3.354090697663938414e-01
3.278937250485447485e-01
3.229922317942095500e-01
3.135591597160900523e-01
3.068851541011479167e-01
3.024887818484396362e-01
2.999161553664633217e-01
2.833386719520889496e-01
2.706490703203854320e-01
2.460906212397595549e-01
2.205145894560536224e-01
1.943138378764746044e-01
1.677888263967428628e-01
1.421518172847713313e-01
1.230843087931201563e-01
1.026353658924030743e-01
8.159783202783965628e-02
6.646117756367431184e-02
4.942340373228693018e-02
3.755053463205326736e-02
3.005210982509098905e-02
2.609666826497347714e-02
1.725734553963231832e-02
1.176714536886502849e-02
1.272151444156932598e-03
-5.772968427266267355e-03
-1.756437816784650607e-02
-1.822441956686304820e-02
-2.489536158347194217e-02
-3.635866847482516206e-02
-4.448498195603067806e-02
-5.719333938326465194e-02
-7.359774365056392931e-02
-8.573331617720958420e-02
-1.007296904468306664e-01
-1.114843670495455630e-01
-1.188094929172593961e-01
-1.234191184903061789e-01
-1.328322479002992385e-01
-1.393770615978096039e-01
-1.504621830993566611e-01
-1.584522037142230833e-01
-1.638861187676341480e-01
-1.740774183656377261e-01
-1.826625423703853723e-01
-1.887251341359081902e-01
-1.995743909653135972e-01
-2.075032592505632323e-01
-2.198458240306764289e-01
-2.374105810727451527e-01
-2.507814809045996185e-01
-2.673649771103403516e-01
-2.795804428026387178e-01
-2.949179581286058838e-01
-3.059329281739577855e-01
-3.223449812920884394e-01
-3.343154954210130203e-01
-3.492638976961870423e-01
-3.598915501863693134e-01
-3.762069228613271754e-01
-3.853564686416299789e-01
-3.977116513548766275e-01
-4.061791408079866716e-01
-4.115340583517677064e-01
-4.208638871750751687e-01
-4.300445561691033092e-01
-4.333815952414892259e-01
-4.378215322479306337e-01
-4.437144281731868478e-01
-4.505139635793353747e-01
-4.613912470919425690e-01
-4.693474899649354715e-01
-4.748626836184803857e-01
-4.877585476170460677e-01
-5.035234776645811650e-01
-5.153534707992508679e-01
-5.273148944858672138e-01
-5.419508102968846330e-01
-5.585794525649880882e-01
-5.803455723023971391e-01
-5.966518416764922117e-01
-6.139742966456679385e-01
-6.263175503735806116e-01
-6.400911138033315018e-01
-6.440833200832659644e-01
-6.456560938995332677e-01
-6.495939160084038821e-01
-6.515818861944467910e-01
-6.479133538469752374e-01
-6.439538966235318629e-01
-6.400013118976807247e-01
-6.362615949565018081e-01
-6.369461189290600567e-01
-6.332050843982756083e-01
-6.243896959926367174e-01
-6.170747919578831731e-01
-6.111987108177180383e-01
-6.048776421205006582e-01
-5.999530585968029239e-01
-5.923106022164800200e-01
-5.865132492538783771e-01
-5.763729290810584160e-01
-5.647900687368185846e-01
-5.560739256662923236e-01
-5.498036864348618824e-01
-5.455566066083146204e-01
-5.405266756941675688e-01
-5.335195586585481653e-01
-5.285473203939234921e-01
-5.191012606395790652e-01
-5.086090635629230139e-01
-5.009030098576827683e-01
-4.860031560505402304e-01
-4.748357798511970707e-01
-4.668213301324199982e-01
-4.613982288584179692e-01
-4.580472944228193288e-01
-4.500646359143973818e-01
-4.444069084717372498e-01
-4.343441409658317376e-01
-4.240328842760101580e-01
-4.165697160776677954e-01
-4.050827653351454227e-01
-3.901907204999517376e-01
-3.764072182288791257e-01
-3.663839917637603527e-01
-3.529803335955252752e-01
-3.432673542173072523e-01
-3.366339888548692816e-01
-3.324933983238433921e-01
-3.303066045442617504e-01
-3.208014809614525564e-01
-3.140193208372403788e-01
-3.094712294488035642e-01
-3.087936656931893342e-01
-3.070116302117744667e-01
-3.083840498168815003e-01
-3.101638633331689210e-01
-3.100071235862560393e-01
-3.036587353901656350e-01
-2.987954907834649010e-01
-2.885841918951077556e-01
-2.806473017669723902e-01
-2.747184031671754401e-01
-2.637888148592950621e-01
-2.554726903315638342e-01
-2.426387506548652873e-01
-2.329117229972408332e-01
-2.174932440295809233e-01
-1.991249158967536292e-01
-1.853031695171327708e-01
-1.753651643675562255e-01
-1.686441080258340719e-01
-1.576447786751031810e-01
-1.499052199628767568e-01
-1.448434559615097150e-01
-1.419134140954416701e-01
-1.337190714393476920e-01
-1.279837492501834095e-01
-1.242679844354452889e-01
-1.144140963128918997e-01
-1.003963259173823452e-01
-8.303536933477384530e-02
-6.993912719769501685e-02
-6.090093913072691656e-02
-4.777144950451961414e-02
-3.820219640858990573e-02
-3.164617165287708644e-02
-2.755541773192571320e-02
-1.836484669556770477e-02
-1.191992299281330325e-02
-6.712958215906450476e-04
1.456183938086041962e-02
3.298458041783369765e-02
4.679921306169276818e-02
6.417661789466388989e-02
8.418689871860074447e-02
1.054417081378007381e-01
1.279570147261945845e-01
1.443251374244607366e-01
1.556017350828682311e-01
1.627802110499096955e-01
1.667550887836608542e-01
1.683064847238882056e-01
1.680969251476343018e-01
1.666752806609734794e-01
1.644847941395966018e-01
1.618734231825456060e-01
1.591053784588802866e-01
1.563730854993967689e-01
1.548848902158286300e-01
1.534344801988063445e-01
1.520871760981732379e-01
1.508841826142861553e-01
1.487873073609917718e-01
1.540624540746846627e-01
1.653068839287334946e-01
1.824753399844698531e-01
2.017218883500468962e-01
2.249526426151793324e-01
2.564971581194848138e-01
2.827795672803969929e-01
3.093460441991173759e-01
3.291306665314710500e-01
3.431543826046155043e-01
3.524348224732587465e-01
3.644387069007195556e-01
3.722961969256681769e-01
3.832994166654348778e-01
3.905685570171082421e-01
4.039117639283422712e-01
4.133734544338136807e-01
4.259351951028265137e-01
4.376681016007510916e-01
4.458894718617527619e-01
4.512027334529604694e-01
4.604786415034480829e-01
4.762296299892132545e-01
4.879263975904517547e-01
5.023354897293783594e-01
5.127048677447438862e-01
5.292997176161540196e-01
5.414846820168337516e-01
5.499479043759676333e-01
5.553688931078366586e-01
5.583831631068219004e-01
5.633167831342236198e-01
5.722342095489926228e-01
5.784930289665013436e-01
5.864900699712072285e-01
5.961173581629133356e-01
6.132673215626149865e-01
6.264796832622819833e-01
6.465332107195786993e-01
6.663917510312348247e-01
6.813638035657193504e-01
7.027458239637964788e-01
7.186298710743909135e-01
7.405940484445444616e-01
7.566673958101052255e-01
7.732409654059724247e-01
7.953770497412746554e-01
8.112614717609858417e-01
8.271124490748146263e-01
8.483075800697260638e-01
8.633491335983248804e-01
8.781116005818434544e-01
8.925027177662143707e-01
9.020552277818701947e-01
9.134763592729125969e-01
9.210314185080819005e-01
9.297814741701551089e-01
9.410345638842042559e-01
9.488068544313134067e-01
9.636064418779556329e-01
9.743713450562198064e-01
9.876716334798520958e-01
1.007065065297474638e+00
1.027630449975595717e+00
1.046590310604090135e+00
1.066518585427311816e+00
1.087345537243347593e+00
1.112200806965527589e+00
1.130481824693797765e+00
1.152683436320933952e+00
1.175088601856909554e+00
1.193740333816553534e+00
1.213084674775992244e+00
1.226511911160669710e+00
1.244085280360909262e+00
1.262802591574211597e+00
1.273860114663713627e+00
1.289561459385465625e+00
1.300376955274489488e+00
1.309048044632593388e+00
1.314205581801122902e+00
1.323400018520720645e+00
1.331026940931615998e+00
1.334152044814634452e+00
1.342086298362743513e+00
1.347430462221300917e+00
1.357461430206561737e+00
1.364660913441756218e+00
1.377693788752980764e+00
1.394075604343574248e+00
1.406302597922454378e+00
1.421855655422521458e+00
1.433260395173526547e+00
1.448065415351142082e+00
1.465698936312266110e+00
1.485619054049711174e+00
1.507325725190437726e+00
1.530369099200124428e+00
1.547352477521354963e+00
1.566210960525521667e+00
1.586598290866249261e+00
1.607921546383656253e+00
1.622993962518188393e+00
1.639867198005364735e+00
1.658258665096370432e+00
1.664295744188933002e+00
1.674609280059520477e+00
1.688084806808765270e+00
1.698280957423093263e+00
1.711940988243145112e+00
1.721566761953035707e+00
1.728939101250799526e+00
1.740552761809802007e+00
1.749951793229792996e+00
1.756285085032179616e+00
1.767346986649350749e+00
1.775110717335980803e+00
1.780120219227567580e+00
1.790215282864699553e+00
1.802807356372726488e+00
1.811728682018828307e+00
1.817675212353270009e+00
1.828273718556069127e+00
1.835716437355678687e+00
1.838720603132422138e+00
1.840062598489001111e+00
1.846929908477652482e+00
1.858314091138037361e+00
1.866704489756486174e+00
1.874668441068760849e+00
1.886877988811222151e+00
1.895969619939851025e+00
1.900183755392931495e+00
1.904833723501160092e+00
1.907730242187929415e+00
1.915752623645090136e+00
1.921540073038781937e+00
1.931923371495837038e+00
1.942089025047916584e+00
1.956035809599407482e+00
1.963873331201826833e+00
1.978183090123982302e+00
1.988828387433548839e+00
1.996366857602070777e+00
2.007582586846349493e+00
2.015575783939445920e+00
2.020922251904128331e+00
2.033305177749071380e+00
2.039323034116907074e+00
2.049118765089873229e+00
2.055998281060603450e+00
2.060520001485770969e+00
2.066364755591441948e+00
2.070238828171770074e+00
2.072528389100165569e+00
2.073586747646892547e+00
2.073726473819750726e+00
2.073215420516033358e+00
2.075571536678618045e+00
2.077098004399491771e+00
2.077955535720152014e+00
2.078294951505548216e+00
2.078251545679211887e+00
2.077941831614371626e+00
2.077462332286777347e+00
2.076889956649305535e+00
2.085819132912752671e+00
2.093045998942055341e+00
2.098693602730229202e+00
2.102934925331695126e+00
2.105967905092181347e+00
2.107996540431916532e+00
2.109217471437210722e+00
2.119499076042683949e+00
2.127569878227540290e+00
2.139631913452278766e+00
2.154714096624476660e+00
2.170091170870352748e+00
2.187462992876513912e+00
2.200480846706021953e+00
2.215364050169793764e+00
2.226092251934637112e+00
2.237653092231691065e+00
2.251137479640078709e+00
2.260750522513288452e+00
2.276841288234102478e+00
2.288629869861118493e+00
2.301385011843942507e+00
2.315540033400208753e+00
2.325638734272644115e+00
2.332384793158520875e+00
2.346178734564765556e+00
2.361005612555699074e+00
2.371823566267031502e+00
2.384036680793522933e+00
2.397634327454684300e+00
2.407347692968892616e+00
2.423685204938692994e+00
2.435620074027606385e+00
2.453693323658043379e+00
2.466926525633581946e+00
2.480379212554773449e+00
2.495153928151998990e+00
2.505595083320769856e+00
2.522143488478579609e+00
2.534050304487323046e+00
2.547835529998751625e+00
2.557548149100838497e+00
2.563897149622310856e+00
2.573432105418959281e+00
2.579877922816359970e+00
2.589810324209433912e+00
2.606496974687392054e+00
2.618925291710449521e+00
2.633932825372108155e+00
2.654564937723417284e+00
2.669921899783086694e+00
2.687212314282429571e+00
2.706206021483434920e+00
2.729597450299807271e+00
2.746807953164104976e+00
2.761472770826571832e+00
2.771258541664285424e+00
2.777191179732311888e+00
2.780169673884369530e+00
2.787563203768415043e+00
2.792194954350148528e+00
2.801319013075487252e+00
2.807623345592165531e+00
2.813909497482247168e+00
2.824596449998520775e+00
2.832273159270927820e+00
2.844189686822930163e+00
2.859685405895796340e+00
2.878149709966689951e+00
2.892097865399499312e+00
2.909092011003404643e+00
2.928624682145533065e+00
2.944536184418253377e+00
2.962772673489663333e+00
2.975866651751580161e+00
2.991765520557403413e+00
3.002961887540031238e+00
3.018268328515506305e+00
3.028123430432000163e+00
3.041554652952827453e+00
3.050930393313941558e+00
3.064111907017771586e+00
3.080531043003790437e+00
3.099619381182031841e+00
3.120831679922583923e+00
3.136446773262503207e+00
-3.135863126572363768e+00
-3.128870856947544521e+00
-3.124956017981358691e+00
-3.123393160031472604e+00
-3.123551970123843446e+00
-3.117668909248408671e+00
-3.113664124264697630e+00
-3.111534999977811911e+00
-3.110676503409321114e+00
-3.110745001151375533e+00
-3.111453102770761703e+00
-3.112567746810501301e+00
-3.114104905047992311e+00
-3.108528672976205165e+00
-3.104261122150548058e+00
-3.094043497269619358e+00
-3.086483604080942023e+00
-3.073967185953592640e+00
-3.063898453899299934e+00
-3.049440471138627373e+00
-3.038404232965592922e+00
-3.023410916756799516e+00
-3.005274181236054609e+00
-2.984751561108428319e+00
-2.962522725380257071e+00
-2.945946832611735289e+00
-2.934151462471992211e+00
-2.924800985812149534e+00
-2.911990795830913026e+00
-2.903065752301024816e+00
-2.897337929717943794e+00
-2.887360786714404881e+00
-2.880577475210053251e+00
-2.869626960102456437e+00
-2.861957594166518515e+00
-2.863675768736427152e+00
-2.859568541967436595e+00
-2.863882678199759280e+00
-2.868292939581388978e+00
-2.872538065868967205e+00
-2.876444134054878088e+00
-2.879907576711695949e+00
-2.889664790066592381e+00
-2.897709787722217545e+00
-2.904130887826059215e+00
-2.909076913439176071e+00
-2.912730968900292261e+00
-2.913696895985124158e+00
-2.921028830017570854e+00
-2.918101620280989739e+00
-2.916806395103225924e+00
-2.913773307541695168e+00
-2.911009808806309440e+00
-2.908586963502411749e+00
-2.906536071844640912e+00
-2.899429939230261155e+00
-2.893751612888378677e+00
-2.880451308232278684e+00
-2.869869010923722819e+00
-2.861740208880107161e+00
-2.848758518937085427e+00
-2.838902282384546449e+00
-2.824834845522019577e+00
-2.814326050744302865e+00
-2.800043162326763646e+00
-2.782845140028219255e+00
-2.767523376495032661e+00
-2.749676629420963803e+00
-2.729995387639748028e+00
-2.715538445937269785e+00
-2.699051091704656180e+00
-2.677931722035098439e+00
-2.656170930128625596e+00
-2.640336592802599469e+00
-2.623348154859498127e+00
-2.611522118810595927e+00
-2.597941242806369289e+00
-2.585166760748037973e+00
-2.570683684516896328e+00
-2.560626463518842932e+00
-2.544620767369741188e+00
-2.533149013996545573e+00
-2.525438937475425583e+00
-2.520757602169496181e+00
-2.514380625493025434e+00
-2.504846362880012833e+00
-2.494085973063766115e+00
-2.482118401999541923e+00
-2.467835785005334515e+00
-2.452854752634864077e+00
-2.436331296111271527e+00
-2.419516547028984554e+00
-2.401847842077291961e+00
-2.378866510120966282e+00
-2.361883347007752043e+00
-2.344928643644799582e+00
-2.323073773288866661e+00
-2.307351936789371560e+00
-2.286672192331423048e+00
-2.271920239503799621e+00
-2.257559221747845069e+00
-2.238220699942333081e+00
-2.224546564830367057e+00
-2.205834965005800008e+00
-2.192581496438396726e+00
-2.183761442663056496e+00
-2.172837555530080067e+00
-2.156096451420203230e+00
-2.144049285531444582e+00
-2.130088591107485829e+00
-2.120258212814594145e+00
-2.104352039840978073e+00
-2.092925730825121011e+00
-2.079175251988603090e+00
-2.063325028890317547e+00
-2.048622450569873799e+00
-2.032057232283502213e+00
-2.013836744660267630e+00
-1.997674995465724912e+00
-1.979953580287471038e+00
-1.960836781230303139e+00
-1.947061129503798504e+00
-1.928663707554430395e+00
-1.909005080512538477e+00
-1.888235289261550820e+00
-1.866497401849104509e+00
-1.842023137973364033e+00
-1.824320117754143489e+00
-1.805399043920443258e+00
-1.785352819040753269e+00
-1.771228279852127940e+00
-1.755028824129336806e+00
-1.743955367613776009e+00
-1.737053276973387073e+00
-1.732287749448463865e+00
-1.724362116065771389e+00
-1.719451612684675945e+00
-1.716916829685166235e+00
-1.715153788792555201e+00
-1.714879107311752415e+00
-1.715642415034901669e+00
-1.709151060568672165e+00
-1.705509824140231556e+00
-1.702291908970197110e+00
-1.701217422035725457e+00
-1.694009113722783955e+00
-1.688597181391821467e+00
-1.684727687811476970e+00
-1.675158512262993726e+00
-1.660858436098609392e+00
-1.642243812270254510e+00
-1.628010455583811300e+00
-1.610589063721785674e+00
-1.590670236475580923e+00
-1.568864172989502981e+00
-1.545699648306124496e+00
-1.521625529413386690e+00
-1.497014252530713296e+00
-1.479022583984732631e+00
-1.459719385769048028e+00
-1.439370059207997654e+00
-1.424998712491595931e+00
-1.414450041639231159e+00
-1.407899635235912106e+00
-1.404514332790656184e+00
-1.402368474065317283e+00
-1.395195945960600481e+00
-1.389341832028848644e+00
-1.378642790768401349e+00
-1.362346522992880837e+00
-1.350001718932510641e+00
-1.333922819812738192e+00
-1.314903946524849987e+00
-1.300888409473366369e+00
-1.291129745748369029e+00
-1.277743499185824527e+00
-1.268473813720493837e+00
-1.255530468259087096e+00
-1.246559479157765438e+00
-1.233903495693278840e+00
-1.218289556674389651e+00
-1.200415774280637615e+00
-1.187506250352402759e+00
-1.165624710089791183e+00
-1.149612359614009538e+00
-1.129157853707601245e+00
-1.108009436424944649e+00
-1.086570055399672885e+00
-1.071167131111255832e+00
-1.051360457134430604e+00
-1.037158753030675173e+00
-1.018141911959573598e+00
-1.004494027952655744e+00
-9.857354363493637806e-01
-9.722498899779231651e-01
-9.534519285802066646e-01
-9.342787338532363428e-01
-9.150955023251592380e-01
-8.918517459780527235e-01
-8.652794690846216108e-01
-8.458313370378323093e-01
-8.225743876378561747e-01
-8.059477983379763621e-01
-7.850243173415966114e-01
-7.702799953303139935e-01
-7.558645455374884969e-01
-7.413804840881589309e-01
-7.219605397340281838e-01
-7.081653822106784846e-01
-6.893051130685813321e-01
-6.705486078578276610e-01
-6.474785994642463516e-01
-6.266110887346509895e-01
-6.119041872545553096e-01
-5.965395978024230494e-01
-5.765899481938975280e-01
-5.565830301767324961e-01
-5.387641002095022724e-01
-5.205332045089714477e-01
-5.017633034113229140e-01
-4.885158068929864594e-01
-4.704897552957063578e-01
-4.578736872631825605e-01
-4.434232156163211425e-01
-4.272333571213944303e-01
-4.094277248691315929e-01
-3.901498471621858144e-01
-3.669853334324368888e-01
-3.500945040569840572e-01
-3.340997837218138145e-01
-3.138991836516609180e-01
-2.925716394555271105e-01
-2.683372005720214837e-01
-2.509308382571726614e-01
-2.321716981332517804e-01
-2.192193675332498870e-01
-2.109887613008869511e-01
-2.050072420962305575e-01
-2.021523209633107054e-01
-2.015851073282073358e-01
-1.956982427992131068e-01
-1.921472675466755486e-01
-1.903999932063189515e-01
-1.886743505476193850e-01
-1.813060091214542258e-01
-1.760801907085305373e-01
-1.657652268970000176e-01
-1.512326915542345773e-01
-1.332796960639031081e-01
-1.195488189290843106e-01
-1.025492562944787522e-01
-8.987933452961294201e-02
-7.392159426326738725e-02
-5.487943810122031252e-02
-4.125375535177155939e-02
-3.171561971357972354e-02
-1.852505246428193253e-02
-2.244210991780626330e-03
1.656214300879432777e-02
3.709184723616587576e-02
5.887743552125823676e-02
8.153981345506777778e-02
1.047641378163206571e-01
1.282935019348598882e-01
1.451796949078130172e-01
1.576868886897548894e-01
1.725164820937759025e-01
1.880569219972596517e-01
1.986006196850322869e-01
2.065519396036137323e-01
2.178983687003701597e-01
2.387931724103034004e-01
2.625308127004539749e-01
2.868411307338296634e-01
3.133962528450628948e-01
3.331251176598348795e-01
3.535152532042364903e-01
3.678350533476959505e-01
3.771657496815701283e-01
3.825283147282185769e-01
3.912548976190566297e-01
3.992259226326186905e-01
4.040964215587843356e-01
4.129360720500703241e-01
4.187606435679587236e-01
4.250542556178242837e-01
4.354108816898316636e-01
4.427418999735912575e-01
4.506400522143103604e-01
4.624305353588862300e-01
4.773331167730823221e-01
4.883044815184209853e-01
5.056055558953471696e-01
5.184785070758923808e-01
5.373411488886798981e-01
5.574416969863533744e-01
5.722100529442036843e-01
5.923624897460061378e-01
6.070887279596270947e-01
6.230407019402718349e-01
6.398121900813107388e-01
6.514998467636012869e-01
6.633890198127571081e-01
6.713454593016769945e-01
6.761439551291424932e-01
6.784874555150200992e-01
6.789937027948279580e-01
6.726805643331966733e-01
6.764341728846020585e-01
6.732249982918189213e-01
6.698774036907154672e-01
6.711343643479238397e-01
6.718382745069575446e-01
6.721085191965208150e-01
6.873127536915984992e-01
7.055275671336744825e-01
7.199585117040687710e-01
7.365528659009002999e-01
7.596068811492964201e-01
7.771139396120345655e-01
7.898535932615210475e-01
8.037833293489202724e-01
8.188105489515740132e-01
8.294845002658974842e-01
8.469667500294884022e-01
8.596701786690185143e-01
8.731076492539552314e-01
8.879970901883309509e-01
9.087891731196812151e-01
9.241146985623004406e-01
9.449964340097654070e-01
9.643499821316133813e-01
9.840387541919806136e-01
1.001993592024557067e+00
1.020533550336859774e+00
1.043350342714712387e+00
1.069451082079356130e+00
1.088451236414408552e+00
1.101589974313546438e+00
1.119347968735945109e+00
1.137914293886657324e+00
1.150960289125705582e+00
1.159496596587173300e+00
1.173571916020624606e+00
1.189609268433599265e+00
1.209878191431384975e+00
1.224531775891639418e+00
1.241065773430149122e+00
1.252707284259240827e+00
1.260331807718938713e+00
1.264756719767652582e+00
1.266717286624824412e+00
1.273493661178250358e+00
1.275775022617957832e+00
1.276470405102529959e+00
1.275998819414849272e+00
1.288473380290203973e+00
1.298095489713360307e+00
1.305171143897166042e+00
1.317129729815539552e+00
1.333189726424246935e+00
1.345393347256978123e+00
1.354215706008802034e+00
1.367446449496896310e+00
1.384375646272734350e+00
1.396963374746153397e+00
1.414373085901754923e+00
1.434328622058550939e+00
1.448955634493860112e+00
1.467202706541370638e+00
1.480170129225618414e+00
1.489447780744525884e+00
1.502228718335522295e+00
1.517949951459513169e+00
1.529391230075980213e+00
1.536745808438420458e+00
1.541206815844123446e+00
1.550362303138662856e+00
1.563529886193397944e+00
1.580031268159553637e+00
1.592263671140658143e+00
1.607837835466002785e+00
1.626134222364982618e+00
1.646562046411475855e+00
1.668578275114295240e+00
1.691700586742011847e+00
1.708642511401011088e+00
1.727260861651895851e+00
1.740383217811708461e+00
1.749010905662500059e+00
1.747267416151919939e+00
1.745221228198071017e+00
1.742037091298249463e+00
1.737044052134397942e+00
1.732066856955314371e+00
1.727365092898049292e+00
1.723103530967087682e+00
1.712469025074490503e+00
1.703656211044606295e+00
1.696577535442935547e+00
1.684144389811992104e+00
1.674357153868533343e+00
1.666932634753987674e+00
1.654577494119102266e+00
1.645190033583074696e+00
1.638369314659734455e+00
1.633698557642794036e+00
1.630772848073693826e+00
1.629217441234189545e+00
1.628698678908198749e+00
1.628929289524183810e+00
1.630085091668063590e+00
1.631498686935516140e+00
1.633020201114028902e+00
1.641680018852192724e+00
1.649539822452169568e+00
1.663280947565315859e+00
1.674434965003842368e+00
1.690436667534706006e+00
1.701971691722044211e+00
1.711453712395341498e+00
1.724371984970269889e+00
1.733811356809219717e+00
1.740367999378225727e+00
1.744601163541886324e+00
1.740001090675471929e+00
1.735320430653827461e+00
1.730828174395584673e+00
1.726701263950989107e+00
1.723043918603112346e+00
1.719904509241760637e+00
1.709273156663995152e+00
1.700701605099748548e+00
1.694860731780165164e+00
1.690435251469388556e+00
1.686416439505353582e+00
1.683606880785752713e+00
1.674818277689072543e+00
1.668775825517433420e+00
1.663675856818745746e+00
1.660098378769654159e+00
1.651346224374225846e+00
1.644671765709339484e+00
1.639817254096919141e+00
1.636975344704998836e+00
1.627626183711810448e+00
1.620587390875791955e+00
1.615865759347097308e+00
1.605391036359441026e+00
1.589972583046553645e+00
1.578260142124592758e+00
1.569733669078687388e+00
1.563793953726453800e+00
1.552764106293009982e+00
1.544842448545084013e+00
1.539481724435380006e+00
1.528641417946300152e+00
1.520698140818930622e+00
1.507900636007461381e+00
1.498433608575501452e+00
1.491799628618096785e+00
1.480178602499437890e+00
1.464451357851537683e+00
1.452751475893149458e+00
1.436226602562174159e+00
1.416574292912039068e+00
1.394556048745256405e+00
1.378135390773715274e+00
1.357685064452657464e+00
1.335360135035830398e+00
1.318990165181933127e+00
1.300440067700139757e+00
1.280214541080417545e+00
1.256496856086147140e+00
1.232146811970663336e+00
1.214567145012707572e+00
1.192939845964943846e+00
1.170603525885239415e+00
1.147933332675515894e+00
1.122027045961668801e+00
1.103318751481032312e+00
1.084010948555337084e+00
1.064344077337692873e+00
1.044535471729070464e+00
1.024768562893360713e+00
1.011267070849111605e+00
9.928128205879687140e-01
9.740981668458014164e-01
9.512429563411974875e-01
9.348134395047699163e-01
9.137331035351388131e-01
8.986743972097447353e-01
8.785805164845545967e-01
8.596049371095252356e-01
8.359248142278707938e-01
8.135996514915614375e-01
7.869788626407039356e-01
7.673606732898288207e-01
7.483084484808598669e-01
7.244258343559645263e-01
7.023615868490877823e-01
6.811534158662266858e-01
6.603963633488113549e-01
6.351883239413816939e-01
6.127213891594543993e-01
5.909099088086140483e-01
5.652686594844227308e-01
5.471118144014821549e-01
5.247314346122775586e-01
5.026340612030855137e-01
4.837180700404477562e-01
4.610486464352101521e-01
4.453336499341868926e-01
4.254346793286152284e-01
4.118024735128866798e-01
3.936681028324373610e-01
3.786097026839909674e-01
3.596276442480355051e-01
3.441672405100806298e-01
3.274452771705165244e-01
3.159627008897543110e-01
3.021627598750746824e-01
2.927410817644162666e-01
2.868255078934895952e-01
2.771290203029233012e-01
2.623087088346918172e-01
2.450804581562191498e-01
2.191961329405667236e-01
1.860313403544822108e-01
1.605022717159381163e-01
1.358005072300403349e-01
1.106381176693262969e-01
8.581113129270279138e-02
6.766490313340067786e-02
4.802540871946159307e-02
3.444328158451259725e-02
1.851443045940248666e-02
4.976442462603092309e-04
-1.929780019302196337e-02
-3.285155219899937862e-02
-4.874270441406669541e-02
-5.932785040220922568e-02
-7.244894954500691320e-02
-8.095211415337022487e-02
-8.588747328307766438e-02
-9.450465675630259632e-02
-1.075276541672056663e-01
-1.166900680659743728e-01
-1.227195725379570668e-01
-1.331594655321233223e-01
-1.404256431587944665e-01
-1.519739247039040286e-01
-1.670551945382801051e-01
-1.793761577814880770e-01
-2.019447976150992030e-01
-2.191161481985011150e-01
-2.384095533214389828e-01
-2.592558811104015426e-01
-2.811431167215483473e-01
-2.970185737631461098e-01
-3.144874061924609610e-01
-3.266738537313533808e-01
-3.410496565575602546e-01
-3.508201663571803852e-01
-3.593046942861006787e-01
-3.645506383684313789e-01
-3.672467620250958742e-01
-3.680101008917053829e-01
-3.738269327298928690e-01
-3.800888239399577984e-01
-3.907264568434691832e-01
-3.984945504522467985e-01
-4.066080619053145107e-01
-4.216785639504370131e-01
-4.331780443509281042e-01
-4.511500551999985120e-01
-4.648255922886035396e-01
-4.811947117733672563e-01
-5.030389286779823887e-01
-5.257481637929630747e-01
-5.525030548183600398e-01
-5.724086195181523617e-01
-5.925348004453113715e-01
-6.167281464208463904e-01
-6.341650212126402897e-01
-6.561395163549529341e-01
-6.774097549443971467e-01
-6.977885280865565587e-01
-7.218447406411193645e-01
-7.394103763089400205e-01
-7.560513397792226753e-01
-7.717403216673456301e-01
-7.822090820009343082e-01
-7.981422652716333443e-01
-8.091478103116920284e-01
-8.161880992654931832e-01
-8.250768575424406448e-01
-8.307486224531254182e-01
-8.389501755594375165e-01
-8.541078426143015045e-01
-8.652911554555029472e-01
-8.784528816295286147e-01
-8.879261977794921101e-01
-8.942700626252889640e-01
-8.980579349720521076e-01
-9.042704526899636441e-01
-9.081436844091260729e-01
-9.101921126345958735e-01
-9.108696165205940609e-01
-9.105627727091858414e-01
-9.194728277168281450e-01
-9.205359127848468104e-01
-9.207286446020666038e-01
-9.203149243903998578e-01
-9.152945445978014627e-01
-9.107858089771319055e-01
-9.068703464720557772e-01
-9.035752240902434895e-01
-8.965169051138448530e-01
-8.951839492259208164e-01
-8.888449473116514232e-01
-8.839126859041039896e-01
-8.757517677481345686e-01
-8.694084951426592767e-01
-8.646721020213773423e-01
-8.613097257510518023e-01
-8.590853111015323007e-01
-8.478282818565621159e-01
-8.390766398547119254e-01
-8.273403626248397869e-01
-8.185189733086893904e-01
-8.071292722705539768e-01
-7.939573681085494439e-01
-7.841552202684747286e-01
-7.772049665579415789e-01
-7.677862295908334245e-01
-7.659404477685458623e-01
-7.607089145080871972e-01
-7.523518746158989190e-01
-7.412619612792279433e-01
-7.283415230940243346e-01
-7.135026894842820822e-01
-6.925092227600919692e-01
-6.764769220310633546e-01
-6.647733753570738147e-01
-6.622490032516338276e-01
-6.519383438180068602e-01
-6.448618256306698493e-01
-6.445420308765464901e-01
-6.454895717348999584e-01
-6.430877020149022849e-01
-6.363728013880629586e-01
-6.315921195101706909e-01
-6.243392229483353262e-01
-6.135190345318309868e-01
-6.014834720166617466e-01
-5.868539890478599030e-01
-5.758441386729509226e-01
-5.679279395155880650e-01
-5.567320326803568697e-01
-5.486170581728728735e-01
-5.430924794261238198e-01
-5.361184062053399035e-01
-5.255221666352307697e-01
-5.178609941888443480e-01
-5.032385965862902211e-01
-4.862733669612120391e-01
-4.704000006422821567e-01
-4.526902121401665813e-01
-4.396546076237410894e-01
-4.305463636276678496e-01
-4.156038886332196203e-01
-4.049214583499658460e-01
-3.914565314782587624e-01
-3.819058509351234143e-01
-3.692222152137147884e-01
-3.538038917968924224e-01
-3.337712567051867030e-01
-3.189339877497503473e-01
-3.019416634240070785e-01
-2.877621361876021577e-01
-2.733091350406744446e-01
-2.613828621780895922e-01
-2.484902728480675727e-01
-2.395502538585205787e-01
-2.270984953818626639e-01
-2.115819243496903646e-01
-1.934614086335750827e-01
-1.789027742431479329e-01
-1.618914268167124249e-01
-1.428388343091093748e-01
-1.290879830492857039e-01
-1.127902090852170858e-01
-9.368025299122018090e-02
-8.065055645154406427e-02
-7.140866344880514305e-02
-5.929155110153150332e-02
-5.107172212130395295e-02
-3.902139225024447988e-02
-3.049021892488879004e-02
-1.830672935422472669e-02
-9.755079669121480279e-03
-4.201338454836056613e-03
5.996776802684733454e-03
1.308368974380624827e-02
1.762043595520790262e-02
2.719418942683571316e-02
3.393846738678596431e-02
4.509159289950859240e-02
5.342257609333467272e-02
5.873564824415566932e-02
6.196241124643364628e-02
6.403085484200499167e-02
6.483915032727738392e-02
5.772687999998571406e-02
5.121747202664339582e-02
5.250332720866146552e-02
5.336274736864710100e-02
5.387865822321269427e-02
5.412739246624487244e-02
5.417654637411084551e-02
5.408395182025071968e-02
6.052032451623889919e-02
6.608134400901510830e-02
6.993482373346093794e-02
7.968169562609128675e-02
8.725584433341504464e-02
9.294025631678248800e-02
9.702582516954327829e-02
1.066107810924483701e-01
1.206602581988887035e-01
1.314500337421444787e-01
1.394205413316691455e-01
1.517512220167627213e-01
1.675906283494332794e-01
1.927792312967147037e-01
2.120582099449717095e-01
2.327874942913563672e-01
2.561628039912990928e-01
2.735705344655114946e-01
2.923474827739351856e-01
3.057245430152581989e-01
3.210211624194692082e-01
3.337420739359453492e-01
3.423044794564549242e-01
3.538543212578988406e-01
3.679162018387520661e-01
3.802255104090441762e-01
3.861287206425079166e-01
3.981609765832450076e-01
4.092522006328456197e-01
4.169478790344585128e-01
4.218270667743793112e-01
4.336856693185269229e-01
4.516062494268198169e-01
4.714732702592399072e-01
4.925563666166627996e-01
5.115384128241686756e-01
5.253443212637511905e-01
5.506443271298344655e-01
5.694553541430558141e-01
5.827308540542324167e-01
5.914456054226666648e-01
6.064174001692652638e-01
6.209557803613078297e-01
6.310992099084563600e-01
6.477330535724069582e-01
6.641709648404522381e-01
6.863778627147270051e-01
7.029040866932554366e-01
7.194216041930463490e-01
7.366845552691130283e-01
7.539325336907570785e-01
7.715472685749148463e-01
7.891912360763640999e-01
8.068641089752043305e-01
8.242500381025125167e-01
8.467058554819943961e-01
8.627112240196501691e-01
8.838753945620329011e-01
9.034203903625750431e-01
9.213305328306330422e-01
9.334745340894049503e-01
9.452545275859356444e-01
9.584060356031222083e-01
9.672099233733200130e-01
9.764725406819232401e-01
9.880488089851969802e-01
1.001761144395000080e+00
1.015194294387735674e+00
1.030519192107594684e+00
1.045040256948527979e+00
1.055262815130347365e+00
1.067993641588266929e+00
1.082984975427521368e+00
1.103132929985186639e+00
1.118055483559879715e+00
1.131493763477964709e+00
1.146900899792945072e+00
1.157760050311329669e+00
1.171221813578391835e+00
1.180610002996425489e+00
1.184049713486408750e+00
1.185318768421157465e+00
1.187611405713978829e+00
1.188314027968686126e+00
1.191779003949555049e+00
1.193788230907612213e+00
1.203871822192202234e+00
1.218095991987422577e+00
1.233353567114161997e+00
1.245091511008980412e+00
1.260649266011702352e+00
1.274495844609720985e+00
1.291493584105683823e+00
1.303989554273566664e+00
1.319777429382734679e+00
1.332906905472582171e+00
1.349009589782165230e+00
1.360492980415376030e+00
1.376670242013505296e+00
1.388119564628873315e+00
1.403923598358934877e+00
1.421958030927735539e+00
1.434912493928405031e+00
1.443725828242429676e+00
1.456112773486232470e+00
1.472240172725284957e+00
1.483760989955316800e+00
1.498327402839085609e+00
1.508654558626516540e+00
1.522305628616588136e+00
1.531965101460232015e+00
1.545145617653783221e+00
1.554485211491945851e+00
1.560661141094146220e+00
1.571126473966442116e+00
1.578402723503503635e+00
1.589903968780959742e+00
1.598100702149140018e+00
1.610399542445032361e+00
1.619255273556621022e+00
1.632501872930241626e+00
1.649135630365801131e+00
1.668462982509126613e+00
1.689821160117952026e+00
1.712607672975753559e+00
1.729439714220283975e+00
1.748074027283029519e+00
1.761292401869256619e+00
1.778255174539074668e+00
1.790271680823408706e+00
1.799766675527114446e+00
1.814352337072995702e+00
1.831707823096900611e+00
1.851239451401491376e+00
1.867548919820711584e+00
1.886093737942551307e+00
1.899358919282286839e+00
1.915135397609019074e+00
1.926016962038002545e+00
1.939765394376578911e+00
1.949060557463791810e+00
1.952077674817929376e+00
1.959472577708224250e+00
1.970516510572807967e+00
1.978051601843811014e+00
1.982816808003229125e+00
1.985446790453814003e+00
1.986476852551658512e+00
1.986351166210323482e+00
1.985432052988179930e+00
1.977672546723269864e+00
1.973475630437548034e+00
1.969698918001803190e+00
1.966417949102153839e+00
1.963661415716261960e+00
1.970784150289226266e+00
1.976771222660217209e+00
1.981631949803818626e+00
1.992072747765866403e+00
2.000332875470342220e+00
2.013176514405934370e+00
2.023052676297928620e+00
2.030353898350487185e+00
2.041867401607285082e+00
2.050372235239277696e+00
2.062598165209079237e+00
2.071552767257709426e+00
2.083881472642892696e+00
2.092823507521851312e+00
2.098986493094447070e+00
2.112343327127162773e+00
2.122248407170149065e+00
2.129241027040480461e+00
2.133843108136838307e+00
2.136539456551856286e+00
2.137765599020803098e+00
2.137901321118410358e+00
2.131412435273436934e+00
2.131342530111918432e+00
2.130909457155892639e+00
2.124339458205086739e+00
2.118686085701367183e+00
2.113975842783830217e+00
2.110176940664384659e+00
2.107217976545799676e+00
2.105003561729879458e+00
2.099874019881371456e+00
2.095964153638194105e+00
2.087066321712675254e+00
2.080132546832413443e+00
2.074929898740788481e+00
2.071205482027075107e+00
2.068705831326846933e+00
2.067190331138907045e+00
2.066439848499459941e+00
2.066261627108290977e+00
2.066491341515463542e+00
2.063698981855817127e+00
2.064959444647445075e+00
2.060138269331840633e+00
2.056362476693968322e+00
2.053521226263120614e+00
2.045240063870439329e+00
2.032380588867208182e+00
2.012661214837861312e+00
1.997126053322482386e+00
1.978809616901578083e+00
1.964877929386354749e+00
1.954771056408293628e+00
1.938589456107168374e+00
1.926803242924553405e+00
1.911971795657559259e+00
1.901311064981329846e+00
1.887337168139622268e+00
1.877356579092906319e+00
1.870696228570900344e+00
1.857794145528474772e+00
1.848666918380039048e+00
1.835773541459956970e+00
1.824790211101276594e+00
1.817280527920035693e+00
1.805745402025278779e+00
1.790803240849140776e+00
1.778432148321380524e+00
1.769791528360648902e+00
1.765485563058872165e+00
1.755157618295122290e+00
1.747920344566821660e+00
1.744387001139310112e+00
1.742601537118903421e+00
1.735242133474466097e+00
1.723096419118225642e+00
1.713962834009979286e+00
1.693350529663094406e+00
1.677384014824798930e+00
1.658418293175436986e+00
1.637090213066894950e+00
1.621166104453190204e+00
1.602685281012495633e+00
1.582066888594231280e+00
1.567275534215943456e+00
1.550183897987987613e+00
1.531477335837922338e+00
1.518392263837738065e+00
1.509376507712939519e+00
1.496956229594792909e+00
1.488532857588567904e+00
1.476412741292338460e+00
1.468070887397638913e+00
1.455889833850034565e+00
1.447387615865949329e+00
1.435005522266792788e+00
1.419412446394146432e+00
1.400091613727875828e+00
1.380117154714945338e+00
1.364123898573244897e+00
1.345945338982837525e+00
1.326092185297193193e+00
1.305043181277956599e+00
1.281250959883289298e+00
1.263773380330965423e+00
1.251637083698429187e+00
1.234969600689256986e+00
1.223284667673656623e+00
1.209110298020227292e+00
1.196882705635130772e+00
1.182074863692937905e+00
1.162363360198120255e+00
1.141395459041600668e+00
1.116556955873899470e+00
1.091772872972114561e+00
1.073795390207071376e+00
1.051673367380927093e+00
1.029693015886980145e+00
1.004286121675298071e+00
9.799914369136653036e-01
9.569810101406569514e-01
9.368125541167736658e-01
9.172966104514285179e-01
8.984966815547483776e-01
8.759814812738210277e-01
8.601582674956921304e-01
8.451450504667661345e-01
8.351683911925937842e-01
8.244711800518326195e-01
8.076596063528652669e-01
7.856092768735164489e-01
7.642140818873537356e-01
7.436515557437659574e-01
7.187919871412546957e-01
6.905436525767099099e-01
6.642209318703059528e-01
6.350168113764690370e-01
6.078649108505959076e-01
5.843354124117147164e-01
5.619882138596306032e-01
5.366055932858864175e-01
5.124582372968988775e-01
4.891124898234846530e-01
4.629212705853862353e-01
4.377496232880513372e-01
4.103043535145465270e-01
3.881064632148669702e-01
3.664389224658746169e-01
3.425103435688683362e-01
3.260259149040782845e-01
3.065321067913620023e-01
2.934619563046623192e-01
2.854436768355239629e-01
2.812992969737537763e-01
2.800363377634604856e-01
2.808323769642158130e-01
2.830177379282130534e-01
2.860582161882048169e-01
2.895383560267978940e-01
2.911360165589518267e-01
2.949887556599031235e-01
2.918856042959485642e-01
2.895996044420168225e-01
2.792909209183787045e-01
2.625965536574399462e-01
2.411703359289218973e-01
2.180122040148047002e-01
1.936506927791432631e-01
1.684952271148068004e-01
1.428637645586221527e-01
1.237538753497331445e-01
1.101703111364953358e-01
9.436683521923017182e-02
8.398923281150016962e-02
7.001543320795078351e-02
5.359704811791821122e-02
3.512960480246829498e-02
1.510446716882207774e-02
-6.460702686890584800e-03
-2.894048386723513389e-02
-4.515017282900979367e-02
-6.303204544353557814e-02
-7.544120469135995322e-02
-9.087520813541805076e-02
-1.015495101864221095e-01
-1.083053509256244329e-01
-1.188971830947105346e-01
-1.328016788287991190e-01
-1.494499485398823602e-01
-1.682724968893865025e-01
-1.887319221718346540e-01
-2.035542298742869516e-01
-2.204599220295762052e-01
-2.390103858104677403e-01
-2.521581173652456265e-01
-2.693162256353764938e-01
-2.815141932393967483e-01
-2.962073214974583202e-01
-3.063792733735382079e-01
-3.150067097651270132e-01
-3.137716648979560485e-01
-3.177990427297712195e-01
-3.220198748340856731e-01
-3.243332820258546523e-01
-3.319660931599113241e-01
-3.440701275213402521e-01
-3.555084811913407083e-01
-3.706749126081354540e-01
-3.887021469498488369e-01
-4.087623199179823974e-01
-4.236028807789873341e-01
-4.435767250805271456e-01
-4.646768037669006812e-01
-4.800608402316632883e-01
-4.940567463260567838e-01
-5.099478661189216222e-01
-5.272566756543872746e-01
-5.394620678389323576e-01
-5.632542887049607483e-01
-5.807700886193127854e-01
-5.988440585764035484e-01
-6.057571904796971163e-01
-6.151070071815865070e-01
-6.152400438291574236e-01
-6.136731734408594763e-01
-6.166992587267976500e-01
-6.220997514305091070e-01
-6.312155257074876236e-01
-6.377313904497438068e-01
-6.462983945099967098e-01
-6.580087744861394805e-01
-6.764940231450604635e-01
-6.905982118118769719e-01
-7.108145145153731415e-01
-7.307464566438339748e-01
-7.508784175222804613e-01
-7.707151705984954804e-01
-7.899027486505146856e-01
-8.084464167849916283e-01
-8.215770526410883789e-01
-8.302809699479610783e-01
-8.354664276714311999e-01
-8.431069817815940448e-01
-8.478290096316576374e-01
-8.502509409117993133e-01
-8.509292577551521575e-01
-8.503479892608394319e-01
-8.489145205567398822e-01
-8.469604098903318334e-01
-8.400317578298004406e-01
-8.338358904966933771e-01
-8.337919604345426228e-01
-8.336871694049110548e-01
-8.438299655396501731e-01
-8.472982891300128161e-01
-8.547691076834208479e-01
-8.605897445063377393e-01
-8.705659983573814653e-01
-8.830215312578195697e-01
-8.925524686102263017e-01
-8.995484261804649329e-01
-9.146739603802774843e-01
-9.261292288556650654e-01
-9.403095127558352972e-01
-9.550854498871071963e-01
-9.699805594931704134e-01
-9.866372383139732083e-01
-1.008662386303940117e+00
-1.025057806744367417e+00
-1.046390838182295280e+00
-1.068137758192687414e+00
-1.084068307389173480e+00
-1.104591180213660317e+00
-1.125671434008120197e+00
-1.140908956435338073e+00
-1.157727524321319201e+00
-1.172253819884534920e+00
-1.188532475658401921e+00
-1.206432001400930432e+00
-1.221566943212520684e+00
-1.238466162035683382e+00
-1.259118491505408333e+00
-1.280548328253522827e+00
-1.295954027579537593e+00
-1.314872054334632168e+00
-1.328116049568805357e+00
-1.343464954162555847e+00
-1.360704435690951009e+00
-1.372850284128637410e+00
-1.380815940556463728e+00
-1.385451947114792803e+00
-1.387522295192421540e+00
-1.387692644053430513e+00
-1.393337364740535600e+00
-1.396885136229995661e+00
-1.405637306346597448e+00
-1.418805900289809019e+00
-1.428683507463651914e+00
-1.442688627040169980e+00
-1.460094334902668489e+00
-1.473866466871656566e+00
-1.490625216707046841e+00
-1.502826069745531568e+00
-1.517804835541388897e+00
-1.528641885934186817e+00
-1.543035196817732269e+00
-1.553338035235336312e+00
-1.567305150107481060e+00
-1.584427028132685544e+00
-1.597059514085449772e+00
-1.613050617163328093e+00
-1.631802604277290625e+00
-1.645480972156134314e+00
-1.662110197225081132e+00
-1.680336045838383585e+00
-1.700297578998283266e+00
-1.721544106089705206e+00
-1.743687936007064510e+00
-1.766403305933872847e+00
-1.782628562228924851e+00
-1.800320833728278558e+00
-1.812516433045509689e+00
-1.820308191338548376e+00
-1.833067842097261479e+00
-1.841752582633602309e+00
-1.860427863589965369e+00
-1.880618601414614233e+00
-1.895316527513510207e+00
-1.905446302818679660e+00
-1.911882981857634167e+00
-1.915421294780444095e+00
-1.919102777563108653e+00
-1.914235706328608400e+00
-1.908977370900387882e+00
-1.901430578460526988e+00
-1.894646255792966638e+00
-1.888753028128075551e+00
-1.883791475252947434e+00
-1.888532133209352759e+00
-1.892528899538722831e+00
-1.902440024237462390e+00
-1.910434485688334849e+00
-1.916670248975581137e+00
-1.927917276961254256e+00
-1.945633551698179753e+00
-1.959523028254045673e+00
-1.970003291069619467e+00
-1.971087180331947408e+00
-1.970902566002214806e+00
-1.963304418699366671e+00
-1.956286962403691376e+00
-1.950051876937042294e+00
-1.944699161759693595e+00
-1.933555065711499488e+00
-1.931192118485395959e+00
-1.929551770200616190e+00
-1.928502358855316734e+00
-1.925427659081383025e+00
-1.923194308673020325e+00
-1.921654997509749663e+00
-1.923097525706650268e+00
-1.924536185917044673e+00
-1.925896952908476401e+00
-1.927131701023440336e+00
-1.928213189286146267e+00
-1.931650671993767610e+00
-1.941244332537586326e+00
-1.951752183931078299e+00
-1.966986243215547159e+00
-1.979080520274974386e+00
-1.988312558350648018e+00
-1.995039805655085319e+00
-1.999653440712402253e+00
-2.002544368909731531e+00
-2.004080079006377080e+00
-2.004590444489154244e+00
-2.011023852531200529e+00
-2.015702837054649255e+00
-2.018923011717421723e+00
-2.020965189143020702e+00
-2.012400198017751940e+00
-2.004976409271217452e+00
-1.998727720991706258e+00
-1.993616367276325185e+00
-1.989557909246442380e+00
-1.979871187064248694e+00
-1.972168997883079644e+00
-1.966257384688394838e+00
-1.959176304753615705e+00
-1.953972249784456050e+00
-1.950331847412673181e+00
-1.947959570485454650e+00
-1.939984641745043259e+00
-1.933967202148040521e+00
-1.922955484526190695e+00
-1.914515446527877529e+00
-1.908324258022590314e+00
-1.899558947824153909e+00
-1.890751319429418542e+00
-1.884375245496266782e+00
-1.880040718323862547e+00
-1.870405390251615341e+00
-1.863310736732357586e+00
-1.851338544643964523e+00
-1.842381339824319619e+00
-1.836017747762277885e+00
-1.831809489164692550e+00
-1.822182792955475250e+00
-1.813395584967958829e+00
-1.807218436439876674e+00
-1.796053504826259140e+00
-1.787879148355907333e+00
-1.775075492418799250e+00
-1.758430468524933010e+00
-1.745877430846389800e+00
-1.729617307728003706e+00
-1.717577542383574407e+00
-1.709126552246223341e+00
-1.703629969944032707e+00
-1.706783735831647553e+00
-1.710544990756973638e+00
-1.715564839968287236e+00
-1.719310566826671272e+00
-1.722815012332998164e+00
-1.725969778523183340e+00
-1.728718584430898098e+00
-1.731043429341048379e+00
-1.724786796432809632e+00
-1.719699328435535746e+00
-1.707736936919821646e+00
-1.691414799189350893e+00
-1.677883900770493542e+00
-1.667699491757627328e+00
-1.653565736699371458e+00
-1.643478783428857559e+00
-1.636192375535883814e+00
-1.624433705532173811e+00
-1.608937462737506818e+00
-1.597275129132952998e+00
-1.582111880243985524e+00
-1.563792379327244575e+00
-1.542972532397895336e+00
-1.520278271224380084e+00
-1.503332189930346008e+00
-1.484274819388464728e+00
-1.463571391252470377e+00
-1.441655791518270169e+00
-1.417839817624956034e+00
-1.393424396231793594e+00
-1.368758205042851062e+00
-1.344122375520942381e+00
-1.326594503637626099e+00
-1.308083603378919380e+00
-1.293618153748900657e+00
-1.277366780630516896e+00
-1.266392109900241536e+00
-1.259679720254484270e+00
-1.247279079416823144e+00
-1.232167573496782076e+00
-1.219132767996597089e+00
-1.203384030027954132e+00
-1.185489216816367763e+00
-1.172696334616460501e+00
-1.161248132857711335e+00
-1.146943603916215082e+00
-1.136990815679794764e+00
-1.127132361976688202e+00
-1.114374480833652870e+00
-1.096086317872840166e+00
-1.076547537464977777e+00
-1.056279361977095377e+00
-1.035708351943822159e+00
-1.011518888548292638e+00
-9.938582090726493234e-01
-9.759002753766257143e-01
-9.595220447791943386e-01
-9.426209315158943225e-01
-9.254457968902335407e-01
-9.040575681832402344e-01
-8.886501675494224983e-01
-8.781701260222682937e-01
-8.621466847243641762e-01
-8.458740117576247775e-01
-8.300142273477726373e-01
-8.093486334539318205e-01
-7.942771225462232909e-01
-7.743246701748155436e-01
-7.599325939131160723e-01
-7.405789099348928373e-01
-7.216227206097821645e-01
-7.036137892563805174e-01
-6.857442221508743829e-01
-6.689164088866746960e-01
-6.519298199318084297e-01
-6.305317581497594803e-01
-6.151438633468138129e-01
-5.990989785307145876e-01
-5.842323646449362196e-01
-5.684669499520715874e-01
-5.539770460537405405e-01
-5.383903312081848025e-01
-5.216934911914528072e-01
-5.065848295074666385e-01
-4.902466367631215238e-01
-4.756765841105803361e-01
-4.627671090588774128e-01
-4.510408904753064885e-01
-4.433261156023069471e-01
-4.326223446973169739e-01
-4.164555759276706848e-01
-3.985782581517482992e-01
-3.855627397074485874e-01
-3.766250932317687372e-01
-3.646200151303362613e-01
-3.563453679721744205e-01
-3.423312466883163818e-01
-3.259056579362740180e-01
-3.139805678703673220e-01
-2.992656690841053457e-01
-2.802390901108486876e-01
-2.597630941064184018e-01
-2.447727676533388852e-01
-2.343841956910213131e-01
-2.210673983048185853e-01
-2.051879053557299493e-01
-1.938746843467498149e-01
-1.783515628707552647e-01
-1.606909047294262649e-01
-1.480206086273243571e-01
-1.336252148111025662e-01
-1.234734794996881213e-01
-1.092049993280597153e-01
-9.923954752627950349e-02
-8.652938184891856288e-02
-7.709275922307479156e-02
-6.410159582385110966e-02
-5.539440266017692238e-02
-4.276047938289617711e-02
-2.679000184469471080e-02
-8.029820441442403478e-03
1.269317657137580824e-02
3.482206370789420191e-02
5.827441317014070421e-02
8.195389016396692483e-02
1.066156189086282513e-01
1.314823965725797628e-01
1.563153655250999474e-01
1.809318540381266160e-01
2.051999695562709558e-01
2.357257411195774477e-01
2.643877476595426490e-01
2.932322828388689295e-01
3.203772996265936701e-01
3.459042909403173827e-01
3.660630471071588676e-01
3.859613957328051903e-01
3.993583014978425716e-01
4.165183775035781188e-01
4.309252119717275065e-01
4.403734479070537944e-01
4.551801685623533267e-01
4.684791640078407315e-01
4.872111458455641309e-01
5.007743921828258227e-01
5.163145993645548160e-01
5.307367379195302437e-01
5.470019886005108578e-01
5.646090515421087197e-01
5.768658128718596734e-01
5.909183292265861587e-01
6.063384055071362466e-01
6.227159630144574187e-01
6.382115583183997076e-01
6.546027631704017802e-01
6.759553998083150939e-01
6.914223688024665471e-01
7.119925418949735185e-01
7.368049110375416433e-01
7.650443509435620459e-01
7.859620313386594948e-01
8.106796720674050993e-01
8.337289409643298121e-01
8.602866423394009976e-01
8.896176021776310838e-01
9.153461849377984016e-01
9.391238516239490686e-01
9.656206764373215234e-01
9.941968421017186586e-01
1.014543115085966285e+00
1.037786638949905083e+00
1.059906636721731132e+00
1.078487293012115877e+00
1.096945782196608210e+00
1.112426086676510328e+00
1.128609983544734519e+00
1.145662449986667442e+00
1.157304720401816311e+00
1.173665006768327412e+00
1.184872335426957690e+00
1.191923508396792508e+00
1.202172786614432276e+00
1.206337613392050478e+00
1.217144158155519129e+00
1.224534019954161668e+00
1.233455886441230387e+00
1.239502577865241317e+00
1.252304571241437348e+00
1.268445195418482552e+00
1.287360242496040863e+00
1.308529514238961466e+00
1.331482481763938797e+00
1.348608188616082781e+00
1.369411482936506275e+00
1.391505239350030898e+00
1.414623588811945831e+00
1.439493909687795448e+00
1.457278875263670281e+00
1.476428223235175974e+00
1.497309101357512828e+00
1.518849249688567271e+00
1.541163170893817824e+00
1.563623561926541727e+00
1.579366586402253247e+00
1.596553413842973335e+00
1.608242605851727403e+00
1.622329798782511823e+00
1.631765887256741987e+00
1.637951557801720304e+00
1.648067650194424916e+00
1.661628712993913792e+00
1.678835978699718456e+00
1.691535523657645035e+00
1.707346826834903464e+00
1.718696984618271362e+00
1.726293335179454713e+00
1.730844020610517342e+00
1.733015588963393139e+00
