2.034435569505055330e-01
2.031595246843653779e-01
2.029159897696470871e-01
2.117789805846683748e-01
2.099479926757363835e-01
2.098659273708942674e-01
2.096821639396142523e-01
2.094362490001637767e-01
2.075503371727902557e-01
1.984002814377776591e-01
1.909552289396820868e-01
1.850856369481681529e-01
1.806175265561933418e-01
1.773562943023054839e-01
1.751037459886792824e-01
1.736697342080124606e-01
1.728796143651223360e-01
1.650291661499432294e-01
1.589040018047087610e-01
1.543051447165382228e-01
1.510133001988245294e-01
1.488064971649920576e-01
1.474725944887251838e-01
1.468175183666315942e-01
1.466700697610776594e-01
1.468840733591771919e-01
1.473385505277853280e-01
1.490790912729975659e-01
1.507015289061770513e-01
1.521543782584904303e-01
1.456229183899404589e-01
1.402584098279535674e-01
1.360037510536022953e-01
1.327569711519147599e-01
1.303904024807318596e-01
1.287658761980357003e-01
1.277459902065622988e-01
1.272018463628339369e-01
1.270178337904228627e-01
1.270940875573571827e-01
1.194598096837560242e-01
1.133747945243572808e-01
1.086921994259746338e-01
1.052345262426903627e-01
1.028127499843738413e-01
1.012401418356847493e-01
1.003416603712115052e-01
9.204486889953700235e-02
8.556872677007709704e-02
8.070426417942466735e-02
7.722004899574108627e-02
7.488150916066427243e-02
7.346448327784482757e-02
6.481695214932958748e-02
5.815217833307961826e-02
4.525645693877389242e-02
3.527774379193493459e-02
2.786118872622611597e-02
1.463968292168793539e-02
4.668587298257698137e-03
-1.049597375567312696e-02
-1.389126342666124891e-02
-2.368409249271286043e-02
-3.076214047128678075e-02
-3.553928320005850239e-02
-3.843550635261361315e-02
-3.952782391513998128e-02
-3.956223212058462835e-02
-4.692124620691240366e-02
-5.271590523807834217e-02
-5.637990527872727142e-02
-5.869601346830721766e-02
-5.996135466617835696e-02
-6.043487652975731983e-02
-6.033597611311347642e-02
-5.984571618371981039e-02
-6.705468378348844460e-02
-7.266674509291859430e-02
-7.687616299851618429e-02
-7.926135816257784406e-02
-8.075118852169360650e-02
-9.001303549871253473e-02
-9.724927376394010281e-02
-1.026910620601959589e-01
-1.065926747458714186e-01
-1.092122430515893861e-01
-1.107976226207638693e-01
-1.115767149575666028e-01
-1.196263375760153735e-01
-1.179357855253577725e-01
-1.160528024392359914e-01
-1.141350703969452596e-01
-1.201808192883617732e-01
-1.170532562536790167e-01
-1.142160600585875319e-01
-1.196184868808198853e-01
-1.239501763882735474e-01
-1.273087346791974550e-01
-1.298134969636008940e-01
-1.315924623454978182e-01
-1.327728460213757344e-01
-1.413134793797872213e-01
-1.480351827221064731e-01
-1.543535756242107038e-01
-1.578664017756632454e-01
-1.602171324500172300e-01
-1.616385974109493251e-01
-1.714778960328622315e-01
-1.791850486312867030e-01
-1.849815628647086818e-01
-1.876271303069987351e-01
-1.891402888845135077e-01
-1.897949505802203340e-01
-1.898238531019353914e-01
-1.894194035816669786e-01
-1.964435358724883063e-01
-2.018695864304449472e-01
-2.059072563017771973e-01
-2.087727123398706031e-01
-2.106756420963851184e-01
-2.118107900979580016e-01
-2.123528561083303234e-01
-2.124538990893165558e-01
-2.122425872525564028e-01
-2.118247781554338793e-01
-2.188982615987844493e-01
-2.262551256499560903e-01
-2.320606606798485405e-01
-2.364628036757183693e-01
-2.396416557599145847e-01
-2.417908015933365462e-01
-2.411973107239884229e-01
-2.403042798209074071e-01
-2.411264003031734493e-01
-2.415475669461186747e-01
-2.416649729242743572e-01
-2.415632203092230590e-01
-2.413134640619751803e-01
-2.409735188619857027e-01
-2.405886722138057543e-01
-2.401929612620632426e-01
-2.379287307328368239e-01
-2.379203307591213346e-01
-2.379279259393318746e-01
-2.360861794931903290e-01
-2.441225503439723443e-01
-2.507416907175394893e-01
-2.560255094638690387e-01
-2.601009489614178882e-01
-2.631198376531678207e-01
-2.652434876542892894e-01
-2.666314169252019806e-01
-2.674335461685215520e-01
-2.754016335059246146e-01
-2.816227421780295170e-01
-2.863048757825858992e-01
-2.896730594331691222e-01
-2.919520572071450104e-01
-2.933546810204683553e-01
-2.940744302282929379e-01
-2.942814175266312837e-01
-2.941207344571725724e-01
-2.937125767469406235e-01
-2.931535865710912514e-01
-2.925189809363946125e-01
-2.941428235985346085e-01
-2.953887701235795582e-01
-2.963008352056117900e-01
-2.945944703736407266e-01
-2.954041904980451161e-01
-2.960062149850855029e-01
-2.964301182101349852e-01
-3.020121607257999496e-01
-2.988519521489865216e-01
-2.961198250477421468e-01
-2.938267947769694910e-01
-2.994874407309449094e-01
-3.041181695571240073e-01
-3.077973056934912854e-01
-3.082618951410762698e-01
-3.084277635775301007e-01
-3.180283409423481089e-01
-3.257200594972524677e-01
-3.316863861862942020e-01
-3.361417039596752421e-01
-3.393120018289104145e-01
-3.440169881210179970e-01
-3.547671912360237378e-01
-3.558012872339491039e-01
-3.532919056980754480e-01
-3.534050504743844190e-01
-3.530960886254259634e-01
-3.525060180270553900e-01
-3.517498364822067014e-01
-3.509176098940141042e-01
-3.500767017035057993e-01
-3.465722069723891074e-01
-3.436703117671251473e-01
-3.413354582633656431e-01
-3.421244703081360861e-01
-3.428804773990961063e-01
-3.435736965956834865e-01
-3.516047212525836851e-01
-3.581799556389515526e-01
-3.633949872609918419e-01
-3.673887096603505320e-01
-3.703224034141037180e-01
-3.723641805336015409e-01
-3.736779382036987673e-01
-3.817083237462193246e-01
-3.879308531286023154e-01
-3.925761019214240033e-01
-3.958857060287461760e-01
-3.980961273009313572e-01
-3.994280531136125134e-01
-3.929020217061132136e-01
-3.943646461689229721e-01
-3.983933795429208669e-01
-3.984821497007069446e-01
-3.983180906086241091e-01
-3.979874837813957011e-01
-3.975588297084038381e-01
-3.970847356001188100e-01
-3.966040625630800065e-01
-3.961441259829783235e-01
-3.957228137219521713e-01
-3.953505379295962907e-01
-3.950319728835749444e-01
-3.947675572459379278e-01
-3.945547573339749370e-01
-3.871870272691826376e-01
-3.811447441573234673e-01
-3.763509821866384275e-01
-3.726852542242662381e-01
-3.700027575787392387e-01
-3.681494393809121579e-01
-3.669731618761788994e-01
-3.663314345398893668e-01
-3.632997553226708920e-01
-3.611043602746286663e-01
-3.595971638020198924e-01
-3.586414738484220432e-01
-3.581154430100734753e-01
-3.650729769335301356e-01
-3.637917176263301133e-01
-3.698834752915738378e-01
-3.677893545566015554e-01
-3.659839354814899970e-01
-3.715838751774520610e-01
-3.761569448345662980e-01
-3.797788021262722413e-01
-3.825509330160525856e-01
-3.845875898233594992e-01
-3.888818388447168317e-01
-3.921881959176638510e-01
-3.946211112171862379e-01
-3.963084707033328602e-01
-3.943952157620542742e-01
-3.883483166148051779e-01
-3.831465948194288096e-01
-3.788189422551759833e-01
-3.724791438708876523e-01
-3.674995462923391631e-01
-3.637227447124335988e-01
-3.609757740825623173e-01
-3.590850010529653691e-01
-3.578858202882495565e-01
-3.572285235977166185e-01
-3.497757491980353350e-01
-3.439190646486518510e-01
-3.394858633125279468e-01
-3.362806443886456886e-01
-3.341019686725512639e-01
-3.327547994767814377e-01
-3.320588885608017904e-01
-3.318538993997774966e-01
-3.393017650154743770e-01
-3.383561437761839485e-01
-3.376447405667286628e-01
-3.371341932245361939e-01
-3.367906176008628183e-01
-3.292585015459830178e-01
-3.206889836258053350e-01
-3.139649764045298053e-01
-3.088657048294656260e-01
-3.051543115384742766e-01
-2.953034575544362106e-01
-2.877065970133088069e-01
-2.820778838229198726e-01
-2.781157567749747983e-01
-2.755231591214650777e-01
-2.740214370664471044e-01
-2.639674445156003912e-01
-2.636442926585662594e-01
-2.567062866773659469e-01
-2.515760425809558942e-01
-2.479642841983944468e-01
-2.455933513709016580e-01
-2.442074198695831644e-01
-2.435784437489896259e-01
-2.435089697537400344e-01
-2.438326826892782684e-01
-2.371054453664116490e-01
-2.228153648286450572e-01
-2.115691574961515720e-01
-2.030157318390783949e-01
-1.967718518797643146e-01
-1.851460468398578030e-01
-1.764078873575558593e-01
-1.714081895535277678e-01
-1.681816080119060697e-01
-1.663825559163989443e-01
-1.644406177992367990e-01
-1.635476634707861976e-01
-1.559942254936557138e-01
-1.503557122556860026e-01
-1.474482617769534709e-01
-1.531783756493225734e-01
-1.497793264981162054e-01
-1.484804861918704866e-01
-1.466518629831643494e-01
-1.529681789525103586e-01
-1.583911682264147469e-01
-1.629116323605959149e-01
-1.665709886484283420e-01
-1.694427650545895503e-01
-1.716185880527496543e-01
-1.744937195764106885e-01
-1.753436304192623751e-01
-1.684158841212797242e-01
-1.625477155943360064e-01
-1.577261736139448089e-01
-1.538871068852669666e-01
-1.435109937061604946e-01
-1.352490597424211849e-01
-1.214349294096144227e-01
-1.106307087772648856e-01
-1.025016232698436891e-01
-8.915422473730494346e-02
-7.907458969860092779e-02
-7.181082471129918154e-02
-6.639407268510288951e-02
-6.301293257974927009e-02
-6.120307717594086760e-02
-6.056689507328494315e-02
-6.077226855272943595e-02
-6.200498067343374053e-02
-6.352811986818185375e-02
-6.517715224909470528e-02
-5.932240838422919715e-02
-5.471398967083263010e-02
-5.122571124554697874e-02
-4.870834679037550075e-02
-4.700458251973516077e-02
-3.837381025499975173e-02
-3.163635770168626848e-02
-1.897847457006740512e-02
-1.531183438729932789e-03
1.184380029958598257e-02
2.188712364042921799e-02
3.660727343753955587e-02
4.759587312554569571e-02
6.293196921113275444e-02
8.178068872097621345e-02
9.584578159708523337e-02
1.058384267760656972e-01
1.199577598548975388e-01
1.300030826999274414e-01
1.292306668252847235e-01
1.271401655544233122e-01
1.242407040626536396e-01
1.284066529236793652e-01
1.310930132016698835e-01
1.326091249682319617e-01
1.332314333115385274e-01
1.342058548360471892e-01
1.269808064407897952e-01
1.205931987191108945e-01
1.066490180249801689e-01
9.529934997431643851e-02
7.875305188222481156e-02
6.625586955071760542e-02
5.668218938053581901e-02
4.968138569411761907e-02
4.486482867659935536e-02
4.216670325765181637e-02
4.080617716543755158e-02
4.840814758799050210e-02
5.536282567225248030e-02
7.002057194069521984e-02
8.172896820928454709e-02
9.184742096480991158e-02
1.079208194751388739e-01
1.205912764628198630e-01
1.301814733611901254e-01
1.451941894149324508e-01
1.564604590862359590e-01
1.645163107780882594e-01
1.765022015764090568e-01
1.864721699331974847e-01
1.934268692491669661e-01
2.058038891962172823e-01
2.147616677581440925e-01
2.286865876554582400e-01
2.388477415356977662e-01
2.555962345460098817e-01
2.583115021767588004e-01
2.668456566656816076e-01
2.649276471837218594e-01
2.677688879901307661e-01
2.691490128515434677e-01
2.694644659408578224e-01
2.690361607807807420e-01
2.681192623239625483e-01
2.669126731305491163e-01
2.655677555626345665e-01
2.641961719266086028e-01
2.628768651510668963e-01
2.616622424846839490e-01
2.605836228199944760e-01
2.616440662912018489e-01
2.605008759027094278e-01
2.595334159081645886e-01
2.587392122582614640e-01
2.581073894297283289e-01
2.576218239266032661e-01
2.572636010718252209e-01
2.495291190698274431e-01
2.432307300913751913e-01
2.382689863252940299e-01
2.269378134139219405e-01
2.179872361289960647e-01
2.095552954989641226e-01
2.049314184111272752e-01
1.941954502260268001e-01
1.846065621459875850e-01
1.776165834702125856e-01
1.727845644552019611e-01
1.621159349022944784e-01
1.542075260904500755e-01
1.486296208608548497e-01
1.449630059449951158e-01
1.352145153554464851e-01
1.290022138803061935e-01
1.247066219972674528e-01
1.219999623257463917e-01
1.118499924783669108e-01
1.043075747798267727e-01
9.121149644669790391e-02
7.302324628349943225e-02
5.933035936696851032e-02
4.942778085361720919e-02
4.296458858776142087e-02
3.887525717742046361e-02
3.666535965192774249e-02
3.561480961457319516e-02
3.593319246695281244e-02
4.466642644536711337e-02
5.246733799413072497e-02
5.966495569441221392e-02
6.576377627048035635e-02
7.075629753830003921e-02
7.469737863349523721e-02
7.768429138694643576e-02
8.048121765975557729e-02
8.182854814284779010e-02
8.260903434191546602e-02
8.295320505613723583e-02
8.297588763514718302e-02
7.477875133895173221e-02
6.790976239172752393e-02
5.390039631413867660e-02
4.279104355026830397e-02
2.640316324964642192e-02
5.900442493180335646e-03
-9.916608999645415423e-03
-2.167785963828250395e-02
-2.979521236730664491e-02
-3.508537285699642183e-02
-4.576530328087247135e-02
-5.333514228417746139e-02
-6.590290540068077796e-02
-7.506105904368909343e-02
-8.139127198409767949e-02
-8.608084882784439174e-02
-8.822324681364790422e-02
-8.967073530152958050e-02
-9.000657303053571923e-02
-8.953746795452288687e-02
-8.852453586281172626e-02
-8.718223670742752951e-02
-8.567996532009303223e-02
-8.480363111305355694e-02
-9.099202674104733823e-02
-9.587208627640486647e-02
-1.073364127965326098e-01
-1.163396226325401628e-01
-1.231588258574418671e-01
-1.357813364007125490e-01
-1.454017669013047964e-01
-1.524374146865556945e-01
-1.585282363075088963e-01
-1.703832016275188543e-01
-1.792935311218031291e-01
-1.856627724730532947e-01
-1.899120435282470876e-01
-1.986022650436278791e-01
-2.047443602143315111e-01
-2.088206749844985222e-01
-2.112671170452500302e-01
-2.124651075605681338e-01
-2.143602727513014283e-01
-2.153148299592859694e-01
-2.155558310675527167e-01
-2.152815343513660995e-01
-2.146594181373226995e-01
-2.061892759280707921e-01
-2.066401599471807682e-01
-2.069791006463341798e-01
-2.072218555914235871e-01
-2.073846223478081896e-01
-2.151376567892213654e-01
-2.137871589164539454e-01
-2.141563696653030480e-01
-2.220715811139291063e-01
-2.284743691442439051e-01
-2.412092359238133810e-01
-2.512647554853602028e-01
-2.589140060259338405e-01
-2.721375307274929156e-01
-2.745494800854402229e-01
-2.832596311253452459e-01
-2.895746116203825604e-01
-2.938979062046243040e-01
-2.943292609348786559e-01
-2.961952306463291329e-01
-2.948185315095661618e-01
-2.931544714112415129e-01
-2.913805277529506466e-01
-2.969562018021336680e-01
-3.012491244404273960e-01
-3.044370174474952950e-01
-3.066971864024279348e-01
-3.081982521545123532e-01
-3.090949383829972863e-01
-3.095250597503682588e-01
-3.096081166602915324e-01
-3.117705568489637091e-01
-3.133679961476238951e-01
-3.144807247778780290e-01
-3.151917445074716717e-01
-3.155816782294227352e-01
-3.231257119610424500e-01
-3.291310971139052022e-01
-3.337446427293986329e-01
-3.371443805935399052e-01
-3.395196531519675265e-01
-3.483527135131241348e-01
-3.578507939141502003e-01
-3.651713091723935989e-01
-3.705724522519895370e-01
-3.743393912368826459e-01
-3.840448567270295932e-01
-3.840707687574551610e-01
-3.906287830215928736e-01
-3.953700737964376266e-01
-3.986005907819312188e-01
-4.006125292117075354e-01
-4.016727079491178021e-01
-4.020161897206318002e-01
-4.018436877631623716e-01
-4.013216216926125401e-01
-4.005839496485181783e-01
-3.997351139021221300e-01
-3.988536019782011888e-01
-3.979957549188783972e-01
-3.971995568880315464e-01
-3.964882219192908952e-01
-3.958734584377250343e-01
-3.953583431583194141e-01
-3.949397752444172571e-01
-3.946105109392257226e-01
-3.943607997858953329e-01
-3.912125297307300631e-01
-3.886967679740571668e-01
-3.867464181482995755e-01
-3.852864618958293796e-01
-3.842404633759355370e-01
-3.835348505387747853e-01
-3.831016120440886574e-01
-3.857297395471630530e-01
-3.880232589625016715e-01
-3.899603381355278842e-01
-3.915439024151350367e-01
-3.957858866622501193e-01
-4.064743203490073231e-01
-4.151254604908027890e-01
-4.218761152436685258e-01
-4.269292657337386832e-01
-4.305222926331468969e-01
-4.329024610376643878e-01
-4.343093157348953959e-01
-4.349630881328419019e-01
-4.245759687814623096e-01
-4.157852472959855383e-01
-4.085621746299057389e-01
-4.028027376829512729e-01
-3.911472560829616363e-01
-3.819244240155983405e-01
-3.720359883783435073e-01
-3.646563391037993540e-01
-3.521517509098763821e-01
-3.426897885631843277e-01
-3.358331897244530850e-01
-3.311444350872454478e-01
-3.282080839814758288e-01
-3.193224861835273209e-01
-3.104142088064176797e-01
-3.063128466990601151e-01
-3.037965701115739048e-01
-3.025249217030634430e-01
-2.947547474138001444e-01
-2.964520816845130913e-01
-2.985164399388207102e-01
-3.007274028408655209e-01
-3.006094463118931248e-01
-3.030858560823475045e-01
-3.053428637329118622e-01
-2.976002832558717337e-01
-2.913846807216262658e-01
-2.865499926804422337e-01
-2.829232765224933832e-01
-2.803224948772498060e-01
-2.785688039472784538e-01
-2.754117867727308155e-01
-2.659054787697436861e-01
-2.585280714978912542e-01
-2.549001959285466246e-01
-2.505654549181413060e-01
-2.420478130073233647e-01
-2.355254979880065935e-01
-2.307583501463796871e-01
-2.274825991156241844e-01
-2.178638030481787613e-01
-2.105448634756024173e-01
-2.052358208841940090e-01
-1.939412339757657922e-01
-1.853912626543392506e-01
-1.792249039759792328e-01
-1.672884741917208817e-01
-1.583630240036331127e-01
-1.453423578526491511e-01
-1.355212884725918165e-01
-1.204744397568866532e-01
-1.091812189554255408e-01
-1.003364996361317818e-01
-9.446005669890689127e-02
-9.094232446418515359e-02
-8.923673955062416674e-02
-8.090547669060077496e-02
-7.500068565255313402e-02
-7.108807104961711865e-02
-6.876261291426488675e-02
-6.712702951351423586e-02
-5.867809280679248118e-02
-5.245566126204193047e-02
-4.031289537831672654e-02
-3.112432452969260410e-02
-2.445366042526009309e-02
-1.987256945129867169e-02
-1.697911209063462934e-02
-1.540897923909301248e-02
-1.484155861990155145e-02
-7.258566212567485465e-03
-1.594655593365024160e-03
2.482812374831500080e-03
1.299269612479569957e-02
2.898895400005763179e-02
4.150328806843872620e-02
5.088937167582208154e-02
6.550639752527365189e-02
7.643628061923779526e-02
8.419859438386945172e-02
9.727492916523128308e-02
1.059389646754818060e-01
1.116846028864821871e-01
1.151346384065146111e-01
1.168314953983837778e-01
1.163351201879911923e-01
1.151116140145727051e-01
1.143229559815093221e-01
1.207373437833771934e-01
1.246158795020859689e-01
1.357794103608012115e-01
1.433696957190584431e-01
1.488924508415716552e-01
1.601111674412154517e-01
1.685536648716674524e-01
1.746456107966882776e-01
1.787977757652803312e-01
1.827416099819820783e-01
1.852544061528698105e-01
1.866232165203178806e-01
1.871120225457254538e-01
1.869548018689795033e-01
1.863516708107104680e-01
1.944610496941558964e-01
2.008684871134658323e-01
2.057259124057728705e-01
2.168623341853341824e-01
2.254668934818040427e-01
2.394312383306400616e-01
2.500702661423996886e-01
2.653366365417222372e-01
2.767594841926130922e-01
2.923093167196850750e-01
3.037497234592898554e-01
3.117608387231671774e-01
3.169883040872925051e-01
3.200195688215707879e-01
3.141463265126405169e-01
3.083436574609461633e-01
3.028930296510581321e-01
2.906519764086781255e-01
2.876900014671825989e-01
2.779359767233617884e-01
2.700257324222359312e-01
2.638254847098659983e-01
2.591498593218466429e-01
2.502158527781657149e-01
2.413917025219654011e-01
2.347711265914056433e-01
2.300407159298749615e-01
2.192633090895068637e-01
2.111191683905986327e-01
2.036645104003140805e-01
1.984684238436755788e-01
1.965940208506482545e-01
1.958518103350737061e-01
1.959424356726455763e-01
1.981453038084182161e-01
1.989101457460800138e-01
1.921919258020494681e-01
1.869748337407344252e-01
1.830834674142096663e-01
1.712256702147982868e-01
1.620732462285687792e-01
1.552619691299208515e-01
1.504190162477789805e-01
1.471864382695926565e-01
1.452351927562367528e-01
1.442727093264599691e-01
1.440460777477319265e-01
1.377999673720293750e-01
1.330247360603138418e-01
1.217682229070320421e-01
1.120737715617590169e-01
9.706812479430437790e-02
8.558293458074039961e-02
6.938115654159981993e-02
5.672806241086414403e-02
4.770177086172999736e-02
4.162347655435172378e-02
3.788072098852413028e-02
3.593750324823408171e-02
2.778263974402994663e-02
2.198371525081244116e-02
1.065494648468545691e-02
2.119471414889551042e-03
-3.991200323175458919e-03
-8.066782433021613130e-03
-1.823871495008999588e-02
-2.573895840622419939e-02
-3.096578926203719107e-02
-4.210424936248591266e-02
-5.033991300753748455e-02
-5.611205746442360365e-02
-6.763345256155117724e-02
-8.386925645886811331e-02
-9.609940646964787447e-02
-1.049011097782246438e-01
-1.176456271328487624e-01
-1.267090652288527242e-01
-1.402960808270772297e-01
-1.500747632552921207e-01
-1.567384472388184680e-01
-1.682890784691577490e-01
-1.778356446389695034e-01
-1.845090736969932088e-01
-1.962313504421291377e-01
-2.047270673870411617e-01
-2.105180920324090099e-01
-2.141122961163368643e-01
-2.233942190327107280e-01
-2.300099513434548104e-01
-2.344220792311912938e-01
-2.444259900283776155e-01
-2.443586574322544891e-01
-2.377902172949217796e-01
-2.315423759838712847e-01
-2.166185120254933150e-01
-2.116683551126004037e-01
-2.077170136877919404e-01
-2.046686098113827956e-01
-2.039586245093329975e-01
-2.036233171901504768e-01
-2.035705688776991984e-01
-2.037196981401399043e-01
-2.040026831568066967e-01
-2.043643275305868645e-01
-2.047616171210864255e-01
-2.051625292538337142e-01
-2.055445322990061552e-01
-2.058929696256062147e-01
-2.061994711695840365e-01
-2.064604876771651831e-01
-2.143325826316981875e-01
-2.207361993604677330e-01
-2.257832980983298654e-01
-2.296234780999555358e-01
-2.324240158589487848e-01
-2.343554340344193854e-01
-2.431229220283173120e-01
-2.424141003079423040e-01
-2.488968154960549128e-01
-2.463201134337205112e-01
-2.456629389676510122e-01
-2.429178502113737981e-01
-2.404393793679788782e-01
-2.401302873521633519e-01
-2.474638723737689894e-01
-2.534478397363122415e-01
-2.581651778893125915e-01
-2.617432692147554363e-01
-2.643335899362266872e-01
-2.660959241486167137e-01
-2.671868237712058392e-01
-2.677517860588047860e-01
-2.679205000560023198e-01
-2.678044954752463180e-01
-2.674965748550111044e-01
-2.670714923278851849e-01
-2.742222844208890287e-01
-2.799349190860072056e-01
-2.843502672337669956e-01
-2.876341827936932383e-01
-2.899607621116557787e-01
-2.990122552526759403e-01
-2.985489597802308825e-01
-2.976974658289310849e-01
-3.041045491611260587e-01
-3.015644410257525276e-01
-2.991063827877971093e-01
-3.066783775467651907e-01
-3.103481392490590185e-01
-3.154712432204442862e-01
-3.193736708784609135e-01
-3.222091525349592978e-01
-3.216199915854625058e-01
-3.232667406918807718e-01
-3.318486895588319552e-01
-3.385714551822536222e-01
-3.436429609947917463e-01
-3.472965661097309198e-01
-3.497703144749351178e-01
-3.512924958842011947e-01
-3.595020962456785263e-01
-3.657604563375389528e-01
-3.703399542067289385e-01
-3.735167009266575633e-01
-3.755546625159591478e-01
-3.839755394964610158e-01
-3.831016692709381388e-01
-3.890673392839034683e-01
-3.862557579774161809e-01
-3.906909966157678937e-01
-3.867427889271908281e-01
-3.903568029540294138e-01
-3.930698225023516734e-01
-3.878127994201656659e-01
-3.832213076291126619e-01
-3.865885086239175816e-01
-3.893304358422502442e-01
-3.914939111418351825e-01
-3.961459283218968785e-01
-4.070893539947697537e-01
-4.158497134970475795e-01
-4.226168765113251791e-01
-4.276314674976540164e-01
-4.311562127799182242e-01
-4.334546831386516530e-01
-4.419167475903129638e-01
-4.482840210963676686e-01
-4.528670300761856726e-01
-4.559742726451834205e-01
-4.578961275585184953e-01
-4.623748864910757206e-01
-4.620408993283573462e-01
-4.612529367940103597e-01
-4.601920885879169365e-01
-4.589979192281796738e-01
-4.577740665587015645e-01
-4.565939541729382434e-01
-4.659737075823964236e-01
-4.736048853592702557e-01
-4.796070948307333826e-01
-4.841508789758055542e-01
-4.874336939201537877e-01
-4.896612792412284865e-01
-5.017534766318452188e-01
-5.112783263746050189e-01
-5.145750663094972310e-01
-5.165489789001549426e-01
-5.175079813648828519e-01
-5.108893261113396367e-01
-5.156959847481354942e-01
-5.193823994465101013e-01
-5.289391893102286524e-01
-5.295679981335423836e-01
-5.364245433957066655e-01
-5.415922628216083279e-01
-5.520344029646460093e-01
-5.599761098049946817e-01
-5.657808988020869290e-01
-5.698093054082589148e-01
-5.788950258842793239e-01
-5.855956723474268211e-01
-5.903106024969119181e-01
-5.977135506859889702e-01
-6.031044976256743073e-01
-6.068008634958756975e-01
-6.027203178886458845e-01
-5.986580438685684680e-01
-5.904367224885115339e-01
-5.834361076269189983e-01
-5.776546509784470373e-01
-5.730253101090847512e-01
-5.694400228733413893e-01
-5.667685226142031851e-01
-5.648722861944899254e-01
-5.636144554478044189e-01
-5.628665243251285144e-01
-5.625124923301385582e-01
-5.624510811482150707e-01
-5.625965114380124810e-01
-5.628782468999831146e-01
-5.674081876071290775e-01
-5.778335414350863619e-01
-5.863576796245120182e-01
-5.931017599443425548e-01
-5.982464208559193919e-01
-6.020036032046343077e-01
-6.110068966060299145e-01
-6.114751672919642722e-01
-6.112785226662743598e-01
-6.106284483467698809e-01
-6.096964665580218989e-01
-6.041781678198981931e-01
-5.994787304617222867e-01
-5.955891378784000656e-01
-5.924608431266721320e-01
-5.943075267459753119e-01
-5.959810198686417149e-01
-5.974453718835710525e-01
-5.943313812510251370e-01
-5.961289100751315795e-01
-5.976720225418780119e-01
-5.945914761681168059e-01
-5.920749397561746452e-01
-5.900801845662296818e-01
-5.885506959604634991e-01
-5.810196101612945530e-01
-5.749651791227927689e-01
-5.702630864589059989e-01
-5.626284889007007184e-01
-5.609005457039792919e-01
-5.599609013081572328e-01
-5.489898294517259192e-01
-5.404152198314662314e-01
-5.339591504927163612e-01
-5.293160788526605209e-01
-5.261780210994237983e-01
-5.242517696543129713e-01
-5.165811271447684483e-01
-5.108038738293263492e-01
-5.066612878351091087e-01
-5.106699685797961852e-01
-5.077718935498249930e-01
-5.125858082068648347e-01
-5.101535141266297924e-01
-5.046299913863101505e-01
-5.041133958011909666e-01
-5.040048860787900153e-01
-5.004591839181209423e-01
-4.978135840051678418e-01
-4.995963374453222805e-01
-4.908664284875656758e-01
-4.839212920212847546e-01
-4.785842421687815929e-01
-4.746475467766682055e-01
-4.718929309108745862e-01
-4.701063006490926455e-01
-4.621884686431876332e-01
-4.560818254781651149e-01
-4.482002796956101598e-01
-4.423550808602847439e-01
-4.312572901810420856e-01
-4.228135351647341889e-01
-4.135710040655138364e-01
-4.068980631847514129e-01
-3.953565607819953254e-01
-3.867751616989107966e-01
-3.806957109726392119e-01
-3.739063058601139744e-01
-3.650057382877496259e-01
-3.559224451187432692e-01
-3.423865097067191332e-01
-3.322665133171518459e-01
-3.250540693322370167e-01
-3.202441155250645988e-01
-3.173600550156814304e-01
-3.159695553365580167e-01
-3.156932873522610983e-01
-3.090230782994178860e-01
-3.041653069139131915e-01
-3.008341544118344757e-01
-2.987478548801802969e-01
-2.903493615404564299e-01
-2.818650390208350398e-01
-2.756158937534274322e-01
-2.639605581977733095e-01
-2.551594713238363177e-01
-2.488025840370120534e-01
-2.444771417417654913e-01
-2.417904949105800227e-01
-2.403844179101926049e-01
-2.399430899345180723e-01
-2.328717096211772031e-01
-2.275920440374503695e-01
-2.238433249677722614e-01
-2.213621295065344441e-01
-2.124916676768338064e-01
-2.057342500850127820e-01
-2.008142425588856916e-01
-1.899555206995784395e-01
-1.816924414447294023e-01
-1.681367141338314664e-01
-1.502264682149012653e-01
-1.364785790455229630e-01
-1.187181720202581392e-01
-1.054179881089403192e-01
-9.594963092017727568e-02
-8.193696531200189703e-02
-7.187466041605028444e-02
-5.735164101467993270e-02
-4.689064117807495435e-02
-3.981877655086751844e-02
-3.521000700289977914e-02
-3.282096467946593599e-02
-2.463301253399174939e-02
-2.665226597688508114e-02
-2.934198676712962417e-02
-2.462147952458559885e-02
-2.136548352816358687e-02
-1.930596335651357798e-02
-1.041877454942374825e-02
-3.689330623581010826e-03
9.166844350029679234e-03
1.913523781780823718e-02
2.652630431624913854e-02
3.968963995930496758e-02
5.757034517777093185e-02
7.116793093456053043e-02
8.104596881797410113e-02
9.576568830606557725e-02
1.064760762417902296e-01
1.217466876374981855e-01
1.328182997407139077e-01
1.403960530793417760e-01
1.529870149274252800e-01
1.619058814116092204e-01
1.678144894632047635e-01
1.699940570392854955e-01
1.705647754340768874e-01
1.776121175310125810e-01
1.824605076837704232e-01
1.930566302247618271e-01
2.008562102221282952e-01
2.063284788030814720e-01
2.173120921288587137e-01
2.180424290377649399e-01
2.177260088644064062e-01
2.166970792971645299e-01
2.152247189906673075e-01
2.135194960423039134e-01
2.027817906062205910e-01
1.952637762958633338e-01
1.890718960985000585e-01
1.841353223923216653e-01
1.741494184366572107e-01
1.737933370459010529e-01
1.739804711356462974e-01
1.759141950560139112e-01
1.778675859530400860e-01
1.876226346470704076e-01
1.958222569919561007e-01
2.024762747990420664e-01
2.076816052595416018e-01
2.194862258639909136e-01
2.286978271246806749e-01
2.356131026182468613e-01
2.503393447824890927e-01
2.617431803603169627e-01
2.780129618793250046e-01
2.926452779599804099e-01
3.035787735297483803e-01
3.113080785156538965e-01
3.242030185175410750e-01
3.308195806911422565e-01
3.375576104014643697e-01
3.467898812697700617e-01
3.530816650996051465e-01
3.570416404601666205e-01
3.592016099205879165e-01
3.674178042757254570e-01
3.732466459695915617e-01
3.771360328056396760e-01
3.867376423977137989e-01
3.937740017314599328e-01
3.986822922828086035e-01
4.089705744343929972e-01
4.235604995046513555e-01
4.377514340304975438e-01
4.553193715555456933e-01
4.685407396906624555e-01
4.780575197615102301e-01
4.912616650960903719e-01
5.007005070837493577e-01
5.070479771414926340e-01
5.146632887100486276e-01
5.197378878707639149e-01
5.227544673015971366e-01
5.241625743160625017e-01
5.243651182388957555e-01
5.237105935045900384e-01
5.186295026477583114e-01
5.072396793478810562e-01
4.975990819789783970e-01
4.896851801275221572e-01
4.765312465554554233e-01
4.660276985579170361e-01
4.648923187568698712e-01
4.576790453176906581e-01
4.557572896209656221e-01
4.547936486499086772e-01
4.545624129949705772e-01
4.548620618980858676e-01
4.591426398950135823e-01
4.558634010210280696e-01
4.533809382153251022e-01
4.515808248769404010e-01
4.432757413591961182e-01
4.400513728531403324e-01
4.343896859837812485e-01
4.301397375318307681e-01
4.198741036457505071e-01
4.118909818127063360e-01
4.059310895234438110e-01
4.017031755852733532e-01
3.915347044171553215e-01
3.838159971925823033e-01
3.678303363713582019e-01
3.556123215237878554e-01
3.466529202268606724e-01
3.404240139348879701e-01
3.364152174148760110e-01
3.341565445976135695e-01
3.257177678364664430e-01
3.120293176516804046e-01
3.016129496101263019e-01
2.940466014541696094e-01
2.811528312972750854e-01
2.793412530892704915e-01
2.789801401988323271e-01
2.718686539397006108e-01
2.668408886213586850e-01
2.635398415352390167e-01
2.694596773813080492e-01
2.671841886698098634e-01
2.657903214222110400e-01
2.650855750462761673e-01
2.570321249344429404e-01
2.507628580530267826e-01
2.381301254705447956e-01
2.282577647791641517e-01
2.208475791513961894e-01
2.074964014473785756e-01
1.876741516150433053e-01
1.806043686902427670e-01
1.680531333642201197e-01
1.589800251958124466e-01
1.527873874354517270e-01
1.489126514071184015e-01
1.399687790298409507e-01
1.335477182876898539e-01
1.292559615372479431e-01
1.266987720835563991e-01
1.244676375878983610e-01
1.234567689658365719e-01
1.233389351717415483e-01
1.238425329839543121e-01
1.247484210745990474e-01
1.248709306075297398e-01
1.252752643671979360e-01
1.258500360330312429e-01
1.265114530764208656e-01
1.193510735887721719e-01
1.136278950694495915e-01
1.091963874266266288e-01
1.058911573204013301e-01
9.568163153499131823e-02
7.979475586568396395e-02
6.727987268450208447e-02
4.985320047790553488e-02
3.645689491481673983e-02
1.862824102290394634e-02
5.220915544842830158e-03
-1.236065537350361510e-02
-2.533423105946308596e-02
-4.237622619336867125e-02
-5.476160093041726462e-02
-6.325271437807500341e-02
-6.858703698367785151e-02
-7.144391008406980603e-02
-8.101063549721110313e-02
-8.703958831570624000e-02
-9.077016747438682032e-02
-9.271083477541441908e-02
-1.012436590631315969e-01
-1.073402656184849757e-01
-1.114273788196773474e-01
-1.139056765094514923e-01
-1.239942763246932866e-01
-1.316212869859709755e-01
-1.360119483292343556e-01
-1.478229753009965286e-01
-1.647077861477750371e-01
-1.776473371764815123e-01
-1.871426762089987150e-01
-2.016306640021989782e-01
-2.122699200762996341e-01
-2.196741976380911510e-01
-2.244418281581510577e-01
-2.368053405151051560e-01
-2.459001458182208388e-01
-2.522095962697858962e-01
-2.562253097072235697e-01
-2.584176999811746978e-01
-2.592161127724814662e-01
-2.668981146264499671e-01
-2.724238741489704019e-01
-2.761590191835117114e-01
-2.784531469977538087e-01
-2.796254042717318811e-01
-2.799565850953356083e-01
-2.796859439265724223e-01
-2.868064560314624867e-01
-2.922289550540884129e-01
-2.961912431529194478e-01
-2.989339655656904071e-01
-3.006870748215941802e-01
-3.093327193190771318e-01
-3.159485186053858641e-01
-3.208141828392361283e-01
-3.242134067538391395e-01
-3.264180271754659746e-01
-3.378515679243885295e-01
-3.440621264702317106e-01
-3.511993539572082490e-01
-3.611018019319094385e-01
-3.712831321184824063e-01
-3.862657807832041712e-01
-3.976252205955603802e-01
-4.058713371633975164e-01
-4.115218352650626965e-01
-4.183044229442565154e-01
-4.229087918568519289e-01
-4.224067344113284772e-01
-4.210971225722912603e-01
-4.225831589764084129e-01
-4.199208085170500482e-01
-4.172476419044437446e-01
-4.179588566506886593e-01
-4.182974471407758799e-01
-4.257587714262733858e-01
-4.283008239039030052e-01
-4.300397775900546282e-01
-4.311376161854258982e-01
-4.389091334607644335e-01
-4.483238358039185467e-01
-4.556655273188092714e-01
-4.611761477826175071e-01
-4.544985904611122951e-01
-4.519262914274002618e-01
-4.494537309023420857e-01
-4.471812069718046345e-01
-4.524057372881726824e-01
-4.566003757666818874e-01
-4.598561455418763710e-01
-4.658819863067644729e-01
-4.669573752538329625e-01
-4.674935040204020176e-01
-4.712692011415517968e-01
-4.741217459652742328e-01
-4.761715330331481866e-01
-4.775472040780326388e-01
-4.783762138853495660e-01
-4.787780260336900184e-01
-4.788597147834732226e-01
-4.787136009301671269e-01
-4.784164857955535144e-01
-4.852871250972634609e-01
-4.907478380468321966e-01
-4.949463148422521552e-01
-4.980513218366930950e-01
-5.002366643395814716e-01
-5.016703406492164508e-01
-5.025076154167762432e-01
-5.028869987719624124e-01
-5.068422950975972618e-01
-5.129894026121912809e-01
-5.216978329305004269e-01
-5.244290448698636364e-01
-5.261693296022913469e-01
-5.311890013940518962e-01
-5.349127605366261751e-01
-5.444638567695234688e-01
-5.518051259233289763e-01
-5.572254000793024353e-01
-5.678115355123563024e-01
-5.757624090138019346e-01
-5.814825937951419998e-01
-5.853653317964151448e-01
-5.921975310239827595e-01
-6.037182709579079765e-01
-6.124045983326449338e-01
-6.186621192431551730e-01
-6.275808119599809443e-01
-6.340923632342164717e-01
-6.337604411259430970e-01
-6.390582875050984102e-01
-6.426214292636021064e-01
-6.448080521596526449e-01
-6.412144582923416936e-01
-6.314749753992990877e-01
-6.294588057689847194e-01
-6.277007233093350180e-01
-6.199453559638218314e-01
-6.135739170037864953e-01
-6.084980477705959068e-01
-6.002070127680926293e-01
-5.938022048587809909e-01
-5.890297215545724496e-01
-5.856319675697911897e-01
-5.833617294385425867e-01
-5.819910208400647100e-01
-5.813161892647452644e-01
-5.811603414983732563e-01
-5.813738449873447900e-01
-5.818334617913456519e-01
-5.824405392230623812e-01
-5.831185905578888384e-01
-5.774114550652914568e-01
-5.770077412238824310e-01
-5.726432960572117592e-01
-5.734626513264379222e-01
-5.743847610609154053e-01
-5.710538849086431723e-01
-5.684753728497080605e-01
-5.599231621681839410e-01
-5.572784099965313320e-01
-5.512614141469234230e-01
-5.466983216858563033e-01
-5.433910081366200018e-01
-5.343272130222149752e-01
-5.273168983322871206e-01
-5.221203162261389696e-01
-5.115095899878188135e-01
-5.033801720317347961e-01
-5.044966320672368276e-01
-4.991381261980589734e-01
-4.992309979251947638e-01
-4.960482365345357803e-01
-4.939719101905462040e-01
-4.927769088763700456e-01
-4.922585090320898971e-01
-4.922378357383243586e-01
-4.925639497321681048e-01
-4.931135759525056006e-01
-4.937892954108877852e-01
-4.945168327373019590e-01
-4.914263192088650367e-01
-4.890276636046531067e-01
-4.872282647450145721e-01
-4.859341362970031053e-01
-4.850552410240551726e-01
-4.775152674066371894e-01
-4.714882644612461426e-01
-4.597268364046649403e-01
-4.397541202137091876e-01
-4.239694143180654518e-01
-4.046185675020499417e-01
-3.897748075477509566e-01
-3.788789732229262963e-01
-3.787900749133299438e-01
-3.755709409621592609e-01
-3.710901618921000900e-01
-3.684400842816710764e-01
-3.672048114776844674e-01
-3.670191202723824819e-01
-3.675730547349411736e-01
-3.657264543236651289e-01
-3.647057605644017375e-01
-3.643028357144475482e-01
-3.569575583486273018e-01
-3.512774169868577712e-01
-3.470496619491341139e-01
-3.414079227493085344e-01
-3.399155727964708884e-01
-3.292072932480167857e-01
-3.209456340263070473e-01
-3.148061828046406774e-01
-3.104561606049376365e-01
-3.099462969069382012e-01
-3.077861011924405421e-01
-3.065687964961951728e-01
-2.986095381458038212e-01
-2.925229439643668439e-01
-2.880645958557987996e-01
-2.849779264160805514e-01
-2.830113123468569469e-01
-2.743671846539557091e-01
-2.677489460897657381e-01
-2.629004432697203963e-01
-2.499223809356168058e-01
-2.400146389386288437e-01
-2.251299384839298146e-01
-2.138420791453292669e-01
-1.964580687536057191e-01
-1.834864778953215758e-01
-1.679239399669913979e-01
-1.563916944224397199e-01
-1.405649460994735644e-01
-1.289313806897360859e-01
-1.208616564279922923e-01
-1.078782715102262202e-01
-9.861468918973681497e-02
-9.245198282647582033e-02
-8.878759698027138825e-02
-7.914136830602869210e-02
-8.031067055161211776e-02
-7.388326621380070236e-02
-7.015672532366767911e-02
-6.745735040289924100e-02
-5.826475875191561293e-02
-4.373432076775318755e-02
-3.270992604645095447e-02
-2.468519220121434543e-02
-1.139336546629743374e-02
6.207440159333499352e-03
1.947269860971623245e-02
3.677518310797234236e-02
4.957542731236741496e-02
5.857504900563093031e-02
7.274478337031742292e-02
9.087365445538897468e-02
1.043522355772075194e-01
1.207285109221296615e-01
1.323784973369195317e-01
1.401643159115479875e-01
1.525315850045954047e-01
1.610854675657020785e-01
1.665632280596813786e-01
1.696297934698738352e-01
1.784128063038392664e-01
1.844595178295944660e-01
1.957866923514421931e-01
2.039807100524189121e-01
2.170020719782903562e-01
2.265357955838942505e-01
2.405046347804040696e-01
2.507237225905813993e-01
2.578192787916615547e-01
2.623830143439045415e-01
2.649530756593569958e-01
2.660041139031601443e-01
2.586880527409960440e-01
2.518997704745535859e-01
2.476862277247142696e-01
2.439141984672670294e-01
2.425053540118971007e-01
2.412942344131379091e-01
2.402902178384804799e-01
2.491710109931128958e-01
2.545890970171218459e-01
2.609339087205957419e-01
2.659366202360577969e-01
2.775688999375949262e-01
2.866923570915829167e-01
3.013499609664400669e-01
3.125819166360566115e-01
3.208383709594075928e-01
3.342159350529345652e-01
3.440868404321704155e-01
3.510234467351571741e-01
3.630116854035123630e-01
3.790170331849385121e-01
3.908365254991825744e-01
4.063352513842739544e-01
4.175974131668023226e-01
4.253791202723986586e-01
4.373167559201198706e-01
4.490330087844311979e-01
4.573772811991705378e-01
4.697963010139878381e-01
4.786873308963088824e-01
4.950583255773453040e-01
5.072614838283826533e-01
5.226032430252365302e-01
5.376552955047904092e-01
5.552034441318154379e-01
5.722076777113442869e-01
5.846131658484671201e-01
6.040627168089259813e-01
6.184185439692019282e-01
6.284085224709022865e-01
6.347911265041980000e-01
6.383004515409567148e-01
6.460010659401668187e-01
6.508915718560147612e-01
6.535828191225742101e-01
6.594531699440301376e-01
6.632621593394315562e-01
6.667595489528457264e-01
6.687048937672158688e-01
6.694892441205132494e-01
6.633107836655413037e-01
6.638263657800261841e-01
6.638914132687544489e-01
6.684387209993137846e-01
6.780146376131245267e-01
6.855187258705597309e-01
6.911917068783430818e-01
6.952956459520719390e-01
6.980938785005326164e-01
6.998371710107731403e-01
7.007547789066571609e-01
7.010492877949269230e-01
7.059278876918568812e-01
7.096229803032277905e-01
7.122867713598386441e-01
7.200236755151550039e-01
7.259379798360083846e-01
7.302747947797325612e-01
7.332884542528281813e-01
7.409898001036321347e-01
7.520038011274378098e-01
7.604469614660536170e-01
7.666549647126890132e-01
7.765321566973654166e-01
7.892590127215808327e-01
7.988614838164407317e-01
8.111288975893140574e-01
8.200948297887024063e-01
8.263158992113106560e-01
8.303169474999733124e-01
8.382608565433531389e-01
8.489774798287460511e-01
8.567783933407744357e-01
8.670976569207980988e-01
8.744620656450855511e-01
8.852423596164070707e-01
8.977950746443712493e-01
9.069357463017938548e-01
9.132542257729342472e-01
9.232413580858314095e-01
9.304036895065140866e-01
9.396519355141659258e-01
9.522070121080842275e-01
9.614526444382707204e-01
9.679021261910308871e-01
9.658798074948695689e-01
9.588912251898524808e-01
9.523009765648509095e-01
9.463367814217532592e-01
9.411265174257837929e-01
9.367201477609997662e-01
9.331097739230710397e-01
9.302471716885988284e-01
9.280584718954185686e-01
9.264559266843400698e-01
9.253469161520165853e-01
9.246404901693975331e-01
9.242518130377294083e-01
9.301978619018522743e-01
9.352455828143119154e-01
9.393936923200966183e-01
9.426896650589825510e-01
9.452130304202071009e-01
9.470615134449011929e-01
9.590962543835308551e-01
9.686708959036350874e-01
9.824232687650912288e-01
9.931463612697257748e-01
1.001175897528817860e+00
1.006893673749591045e+00
1.014791565380101179e+00
1.026906583130768436e+00
1.035928081857138139e+00
1.042324088313726804e+00
1.046558536628581670e+00
1.049067395786300372e+00
1.050244150557612333e+00
1.043785265799543449e+00
1.037885701840935315e+00
1.039248983301636287e+00
1.040149678267268785e+00
1.040679919225136807e+00
1.040923506499153550e+00
1.037046410986554701e+00
1.027030449340999407e+00
1.018778752532823351e+00
1.012200922526103053e+00
1.007142709938634528e+00
9.968832052198628446e-01
9.890020667702382751e-01
9.788851669977368664e-01
9.712115937320754400e-01
9.548034304368521186e-01
9.420830911572944943e-01
9.263599115281841989e-01
9.098780976910513241e-01
8.975594952449441610e-01
8.827320578526827166e-01
8.670091152651964173e-01
8.555563581266577566e-01
8.365389252780440765e-01
8.224616744072758001e-01
8.013691524426754809e-01
7.801263517346362919e-01
7.644242631276600974e-01
7.534758194008689403e-01
7.350411140108193964e-01
7.164885118043156087e-01
6.972490465052834097e-01
6.834941735647183103e-01
6.692958179089525395e-01
6.549278558026886410e-01
6.453072265142573150e-01
6.331257637269728233e-01
6.249251712356412858e-01
6.199057953150358680e-01
6.064874641563049451e-01
5.969343622015681472e-01
5.840686849059422148e-01
5.748569610227147741e-01
5.686918964705787172e-01
5.583076821553878410e-01
5.509844280082212276e-01
5.462132982014489269e-01
5.325218151440023195e-01
5.224269150541041018e-01
5.083952857450577678e-01
4.980663416392483445e-01
4.908883633524117052e-01
4.791335663003608580e-01
4.706754694840196152e-01
4.613579101004059435e-01
4.550289768706481386e-01
4.438273409289543725e-01
4.358009784155334465e-01
4.197427975097147712e-01
4.078446062039855491e-01
3.920545465821991815e-01
3.804363552836864670e-01
3.723352208447758827e-01
3.642501900470975773e-01
3.618397877490702186e-01
3.583186595012664011e-01
3.491255850456815857e-01
3.452764855982564107e-01
3.355274147021611864e-01
3.257696375938490263e-01
3.187679883198526465e-01
3.140512076038943778e-01
3.035290171371463064e-01
2.958062126613423271e-01
2.904483421881505212e-01
2.792838838514226651e-01
2.710245619070212886e-01
2.574011791781318781e-01
2.452156224636863335e-01
2.304551267498995415e-01
2.097721088498931685e-01
1.942174624301826746e-01
1.750830962162432947e-01
1.610166791232172656e-01
1.432123094768811278e-01
1.222917216941699081e-01
1.069244654096455083e-01
9.624906790960441327e-02
8.941139260947061906e-02
8.631283644545373335e-02
7.715160115459052115e-02
7.100067150366262680e-02
5.896423662675398525e-02
4.991046500832885258e-02
4.388532198012939922e-02
3.200203680445001808e-02
2.352203292164567472e-02
1.784194529347993274e-02
6.131309166068410477e-03
-2.176866231802021545e-03
-1.558889230595794650e-02
-2.504474221853225657e-02
-3.938489539363865255e-02
-4.949439643245967524e-02
-5.683397246576893380e-02
-6.163730186359361873e-02
-6.492950991734125488e-02
-7.435673048511803884e-02
-8.900651696915606870e-02
-1.001259272942427447e-01
-1.081685871473563321e-01
-1.136196721197610948e-01
-1.090882280105560653e-01
-1.122015482070239933e-01
-1.060673925133779338e-01
-1.003262813444021351e-01
-9.441433777048025000e-02
-8.939282892937594482e-02
-8.591991207378124606e-02
-8.310016698322075790e-02
-8.088684247152455598e-02
-7.921514307749877304e-02
-8.593394921261432451e-02
-9.160148134600953895e-02
-1.041444936649247310e-01
-1.142607231855341521e-01
-1.231276637687008790e-01
-1.379181713972250645e-01
-1.494839892077177712e-01
-1.661377157792347514e-01
-1.788373743379410019e-01
-1.976102253109721651e-01
-2.119143265701304291e-01
-2.204982814741807129e-01
-2.260010201481776893e-01
-2.388559551161939520e-01
-2.481472883646145267e-01
-2.623335343692614341e-01
-2.647717410094811985e-01
-2.732730254046162877e-01
-2.812933603722198583e-01
-2.867658552955987261e-01
-2.877907948489999423e-01
-2.875770587179284909e-01
-2.865201957130854016e-01
-2.927520855503558117e-01
-2.972304855772585075e-01
-3.002654338033461379e-01
-3.021449455058857758e-01
-3.132781491133114216e-01
-3.219436122265928457e-01
-3.284211115451856067e-01
-3.330227217850405541e-01
-3.360671345922900954e-01
-3.378608167494492331e-01
-3.463980002837920846e-01
-3.527820569554467323e-01
-3.573353126783347378e-01
-3.603782629977971830e-01
-3.622126649063452941e-01
-3.631112488545473749e-01
-3.708879385000043438e-01
-3.767480507736027384e-01
-3.839978883006598398e-01
-3.863334728377874061e-01
-3.876116939996092636e-01
-3.955365511981190352e-01
-3.940725809230363197e-01
-3.923102765973474071e-01
-3.978363679790797303e-01
-4.020031142997240181e-01
-4.091544915512654867e-01
-4.144788726852626226e-01
-4.182903912676232405e-01
-4.208754661833895572e-01
-4.224882536574090519e-01
-4.233495736125520992e-01
-4.268150211322012666e-01
-4.293237415074220298e-01
-4.380717787500481020e-01
-4.448836440235548473e-01
-4.499859721645380617e-01
-4.605937506463004816e-01
-4.686745149682465250e-01
-4.745808616189695073e-01
-4.786704431067960730e-01
-4.812853893306321407e-01
-4.863392068749636810e-01
-4.898935860527602326e-01
-4.922008755122335710e-01
-4.935066402578289768e-01
-4.977998747345298014e-01
-5.008858792428827478e-01
-5.029469036513813940e-01
-5.073056726027866947e-01
-5.142961712897777815e-01
-5.305131036580106318e-01
-5.363992456580726209e-01
-5.474082119358483212e-01
-5.514002420703885132e-01
-5.469370213413140558e-01
-5.383946520763815968e-01
-5.309594747666648296e-01
-5.246736163061569425e-01
-5.195050688225888447e-01
-5.153743584639416397e-01
-5.121741577193523742e-01
-5.097835053045893794e-01
-5.043261669204797126e-01
-5.001732637076783394e-01
-4.971282453211516295e-01
-4.882822938240825028e-01
-4.813890735825454570e-01
-4.762144304356861202e-01
-4.690461565693415658e-01
-4.637874859957338280e-01
-4.533294239979133167e-01
-4.453777158668894565e-01
-4.395856240848126095e-01
-4.356008154596520132e-01
-4.330845052355125624e-01
-4.285678082351376261e-01
-4.255401548768880104e-01
-4.236928078914186102e-01
-4.159322665572944278e-01
-4.100876501879713310e-01
-4.058828164912862135e-01
-4.030409674464832115e-01
-4.012985540571056831e-01
-3.975089237374636042e-01
-3.908930785169020261e-01
-3.859178936534879423e-01
-3.823594613646033036e-01
-3.799849184403141233e-01
-3.757836368002429595e-01
-3.728661368144712274e-01
-3.709863775949953091e-01
-3.629509849260799115e-01
-3.568046922164225254e-01
-3.522965863290568045e-01
-3.491663121588974850e-01
-3.471604239602199549e-01
-3.460434244253731695e-01
-3.456045588182496964e-01
-3.385983684935516269e-01
-3.331986490610341356e-01
-3.292099748949657290e-01
-3.216453294776222549e-01
-3.158298657190719005e-01
-3.115744324904627938e-01
-3.086566884944925704e-01
-2.993759812170753154e-01
-2.922713482967744802e-01
-2.870879513769732938e-01
-2.835361484466167870e-01
-2.736989556902054144e-01
-2.585892435162435721e-01
-2.391565180571617599e-01
-2.162719354641680081e-01
-1.986419769857024065e-01
-1.856659642480253947e-01
-1.686735480174872404e-01
-1.471376151113743536e-01
-1.314064028931893890e-01
-1.125662225551935514e-01
-9.910748157802573566e-02
-9.007527596736930597e-02
-7.665857224180028240e-02
-6.743304187918264248e-02
-6.160110605219792923e-02
-5.050644688225092160e-02
-4.287404325353816326e-02
-3.011123516141633871e-02
-2.100299622207213446e-02
-6.964153552960983262e-03
3.197584117929697101e-03
1.808612018404121002e-02
3.715697838019793586e-02
5.150965029004850315e-02
6.985637927394305891e-02
9.142658697254169020e-02
1.073691851239531037e-01
1.266136101746155873e-01
1.484761072664795289e-01
1.642992593268761681e-01
1.750943451951265661e-01
1.897922571235324263e-01
2.077258065608305060e-01
2.203970207308048046e-01
2.287737785030339310e-01
2.337452961596304668e-01
2.438573863842961043e-01
2.525701010452934270e-01
2.583001206148487494e-01
2.694287706520812620e-01
2.850435069828618495e-01
2.965004741743988426e-01
3.044621156829565578e-01
3.172320770865928452e-01
3.263057561500599668e-01
3.323467540810334242e-01
3.434988437152082241e-01
3.513582337853908832e-01
3.639455782889919888e-01
3.729853522646733310e-01
3.762287129310804001e-01
3.848330368089216691e-01
3.936500666314506347e-01
3.998270772748422353e-01
4.038523797727544551e-01
4.132321376488319320e-01
4.199862477587763543e-01
4.347540671018703673e-01
4.459849432262787960e-01
4.610757873887811886e-01
4.758061930428685304e-01
4.867354511399439865e-01
5.012660231856933546e-01
5.118073199896273628e-01
5.229040649104423899e-01
5.267121939374306283e-01
5.324043103752156281e-01
5.426428903090105837e-01
5.498714203113916899e-01
5.655004647970995890e-01
5.772070930961828994e-01
5.899551795795711095e-01
5.992168417172748507e-01
6.075309121611204288e-01
6.129460078986789240e-01
6.271145493398287973e-01
6.374952625143338603e-01
6.447092774903691037e-01
6.493520951376101635e-01
6.629983895771539570e-01
6.730961160413548861e-01
6.801907651953384981e-01
6.898334998684750863e-01
7.027582304597598251e-01
7.121899818711850960e-01
7.186893314387102771e-01
7.228033698938501894e-01
7.250395954191182213e-01
7.370498427896853277e-01
7.459856759823559891e-01
7.523061311046812527e-01
7.622133860174061804e-01
7.692797138802011103e-01
7.740207155870105771e-01
7.879634339799567178e-01
7.984168161188214263e-01
8.112720333292544606e-01
8.205978570656046189e-01
8.270208850413145463e-01
8.311156024142896115e-01
8.384954262461258301e-01
8.435042309755894641e-01
8.466324007799284068e-01
8.427142702613471537e-01
8.338020296213162208e-01
8.364837761380918835e-01
8.383965626352956058e-01
8.446283601774382532e-01
8.494055914244047489e-01
8.585133509941470509e-01
8.655992512030121766e-01
8.766191122728514973e-01
8.793684062279247815e-01
8.867143825745698038e-01
8.814876634995836291e-01
8.764776254929425026e-01
8.660762032867475035e-01
8.630880101556785977e-01
8.606243929400001491e-01
8.528983916355502570e-01
8.416671353696831837e-01
8.326924010924773301e-01
8.257767559157666026e-01
8.098276181881537417e-01
7.973783519959304344e-01
7.880368972663992500e-01
7.813594873717404354e-01
7.768925187599728943e-01
7.742013507051378474e-01
7.728886227656942554e-01
7.670785535527113730e-01
7.629720888074037477e-01
7.602839800645566637e-01
7.587360284053817905e-01
7.580703563932130740e-01
7.580578400163836550e-01
7.531517827485664229e-01
7.495528854382556005e-01
7.470444232561439524e-01
7.454199189730136288e-01
7.388138201826442986e-01
7.337455931693745992e-01
7.300221691067929619e-01
7.274370806271569512e-01
7.257851398510324348e-01
7.248729315898958525e-01
7.135318691206603559e-01
7.046160790979697497e-01
6.928890798542256535e-01
6.780368546447582689e-01
6.619110129896131900e-01
6.498108359015482005e-01
6.411068302316040857e-01
6.351926774237006690e-01
6.209424132210913383e-01
6.147687816790035065e-01
6.002815924283486648e-01
5.895081306080648398e-01
5.818913122762028323e-01
5.704654901022208069e-01
5.622200146555922373e-01
5.500790420396743929e-01
5.345182668958330385e-01
5.228379720872902148e-01
5.076217689014592693e-01
4.963890115416851323e-01
4.848439248156375392e-01
4.661944399712796283e-01
4.525776388442750431e-01
4.359984072688836143e-01
4.208551203561723408e-01
4.031460082957145641e-01
3.904474507336048728e-01
3.746324641970584235e-01
3.606479828573794233e-01
3.438172285320661992e-01
3.318317046998295883e-01
3.141149063405928032e-01
3.014721852379902423e-01
2.929681614005430479e-01
2.804650303097555586e-01
2.718232998039931125e-01
2.589631126479687850e-01
2.498755133876517931e-01
2.346769050913870558e-01
2.254391052025097597e-01
2.118095543976536987e-01
2.019946273100690082e-01
1.953896333270448427e-01
1.837420710118133904e-01
1.754856360206189514e-01
1.623159226611841088e-01
1.527853028095536025e-01
1.385053474785047367e-01
1.281076972000978476e-01
1.131106539916388876e-01
9.428412429787536020e-02
7.236831025016199348e-02
5.557962637654045857e-02
4.381230558874227299e-02
2.850059247657599215e-02
1.766939220682228751e-02
2.594120316258718972e-03
-1.576100969170934896e-02
-2.894200764886245558e-02
-3.787003459377658032e-02
-5.076213663191087022e-02
-5.951988021491683156e-02
-7.259129098833128069e-02
-8.231566917787902504e-02
-8.882186066309394334e-02
-1.003545654757180827e-01
-1.084977380865801422e-01
-1.224054638021749852e-01
-1.326618947329976095e-01
-1.475316006342575204e-01
-1.584279546636788716e-01
-1.659469961516850667e-01
-1.784583801921955093e-01
-1.873515908587330969e-01
-1.917476865848644074e-01
-1.939883477688049140e-01
-2.022081593304871916e-01
-2.153447703704325367e-01
-2.249636181268268587e-01
-2.316722553282362096e-01
-2.433764383507963647e-01
-2.445348403213165600e-01
-2.388497650664869187e-01
-2.331876336809550754e-01
-2.278349339409959651e-01
-2.229821496231831901e-01
-2.095144308138272571e-01
-1.999922190836924685e-01
-1.999950753975543449e-01
-2.003720551794707649e-01
-2.009911004168931647e-01
-2.017463883313801443e-01
-2.025564713110259429e-01
-2.033615235618477790e-01
-2.134433589232376249e-01
-2.218361664302386238e-01
-2.208277570272922929e-01
-2.196820392266214395e-01
-2.185009627083394079e-01
-2.251956885775809880e-01
-2.305463166357244464e-01
-2.346737923279604843e-01
-2.377296508968842481e-01
-2.398776418872494709e-01
-2.412805602881975542e-01
-2.498387597936619908e-01
-2.585276162095682118e-01
-2.631652487612901048e-01
-2.663921357090599518e-01
-2.706004526300846980e-01
-2.735523404439625939e-01
-2.732814753020067489e-01
-2.725740504190268254e-01
-2.792607319278479494e-01
-2.843639432618410012e-01
-2.881096579445561190e-01
-2.907232389865457289e-01
-2.947000463945350646e-01
-2.952539225918542343e-01
-2.975912166814986826e-01
-2.991547380007524293e-01
-3.053204623914442806e-01
-3.099812603063745176e-01
-3.158029805227244857e-01
-3.201658738712909180e-01
-3.232754982745578154e-01
-3.253425018205395869e-01
-3.265701671483334234e-01
-3.271457852481833850e-01
-3.272353341096720936e-01
-3.345418869748135737e-01
-3.402171944269629655e-01
-3.519314238324586785e-01
-3.535823493161325271e-01
-3.617431341474011131e-01
-3.678459425927269599e-01
-3.750886326643942947e-01
-3.804335923879902381e-01
-3.841593806801761879e-01
-3.939496119587024836e-01
-4.086422541002738829e-01
-4.198441715075011960e-01
-4.280417991340912387e-01
-4.337303723238499220e-01
-4.373833837682359338e-01
-4.428122755376038278e-01
-4.430251907797857491e-01
-4.423867108873698051e-01
-4.411921469314807887e-01
-4.396748667795391530e-01
-4.380133806619794790e-01
-4.363390360835179838e-01
-4.347437223690564512e-01
-4.404144548963162542e-01
-4.449265958906165608e-01
-4.484016518626077197e-01
-4.509772282623245587e-01
-4.457634646003159062e-01
-4.482570071988845051e-01
-4.501619307161066619e-01
-4.515582888541436191e-01
-4.525280638678359502e-01
-4.531503774915577321e-01
-4.604766122733425782e-01
-4.662810986218899334e-01
-4.742574361054210375e-01
-4.804852643518522370e-01
-4.851547529215760601e-01
-4.953941134164483451e-01
-4.963489586635096984e-01
-5.033756818986434567e-01
-5.016860532637070769e-01
-4.996918192724100205e-01
-5.083112676789134365e-01
-5.150650813351753676e-01
-5.201468390090493443e-01
-5.237839588459414220e-01
-5.262150515464305567e-01
-5.276731214859788910e-01
-5.324320938412712145e-01
-5.428617881409034673e-01
-5.509374209433555158e-01
-5.637611691028281413e-01
-5.734912090761601355e-01
-5.805685827622976136e-01
-5.965095391532129199e-01
-6.086500570148887235e-01
-6.175059662979853758e-01
-6.236106201285079864e-01
-6.386411436907670769e-01
-6.499040837700890139e-01
-6.628685898181436720e-01
-6.786817508244987751e-01
-6.903296204048908757e-01
-6.984532199844161182e-01
-7.098132925910037860e-01
-7.289804014420231404e-01
-7.432166029343313385e-01
-7.532997816800011126e-01
-7.712150453847126386e-01
-7.843513915922341040e-01
-7.934857662687213598e-01
-7.993647578755879168e-01
-8.081469234685370040e-01
-8.139088640917792050e-01
-8.226120823832148155e-01
-8.284471342843869879e-01
-8.320252020729074216e-01
-8.338727085705972542e-01
-8.344342653862250048e-01
-8.340785527253088416e-01
-8.331054499826654469e-01
-8.317536009874381131e-01
-8.246187372815100280e-01
-8.185029724676122775e-01
-8.134069545530427936e-01
-8.092795737156533997e-01
-8.008137503332181106e-01
-7.994535456327630518e-01
-7.986589144393926309e-01
-7.983088359947048129e-01
-7.982927162946508171e-01
-7.985135010670664224e-01
-7.988893221156898594e-01
-7.937743169905410179e-01
-7.897448309091431584e-01
-7.866800504903580515e-01
-7.844445258226780959e-01
-7.829006351766386596e-01
-7.819168682800329284e-01
-7.813729569149999721e-01
-7.757915335160352477e-01
-7.714844664413444963e-01
-7.682771401384808074e-01
-7.605334146669872064e-01
-7.545085256053979395e-01
-7.448445004564961947e-01
-7.374807658651112430e-01
-7.320911085159746978e-01
-7.283486456559330469e-01
-7.202999001716559047e-01
-7.142886360594011830e-01
-7.100246050042433588e-01
-7.072115900849662573e-01
-7.006479101277252042e-01
-7.007965670926529222e-01
-6.966694479153229258e-01
-6.938397466068310093e-01
-6.862282308636772354e-01
-6.804681975871011979e-01
-6.763076266799460390e-01
-6.734853852800012364e-01
-6.765140051476504768e-01
-6.795602494092729540e-01
-6.824575974728108729e-01
-6.802126521217498611e-01
-6.725120059716598320e-01
-6.663645863151959059e-01
-6.568957148629037679e-01
-6.496099682632023864e-01
-6.442132752623538350e-01
-6.404032505971992695e-01
-6.317493150564710280e-01
-6.252118357038888297e-01
-6.204992684693083627e-01
-6.173113044348902401e-01
-6.090511427968817726e-01
-6.028495821345506434e-01
-6.004533600553272343e-01
-5.928612753448072592e-01
-5.872980076778756553e-01
-5.834347604620067074e-01
-5.745246426596404277e-01
-5.637174573424192925e-01
-5.491410349847114514e-01
-5.380256678179544672e-01
-5.260553491100372625e-01
-5.107903191934259901e-01
-4.994440132767226093e-01
-4.914132804928548204e-01
-4.793607477500674285e-01
-4.706600705318737532e-01
-4.545126789868934036e-01
-4.425613055863450995e-01
-4.341532684613607085e-01
-4.286480603098183906e-01
-4.184894060883075362e-01
-4.012970325510283320e-01
-3.884857324270167833e-01
-3.793874043169336296e-01
-3.733427904715915790e-01
-3.767958572166150155e-01
-3.808148446714136881e-01
-3.850139395108962415e-01
-3.891179264049362541e-01
-3.929414378354469939e-01
-3.963704310158295829e-01
-4.062467046180147090e-01
-4.143448960685194304e-01
-4.207900534469197762e-01
-4.189518010350323785e-01
-4.170720495416533335e-01
-4.152614193168520096e-01
-4.135940014933092712e-01
-4.121142972053992715e-01
-4.108436405945425918e-01
-4.097859503665239878e-01
-4.020065821583853616e-01
-3.956421697296645945e-01
-3.976027389830256720e-01
-3.925109047757562308e-01
-3.885360830665172127e-01
-3.784896076922155128e-01
-3.705356832089863328e-01
-3.644759349104469415e-01
-3.528627881563304314e-01
-3.439005377665764751e-01
-3.372814978645686246e-01
-3.228472233805128599e-01
-3.119319501993427224e-01
-3.040296793390604435e-01
-2.986285443212195467e-01
-2.930358118608511475e-01
-2.843593521853953199e-01
-2.854412023432664203e-01
-2.872447885127238365e-01
-2.821586533932043395e-01
-2.785583681445114035e-01
-2.741189136001676019e-01
-2.710784285536844695e-01
-2.618912599136691277e-01
-2.549173214979092439e-01
-2.498434630509358545e-01
-2.463544025851327479e-01
-2.368405639198940538e-01
-2.296490797401455897e-01
-2.170834076806282820e-01
-2.074948922510115867e-01
-1.930442022125611334e-01
-1.745824188472504535e-01
-1.529010783052777711e-01
-1.363492505062982030e-01
-1.166315015398518007e-01
-9.436442051020010879e-02
-6.958022774050509618e-02
-5.144291125688171817e-02
-3.883814116667738681e-02
-3.070405493592720525e-02
-2.607810226763973560e-02
-2.411759976606542288e-02
-1.654529204822119404e-02
-1.180431200176834672e-02
-9.098439332811736335e-03
-4.551143032476279160e-04
1.316945817497150450e-02
2.326930452109632341e-02
3.038983116919879990e-02
3.506606746443785561e-02
3.779730990241225719e-02
4.659513638242884781e-02
6.045366802281426644e-02
7.085492137132787249e-02
7.076799737804950752e-02
7.715833873050903513e-02
8.148920155743044624e-02
9.238066460388849599e-02
9.981191598858485392e-02
1.133520845217399486e-01
1.236080940769723746e-01
1.310067227984148541e-01
1.447391524536840723e-01
1.550743133250152006e-01
1.624409539633462352e-01
1.750741407039384523e-01
1.842823407493194843e-01
1.891127535152505867e-01
1.994463559265069463e-01
2.158960158949110308e-01
2.264715593218420420e-01
2.411831742547616564e-01
2.517928602653216608e-01
2.517272921559614574e-01
2.503679637947713310e-01
2.481838940622940193e-01
2.455407749819316088e-01
2.427155468983466235e-01
2.399101982581890447e-01
2.372646055884419791e-01
2.366383243179224216e-01
2.359805010642848089e-01
2.278350127751880283e-01
2.210233151626355141e-01
2.155195307350810108e-01
2.096072148929430945e-01
2.067199576762679403e-01
2.047361767868411953e-01
2.034924752885449717e-01
2.012681115801928655e-01
1.997923379181183456e-01
1.928304950529786677e-01
1.873839100787790812e-01
1.818774376937559722e-01
1.702314811978806741e-01
1.624809602579067036e-01
1.478421375102414448e-01
1.366151581630146161e-01
1.283465799512122363e-01
1.225648325267114647e-01
1.111384614343491339e-01
1.027181429161458937e-01
9.683326389257551625e-02
9.374639599924039501e-02
9.214997410794700805e-02
8.318772332659984947e-02
7.663596071206391080e-02
6.432165694439673231e-02
4.729691482540210323e-02
3.405951826090869439e-02
1.683406010778076833e-02
4.104758651236606326e-03
-1.248096017812683201e-02
-2.458913662481010398e-02
-3.298231285807862179e-02
-3.837334947007464692e-02
-4.172000160157018911e-02
-5.087072021893779272e-02
-5.731462239194207164e-02
-6.198708088434501384e-02
-6.480908749255798185e-02
-7.403784634399945830e-02
-8.868822927362840502e-02
-9.980762971498058356e-02
-1.157651520956246571e-01
-1.355717982174391434e-01
-1.582870609822140118e-01
-1.752712467143151542e-01
-1.873817280024021592e-01
-2.032028795790938869e-01
-2.143495892257785140e-01
-2.216836818523286734e-01
-2.336024862430570170e-01
-2.493103760634423072e-01
-2.605554090542394619e-01
-2.681407477066557465e-01
-2.802071665467227302e-01
-2.886083381515631707e-01
-2.940446417044797478e-01
-2.971482368315097045e-01
-2.984735495836328134e-01
-2.984947106969608743e-01
-2.998623473874675316e-01
-3.002376212974795511e-01
-2.998890225271362286e-01
-3.064967324395104775e-01
-3.114623428110236958e-01
-3.150152545526474501e-01
-3.223315982927996703e-01
-3.277041348075486749e-01
-3.339714326318656834e-01
-3.359836691500781569e-01
-3.370051557919311325e-01
-3.444257073306580264e-01
-3.499615583837949462e-01
-3.539164732174877592e-01
-3.565777707674491204e-01
-3.608432793308093967e-01
-3.638620719011325111e-01
-3.658439170518710259e-01
-3.740775738799972938e-01
-3.803730291377420691e-01
-3.878580545778202993e-01
-3.905413067933756199e-01
-4.021096492341786899e-01
-4.039563112350694762e-01
-4.047433461941503108e-01
-4.047412315674190353e-01
-4.041843846650641225e-01
-4.104205419327899840e-01
-4.151331468199477293e-01
-4.185373860448453609e-01
-4.278972261806142097e-01
-4.382967548195022545e-01
-4.429465199669628817e-01
-4.563092320751118702e-01
-4.665626842147536646e-01
-4.845181776893252579e-01
-4.983697057821356857e-01
-5.153654716631279609e-01
-5.212893631825787910e-01
-5.354189862400193789e-01
-5.457943054581109177e-01
-5.529779611480054591e-01
-5.617221486985173318e-01
-5.634538107068018942e-01
-5.745724221455196234e-01
-5.782920917343417067e-01
-5.802023212140643427e-01
-5.916261547794442466e-01
-6.000825292014740908e-01
-6.060338462938992254e-01
-6.163128553540265786e-01
-6.237272863450595839e-01
-6.287828799936560076e-01
-6.319482115498739061e-01
-6.336423366135300883e-01
-6.342294280774661841e-01
-6.278030311908954220e-01
-6.264623793726319390e-01
-6.313304026118724543e-01
-6.397472997598138145e-01
-6.464103732820889459e-01
-6.514701891392955524e-01
-6.663908426731384171e-01
-6.832443671339061275e-01
-7.027205017446985780e-01
-7.176735078913574206e-01
-7.346965127468120249e-01
-7.526328729412480323e-01
-7.714897248036723942e-01
-7.912152134146961391e-01
-8.111715746351439993e-01
-8.368025408580358482e-01
-8.555729061767408661e-01
-8.737649391861976866e-01
-8.862606289141488070e-01
-8.990933377636300960e-01
-9.121114579380245058e-01
-9.266685121758777566e-01
-9.411000363721656603e-01
-9.509552982084175099e-01
-9.614346117858498797e-01
-9.682596099750179208e-01
-9.722629066099219841e-01
-9.760697317482366353e-01
-9.719332115124648119e-01
-9.632576246444546353e-01
-9.552160769271712537e-01
-9.480405707019357031e-01
-9.358068210876756554e-01
-9.212143614887750021e-01
-9.093659703533905070e-01
-9.060676626905951325e-01
-9.039971032138962581e-01
-9.029099345854852965e-01
-9.086919889465182587e-01
-9.077991226519631640e-01
-9.012255411369504143e-01
-9.022251842425139667e-01
-9.033907613641413148e-01
-9.107589703195487774e-01
-9.217710926794153714e-01
-9.369962289349562656e-01
-9.492469022247732591e-01
-9.587617606889152766e-01
-9.658584931393895401e-01
-9.644487769010161582e-01
-9.625276228714729765e-01
-9.603563754163874089e-01
-9.581273366029084970e-01
-9.496977745956083350e-01
-9.426563426747366359e-01
-9.369362041096421789e-01
-9.278705631569381662e-01
-9.145716365714744445e-01
-9.041110744523151999e-01
-8.961666147126350346e-01
-8.855711762327840297e-01
-8.775779545394265524e-01
-8.718396774918942826e-01
-8.570772625709863757e-01
-8.457794872298978195e-01
-8.265190239920472415e-01
-8.117946955857364699e-01
-7.899895579648259503e-01
-7.735339242754699640e-01
-7.560040702888420894e-01
-7.432348710831392369e-01
-7.292277895050469638e-01
-7.136346525734358348e-01
-7.025693032665201176e-01
-6.952637303294246784e-01
-6.848346710085728706e-01
-6.728012506555218764e-01
-6.582213345659837511e-01
-6.526109592483131383e-01
-6.495329479926977845e-01
-6.435236197438685135e-01
-6.398675980804331420e-01
-6.380413110973915947e-01
-6.310586196118325164e-01
-6.262136124658760350e-01
-6.231271224014176546e-01
-6.167126609117477010e-01
-6.056329203216606061e-01
-5.973378953226579080e-01
-5.914215155578175231e-01
-5.874738780971553442e-01
-5.783118863579842506e-01
-5.739899107971873082e-01
-5.645582385661844782e-01
-5.576629182838765963e-01
-5.528872814837046956e-01
-5.429500123662394095e-01
-5.355779452754001468e-01
-5.303937201501132126e-01
-5.270163334011048750e-01
-5.250823455522457550e-01
-5.242600932938044078e-01
-5.242580701450230141e-01
-5.207678976357927869e-01
-5.184168808594109557e-01
-5.169708322644501752e-01
-5.162227530779672779e-01
-5.159948543758094974e-01
-5.230386031569933536e-01
-5.221657569704232227e-01
-5.215345025712143645e-01
-5.279557404485513139e-01
-5.224951153512629176e-01
-5.180127211885277028e-01
-5.144359297002250031e-01
-5.116691342360650818e-01
-5.163602658057770967e-01
-5.136598640302663110e-01
-5.115314727085529256e-01
-5.061577239445598231e-01
-5.019560468909822770e-01
-4.987774891723992798e-01
-4.897543246980589071e-01
-4.826532950243427322e-01
-4.772635415856718577e-01
-4.733502220572880503e-01
-4.706730103491925110e-01
-4.689996526113717756e-01
-4.681153081594309207e-01
-4.678283828388329901e-01
-4.679735300128347042e-01
-4.684124497361026318e-01
-4.690330589911713144e-01
-4.697475364549579258e-01
-4.704896677047440967e-01
-4.608705678841038544e-01
-4.531375361845937366e-01
-4.401951359800018171e-01
-4.268014604133514300e-01
-4.165585750728935110e-01
-4.020591446670753744e-01
-3.910639060103660025e-01
-3.830777932219422421e-01
-3.678102054276908284e-01
-3.564534967340662330e-01
-3.483858498672738335e-01
-3.430101847610862453e-01
-3.327150252159258859e-01
-3.253417420674087346e-01
-3.203941107803265353e-01
-3.173997177623992805e-01
-3.159267045629237103e-01
-3.084146680068069468e-01
-3.029951392274103927e-01
-2.971082970888523356e-01
-2.952805538194838153e-01
-2.945323094720124768e-01
-2.873000679138022484e-01
-2.819123905156901699e-01
-2.781076220897999995e-01
-2.756158779644466428e-01
-2.741763694013454877e-01
-2.661337403573424965e-01
-2.600179967641560452e-01
-2.480851126922491989e-01
-2.388870969848722048e-01
-2.245164432547401834e-01
-2.118902026433548968e-01
-1.950818779579408524e-01
-1.824996433119425721e-01
-1.659208683896318259e-01
-1.449598573584593986e-01
-1.294505766527604962e-01
-1.184859733476479882e-01
-1.112114898599052548e-01
-9.937940781203291607e-02
-8.368322676407724536e-02
-7.174784474108686361e-02
-6.407982954098501160e-02
-5.927314199602062850e-02
-5.671659251638483390e-02
-5.586737605585612165e-02
-5.625716929936963595e-02
-5.749334439498388072e-02
-5.172471814015078273e-02
-4.759141974075165038e-02
-5.237272304852580440e-02
-4.932289611929308037e-02
-4.721754573674119548e-02
-4.588255915235039950e-02
-4.515542193160393403e-02
-4.489044215792548087e-02
-3.738335987833574237e-02
-3.148843831206149524e-02
-1.959014460978991679e-02
-2.457435276687958137e-03
1.108828912105153108e-02
2.936156559183311643e-02
5.143827218069008111e-02
7.638539968163615690e-02
9.541938212170442135e-02
1.171713403913310358e-01
1.330641837256734128e-01
1.518868356213585180e-01
1.639035899248049155e-01
1.792166892692719227e-01
1.896116683867621333e-01
2.036584717730087757e-01
2.132368222479648079e-01
2.266835332543184478e-01
2.359528942779178795e-01
2.418754520187269552e-01
2.451855654167041099e-01
2.538038692763024962e-01
2.596250638009061085e-01
2.559618832236605357e-01
2.591427664965235689e-01
2.609236610356915342e-01
2.543795622971447568e-01
2.483580802212614902e-01
2.356842696037741991e-01
2.250545566526853669e-01
2.164206249407547578e-01
2.021914206000980929e-01
1.909341740283581057e-01
1.823603740809742746e-01
1.761213602079703122e-01
1.718461910731499120e-01
1.615987551836466363e-01
1.539715297671069294e-01
1.474507466992087679e-01
1.441359453200388163e-01
1.346729686258831826e-01
1.276793642067821644e-01
1.227857761212356458e-01
1.119570661732145478e-01
1.115631660013129967e-01
1.121336831427890424e-01
1.064814358602708122e-01
1.024030518558773917e-01
9.179726617924943710e-02
8.365143306264766210e-02
6.918221735769880532e-02
5.823259149846515825e-02
4.212114704546743305e-02
3.021429149198029407e-02
1.412268075874800743e-02
2.323874838894735007e-03
-5.922056694946942201e-03
-1.138589437823012140e-02
-2.227999255467438822e-02
-3.008687997133963066e-02
-4.301768852771492568e-02
-5.208274655818745380e-02
-6.582338984058289100e-02
-7.577131615639243201e-02
-9.013321620530501121e-02
-1.005558883558106409e-01
-1.077158113784517646e-01
-1.130953118131308166e-01
-1.154256192904061784e-01
-1.236912233103879544e-01
-1.294397410453118624e-01
-1.341510405881496393e-01
-1.371064393267147352e-01
-1.386655458447598743e-01
-1.391576260757954042e-01
-1.388728794745275330e-01
-1.445810822984667787e-01
-1.498552722947166238e-01
-1.536692770124516993e-01
-1.638411180930599009e-01
-1.716290056703235756e-01
-1.848847777163560302e-01
-2.024797131677493756e-01
-2.159276210250340444e-01
-2.257985746205926070e-01
-2.326757335424332052e-01
-2.444713025913662907e-01
-2.602541216944957991e-01
-2.719093645817876048e-01
-2.801103277718586249e-01
-2.854979555396630619e-01
-2.907981841903708453e-01
-2.867870151397804435e-01
-2.823990449592630458e-01
-2.779741424025305996e-01
-2.811473236177779444e-01
-2.833722533204261484e-01
-2.921811565392675725e-01
-2.989986862449229843e-01
-3.063799406206166864e-01
-3.119278214720304643e-01
-3.232592077073157544e-01
-3.319100347888146452e-01
-3.382273157686610521e-01
-3.525488802515706066e-01
-3.708328574609527362e-01
-3.848109824211336516e-01
-3.950401404990278031e-01
-4.051905797366284201e-01
-4.195160071701424798e-01
-4.299844080961583437e-01
-4.477335745271171508e-01
-4.574818251698928862e-01
-4.603496623713516644e-01
-4.684110091504651852e-01
-4.737607630337130615e-01
-4.840077851286122002e-01
-4.912254813270020559e-01
-4.889587676754476586e-01
-4.930333529591086617e-01
-4.954972774961010629e-01
-4.929703666968383580e-01
-4.902454397118798379e-01
-4.943631113327888738e-01
-4.973080422118170141e-01
-4.993008925682058674e-01
-5.005386827103541769e-01
-5.048651750998667254e-01
-5.147902380171665015e-01
-5.225561516350480940e-01
-5.284135205231708099e-01
-5.392047969966689003e-01
-5.473831357892813276e-01
-5.638036561298651606e-01
-5.764806444833124877e-01
-5.858832372254617615e-01
-5.988075530232205290e-01
-6.125819995449743871e-01
-6.227455505700143501e-01
-6.359998429759509131e-01
-6.455470193159449366e-01
-6.566607016869471236e-01
-6.753171764835155244e-01
-6.893982500939516145e-01
-7.053979786942107255e-01
-7.169139374626884997e-01
-7.247123064050813301e-01
-7.403449926322961394e-01
-7.516627804586323292e-01
-7.593855271423123332e-01
-7.642032111559644569e-01
-7.775684477047482002e-01
-7.872401006448160876e-01
-7.991678534692163716e-01
-8.075460129991040015e-01
-8.130450383672473968e-01
-8.162728840843622713e-01
-8.232783780614982838e-01
-8.331268975645399477e-01
-8.401635198750090350e-01
-8.448856079914121020e-01
-8.526962019579394925e-01
-8.637550586679315634e-01
-8.766603700724122650e-01
-8.861339966785036770e-01
-8.985180621739381479e-01
-9.075906968239965122e-01
-9.138779588622674144e-01
-9.178909400425226961e-01
-9.201047245688315224e-01
-9.164121503010412839e-01
-9.065602435293838024e-01
-9.025151658185496251e-01
-8.884740008811474743e-01
-8.826269602390262037e-01
-8.779825783986207055e-01
-8.744244344360078136e-01
-8.718136028219900524e-01
-8.700026104310915054e-01
-8.688458204307973887e-01
-8.576178961458013061e-01
-8.487023115480828439e-01
-8.418743617745967356e-01
-8.368648018930747723e-01
-8.333883218146174165e-01
-8.311641215185419096e-01
-8.299298400171246648e-01
-8.294501314272257897e-01
-8.295210934632111233e-01
-8.248621993946372299e-01
-8.158054403626717743e-01
-8.033434354357643636e-01
-7.937623621765390602e-01
-7.866653664590410600e-01
-7.816501385879405239e-01
-7.730295861788075706e-01
-7.666825444416422997e-01
-7.622613733608156750e-01
-7.594214249163013797e-01
-7.578377792367433363e-01
-7.517250575836877946e-01
-7.421370070228879845e-01
-7.349316499005130732e-01
-7.297663640310969591e-01
-7.262932831017753221e-01
-7.292016175640404496e-01
-7.322761007945932654e-01
-7.302120167611558799e-01
-7.288772048111411550e-01
-7.281179475562434833e-01
-7.277974231158327312e-01
-7.277978485781366746e-01
-7.223696904966467880e-01
-7.180869117603477791e-01
-7.148351558545362749e-01
-7.124790043990076871e-01
-7.059169129308662249e-01
-7.009160024510248110e-01
-6.914410732497100476e-01
-6.841098493581830864e-01
-6.845566156963409643e-01
-6.903386751498238327e-01
-6.897200779645186186e-01
-6.895036941590988455e-01
-6.787152844152340991e-01
-6.700662256494870350e-01
-6.633819684854596055e-01
-6.475557715549394855e-01
-6.398420142534910759e-01
-6.342978116405877387e-01
-6.196235757913675091e-01
-6.084275064659627752e-01
-6.002606881251159043e-01
-5.946421649505519991e-01
-5.910975807757707923e-01
-5.891845924002412360e-01
-5.928881546221708154e-01
-5.967280390501012999e-01
-5.959925577454542323e-01
-5.957788475444273368e-01
-5.915483884965015982e-01
-5.884214811819857838e-01
-5.755350795948757092e-01
-5.695991448736619223e-01
-5.652762519705230027e-01
-5.623020684597848096e-01
-5.538587557398280126e-01
-5.474207799931942731e-01
-5.427336698640428114e-01
-5.395251250790398245e-01
-5.267940821989618438e-01
-5.169964807230138515e-01
-5.097585145427361297e-01
-5.046827181199924350e-01
-5.013777655105282616e-01
-4.957671780324768296e-01
-4.919624009923033725e-01
-4.895929739777844514e-01
-4.883327401494015341e-01
-4.879020723226925593e-01
-4.880667925088144621e-01
-4.819032441358297447e-01
-4.703867100241589938e-01
-4.613004788298293857e-01
-4.544072344576324252e-01
-4.494226545346413637e-01
-4.460437359856455064e-01
-4.406456772302795866e-01
-4.369199159879304517e-01
-4.275535708591486905e-01
-4.205147510110869291e-01
-4.123797130343329620e-01
-4.065347440052275996e-01
-3.955817781623856000e-01
-3.874000834402098192e-01
-3.815674139826445987e-01
-3.678806446991893520e-01
-3.576148619845735954e-01
-3.431853615844111527e-01
-3.324028158669967148e-01
-3.247213432383324605e-01
-3.196008297004468979e-01
-3.093664355546210665e-01
-3.019951153824231849e-01
-2.897585619449551952e-01
-2.786352751925047500e-01
-2.634460127503823745e-01
-2.448967515663671435e-01
-2.309937886336859147e-01
-2.136710655406650616e-01
-1.935047695815095281e-01
-1.771947764793213587e-01
-1.594829689952270702e-01
-1.466810885065716885e-01
-1.304302040892855175e-01
-1.103975392490923468e-01
-9.596469782007166494e-02
-8.615900721172953247e-02
-8.006478546790285478e-02
-7.685719168447469052e-02
-6.829530983513176778e-02
-7.072714207413466347e-02
-6.593968880381551045e-02
-6.307245061906407990e-02
-6.168906639897353550e-02
-5.385278973688412130e-02
-4.092744807772308313e-02
-3.099233707067705623e-02
-1.598647936870856157e-02
3.157379329067566687e-03
1.776801035428787756e-02
3.619120253907115448e-02
5.762815339158167127e-02
8.133407439517514881e-02
1.066426658154737694e-01
1.252989016294736579e-01
1.383555454213323266e-01
1.468448034807894320e-01
1.505650849413391335e-01
1.517209127818905934e-01
1.510677985378097166e-01
1.492092829615565552e-01
1.466176438998560982e-01
1.447356010815423755e-01
1.489037372186188257e-01
1.592041609550294279e-01
1.596839446812083896e-01
1.668280252865608215e-01
1.721205184846856806e-01
1.758546580587574404e-01
1.796438301041951568e-01
1.822086013471999610e-01
1.837721267475345144e-01
1.920195867213767560e-01
1.908496262499432827e-01
1.968313502652312419e-01
2.012917184131375326e-01
2.060163329799027387e-01
2.169949337504233355e-01
2.330690313404797376e-01
2.455672449313972550e-01
2.568666913941208829e-01
2.803227268558745600e-01
3.007728861635734496e-01
3.238406060203857795e-01
3.411871375769515158e-01
3.610219762501991614e-01
3.753004790870739793e-01
3.849613971821232994e-01
3.981825857001659585e-01
4.071169380444219499e-01
4.095175685987577641e-01
4.098458045437420871e-01
4.087491374791807353e-01
3.997243562769956515e-01
3.943848124102280472e-01
3.893943290340871055e-01
3.849090076836150232e-01
3.737613071675291998e-01
3.616912214749523624e-01
3.520451590278030896e-01
3.445922899539743955e-01
3.390546701899508353e-01
3.277972611464496921e-01
3.191866813019301752e-01
3.128794485367791811e-01
3.010702205269533138e-01
2.921624556068185274e-01
2.782182232721173154e-01
2.580508702922765796e-01
2.427227507754992075e-01
2.315588920582087873e-01
2.162577082001475581e-01
2.051446796700029385e-01
1.975318827748693273e-01
1.850865001946044863e-01
1.672291802741592281e-01
1.541415498266063278e-01
1.450227734169309279e-01
1.391161919956716009e-01
1.281197480711975256e-01
1.136812675147711449e-01
1.030247354797027004e-01
8.779496182095636314e-02
7.600484610340974001e-02
6.008843341158054407e-02
4.079348134817384341e-02
1.881563459077728595e-02
-5.214348544486213655e-03
-3.073798968401697529e-02
-4.952331441971535853e-02
-7.037967680938583825e-02
-8.517876884648378777e-02
-9.500267346439805749e-02
-1.085429224755238842e-01
-1.242996111779139934e-01
-1.361022542216459019e-01
-1.514228919772462323e-01
-1.621252305110467695e-01
-1.765839987858919269e-01
-1.941472730441524686e-01
-2.067367893244353994e-01
-2.152248529206235439e-01
-2.278197432601340999e-01
-2.382641729674854769e-01
-2.527107566535520267e-01
-2.630442390520029150e-01
-2.773363949635889725e-01
-2.874968371804091927e-01
-3.015629258441845373e-01
-3.115179900604014840e-01
-3.181023047281701377e-01
-3.244314886598573811e-01
-3.355774048204875903e-01
-3.434687486971326198e-01
-3.558977988878260224e-01
-3.675786210632587814e-01
-3.831691431295194405e-01
-3.946457529021936139e-01
-4.128858768681480385e-01
-4.265004834487777785e-01
-4.361304467687188158e-01
-4.424480969083162130e-01
-4.461078737695580720e-01
-4.477136637510397144e-01
-4.477995387245168324e-01
-4.468207473694982834e-01
-4.522669785107551466e-01
-4.559959083945881453e-01
-4.583415055848607533e-01
-4.596070056645518154e-01
-4.670352636088768161e-01
-4.725500044163009061e-01
-4.833048359964200458e-01
-4.914144492082281879e-01
-5.009540350106180817e-01
-5.118208249261069209e-01
-5.200300394777652713e-01
-5.259160384329806259e-01
-5.366414374335586324e-01
-5.486326952956008807e-01
-5.575763517629988009e-01
-5.638824447074675117e-01
-5.747425924295821442e-01
-5.869964744876575713e-01
-6.026712086819696612e-01
-6.255251606910789963e-01
-6.429216974947998819e-01
-6.619342996982454652e-01
-6.756817688852421178e-01
-6.962782303274835938e-01
-7.113026752607065628e-01
-7.276014480380319505e-01
-7.447004815633416763e-01
-7.565960180461168694e-01
-7.698592672896580336e-01
-7.787525852431959050e-01
-7.895719718231452022e-01
-7.968323801927595929e-01
-8.067117292868076772e-01
-8.186839708604009003e-01
-8.271001078884555602e-01
-8.382608247492752129e-01
-8.512161694050686123e-01
-8.662822653777652038e-01
-8.822111488037982507e-01
-8.997131778834331906e-01
-9.172319671354753901e-01
-9.359640619202771461e-01
-9.540300966755891343e-01
-9.668675021291369687e-01
-9.817226009923987196e-01
-9.962203650609605665e-01
-1.010179774077340831e+00
-1.019638162099376855e+00
-1.035640074707128377e+00
-1.046935331590362228e+00
-1.054439734647416804e+00
-1.058960365493851530e+00
-1.067524245001001848e+00
-1.073260245445169403e+00
-1.076722763777545389e+00
-1.084867483742782079e+00
-1.100458004363870312e+00
-1.112216632605633526e+00
-1.127319983040956819e+00
-1.141615297434042997e+00
-1.161553412170381439e+00
-1.183002805102862043e+00
-1.198897742827612412e+00
-1.216923635966631334e+00
-1.229924899310360420e+00
-1.231869515003362947e+00
-1.224849545903215597e+00
-1.215133155378281593e+00
-1.199225873279202492e+00
-1.185498859008702777e+00
-1.174018098842108948e+00
-1.161811252878682810e+00
-1.152020117989377423e+00
-1.144457753492662988e+00
-1.138870503916414645e+00
-1.134970962373325509e+00
-1.129271864570624784e+00
-1.118398795058936024e+00
-1.110138268400884476e+00
-1.104155285089297722e+00
-1.100087399500040863e+00
-1.087334983050420201e+00
-1.070924775529967787e+00
-1.054708647445470548e+00
-1.042442470059371740e+00
-1.029654208451235231e+00
-1.013732697961695628e+00
-9.912486814802217161e-01
-9.742287595303287251e-01
-9.555679751991550397e-01
-9.375662715839140349e-01
-9.183995293792528436e-01
-8.937625497996388724e-01
-8.756640373392525767e-01
-8.520783786559044115e-01
-8.349858516940742437e-01
-8.233114715005179773e-01
-8.103790943838414806e-01
-7.966034420976672026e-01
-7.873144089590200512e-01
-7.706652570449424866e-01
-7.531632877886328403e-01
-7.405492743314783244e-01
-7.320528815341801332e-01
-7.157536626907861077e-01
-7.040875455700823515e-01
-6.901752749806340237e-01
-6.803965638542716077e-01
-6.677506656105226535e-01
-6.653054249897121242e-01
-6.649332401253141844e-01
-6.660297537836379345e-01
-6.631015458738260815e-01
-6.666207867196682901e-01
-6.766281792411970031e-01
-6.791248477902022129e-01
-6.814667141733421474e-01
-6.785202411901122277e-01
-6.762449069168634530e-01
-6.745509370562197127e-01
-6.733464713052927930e-01
-6.725430742202915813e-01
-6.658512473194783121e-01
-6.605046314200198054e-01
-6.563825686224208367e-01
-6.533362007104491775e-01
-6.512041777408077436e-01
-6.498247368361498300e-01
-6.490444239005982441e-01
-6.487238697968875645e-01
-6.487411104896764202e-01
-6.489929629471445915e-01
-6.445635026048024407e-01
-6.411404858333005219e-01
-6.385886058216641015e-01
-6.303962973094792144e-01
-6.239437310185977914e-01
-6.190446866634209400e-01
-6.154880482354915250e-01
-6.130559427439792319e-01
-6.115369920665409964e-01
-6.172396024113493418e-01
-6.157995116715366812e-01
-6.148270749214999054e-01
-6.096702346149251994e-01
-6.056834961086438041e-01
-6.027107787641662329e-01
-5.961950858611297921e-01
-5.848167135367529079e-01
-5.759452606337640557e-01
-5.692685271737778496e-01
-5.644595377825529781e-01
-5.571136399527745198e-01
-5.452969328971792873e-01
-5.363391692616976680e-01
-5.193873985721737530e-01
-5.101732047696421191e-01
-5.036412916530985662e-01
-4.888954159931135912e-01
-4.778622292193357435e-01
-4.699959916624554257e-01
-4.647491293831000903e-01
-4.513144918378677595e-01
-4.414499171941781430e-01
-4.345702160700122274e-01
-4.231649264638264185e-01
-4.118459206135349771e-01
-3.968361255206065419e-01
-3.857704858367276834e-01
-3.780199762436025068e-01
-3.729767052377945813e-01
-3.700789981591519062e-01
-3.688257579114990747e-01
-3.687832428725570377e-01
-3.624976853857595493e-01
-3.580285985262903203e-01
-3.524322101920918104e-01
-3.485737209711357032e-01
-3.461141420880784469e-01
-3.447481629605146924e-01
-3.442093121220033414e-01
-3.372063216635379224e-01
-3.318953334950101031e-01
-3.280440551884344913e-01
-3.254141943988921870e-01
-3.166129694052830512e-01
-3.098607771536034949e-01
-3.049028849361339333e-01
-3.014645092763326151e-01
-2.919807402125258466e-01
-2.847765624691953601e-01
-2.795552942138554986e-01
-2.760008361081174311e-01
-2.738011847330590331e-01
-2.652457459820265484e-01
-2.588214365941270412e-01
-2.542319002394506366e-01
-2.436622316706584801e-01
-2.298679040201305757e-01
-2.191624271293812765e-01
-2.018379325169730176e-01
-1.809113809606641698e-01
-1.571704599721626128e-01
-1.391894068610330937e-01
-1.183066128858820676e-01
-9.509670473871101315e-02
-7.008535747176769526e-02
-5.171239501952773487e-02
-3.097543307201466867e-02
-8.297344297907516264e-03
7.935421031840750317e-03
1.882249719886308625e-02
2.521552499675006054e-02
3.612374042835564403e-02
4.307915249000981994e-02
5.431700340848832909e-02
6.222477105353863003e-02
7.425963724550932454e-02
8.317397368732604157e-02
9.668543790038053309e-02
1.140056435317300387e-01
1.267767373220207716e-01
1.357162616261600174e-01
1.490994170214847703e-01
1.585998988986769831e-01
1.649027816264474477e-01
1.686501055865285981e-01
1.704210731881181662e-01
1.782656707347842762e-01
1.850920800803597110e-01
1.883016903503742512e-01
1.914240542160647873e-01
2.007631421994982013e-01
2.169429685310126921e-01
2.295116405359638456e-01
2.388417993589340149e-01
2.530895672425481635e-01
2.636084568910315173e-01
2.808071620478647112e-01
3.013987420842885179e-01
3.143642667272767977e-01
3.307217802132049744e-01
3.423102991157656039e-01
3.573393090506689074e-01
3.706693001391889730e-01
3.871768020229195972e-01
3.990158250659676664e-01
4.140966850048741765e-01
4.317194504422239287e-01
4.443376183813376734e-01
4.596882730331297573e-01
4.704393857481961039e-01
4.774845316566800335e-01
4.882406139557422531e-01
4.990595893701030850e-01
5.029019108907588631e-01
5.016880296295733732e-01
5.060492584247349157e-01
5.086293640114283310e-01
5.098253889849888587e-01
5.203420216986909264e-01
5.283044121346873734e-01
5.340468686371617757e-01
5.379248749600578083e-01
5.508697735589032085e-01
5.672887303448479468e-01
5.797734690239303434e-01
5.995434810890196697e-01
6.145492827846698036e-01
6.316535853011624457e-01
6.501519479702599913e-01
6.635042948166195442e-01
6.726438759266371026e-01
6.679127393635779786e-01
6.625602968005960269e-01
6.570572778454032425e-01
6.458161510602270505e-01
6.359894755156315638e-01
6.276646306349306093e-01
6.208266651351770360e-01
6.197493078055481552e-01
6.129245583250758633e-01
6.075018079121218273e-01
5.969525363207028867e-01
5.842520368591487268e-01
5.744262345319151031e-01
5.671445576775344666e-01
5.620311344377799667e-01
5.587025095493458604e-01
5.501355720622387313e-01
5.438386623851285684e-01
5.394704884516703380e-01
5.366856907298800383e-01
5.351558993859180102e-01
5.345833437642737440e-01
5.347084165490072483e-01
5.353126056265802291e-01
5.322154795203555278e-01
5.272286932794081338e-01
5.195293789399189066e-01
5.136511494169575531e-01
5.131809311948960506e-01
5.094594444349993534e-01
5.068703238839553649e-01
5.052009976306932604e-01
5.042564050892190952e-01
4.970108929749670335e-01
4.877188587004475107e-01
4.737081287985396294e-01
4.628076789621275999e-01
4.512499502607068003e-01
4.427556210894423305e-01
4.368037777907645136e-01
4.329087111302303281e-01
4.268572029916282151e-01
4.155870639496426211e-01
4.070293463767546971e-01
3.935785926562933579e-01
3.759452149176800706e-01
3.595287117495691298e-01
3.473923503380720312e-01
3.388941281624684443e-01
3.232777122735532860e-01
3.120003906989121667e-01
3.043014035737985346e-01
2.919599870097380201e-01
2.832219883748501310e-01
2.677999135681377041e-01
2.566189958949871563e-01
2.489343309736637977e-01
2.440565560075673712e-01
2.395423135317855667e-01
2.296643110947025335e-01
2.152986150640743279e-01
2.046533262563750011e-01
1.956634976265791970e-01
1.910021920635380788e-01
1.809266752384897092e-01
1.736988552202662905e-01
1.688436657646912309e-01
1.583992894533696738e-01
1.507809654863021542e-01
1.455478740954994077e-01
1.422633691040595671e-01
1.339330366777575776e-01
1.278658680842401640e-01
1.150254393708050049e-01
9.765425112135495134e-02
7.668323293731460488e-02
5.295223201375454103e-02
2.720030989197419480e-02
7.924012945463410063e-03
-1.397508397341096220e-02
-3.793379895780701894e-02
-6.341702205127308645e-02
-8.136449023990310891e-02
-1.012556742504384655e-01
-1.149727898282491001e-01
-1.314404297624245377e-01
-1.502158606447443479e-01
-1.632765752153211292e-01
-1.717297315661971968e-01
-1.840915247033352298e-01
-1.922907612517266163e-01
-2.046458833605402372e-01
-2.130641805095931929e-01
-2.257117726358632837e-01
-2.418447831327061870e-01
-2.534637017100309642e-01
-2.613641104083384015e-01
-2.735009110020250045e-01
-2.819571089371637473e-01
-2.802652099274183239e-01
-2.868206607291465815e-01
-2.911507428951038978e-01
-2.936815079628978253e-01
-2.948098303414519172e-01
-3.021871857281663853e-01
-3.074989551408584543e-01
-3.110883680488782943e-01
-3.132872954481069616e-01
-3.144013538954677500e-01
-3.147011985889589525e-01
-3.144185166643791440e-01
-3.209816063301758060e-01
-3.259612018866953065e-01
-3.320524199054186720e-01
-3.366132780167041538e-01
-3.470902303171012893e-01
-3.551418790418581217e-01
-3.682411034382295778e-01
-3.810312356726304195e-01
-3.907066389191677924e-01
-3.976746593266149432e-01
-4.054352357213237834e-01
-4.108716730205788092e-01
-4.216012751178357387e-01
-4.294511812922165994e-01
-4.348620525003097370e-01
-4.382786172917370049e-01
-4.401216287881968281e-01
-4.407704563862482328e-01
-4.405539495863766142e-01
-4.435020370079156837e-01
-4.453566559677277770e-01
-4.566909899912086068e-01
-4.654647885192511048e-01
-4.720135320217910824e-01
-4.766820587565467893e-01
-4.798043598072332383e-01
-4.884732386653745095e-01
-4.949015606781586030e-01
-5.098109528165124527e-01
-5.213212620839249301e-01
-5.364344015073285732e-01
-5.477534839071520611e-01
-5.663328236889053624e-01
-5.803817359469577442e-01
-6.011232130431467535e-01
-6.167471299367686122e-01
-6.279640510157837863e-01
-6.462497553351660429e-01
-6.549748616211843455e-01
-6.603590384280585424e-01
-6.678683532009039858e-01
-6.785945645580707675e-01
-6.860011388575544267e-01
-7.014608794309560302e-01
-7.128440765607610974e-01
-7.207911135197984098e-01
-7.310234218032060083e-01
-7.438479202212006092e-01
-7.585995579323301374e-01
-7.745210884652128369e-01
-7.915145807251122712e-01
-8.092791586302022777e-01
-8.274035971868154427e-01
-8.454385452086674579e-01
-8.582097510931053774e-01
-8.667307688918522990e-01
-8.728135238922040129e-01
-8.762211127222166995e-01
-8.775589194678953264e-01
-8.715725270638522426e-01
-8.655891391491830067e-01
-8.599234402503684871e-01
-8.547775247233645457e-01
-8.495822218700105344e-01
