1.313988168231063902e-01
1.314188845156885055e-01
1.314860070547607673e-01
1.315823450654869387e-01
1.243664137344095977e-01
1.184855633735149016e-01
1.138469702396975869e-01
1.103198650810737202e-01
1.077539962722320332e-01
1.059935799353850516e-01
1.048873180975227193e-01
1.042951251378314570e-01
1.040921980613163100e-01
1.041710215028510689e-01
1.044418316395272495e-01
1.048319866817701840e-01
1.126454775835583622e-01
1.191220050944714615e-01
1.243274607568076728e-01
1.283749089102566021e-01
1.240759092275034448e-01
1.275817013845395032e-01
1.302762028518009707e-01
1.322644111314272841e-01
1.336565020959612493e-01
1.345604572848124736e-01
1.350770696940182258e-01
1.352968512098919884e-01
1.352984172088569359e-01
1.351479807483044748e-01
1.275782502666993334e-01
1.286142754286190293e-01
1.222050324053856052e-01
1.170014549588420660e-01
1.129137732080551793e-01
1.098201339470326054e-01
1.075828079159284467e-01
1.060603626914020658e-01
1.051163435487052489e-01
1.046250452944799125e-01
9.710140028671210288e-02
9.116397994317537723e-02
8.664678456478225321e-02
8.335845960299548274e-02
8.110029407526830880e-02
7.967912948627198233e-02
8.631425241416379457e-02
8.469773476005704183e-02
9.092601792713317366e-02
9.546674800934784599e-02
9.985811971500124784e-02
1.026072523798335911e-01
1.046631784724714187e-01
1.061360375848809934e-01
1.071309232614889861e-01
1.077442268072166254e-01
1.080616745628759645e-01
1.081575110369317194e-01
1.088769436065755158e-01
1.085617255478517063e-01
1.081911185568853462e-01
1.078015631196234114e-01
1.081997021720702001e-01
1.004666329355996535e-01
1.020822979076885240e-01
9.552726904224950744e-02
9.026092644597616399e-02
8.616713585342838932e-02
8.310287547744454884e-02
8.091454739465597790e-02
8.002936629844303873e-02
7.961151924431009164e-02
7.218910009550882911e-02
6.631390386215740840e-02
6.184154434510280574e-02
5.859333667777466559e-02
4.893170669826640840e-02
4.145554797829920091e-02
3.590652829038143423e-02
3.199841284787652285e-02
2.944215422394780290e-02
2.796322403343709517e-02
1.984828339357358473e-02
1.371236786207141733e-02
9.279012624154869826e-03
6.264843718434276454e-03
4.397270533937458481e-03
3.425942958365180147e-03
3.129362000588553627e-03
3.317849342382883648e-03
3.833881411259509875e-03
4.550604581714301489e-03
5.369180042039900513e-03
6.215461736010619020e-03
7.036387617868511413e-03
7.796361439601717791e-03
8.473817531410965387e-03
9.058092696944575195e-03
9.546675597901455035e-03
9.942863009680058539e-03
1.025382225607840425e-02
1.048903818834046042e-02
1.065910957146565252e-02
1.077485212886797328e-02
3.398415842694513245e-03
4.797894740397490310e-03
6.078859628633193068e-03
-2.390357815593713298e-04
-5.399269047772659036e-03
-9.503332696310540229e-03
-5.053914008155135917e-03
-1.090684472536906924e-03
2.318190368914230248e-03
5.155073441635904530e-03
7.439143089058575242e-03
9.144238086669309595e-03
1.047374758241859105e-02
1.890792020388443184e-02
2.576947151577346773e-02
3.110265359535513419e-02
2.726816870547521532e-02
2.373976428814184025e-02
2.060786166730310676e-02
1.791332607478168804e-02
1.566152250228758369e-02
1.383341213791777768e-02
1.239418359703470252e-02
3.901068427691445351e-03
-3.032505950376407355e-03
-9.341898122590119868e-04
1.159226964756676637e-03
3.138169424405035102e-03
-2.702327239777924106e-03
2.510402991213744883e-04
-4.779100349012965765e-03
-8.788393416117479262e-03
-1.187151268421082762e-02
-6.485279252214537493e-03
-9.475690957607918463e-03
-4.121522733034677088e-03
3.433152463192534753e-04
3.981849680357196775e-03
-6.837816373062022279e-04
2.930695538575056602e-03
-1.727363949830307277e-03
-5.639663074830103540e-03
-8.824322180791099868e-03
-1.124669579735138036e-02
-5.568641952605979384e-03
-8.335637644988791450e-03
-1.057987878145771887e-02
-1.234028037416678991e-02
-1.366965127883279507e-02
-1.462778748092086190e-02
-1.527620224071135624e-02
-1.567431723212919792e-02
-1.587690243540862411e-02
-1.593253930613225400e-02
-1.588288700231732520e-02
-1.576254966717582917e-02
-1.559936868530131804e-02
-1.529810758655747449e-02
-2.272197450713875355e-02
-2.877700686946194075e-02
-3.355827938756172912e-02
-3.719891991458479374e-02
-3.985186890165515194e-02
-3.405857711571336210e-02
-3.632229385755092466e-02
-3.046768844690794786e-02
-2.555350572309111890e-02
-2.154305631850550462e-02
-1.836467729701007912e-02
-8.491000006081161899e-03
-8.059107321381819844e-03
-6.436650026786505663e-04
5.068136610437257161e-03
9.271474829272374762e-03
1.951172512385190849e-02
2.736178106688869072e-02
3.315868156133183753e-02
3.723715269539451533e-02
3.991427507704869981e-02
4.147996300371903367e-02
4.188897427887616765e-02
4.172368052309449737e-02
4.117377966402635536e-02
3.330638855400458453e-02
2.663383108370864782e-02
2.113382546316033839e-02
1.673217828930040341e-02
1.332213398745674127e-02
1.070367693336793380e-02
1.881352477685283020e-03
-4.988325130976800637e-03
-1.015807536599422356e-02
-1.388698839958224518e-02
-1.642592028342115817e-02
-2.490975054711674908e-02
-3.138055169786646559e-02
-3.611507493427312809e-02
-3.939449337866518519e-02
-4.148923153494066263e-02
-4.264882063269759271e-02
-4.999928742173054275e-02
-5.557035478870275824e-02
-5.960888558353105715e-02
-6.236725445058954875e-02
-6.408851167156681683e-02
-6.499652389357413185e-02
-6.529008173834971451e-02
-7.204456030889638818e-02
-7.723297484321989259e-02
-8.105798492885396556e-02
-9.061937816004261848e-02
-9.797005228337507532e-02
-1.033965855097964681e-01
-1.071996323578765509e-01
-1.096735047847368083e-01
-1.110925775775579716e-01
-1.117030080992280627e-01
-1.185663947692938702e-01
-1.169158306335029707e-01
-1.150822526849879512e-01
-1.132177165460408474e-01
-1.114298355912326510e-01
-1.105505087955680477e-01
-1.166488235494862469e-01
-1.146409125551590691e-01
-1.197835708797152510e-01
-1.238894316278578156e-01
-1.200424032648366168e-01
-1.166299826208496704e-01
-1.137042314437570756e-01
-1.183103418336433066e-01
-1.229704111219114271e-01
-1.267506341413595639e-01
-1.368307364963368133e-01
-1.448918464276116591e-01
-1.511050060493175362e-01
-1.556927686805942290e-01
-1.589004363348340831e-01
-1.609747852184888472e-01
-1.633219311106346439e-01
-1.635947857879687106e-01
-1.645604925886294811e-01
-1.649817263362416409e-01
-1.649964783381407951e-01
-1.647246483324016353e-01
-1.642664486633214072e-01
-1.637024466207630535e-01
-1.630948002965055821e-01
-1.624892577852705688e-01
-1.534911666700160549e-01
-1.533892714644728983e-01
-1.462763124607864285e-01
-1.406290387667359365e-01
-1.362885881139479505e-01
-1.330780764480401501e-01
-1.308174078645796268e-01
-1.293333401164613594e-01
-1.213315473104412678e-01
-1.159333708245851025e-01
-1.046357095038716878e-01
-1.030642426795398414e-01
-1.016566112883017237e-01
-1.010670939710516247e-01
-1.010736879557878609e-01
-1.014918419883559242e-01
-1.021726137073819540e-01
-1.029993868814633728e-01
-9.668583480502634941e-02
-9.168528043145673934e-02
-8.786125289643020864e-02
-8.505719855843785204e-02
-8.311072814957043420e-02
-7.464729263112479529e-02
-6.804820271389155906e-02
-6.309717011310778112e-02
-5.955618558631847748e-02
-5.718475699651781596e-02
-5.575343039750713103e-02
-5.505261098746028203e-02
-4.764919850831450532e-02
-4.226153731212467513e-02
-3.825716554095803801e-02
-3.544593359262249166e-02
-2.620445033758689313e-02
-1.907709052443751219e-02
-1.381746358001234576e-02
-1.014867570006683373e-02
-3.103289166213052397e-04
7.124304946630521940e-03
1.257971724770623467e-02
1.633924664715036279e-02
1.869633090962485866e-02
2.757379593012498908e-02
3.423201744762427445e-02
3.897637085425631476e-02
4.978661640339399064e-02
5.791232271225354999e-02
7.137493141920825401e-02
8.150742235396402080e-02
8.878751782656846281e-02
9.370108482329952970e-02
1.042954187866735882e-01
1.111569834950223434e-01
1.157024485974278427e-01
1.258265243397855837e-01
1.331426629016831953e-01
1.454580363186077641e-01
1.545396404909042953e-01
1.609244326594210239e-01
1.723278326354069634e-01
1.806474931562966901e-01
1.864024210064778586e-01
1.900805796927846902e-01
1.992660345513326270e-01
2.058887792952492912e-01
2.103880274811673612e-01
2.131770801418502170e-01
2.217177370891791899e-01
2.279425675566399967e-01
2.305796063826599518e-01
2.319356343763516737e-01
2.323451328105050617e-01
2.320835245319654572e-01
2.313729966656423720e-01
2.303888953840473874e-01
2.276729427074886125e-01
2.268086197318088804e-01
2.259555765741567690e-01
2.303968971511636266e-01
2.287323485264232126e-01
2.324276294900591289e-01
2.369581099116082612e-01
2.405305073200207922e-01
2.432456303028538436e-01
2.452183736951922821e-01
2.465679803473630471e-01
2.542205891929285588e-01
2.602226131152509669e-01
2.647596789277988361e-01
2.680384359831320396e-01
2.702690096850715040e-01
2.735472295885241767e-01
2.758445879941977541e-01
2.773266031076946359e-01
2.850199396896038184e-01
2.909630096412672007e-01
3.021907789039048886e-01
3.108296500368643578e-01
3.194465272629007924e-01
3.258257298249123135e-01
3.302890252891554912e-01
3.399828242882945162e-01
3.471552994572386641e-01
3.614795872548837163e-01
3.724245441644982169e-01
3.804126910306715459e-01
3.859032028878575105e-01
3.960796382157165674e-01
4.033877912171643931e-01
4.083197681093873044e-01
4.179561493251027215e-01
4.248500347858470416e-01
4.359890447387082535e-01
4.471469231243179188e-01
4.617156928617349720e-01
4.725328528465579936e-01
4.801801233783851153e-01
4.948896223507350811e-01
5.058128983733731765e-01
5.135109035260541077e-01
5.247706572548589410e-01
5.327276707117125643e-01
5.379776837693761582e-01
5.508902188991802173e-01
5.603788617176512776e-01
5.730000061397475530e-01
5.820988482727135205e-01
5.882834288507733378e-01
6.019995968611068227e-01
6.121016774039228503e-01
6.191541420837055609e-01
6.237105155061086759e-01
6.262874316669927444e-01
6.273488336764765361e-01
6.272977820141947269e-01
6.264738643060020484e-01
6.251546212987914020e-01
6.235597248786154401e-01
6.260432315108037660e-01
6.277957467969462746e-01
6.289390949448167012e-01
6.295925034030062095e-01
6.341853916584820894e-01
6.377583452281364584e-01
6.404160560705074445e-01
6.422840648918036743e-01
6.434955410224658667e-01
6.441811416880934837e-01
6.444619430339826316e-01
6.444451118373749621e-01
6.397597254551951051e-01
6.402200355184355374e-01
6.345636410022398310e-01
6.298560655790561569e-01
6.216859683048829854e-01
6.152188110798149090e-01
6.102726767309396561e-01
6.066403824384511978e-01
6.041092078515974961e-01
5.963520275406147819e-01
5.903878918321857627e-01
5.818933434449500286e-01
5.755416221934515075e-01
5.710018708822500733e-01
5.617283363495921833e-01
5.508817095183493606e-01
5.427984942765935461e-01
5.370419723911166177e-01
5.331919163604157408e-01
5.245675780086180851e-01
5.182375427041048255e-01
5.138444156592960610e-01
5.074712268548389194e-01
4.966644730412950182e-01
4.885851372980145602e-01
4.763526103264759115e-01
4.671656561618393599e-01
4.605994773193355929e-01
4.495878245153104302e-01
4.347601785231642868e-01
4.204863943693117889e-01
4.032067935307588336e-01
3.903308440686958924e-01
3.812175965149997570e-01
3.682602045231424537e-01
3.590137116114153759e-01
3.528599052391132584e-01
3.421208039563374825e-01
3.345659342749081056e-01
3.296494380268502056e-01
3.268437248041795584e-01
3.256640138606101686e-01
3.232707625624720027e-01
3.245575791884620642e-01
3.239455855508901472e-01
3.240283907425109966e-01
3.245836212938184584e-01
3.160740034665310283e-01
3.025200233339364608e-01
2.919497197144538259e-01
2.839888407268360559e-01
2.712013417201089016e-01
2.596314208072840746e-01
2.441481767279110038e-01
2.325396421686920512e-01
2.171527873778642537e-01
2.057430100238981652e-01
1.962835441346217902e-01
1.828869087895048651e-01
1.732612253456664586e-01
1.608382967710100253e-01
1.518585492455890584e-01
1.457813452043303926e-01
1.338671227021190901e-01
1.262766832047814702e-01
1.139905484270145042e-01
1.050570511571378152e-01
9.896081660892264154e-02
8.846850367000902438e-02
8.090024033776943568e-02
7.582431494296182350e-02
6.520297536880415024e-02
4.989591316717834069e-02
3.843007949864052364e-02
3.028424607221280596e-02
1.722537999555417976e-02
1.039715341937252902e-04
-4.860821841086160333e-03
-1.500780650762201240e-02
-2.192668901346239707e-02
-2.626962812684530135e-02
-2.840322602825562370e-02
-2.906904621608785710e-02
-2.870444253511594823e-02
-2.745572918156558018e-02
-2.584996408965922754e-02
-2.391489142495739628e-02
-2.201783712909088919e-02
-2.024279392620953466e-02
-2.553231977950720655e-02
-2.285083980339819298e-02
-2.752282865279553903e-02
-3.127732517943249135e-02
-3.419304059610772661e-02
-4.336136766170262113e-02
-5.065660450352393873e-02
-5.625286604016865866e-02
-6.740365724096930578e-02
-7.602275038824402031e-02
-8.241514273284566983e-02
-9.395849866440575404e-02
-1.026492948797683713e-01
-1.088933893460084512e-01
-1.201209874469681971e-01
-1.284124465544862481e-01
-1.342268408884965680e-01
-1.380140319614797662e-01
-1.401930807067959250e-01
-1.411394639698770881e-01
-1.411787418488672508e-01
-1.405848401355336286e-01
-1.395815366337096464e-01
-1.383460684430597443e-01
-1.370140293037518386e-01
-1.356849235999202374e-01
-1.344279028624633110e-01
-1.332873415755839730e-01
-1.322880172265172849e-01
-1.314397477826323435e-01
-1.307414100474122431e-01
-1.362034952996828974e-01
-1.346834872283080298e-01
-1.333447654134889415e-01
-1.322028792558143095e-01
-1.303459030571643140e-01
-1.357366548145915175e-01
-1.401495806856398740e-01
-1.436596018220970272e-01
-1.473718957706158239e-01
-1.502349133433213968e-01
-1.523509356966568085e-01
-1.607178248393870135e-01
-1.673154935337179960e-01
-1.723275885249941908e-01
-1.828408479136698350e-01
-1.909342566905680716e-01
-1.969164940627736726e-01
-2.011147412319942429e-01
-1.970183449603892800e-01
-1.998480371561661695e-01
-2.016989018285721968e-01
-2.027715555539801873e-01
-2.032464588033371378e-01
-2.032805478158135060e-01
-1.961774319775009268e-01
-1.901093184548421355e-01
-1.850842099115941330e-01
-1.810524370725266063e-01
-1.791725049839323347e-01
-1.778456533007835016e-01
-1.699682933149564423e-01
-1.636862739901328023e-01
-1.588670478241507311e-01
-1.553356802072438647e-01
-1.528973680127503343e-01
-1.431843667563068578e-01
-1.357508494081027806e-01
-1.302814283441873222e-01
-1.264542011685356737e-01
-1.239613197591407090e-01
-1.233893872307536554e-01
-1.225889467611167571e-01
-1.223951729059975513e-01
-1.226311056027316049e-01
-1.240238209740651687e-01
-1.175275048994663951e-01
-1.124251669445623936e-01
-1.015253490231438072e-01
-9.297285095482177297e-02
-8.650483802068520411e-02
-7.425098807761809638e-02
-6.498696238507339906e-02
-5.825932140301670614e-02
-5.400131063581259383e-02
-5.132539770034405535e-02
-4.990115229901603833e-02
-4.943052400960912252e-02
-4.259910530128352413e-02
-3.777521220915014410e-02
-3.434697767854211214e-02
-3.209387437649868779e-02
-2.354394280620986102e-02
-1.701848009476059076e-02
-4.975718370253012779e-03
4.251036484765435830e-03
1.831730848475698892e-02
2.896148253493358027e-02
4.362856166608475306e-02
5.439579442735853476e-02
6.192753403686790392e-02
6.684668862850284832e-02
6.971348754890827060e-02
7.101654558877434908e-02
7.878073972849786166e-02
8.380330920163081565e-02
8.770570868119675900e-02
9.728107879479486186e-02
1.115703268029131223e-01
1.224887414857354084e-01
1.376001456389706057e-01
1.489233302166161899e-01
1.570077096332755939e-01
1.694961012383191523e-01
1.785146195602129726e-01
1.916831347165433019e-01
2.012065245927037171e-01
2.077049019322327883e-01
2.117656004072812070e-01
2.139220663525711608e-01
2.215840103810877704e-01
2.269229991137331481e-01
2.372596648944544917e-01
2.448132494800732140e-01
2.500458462909902480e-01
2.533966576846882202e-01
2.552666174855555692e-01
2.560100117111658857e-01
2.577239459756530682e-01
2.635736996671516064e-01
2.696867867033674315e-01
2.741664421870855239e-01
2.841133751141584618e-01
2.937350872646609101e-01
3.078843340620671665e-01
3.187343532685398273e-01
3.335274296406673944e-01
3.445823868780586441e-01
3.591983564014522567e-01
3.698851185084239823e-01
3.812696475355641379e-01
3.918022832043985826e-01
3.990912045923558082e-01
4.037578492424696019e-01
4.063649461945701979e-01
4.074068887202262346e-01
4.073065794393460060e-01
4.092136268095913909e-01
4.035739192147682619e-01
3.982908846073671683e-01
3.868488188437073649e-01
3.744933756361161770e-01
3.644921048326610347e-01
3.566658799080069109e-01
3.507695372790857746e-01
3.465274325763709751e-01
3.436590315892011915e-01
3.418962700901615470e-01
3.341989035379822059e-01
3.260606069596161394e-01
3.222928813012300164e-01
3.198338653240704321e-01
3.161781870045710097e-01
3.137633083652391353e-01
3.145272506868328488e-01
3.156431266168286953e-01
3.100965597523368533e-01
3.058241357351521028e-01
2.957298556972662862e-01
2.857430212281881765e-01
2.711975797889090156e-01
2.599880449516618341e-01
2.499026018241978786e-01
2.427020641626937980e-01
2.378519550844713226e-01
2.279754438935306382e-01
2.208133045296893915e-01
2.089903246713522567e-01
2.002339416880294376e-01
1.857978471210617322e-01
1.751055612939684814e-01
1.675491149399093160e-01
1.625499145281166236e-01
1.595792814514873648e-01
1.512793873665192468e-01
1.453894255996694973e-01
1.414860854771531340e-01
1.401482624999681459e-01
1.398591975890330907e-01
1.403297349727861132e-01
1.413127108867038295e-01
1.354964788709387413e-01
1.239423741674239299e-01
1.140565893559821742e-01
9.953609807212293603e-02
8.782612701102143760e-02
7.229806070240218929e-02
6.074378620315412647e-02
4.556506164828055816e-02
3.440345055817006781e-02
1.967540010196122680e-02
8.946569309105312229e-03
1.544455325976246129e-03
-3.165123361715593830e-03
-1.265540379988161490e-02
-1.927998477636228003e-02
-2.356333354232797994e-02
-3.289358521498386700e-02
-3.954640239639428678e-02
-4.398432688222264630e-02
-4.664541092381657705e-02
-4.792796423373291148e-02
-4.818196949347264280e-02
-5.499994220416537516e-02
-6.006521265448849789e-02
-6.362155107788924902e-02
-6.639261402678831026e-02
-6.809661686017820514e-02
-7.615176374405452364e-02
-8.229429682397904067e-02
-9.399640341299275725e-02
-1.029623828185737278e-01
-1.167607185785273227e-01
-1.343934216354412126e-01
-1.477662879233860860e-01
-1.574707489918896197e-01
-1.712316630876649093e-01
-1.811786772030656856e-01
-1.950044111695008464e-01
-2.119371814236785667e-01
-2.227580851929331640e-01
-2.300044624015777917e-01
-2.412035780992418665e-01
-2.489423023227137488e-01
-2.472495893691255553e-01
-2.530300830949170354e-01
-2.568063631962076432e-01
-2.589791276444071144e-01
-2.617182884883901828e-01
-2.700633753563477235e-01
-2.762694445367637197e-01
-2.874774423920780642e-01
-2.959098338842962583e-01
-3.019509440209258155e-01
-3.127929325394076532e-01
-3.207578792500609399e-01
-3.263053552136294666e-01
-3.365757474545048034e-01
-3.440220742908999263e-01
-3.491268434762446748e-01
-3.589198825977080176e-01
-3.659879607977898353e-01
-3.708080030883049716e-01
-3.738235376140273125e-01
-3.754326989119656233e-01
-3.759826233936121032e-01
-3.757681192474997545e-01
-3.750331820897494506e-01
-3.830004355752116840e-01
-3.891949637710128140e-01
-3.938176532990111944e-01
-4.035521464730966734e-01
-4.109713996057786645e-01
-4.256495213783484388e-01
-4.370185665350674320e-01
-4.548956405999442509e-01
-4.686559821897371414e-01
-4.787831430817850453e-01
-4.858185839208319923e-01
-4.965951412428293299e-01
-5.041696790328673572e-01
-5.188046145584885860e-01
-5.357393718010214911e-01
-5.519454267540637726e-01
-5.698685135229097920e-01
-5.829799038675933520e-01
-5.920575603345058502e-01
-6.036933293766415520e-01
-6.156779677889605562e-01
-6.297400702186239929e-01
-6.453309298405294214e-01
-6.607150757416926368e-01
-6.772076227123728920e-01
-6.943500053757495349e-01
-7.110316759076906745e-01
-7.229365429780135743e-01
-7.360417764714385358e-01
-7.449787367504726587e-01
-7.505792627138871964e-01
-7.582973151081250363e-01
-7.682065963851290036e-01
-7.749652890811002948e-01
-7.791853116772113896e-01
-7.911293030605625054e-01
-7.998008716196726153e-01
-8.107167382473959849e-01
-8.185798442194830438e-01
-8.290025981236645025e-01
-8.411804936097027063e-01
-8.499840380518121075e-01
-8.559625873714005184e-01
-8.649828120562105260e-01
-8.712906794844658132e-01
-8.753532109996954302e-01
-8.776222848010165611e-01
-8.785135387652510675e-01
-8.793372838672184333e-01
-8.792888080932228512e-01
-8.786192311167134728e-01
-8.775442681610975404e-01
-8.762409352030785525e-01
-8.748476611284631277e-01
-8.678290404617842180e-01
-8.619705218499196242e-01
-8.517305437505091614e-01
-8.483958834867970644e-01
-8.460487635841242859e-01
-8.345204165282258391e-01
-8.207442981923228631e-01
-8.099852049290484635e-01
-8.018832268356798076e-01
-7.910828253415536082e-01
-7.829976697961943399e-01
-7.671154519885091672e-01
-7.549807144646664137e-01
-7.461223847615450211e-01
-7.400315217652166933e-01
-7.313722045381660930e-01
-7.254295749269664695e-01
-7.162840839008935978e-01
-7.051384240921422242e-01
-6.971173957781999775e-01
-6.871628637967234221e-01
-6.746975360158962154e-01
-6.557261280476599508e-01
-6.414281255877024579e-01
-6.213226231704644942e-01
-6.005996939722210159e-01
-5.890810280524291231e-01
-5.753194356180185709e-01
-5.655704532897527503e-01
-5.530325750725011424e-01
-5.442402593119177734e-01
-5.322308910890884981e-01
-5.200970248762353254e-01
-5.117167127924948655e-01
-4.998941590402741220e-01
-4.916429675196283267e-01
-4.828685391692963957e-01
-4.705498121722395677e-01
-4.618309353313643228e-01
-4.462027833762483020e-01
-4.348312097155588862e-01
-4.239785424205466668e-01
-4.100079669600085186e-01
-3.972450123459148053e-01
-3.857094218797392227e-01
-3.778931880031943802e-01
-3.665198614806215449e-01
-3.650354214717990153e-01
-3.586803597791345943e-01
-3.545783126699120213e-01
-3.522484066735882546e-01
-3.512708886369941830e-01
-3.448055380266827896e-01
-3.401829901003960988e-01
-3.370950337713489731e-01
-3.286550275930040232e-01
-3.201290201236044464e-01
-3.072747206541004417e-01
-2.908635280794105160e-01
-2.783073097839645627e-01
-2.623591890108545321e-01
-2.504295723573530807e-01
-2.402755625837482700e-01
-2.333721695707475785e-01
-2.223097943802940790e-01
-2.159974598632825593e-01
-2.051722143804814991e-01
-1.960261779764878032e-01
-1.828920378960139370e-01
-1.733434421841255624e-01
-1.598870627265809308e-01
-1.501085754146658235e-01
-1.364671058413560178e-01
-1.196024674411679811e-01
-1.071259077172310725e-01
-9.136124337262407913e-02
-7.992358047424663603e-02
-7.211575791658386692e-02
-6.062589860384104412e-02
-5.254550435518900997e-02
-4.731500069153926624e-02
-4.437919029187953335e-02
-4.321768218480159796e-02
-3.635963151447008102e-02
-3.160978123150570696e-02
-2.861702502666330084e-02
-2.703081668601514664e-02
-2.652225458081969300e-02
-2.679798425981805288e-02
-2.760766810011849870e-02
-2.124899689874260034e-02
-8.931777337667812233e-03
8.173251915739587758e-03
2.149511120470037895e-02
3.866108368727094735e-02
5.882111803494471935e-02
7.388974414688509462e-02
9.193678150666495519e-02
1.050981781756845646e-01
1.213856524700536177e-01
1.259248958693603981e-01
1.341746244792314524e-01
1.394071352167087774e-01
1.353350253314806739e-01
1.299232826115299666e-01
1.246818182109692419e-01
1.198250694422222651e-01
1.162767478143276190e-01
1.191794285029690315e-01
1.214101306302577399e-01
1.230624920730456484e-01
1.242295835951594540e-01
1.249998509419729675e-01
1.254544829090913360e-01
1.265295885611206206e-01
1.272763330127397730e-01
1.337296543867110277e-01
1.329197418815821763e-01
1.379628000077399719e-01
1.428569871265714664e-01
1.466241383494630846e-01
1.563151686107189242e-01
1.639078648504754820e-01
1.765270045818223554e-01
1.862584761621599583e-01
1.934652743329032809e-01
1.916817844176090802e-01
2.045196063330190217e-01
2.144497318431597410e-01
2.218063418444682355e-01
2.269647758648991598e-01
2.372044544560687473e-01
2.378443474368145960e-01
2.443435500105579639e-01
2.488788780712816173e-01
2.586495665166121949e-01
2.677307752287192422e-01
2.743982487405829396e-01
2.858675907397212335e-01
2.943942390456535385e-01
3.072160120071862899e-01
3.166914315213447129e-01
3.233453180077547895e-01
3.343876535040235520e-01
3.423301248693320087e-01
3.477146109278888009e-01
3.510479048713226469e-01
3.527860638375528435e-01
3.467338446499770299e-01
3.433773446753489722e-01
3.377181843853558352e-01
3.350748565931132017e-01
3.327175435132530001e-01
3.330421539977233003e-01
3.332921171835170338e-01
3.334753135303689664e-01
3.336011568457066812e-01
3.361302697692416519e-01
3.382102230831340872e-01
3.398564836711905901e-01
3.411052509053502657e-01
3.420053781607561572e-01
3.426115676339622773e-01
3.501657085065095210e-01
3.561876317757044497e-01
3.608235815119009704e-01
3.713129727946771208e-01
3.794255741136105531e-01
3.883108311219296560e-01
4.019704460357025333e-01
4.124348803249227036e-01
4.269889884085795728e-01
4.446535322830749148e-01
4.578715302343445703e-01
4.739348270983563260e-01
4.890613209432022046e-01
5.000496322480405542e-01
5.075800009293007786e-01
5.123048727295158589e-01
5.148243959127902780e-01
5.156720227035629378e-01
5.153075899379546687e-01
5.242816172176600897e-01
5.207145799614445458e-01
5.170040714482060373e-01
5.133898795545692728e-01
5.202230275240180557e-01
5.255773316824898789e-01
5.296116394368979297e-01
5.325081393363484406e-01
5.344555583674694965e-01
5.356368883772830713e-01
5.259125701704900901e-01
5.176634356436113915e-01
5.072341847872170462e-01
4.989492630322689415e-01
4.925645492596704145e-01
4.813246900966547948e-01
4.726260626637497353e-01
4.661469909427420344e-01
4.615502032874108096e-01
4.585042974778290592e-01
4.566984292799078915e-01
4.558516552097082730e-01
4.557181071943594564e-01
4.494534778786947182e-01
4.447006562485855685e-01
4.412607383460867005e-01
4.321609177943652735e-01
4.251361691186621439e-01
4.199474190707090937e-01
4.094079739595628542e-01
4.013622373774690111e-01
3.955048214123901840e-01
3.886073730484509436e-01
3.838056587341196479e-01
3.737046861658568364e-01
3.635423243626929590e-01
3.561799480242766602e-01
3.441618836884878796e-01
3.352671233522295235e-01
3.219939686411599222e-01
3.121171509973452718e-01
2.980384169957897011e-01
2.875832233412245476e-01
2.802197686049043845e-01
2.681954562799269137e-01
2.594814165940271256e-01
2.462429278912141584e-01
2.347908421512441279e-01
2.267722564034559962e-01
2.215457710534713964e-01
2.112319882658948433e-01
2.039368909667185203e-01
1.976579705066792148e-01
1.936784624264429322e-01
1.842768170411703821e-01
1.762745933657599018e-01
1.636698582831219717e-01
1.533163803585730900e-01
1.460397013475067673e-01
1.342589996797904917e-01
1.257182270747116970e-01
1.128978549005310583e-01
9.653396602342745325e-02
8.427763620728478955e-02
6.901141134231814078e-02
5.055909516337053766e-02
2.953778224228531535e-02
1.373079831803836193e-02
-4.771971678617870083e-03
-2.544512490900174839e-02
-4.053921250803238507e-02
-5.859569997038116540e-02
-7.157298578917070664e-02
-8.762053982754935966e-02
-9.812848241224170209e-02
-1.054639619403208162e-01
-1.088384419799466318e-01
-1.180373556584739525e-01
-1.232192925110686677e-01
-1.342342090682171474e-01
-1.481901922995774168e-01
-1.581963367762826422e-01
-1.720827036858876280e-01
-1.820275837481650782e-01
-1.957638635103717828e-01
-2.055899809004109180e-01
-2.191452007030196825e-01
-2.288302044221466325e-01
-2.353436480255124419e-01
-2.461621762876242681e-01
-2.537392962875499869e-01
-2.654500554829291037e-01
-2.738043803195637782e-01
-2.860979194881414500e-01
-3.015607122376575688e-01
-3.128959565699613865e-01
-3.295518911220942648e-01
-3.418972805589952646e-01
-3.505847400957020632e-01
-3.562602257992177890e-01
-3.620013887987423296e-01
-3.654863653427802284e-01
-3.738000443773055181e-01
-3.822241773385131047e-01
-3.908988184185719916e-01
-3.970843121090714689e-01
-4.011458370820113473e-01
-4.034697203443249336e-01
-4.044337646198492564e-01
-4.043856174421105454e-01
-4.105074666071841794e-01
-4.149011271540661294e-01
-4.178588185185490023e-01
-4.264323960781484235e-01
-4.328134836802191021e-01
-4.439867177905842954e-01
-4.523486666050149374e-01
-4.648305470459794808e-01
-4.804666373006547531e-01
-4.955099213897478094e-01
-5.067154564620350854e-01
-5.208792589231709957e-01
-5.311752017326520914e-01
-5.443364395063259309e-01
-5.537269470763623858e-01
-5.659646791683285993e-01
-5.745887857819250710e-01
-5.841146375956053349e-01
-5.964729035011554492e-01
-6.053267082313960046e-01
-6.169633219896788479e-01
-6.251833878198028716e-01
-6.402637136649632632e-01
-6.568407228667925146e-01
-6.689910089621398104e-01
-6.817627219325836929e-01
-7.005378317869311866e-01
-7.145409399009303719e-01
-7.296233964317428988e-01
-7.449743509955503162e-01
-7.559542475981562148e-01
-7.682894975839811291e-01
-7.815773039902599306e-01
-7.957610729270599981e-01
-8.154716003936769431e-01
-8.299004120017333674e-01
-8.496257777216922324e-01
-8.639533037781946812e-01
-8.834404761177936383e-01
-8.974960479385404311e-01
-9.166295677133583508e-01
-9.303503240592859713e-01
-9.490944602970641242e-01
-9.530311866135816601e-01
-9.543177088101182370e-01
-9.592493232795022973e-01
-9.579563456463241478e-01
-9.555849931216595650e-01
-9.525694286269961175e-01
-9.435809098116149096e-01
-9.356184606493868072e-01
-9.232295184308196845e-01
-9.143615045971412725e-01
-9.072284193153180576e-01
-8.961913353933771420e-01
-8.876285405986686916e-01
-8.812420838371574083e-01
-8.668386430412312604e-01
-8.505024869127478793e-01
-8.381434961783494897e-01
-8.291744395324210926e-01
-8.230130686501214710e-01
-8.093789637045518681e-01
-7.993145092879376801e-01
-7.874022537361693441e-01
-7.787576429499855069e-01
-7.728634466447186213e-01
-7.641808630934152635e-01
-7.532939743684793354e-01
-7.454930174851045477e-01
-7.355548452610224386e-01
-7.286086633767110410e-01
-7.143247421354507187e-01
-7.037970787118661420e-01
-6.964121531750748773e-01
-6.862755240500866272e-01
-6.790876286819368390e-01
-6.700429009251493984e-01
-6.637911615455552861e-01
-6.543601119924660203e-01
-6.476578335391099950e-01
-6.335643372815037422e-01
-6.230546627291149164e-01
-6.155952309096269781e-01
-6.106529017076566257e-01
-6.020379989375913565e-01
-5.959743259783936153e-01
-5.862198134506932945e-01
-5.753213523179356859e-01
-5.615391003761567301e-01
-5.513021215659683616e-01
-5.344539967385251167e-01
-5.219110160337361304e-01
-5.069010155980937515e-01
-4.926346900432769793e-01
-4.825159456000995828e-01
-4.695902621077701067e-01
-4.604668563856810781e-01
-4.544705951631888841e-01
-4.416775707880482571e-01
-4.325541978315854408e-01
-4.201248799906622811e-01
-4.112294782801546589e-01
-4.052668301180184507e-01
-3.925686665116594476e-01
-3.834199646115661331e-01
-3.732941947382770742e-01
-3.636412581264505395e-01
-3.569797136784831348e-01
-3.527495431405882620e-01
-3.504331810391516644e-01
-3.495701452201283033e-01
-3.432135993664293672e-01
-3.387615119069147251e-01
-3.358774715358485707e-01
-3.276103456232970501e-01
-3.192694422542545762e-01
-3.132222022193842381e-01
-3.024418095990353272e-01
-2.944032831610958745e-01
-2.820104519862440817e-01
-2.727308312767839915e-01
-2.593615445813641784e-01
-2.493945967904984684e-01
-2.355048136395880842e-01
-2.236635221739906587e-01
-2.084558285667663657e-01
-1.987168817677618105e-01
-1.838282805664344099e-01
-1.730288608793439931e-01
-1.587229380244441490e-01
-1.484263599544028978e-01
-1.335833971649269536e-01
-1.238409108319329377e-01
-1.173240928690262308e-01
-1.134056957320370707e-01
-1.115102919901536094e-01
-1.111287204566078213e-01
-1.118248859676358453e-01
-1.132368348571188843e-01
-1.150736925537014788e-01
-1.171097888023675537e-01
-1.200204634655557268e-01
-1.297999123362263418e-01
-1.380416689980468181e-01
-1.447599238849586190e-01
-1.500484420889882653e-01
-1.540519651921472555e-01
-1.569426882913858012e-01
-1.660125783820867174e-01
-1.730135565531760733e-01
-1.782040710412755580e-01
-1.818614595164995684e-01
-1.842603262944231268e-01
-1.856581967394643762e-01
-1.792372322311575061e-01
-1.735309041241677175e-01
-1.686243561319122897e-01
-1.645345902227635104e-01
-1.612301280847252549e-01
-1.504672562109490297e-01
-1.419321056174307483e-01
-1.353769665424060520e-01
-1.235245618939877499e-01
-1.143982430919667781e-01
-1.076377396753607218e-01
-1.028716267826059738e-01
-9.973974739393742794e-02
-9.860066918426291238e-02
-9.123244952543130282e-02
-8.572411860090611846e-02
-7.463951273224744831e-02
-6.615834335453341097e-02
-5.996334952158277609e-02
-4.844623913012302552e-02
-3.953127247658660970e-02
-2.604644246112175487e-02
-1.606132535177762222e-02
-1.874104318560387838e-03
1.569611798738890229e-02
4.299725724330860643e-02
6.340899180983461392e-02
7.816430488254222375e-02
9.520578282300595774e-02
1.072341137148506984e-01
1.152051212392912749e-01
1.199729985931543563e-01
1.222822054188374974e-01
1.227679120500710930e-01
1.219609870612694547e-01
1.202954781342797652e-01
1.249216612866865805e-01
1.289467007110498553e-01
1.316481625742313977e-01
1.332702885668672899e-01
1.270965957469589735e-01
1.284857411892277312e-01
1.293425464316939610e-01
1.297805249168926256e-01
1.299021666244810636e-01
1.367971773096441357e-01
1.432593069006955488e-01
1.553631839456761643e-01
1.637717212649409948e-01
1.712252426165896679e-01
1.824279064307303688e-01
1.907936384405999330e-01
2.036440612311396503e-01
2.132103861484444529e-01
2.215459418991554408e-01
2.342418831162802473e-01
2.419680995634152509e-01
2.488538655286611778e-01
2.602159603473084282e-01
2.617374860577688089e-01
2.686711791431100060e-01
2.734145127748426329e-01
2.783076404421902517e-01
2.814960823040035809e-01
2.901368206140402251e-01
2.964823676123926610e-01
3.030110021368215278e-01
3.076162325513449591e-01
3.175110934300540144e-01
3.248596824767531199e-01
3.368886816751166524e-01
3.483006153349321732e-01
3.635762122426242637e-01
3.750342384859826073e-01
3.899694269389244461e-01
4.008897365452264161e-01
4.084510375579653019e-01
4.198970308934064644e-01
4.279311166116535059e-01
4.331938461884989877e-01
4.427304184114637664e-01
4.493562393996071158e-01
4.536351796022692895e-01
4.560731953135417349e-01
4.665823884079447481e-01
4.743660227647863437e-01
4.798378048803684237e-01
4.896804268497223500e-01
5.002236988306894006e-01
5.142091576342002757e-01
5.246586267903443623e-01
5.357300471765054084e-01
5.498791391423920594e-01
5.602854528151981484e-01
5.714156427028257434e-01
5.853961071202081756e-01
5.955431906671232456e-01
6.084275499616342842e-01
6.175434977756049104e-01
6.277958589152183855e-01
6.406944637253210173e-01
6.498879756321209733e-01
6.617030725059985796e-01
6.699624630551958004e-01
6.798117279105065913e-01
6.866288707752450371e-01
6.909679500094350058e-01
6.933461758959422738e-01
6.997279644215101957e-01
7.039871878294178265e-01
7.065561825815099839e-01
7.070337695416732959e-01
7.066805449898110325e-01
7.160213007029909704e-01
7.280954290083130331e-01
7.480014367621954374e-01
7.689151016080566503e-01
7.905857888726882665e-01
8.125009585030426029e-01
8.290004193901644447e-01
8.458482029819787140e-01
8.626328673784432466e-01
8.742658676050679700e-01
8.922430964412110255e-01
9.049586399956499605e-01
9.134060534015996380e-01
9.229120531951292561e-01
9.289393915500649967e-01
9.322855890727521633e-01
9.351376802820834389e-01
9.260657168058388233e-01
9.233322280473494903e-01
9.158069399976253022e-01
9.029958810237309619e-01
8.921120890807273662e-01
8.831817779587820549e-01
8.761125510085070456e-01
8.591351181392097303e-01
8.573572305091839985e-01
8.566701100861084939e-01
8.510478554418959840e-01
8.420174381512612882e-01
8.295782404666316445e-01
8.146534613898738231e-01
7.980975154309960518e-01
7.806388306091460727e-01
7.678572102398251165e-01
7.536511449436179566e-01
7.434113098259594876e-01
7.364315562019981831e-01
7.219391618381177933e-01
7.113480983377815647e-01
6.985233883478563222e-01
6.846903208504877547e-01
6.702930287317975244e-01
6.600469182942521051e-01
6.432638928548618518e-01
6.352371017754676608e-01
6.259923907448898817e-01
6.182229901276727890e-01
6.090577472721543373e-01
6.028438721743625273e-01
5.931085731965367591e-01
5.823128544828657382e-01
5.746917905799129311e-01
5.696710663121575813e-01
5.667169717564239928e-01
5.691773733965206361e-01
5.622508355354010057e-01
5.572882423942948638e-01
5.539626071278480612e-01
5.420919224625302402e-01
5.330798389807436255e-01
5.265290657695573806e-01
5.220328031476597630e-01
5.129777260829380126e-01
5.028675641942648156e-01
4.955012387801656093e-01
4.904155056908299226e-01
4.871722498640731480e-01
4.790986734334266028e-01
4.732450480680079341e-01
4.597157267195970398e-01
4.494784783444436549e-01
4.356482219975357228e-01
4.159186584654677166e-01
4.009563534378914884e-01
3.835398115514698780e-01
3.706801470488849670e-01
3.525754370684981431e-01
3.393897301414763312e-01
3.302946007106939419e-01
3.178415701131964699e-01
3.091777911097728371e-01
2.968776330829576704e-01
2.814243789629715664e-01
2.701554233355385470e-01
2.555248361640765076e-01
2.363358310294600972e-01
2.153033335608993681e-01
1.928155432126958946e-01
1.750079679769021013e-01
1.625971726559427566e-01
1.545388594650520808e-01
1.498934096865709442e-01
1.478425205038458312e-01
1.407838068886559935e-01
1.363159871273988966e-01
1.338831947537568734e-01
1.339275741361285466e-01
1.279144764623676434e-01
1.237446696608819341e-01
1.211013918825898372e-01
1.117300566167473974e-01
9.769412333650806524e-02
8.702095920827646047e-02
7.924637995659522538e-02
5.929987826145222130e-02
4.418558617590306881e-02
3.317348582288692782e-02
1.860430153894876426e-02
8.068002124641315831e-03
-6.052954480884498167e-03
-1.621422075274847607e-02
-3.000145985040525431e-02
-3.988972825518177778e-02
-4.687714956871169569e-02
-5.824383626012918924e-02
-6.632535282180396230e-02
-7.116273344696821823e-02
-7.384119175828196546e-02
-8.239179340762126103e-02
-8.781539267022830941e-02
-9.185878532938662744e-02
-1.012311290736751523e-01
-1.080562978767969362e-01
-1.188979809982140257e-01
-1.267647041013932885e-01
-1.390361894361822337e-01
-1.480228920756427868e-01
-1.621707322881760227e-01
-1.715597665711625641e-01
-1.792443579702642786e-01
-1.844089913860089691e-01
-1.875347265826230458e-01
-1.890664145743532476e-01
-1.962348790910299901e-01
-2.027045003235898868e-01
-2.141319027973043188e-01
-2.227253143365890420e-01
-2.374144707120227071e-01
-2.468764795537021772e-01
-2.603574208595733630e-01
-2.702058148438555296e-01
-2.770189885395959450e-01
-2.881202810405070203e-01
-2.960062114746710993e-01
-3.012600034999477483e-01
-3.044201667688841706e-01
-3.125871349059829996e-01
-3.183100177580868717e-01
-3.220462498947358476e-01
-3.242129440785339600e-01
-3.208090503084710665e-01
-3.150966426113159802e-01
-3.099090853692800795e-01
-3.053605785742903311e-01
-3.014970105672638567e-01
-2.936666100901761389e-01
-2.852360900515911180e-01
-2.785609558604671410e-01
-2.734642290948308130e-01
-2.697373503996207678e-01
-2.585775659258049419e-01
-2.500074656600461687e-01
-2.369330901477610940e-01
-2.269683384352496613e-01
-2.196820887371888631e-01
-2.161196964668874454e-01
-2.057948314485482655e-01
-1.981799198182245814e-01
-1.860114619822732518e-01
-1.769470407164097647e-01
-1.705276210635742196e-01
-1.593966046109576151e-01
-1.512513912574666719e-01
-1.386830362267841288e-01
-1.224411730140582133e-01
-1.102404969422523529e-01
-1.015163756657895266e-01
-8.803316754099865804e-02
-7.838201080665863074e-02
-7.187393039067901945e-02
-6.095032880313588919e-02
-5.325295549903108494e-02
-4.128189013922178852e-02
-3.985513628545267473e-02
-3.290475926999114620e-02
-2.821156356096699014e-02
-1.830504923973075293e-02
-1.109625170363459645e-02
9.260150951120316165e-04
1.691369261309327854e-02
3.604713086786426324e-02
5.047336404231561602e-02
6.793806405158342443e-02
8.071978491981335324e-02
9.662594018651859962e-02
1.150473151457442889e-01
1.354083497311735496e-01
1.502403593259415970e-01
1.604687880695192526e-01
1.669747236510255028e-01
1.774548880142314822e-01
1.844378965967956585e-01
1.954787731792195782e-01
2.045011997670949100e-01
2.174344934459218059e-01
2.267279589691273411e-01
2.398357123808600999e-01
2.509721193293841246e-01
2.638260536390721889e-01
2.728980030594594375e-01
2.788752155579290459e-01
2.911472039120961419e-01
3.067365650173152769e-01
3.181983115224493730e-01
3.261787834891975990e-01
3.379820385988083764e-01
3.486843886089423528e-01
3.561655915244210657e-01
3.676435665674442355e-01
3.757696109158785713e-01
3.877224308906328520e-01
3.989707546443426178e-01
4.106657313178323498e-01
4.188449126269506717e-01
4.270917425312812377e-01
4.326157540779600463e-01
4.423656039234864501e-01
4.428114026361458233e-01
4.420515957005497487e-01
4.404878012084103567e-01
4.384442238673078585e-01
4.426255480656922092e-01
4.455801722781751462e-01
4.475289333190330954e-01
4.486776571237909295e-01
4.458761817719878451e-01
4.431871205864950092e-01
4.376511010304331428e-01
4.329951997224088522e-01
4.291991717650589511e-01
4.196519094256303539e-01
4.119863390864333397e-01
4.060438755478885664e-01
4.016206364820378294e-01
3.918188890958593795e-01
3.815627794871458978e-01
3.738652796249939403e-01
3.683392434908059343e-01
3.554194135414827649e-01
3.457186949496648953e-01
3.387331813479672604e-01
3.273267705519204984e-01
3.189148331138325076e-01
3.130220337974376488e-01
3.024690992620950869e-01
2.927053543603297392e-01
2.790533656444755817e-01
2.689466674645730748e-01
2.618271086328267661e-01
2.571533266425445330e-01
2.476469163458514533e-01
2.408531592732148230e-01
2.363114597881252887e-01
2.251610027254560276e-01
2.102076527569587405e-01
1.990091925751122925e-01
1.841589197093052022e-01
1.731782287410101873e-01
1.654689132331372825e-01
1.604427831023218509e-01
1.575498548385450004e-01
1.562954284801052474e-01
1.493439777514671274e-01
1.444854833085427170e-01
1.344025975743683432e-01
1.269318202676226193e-01
1.146971703800943043e-01
9.853112663129026672e-02
7.866233106918563145e-02
5.674487553645612969e-02
4.032276828820902104e-02
2.855797581439545318e-02
1.369269293475761096e-02
-3.720013604022298637e-03
-1.624699061213297213e-02
-2.480111180660760084e-02
-3.014304726740069107e-02
-3.985408846547700001e-02
-4.641026393342850831e-02
-5.042324959352395553e-02
-5.934622765367625341e-02
-6.552249492179207380e-02
-7.687973586088570066e-02
-8.521447642096391384e-02
-9.033620942311992863e-02
-9.405900089487539972e-02
-9.610273616170794675e-02
-9.685558168116426003e-02
-9.666149610632812639e-02
-1.028607801462433358e-01
-1.073671339094108834e-01
-1.104524412536809219e-01
-1.194158187168712359e-01
-1.261736090085801010e-01
-1.310404649953662570e-01
-1.413241788741683713e-01
-1.490414370514594466e-01
-1.615120183430938106e-01
-1.777724170397962933e-01
-1.969251658694037843e-01
-2.113824467640741389e-01
-2.218427553317701140e-01
-2.357231883731831790e-01
-2.456663383697861303e-01
-2.607900250060664060e-01
-2.700158288872025469e-01
-2.845934552282891605e-01
-2.885506956165015957e-01
-2.903581930520415799e-01
-2.905605446168304518e-01
-2.896257043903178729e-01
-2.879430637155253603e-01
-2.858259121417634496e-01
-2.835171192674716956e-01
-2.811969368222531074e-01
-2.789919379404877109e-01
-2.769842777532616207e-01
-2.752206522948841272e-01
-2.737205254008945321e-01
-2.724833657499701189e-01
-2.714947770669644544e-01
-2.707315102249887584e-01
-2.769120341680417763e-01
-2.820062199631423461e-01
-2.860786758615798675e-01
-2.958958355412146801e-01
-3.036484135530812534e-01
-3.095663483206796407e-01
-3.226551396105006297e-01
-3.328855043397418445e-01
-3.405740217289994209e-01
-3.437220875083024652e-01
-3.543407998584624519e-01
-3.622777262144318833e-01
-3.654466709818962045e-01
-3.760687574635128705e-01
-3.839650718411313779e-01
-3.959075339027779972e-01
-4.047468771874542792e-01
-4.109786510741026966e-01
-4.150795681492838174e-01
-4.174888213894389910e-01
-4.213875632925898618e-01
-4.301110335400046836e-01
-4.365519672945319396e-01
-4.410559073903101979e-01
-4.501877640283813431e-01
-4.568891872415914435e-01
-4.646291728945137756e-01
-4.763679691175499720e-01
-4.851436702515221633e-01
-4.974703129641113719e-01
-5.065370857544135852e-01
-5.128712257263925434e-01
-5.169809353807366392e-01
-5.193336967311057428e-01
-5.297051444319265112e-01
-5.374047367297167810e-01
-5.428320753819997346e-01
-5.463863203081444908e-01
-5.484453122491161903e-01
-5.588532836080419841e-01
-5.725345380837052467e-01
-5.828965433849903066e-01
-5.961026654679727477e-01
-6.058132359643267906e-01
-6.221044544353810934e-01
-6.342833629491672065e-01
-6.429722719113034612e-01
-6.529135170642970110e-01
-6.652619476583087055e-01
-6.784042876633185060e-01
-6.879562234335034887e-01
-7.042321655681580417e-01
-7.163085581880939134e-01
-7.247890938803014382e-01
-7.302957641747271911e-01
-7.334272886977560857e-01
-7.398997389250652201e-01
-7.440517643551965987e-01
-7.514415716152821334e-01
-7.564626312186435442e-01
-7.643166590114822689e-01
-7.698700324121304783e-01
-7.735305932189171507e-01
-7.805073613171650271e-01
-7.903581988067164277e-01
-7.976140794024925151e-01
-8.026814803627241313e-01
-8.059589324205623795e-01
-8.175536116952716315e-01
-8.262770771319012386e-01
-8.325431414077137937e-01
-8.464813657275264136e-01
-8.569881224105747597e-01
-8.742305363279085917e-01
-8.872346050603028278e-01
-8.966122731055199413e-01
-9.083748648657544722e-01
-9.209550692181779352e-01
-9.339726448004408432e-01
-9.486538252113481118e-01
-9.592573475116619175e-01
-9.626140795485004231e-01
-9.678512890716433059e-01
-9.726833791810527430e-01
-9.794020731773669386e-01
-9.800401791079743630e-01
-9.738127037179595824e-01
-9.735925978655888269e-01
-9.670926747002938084e-01
-9.613192652217327216e-01
-9.523320907746888331e-01
-9.448397463030002719e-01
-9.388004465240107344e-01
-9.284593288481142181e-01
-9.203914791570890763e-01
-9.143292170227296234e-01
-9.044901863695341548e-01
-8.928048788357433319e-01
-8.786008926528017238e-01
-8.679033522861343553e-01
-8.601863512368771447e-01
-8.497713915818047026e-01
-8.378002031727500576e-01
-8.290554738830925308e-01
-8.180181936537201937e-01
-8.054501546123253863e-01
-7.962798366133787553e-01
-7.899640078649659003e-01
-7.762813978641843748e-01
-7.661865467016090170e-01
-7.541233952886727820e-01
-7.453856617286436226e-01
-7.347920114397172853e-01
-7.222016465695048071e-01
-7.131011360638763730e-01
-7.024258008102626238e-01
-6.906089383056737141e-01
-6.770179594888198205e-01
-6.672369910609822208e-01
-6.551830590833556123e-01
-6.465953895022300557e-01
-6.353355011417424203e-01
-6.273302174123962516e-01
-6.123097574441518365e-01
-6.012466344449661770e-01
-5.877183172953311940e-01
-5.681938958382188876e-01
-5.536165113524520454e-01
-5.372186685569135811e-01
-5.191924541232133539e-01
-5.025549335735204348e-01
-4.844973311637419400e-01
-4.683120544307279864e-01
-4.507380311674642481e-01
-4.353267538078704479e-01
-4.184330733844074945e-01
-4.038592305422830098e-01
-3.876470845593873449e-01
-3.763551297762972592e-01
-3.626123977849675661e-01
-3.531439393547119998e-01
-3.471440350532630781e-01
-3.373585942190027165e-01
-3.308004545197686941e-01
-3.268508430660874708e-01
-3.183127928685378638e-01
-3.124688224899749844e-01
-3.000267243846459486e-01
-2.909759500579540692e-01
-2.761324707219534602e-01
-2.670965609894950799e-01
-2.609434009863182968e-01
-2.503658670311010859e-01
-2.411486028519895797e-01
-2.364603082055556360e-01
-2.337667832032703785e-01
-2.257743834611596334e-01
-2.201357070355907108e-01
-2.095357210769108747e-01
-1.947556212031131828e-01
-1.765447390894259172e-01
-1.626805093839867045e-01
-1.455108038084900191e-01
-1.328012319128899499e-01
-1.167334300132636393e-01
-1.050883438339202947e-01
-8.994940820952534999e-02
-7.189546652151901363e-02
-5.874031599396567493e-02
-4.934993891852124115e-02
-3.628970177858104051e-02
-2.730336886718354172e-02
-2.158933173832355834e-02
-1.842875012359002085e-02
-1.719669848936877798e-02
-1.736389156104301001e-02
-1.849291066881808554e-02
-2.023127553120329658e-02
-2.214617952681896540e-02
-2.435724186344012665e-02
-2.654313881503744810e-02
-2.154658907802375900e-02
-1.762227575634556231e-02
-1.465339295411327569e-02
-1.250824054839561050e-02
-3.964324699581966982e-03
2.735807794329359055e-03
1.489080138722709279e-02
3.143334940073971850e-02
4.428774284874270606e-02
6.097289284833484757e-02
8.064255375078266397e-02
9.482594874951555397e-02
1.118088020717897813e-01
1.249550842226556657e-01
1.341956228447644950e-01
1.402293459471937176e-01
1.447188552503124725e-01
1.530228473709118742e-01
1.597098220085344522e-01
1.710662119346679777e-01
1.805669315577942413e-01
1.943866699099316975e-01
2.046198027883301407e-01
2.188843753280618198e-01
2.292931762286130049e-01
2.435226278592643734e-01
2.589360317772206876e-01
2.699033665070971200e-01
2.840780940791003406e-01
2.940612320457054452e-01
3.094546525882928556e-01
3.206144030769491060e-01
3.215927822894983912e-01
3.209347908175239628e-01
3.213965777831739867e-01
3.185175834293261232e-01
3.175414556201425764e-01
3.160871676501435523e-01
3.143709219151005207e-01
3.125611728983819226e-01
3.200023082713467915e-01
3.259545334296340968e-01
3.375156206771159351e-01
3.491066769921808977e-01
3.651068422007939240e-01
3.775048002413985415e-01
3.936201499969271822e-01
4.056813225194326744e-01
4.210703209464459196e-01
4.389586812240964253e-01
4.520357537303787421e-01
4.676246438900995006e-01
4.787091100781559749e-01
4.924545444460945998e-01
5.020566897147955565e-01
5.083347755071547791e-01
5.120096039518633457e-01
5.137017380534314448e-01
5.139353496563316970e-01
5.131448245156160493e-01
5.055424541909969705e-01
5.048059556008783755e-01
5.038162849966143497e-01
5.027019057399166879e-01
5.015588743603345279e-01
5.004557351761753647e-01
4.994382828035903721e-01
5.081357428399546627e-01
5.152468040214874812e-01
5.208693789164060561e-01
5.312935383622929830e-01
5.393898966026648978e-01
5.454440913279929859e-01
5.557653291509760951e-01
5.634938557202322507e-01
5.728199404364926473e-01
5.797092967316510581e-01
5.903957335652129101e-01
5.982689697704101084e-01
6.077835378386041709e-01
6.147018274157612927e-01
6.194280548914592455e-01
6.165533141140627782e-01
6.174479039838275396e-01
6.175085148291289405e-01
6.212467522418959609e-01
6.238743547364027364e-01
6.255619385519639586e-01
6.309512079590816613e-01
6.411629826476630267e-01
6.490762012995626717e-01
6.549397472599471914e-01
6.590489131045847992e-01
6.556348622854746289e-01
6.582734611712577344e-01
6.599477719878691362e-01
6.608642727548087459e-01
6.672087867195325428e-01
6.767149465617857684e-01
6.840627242642394190e-01
6.895185527782821122e-01
6.991916770051144203e-01
7.113375150496316079e-01
7.313088789984052429e-01
7.523988748313781283e-01
7.736780992694799464e-01
7.950909610304291997e-01
8.160675941724397919e-01
8.312282297817411569e-01
8.520705847983887082e-01
8.671074421720735836e-01
8.820428256731291938e-01
8.967129336722355903e-01
9.066305052053309499e-01
9.128278046642450683e-01
9.217916768624198065e-01
9.276196319905104515e-01
9.366797149915189191e-01
9.428563808098533450e-01
9.525373329898180197e-01
9.593824274213821335e-01
9.638514810682686784e-01
9.766093970432514482e-01
9.860443320402643153e-01
9.966465394793215804e-01
1.010280563998889214e+00
1.024060692904792180e+00
1.033956852834643447e+00
1.040669359057213583e+00
1.048421842455318664e+00
1.059650914286908385e+00
1.067640280049973800e+00
1.072980927967157383e+00
1.082446456591831474e+00
1.089176791532109778e+00
1.096887944199142595e+00
1.105269948384775880e+00
1.111195824949262612e+00
1.124653171713632771e+00
1.131666575963352628e+00
1.136384943211796950e+00
1.148860847052247225e+00
1.158099879211080374e+00
1.171281662042097604e+00
1.181024257192408777e+00
1.194639962701832481e+00
1.204659301042461550e+00
1.204728813820096667e+00
1.203523719632666023e+00
1.197336798159858162e+00
1.188863093824658268e+00
1.181405416223332505e+00
1.175045099029711881e+00
1.160249142266512212e+00
1.148162029592104671e+00
1.141650596854604016e+00
1.136930200655447809e+00
1.130622168177574993e+00
1.119482235581067631e+00
1.107764969597862414e+00
1.092323500711702255e+00
1.080538192216259574e+00
1.071934832244419100e+00
1.056021490105587324e+00
1.044050006613938653e+00
1.025339287868578975e+00
1.011233493541750628e+00
9.970792857072376947e-01
9.806089658206621484e-01
9.643822800637233961e-01
9.464347071011753876e-01
9.334660347996202034e-01
9.140287963338683541e-01
8.998869057308314101e-01
8.843159284084332050e-01
8.686673961295929836e-01
8.469747536854442815e-01
8.202981163278763033e-01
7.950016923501549426e-01
7.712821627185950657e-01
7.383542593528200637e-01
7.141211694905331697e-01
6.923640306328373573e-01
6.729379939115909259e-01
6.555939202750323824e-01
6.443012341996857684e-01
6.277505621763552757e-01
6.166234058325232859e-01
6.097426192766657316e-01
6.003720714598487218e-01
5.944489904210239484e-01
5.853865995110569820e-01
5.793853395262724693e-01
5.698621547716191671e-01
5.594482978880361834e-01
5.460766006809538720e-01
5.301111406310070606e-01
5.083251316724708424e-01
4.918980186636736640e-01
4.736091405982827407e-01
4.504689942949033910e-01
4.333991143533690860e-01
4.051219148166660400e-01
3.841013410872775591e-01
3.598408194377382685e-01
3.425064188298931889e-01
3.240169340748892957e-01
3.022448243519226807e-01
2.800527374993002638e-01
2.624695054645842518e-01
2.506633346974360688e-01
2.349637700704023668e-01
2.192039896011754863e-01
2.083588412535559709e-01
2.014984856414889780e-01
1.908979649072712892e-01
1.769756289621644552e-01
1.671566503585883989e-01
1.548233880594680478e-01
1.461408390874965324e-01
1.270214275765271239e-01
1.198594100502381465e-01
1.081299622292226648e-01
9.242285455000898153e-02
8.099004969386358610e-02
6.558137242916828313e-02
4.686269214032501296e-02
3.318870987955624408e-02
2.361476519876393176e-02
1.006379791851852445e-02
7.623691173339608440e-04
-1.237125468847910525e-02
-2.127076066687050293e-02
-2.669169590349684817e-02
-3.663482459054634433e-02
-4.334344926547117893e-02
-4.753400175983246712e-02
-5.014586332027914928e-02
-5.819772209163232013e-02
-6.392223358069881733e-02
-6.772355051285727789e-02
-7.641776159980406824e-02
-8.268038573427127780e-02
-9.381229993943396295e-02
-1.020556224831559167e-01
-1.147004684603580849e-01
-1.249458691076430483e-01
-1.323826976281690104e-01
-1.374502208695151939e-01
-1.405829819428479066e-01
-1.421901209836462510e-01
-1.426412982135920604e-01
-1.502674990859182991e-01
-1.559445790072335747e-01
-1.669916147620302826e-01
-1.753717769777771718e-01
-1.884780107433972063e-01
-1.969315857645013157e-01
-2.096911512419707968e-01
-2.190016138878765339e-01
-2.254627169617740012e-01
-2.296312241742097804e-01
-2.320050983464276850e-01
-2.346253819658410400e-01
-2.359694261311673369e-01
-2.295083997529649977e-01
-2.235399733458822702e-01
-2.167099361973645610e-01
-2.109705202908718213e-01
-2.062888117668144616e-01
-2.025856860444694707e-01
-1.929100745381242543e-01
-1.865307642518378994e-01
-1.816500304441555080e-01
-1.780871251187887694e-01
-1.686162677491314099e-01
-1.612979008088020194e-01
-1.547788528409113074e-01
-1.431161056709751023e-01
-1.343121534589293287e-01
-1.279519309989731735e-01
-1.236185057071852444e-01
-1.209169549201605243e-01
-1.194886989972638869e-01
-1.120236290006713098e-01
-1.065269995523427937e-01
-9.567503442736025043e-02
-8.745087006830698506e-02
-8.149321309444568229e-02
-7.038280289291520830e-02
-6.208345479484633778e-02
-5.618413546159661820e-02
-5.227029613924161211e-02
-4.286942512031766128e-02
-4.307080910935767726e-02
-3.701642786058445544e-02
-3.277704615492837981e-02
-3.024110906206423088e-02
-2.883046246502063426e-02
-2.829216921906674287e-02
-2.099796542269705135e-02
-1.554003484277299840e-02
-1.172512011152004874e-02
-1.897385681649321754e-03
5.577080214355323307e-03
1.098967584413190757e-02
2.199688215561557136e-02
3.730941368163542826e-02
5.605287333191277810e-02
7.736903668995731564e-02
9.346366493812241494e-02
1.121379393078545395e-01
1.258023506671035463e-01
1.422528123543405076e-01
1.540118338999529879e-01
1.619157957334353970e-01
1.679068790922353394e-01
1.713378523723845248e-01
1.727800605341254236e-01
1.797619313232849958e-01
1.844486728716843160e-01
1.942947898821925090e-01
2.069268143512899005e-01
2.176428864091339843e-01
2.306055631256322958e-01
2.416166353895761176e-01
2.426301503645298396e-01
2.490842384741371873e-01
2.551213293014569228e-01
2.641502520563798750e-01
2.724544673756226221e-01
2.783276510628598377e-01
2.890230658514294504e-01
2.968431359035914596e-01
3.022422520210403807e-01
3.056675981825442978e-01
3.075364548666812414e-01
3.082224564437294756e-01
3.148308297547923740e-01
3.195894634969274062e-01
3.228159403246406711e-01
3.248105573575472693e-01
3.325357027128299503e-01
3.406380710232397302e-01
3.467075002399822026e-01
3.577124622554290756e-01
3.660293669709353548e-01
3.720331243299939139e-01
3.761083736604236005e-01
3.786254384766891690e-01
3.892152258495205075e-01
3.972461576923267401e-01
4.030537558538105358e-01
4.135891914384266510e-01
4.213769015087907022e-01
4.333479207655206444e-01
4.452363903589799943e-01
4.604502931894236539e-01
4.717975691536926419e-01
4.798574850728503094e-01
4.915114078408331366e-01
5.032177200158953756e-01
5.116141884147651364e-01
5.172473705807949518e-01
5.206476291586223937e-01
5.223056096293201556e-01
5.288856344908214879e-01
5.333755998975480139e-01
5.361820030934500991e-01
5.437923809003766262e-01
5.492459582618163250e-01
5.468895454434716807e-01
5.479323030705849362e-01
5.482356853201040270e-01
5.479995094858720606e-01
5.535602404636719154e-01
5.577692390738970829e-01
5.608135124855273546e-01
5.689625520546632842e-01
5.790837179144023850e-01
5.868829109924563747e-01
5.926441747316490982e-01
5.966754141123272737e-01
6.052396416996266293e-01
6.156967389705462201e-01
6.252017219380069379e-01
6.320554448301193284e-01
6.409804375245939934e-01
6.474295008062912471e-01
6.618506982375923497e-01
6.728052485551153650e-01
6.807576712502186878e-01
6.861923937216546365e-01
6.895816664327381051e-01
6.959831122230701883e-01
7.059156011000397024e-01
7.179279776923359613e-01
7.317907618303601813e-01
7.422687718747207342e-01
7.497730817858849761e-01
7.653666592705851146e-01
7.770434050154240158e-01
7.853327035590988991e-01
7.907999071571414351e-01
7.939998974912446661e-01
7.954464043464478662e-01
8.010160951147734520e-01
8.047134289604562785e-01
8.068942172047551820e-01
8.023876141892063441e-01
7.926276754604967278e-01
7.790346694197514132e-01
7.679908023586380361e-01
7.542362537518575438e-01
7.435808686585907434e-01
7.302380825015967192e-01
7.153389221208341642e-01
7.041187522942309318e-01
6.914836492122221623e-01
6.768822369016320728e-01
6.660779235005366283e-01
6.584561911571104043e-01
6.534357035399062097e-01
6.504842812947747577e-01
6.435138825137659557e-01
6.387047929200776464e-01
6.257450315306573030e-01
6.159782132077662453e-01
6.049117626340525522e-01
5.910974579639873827e-01
5.808766230033139966e-01
5.736984713300588012e-01
5.630218163072933102e-01
5.516303397658166574e-01
5.374440234512343206e-01
5.270252046908716625e-01
5.100963311301975889e-01
4.975931828249524624e-01
4.825460962645138352e-01
4.716395816654710416e-01
4.546755552363483943e-01
4.423264036211835837e-01
4.244609564082171271e-01
4.115247900728595809e-01
3.961986733114197801e-01
3.787744671499853055e-01
3.661312773211784499e-01
3.574987344194886507e-01
3.430767258806131093e-01
3.329275960111268695e-01
3.262683445551770589e-01
3.223757164315561585e-01
3.206059304970172441e-01
3.204031003236313957e-01
3.146382883576173128e-01
3.107948131913824685e-01
3.084975715431130805e-01
3.074025651768432787e-01
2.983799405390441528e-01
2.849265857310536720e-01
2.746352084796273019e-01
2.603073774691637698e-01
2.494900492636400458e-01
2.279858036409092570e-01
2.099217176045546918e-01
1.897411956324914772e-01
1.748087823937274354e-01
1.573911322030159265e-01
1.379094406913869975e-01
1.237199168900056101e-01
1.069919339997915664e-01
8.812151962884029466e-02
6.702461590118002910e-02
5.222988950750440118e-02
3.484867776870825828e-02
1.577671128334046102e-02
2.287611513863918589e-03
-1.378099175257618825e-02
-2.483955360726719519e-02
-3.881052940905593829e-02
-4.865505541530845690e-02
-5.493559993488017490e-02
-6.540282832460864171e-02
-7.243951334685649890e-02
-8.315359316925730049e-02
-9.043563788435760031e-02
-1.018920170678143666e-01
-1.175983233438580022e-01
-1.292028090644612437e-01
-1.442462633807437555e-01
-1.620614788531344885e-01
-1.751405940764834135e-01
-1.910888394216583297e-01
-2.093146312633573647e-01
-2.225043270199094092e-01
-2.315182943679983119e-01
-2.388047171778386879e-01
-2.482781400368510027e-01
-2.545054796845638290e-01
-2.599395194121822961e-01
-2.698381801774814015e-01
-2.767676255843052324e-01
-2.879509925943004589e-01
-2.959508029901223303e-01
-3.013149925677109930e-01
-3.111908584995215499e-01
-3.181827028890293896e-01
-3.250207613149287411e-01
-3.296233964053256749e-01
-3.324081640163145668e-01
-3.337669948543842136e-01
-3.317542769749728393e-01
-3.316905277384529782e-01
-3.310912545350184200e-01
-3.301483301288934413e-01
-3.223120735053786046e-01
-3.155902240413719362e-01
-3.011019054199990386e-01
-2.894162696686961578e-01
-2.802927064612832364e-01
-2.666388709911273747e-01
-2.543630491575314956e-01
-2.452732991203891988e-01
-2.321003685216480594e-01
-2.238753084012450323e-01
-2.181628802421839985e-01
-2.076449615070763421e-01
-1.916942020419800663e-01
-1.797418730525521813e-01
-1.642849335405311972e-01
-1.528952898952877781e-01
-1.379929079488211308e-01
-1.262660260955623670e-01
-1.190298598221326554e-01
-1.145187048853475442e-01
-1.051806530864001221e-01
-9.871446504321390591e-02
-8.758909345710952365e-02
-7.254729543041338324e-02
-5.431242176233408436e-02
-4.064151920158631803e-02
-2.380226851001499000e-02
-4.405661836265117870e-03
9.879012845832146894e-03
3.403141704941292645e-02
5.911377202624445992e-02
8.470065741632404333e-02
1.104538584337564355e-01
1.361147749119706596e-01
1.545668943066385026e-01
1.670712786598071986e-01
1.816892637157008217e-01
1.913114889987186373e-01
1.969760858978533147e-01
2.064156068845461878e-01
2.206383565306944128e-01
2.306870508919027785e-01
2.440935006700528653e-01
2.602668031158894557e-01
2.786073525915988558e-01
2.918775125575516771e-01
3.009407369242431685e-01
3.132342696936532001e-01
3.238316340511191438e-01
3.309704316978685501e-01
3.442782256166310173e-01
3.604964422841874239e-01
3.749559083852884722e-01
3.853869485821528329e-01
3.990593818654371017e-01
4.153277677984514860e-01
4.270056489302251901e-01
4.444506675849899668e-01
4.635950265199992870e-01
4.838416625091233048e-01
4.984340933268123219e-01
5.145515775382234480e-01
5.292587624247402367e-01
5.454760114378802704e-01
5.568175769875272074e-01
5.701172015079620792e-01
5.829740365325694063e-01
5.917877215582236783e-01
5.973158826940344612e-01
6.002579126491546235e-01
6.052560222551192082e-01
6.181041709851050614e-01
6.275960211944605627e-01
6.385188949048561380e-01
6.463734487314469757e-01
6.574686819443535946e-01
6.699171529176864981e-01
6.894369417625514362e-01
7.091051059363467912e-01
7.346379116586756464e-01
7.540655295824947313e-01
7.789422740245648402e-01
7.918505191000708709e-01
8.108720239610359704e-01
8.293262731174675384e-01
8.470040394079310087e-01
8.638012735203348669e-01
8.806623418902649325e-01
8.922226004743395444e-01
8.995699650467057218e-01
9.093068089268991905e-01
9.199524292605876230e-01
9.269978647525275450e-01
9.369529017308824148e-01
9.479089664673315818e-01
9.571707935905938713e-01
9.675897166487472667e-01
9.747887105528385554e-01
9.793633602948055294e-01
9.879079809396034140e-01
9.938217079385974762e-01
1.003742909610195966e+00
1.010894833742151722e+00
1.022037448971278017e+00
1.030208898617965385e+00
1.039649517876735096e+00
1.052728281716708958e+00
1.062328849564258881e+00
1.072574213692517375e+00
1.079666984052499057e+00
1.087655034889973171e+00
1.099431977060841170e+00
1.111111602051677583e+00
1.119358743660034294e+00
1.127900638415378687e+00
1.139994915879715798e+00
1.148691510368837321e+00
1.154614795187234755e+00
1.158325337617475803e+00
1.160315655424500880e+00
1.161010092133787364e+00
1.160767121166805804e+00
1.159883196125711224e+00
1.165002120810034736e+00
1.168768128175068588e+00
1.171386389288598062e+00
1.179579884259536637e+00
1.185885903606131553e+00
1.193154236544630153e+00
1.198473156283607510e+00
1.208745769542127091e+00
1.209903034757701557e+00
1.210106945810525136e+00
1.207145864622916065e+00
1.204171097041907057e+00
1.198757372325346182e+00
1.193999446425152877e+00
1.189962387409957412e+00
1.177111403558077418e+00
1.166563186870833935e+00
1.161175408245856522e+00
1.150619026078789187e+00
1.142634581906536884e+00
1.136846384448030767e+00
1.123226604286508223e+00
1.112822799228556647e+00
1.105207195467365899e+00
1.093491205231680752e+00
1.084914910406757249e+00
1.072640502395415529e+00
1.063720926019227075e+00
1.051400962963017216e+00
1.042524707962434460e+00
1.032873134755759814e+00
1.026075883151364998e+00
1.015605041609012549e+00
1.008142588765473580e+00
1.003156268807456231e+00
9.942427498574973876e-01
9.879875111216297467e-01
9.838916436109514940e-01
9.718169289415812262e-01
9.685633303766768565e-01
9.610855270901607073e-01
9.558455979124463875e-01
9.524385396588483932e-01
9.463867599598506652e-01
9.364467073486538728e-01
9.290750913104542930e-01
9.196032736368087157e-01
9.126366725163497229e-01
8.921570674657873790e-01
8.818325886530971047e-01
8.635761157577406255e-01
8.453025899994531800e-01
8.216606354190197914e-01
7.988789470108624835e-01
7.767291585089997064e-01
7.553117383600470580e-01
7.296146279606189333e-01
7.060905205972713983e-01
6.893914685398192521e-01
6.738059844069268500e-01
6.580036451810258313e-01
6.473775759350924863e-01
6.408785451643725928e-01
6.318906258549285004e-01
6.262914412863144209e-01
6.192335402064910177e-01
6.091962096984196995e-01
5.983504678971865998e-01
5.850305875485709572e-01
5.754698838444605169e-01
5.630523060271681590e-01
5.443914170254142704e-01
5.304849929283645960e-01
5.171145712229621161e-01
5.016625687016516011e-01
4.906133561324153014e-01
4.769317683565055255e-01
4.577574790356042644e-01
4.436888989429317309e-01
4.274799593156262123e-01
4.130339345570406273e-01
3.965769605090148087e-01
3.848833306727639236e-01
3.705522622851968872e-01
3.605090101682588699e-01
3.539930172602121505e-01
3.436117455119789277e-01
3.275218590411883568e-01
3.158534118937783575e-01
3.011075635733018174e-01
2.837285519820962332e-01
2.691242045002268934e-01
2.521002525913884629e-01
2.330352104038988514e-01
2.107951313118789916e-01
1.877335223938081388e-01
1.640489611169579920e-01
1.468263788577821582e-01
1.349858509494985537e-01
1.274987999453689458e-01
1.164932714047002271e-01
1.093307039888105070e-01
1.059647857481098576e-01
9.773292111261699944e-02
9.168361989957474201e-02
8.102402011910836421e-02
7.355751004102306645e-02
6.119775006304895015e-02
4.540436760396127092e-02
3.384454106458756328e-02
1.885261033031260247e-02
8.003200780626551492e-03
-6.338828581690325592e-03
-1.664119406132558154e-02
-3.050938188184937339e-02
-4.042733397536579787e-02
-4.741035317319841624e-02
-5.874901886965400166e-02
-6.678328819004764050e-02
-7.908386330202543668e-02
-8.790991750221643919e-02
-1.008627677895455044e-01
-1.172042952577383446e-01
-1.352612988045172049e-01
-1.494040392541564621e-01
-1.663057579211784098e-01
-1.853742764648191876e-01
-1.992403845631327552e-01
-2.155693115177159669e-01
-2.271116913084691991e-01
-2.347410267982756871e-01
-2.392624211166916037e-01
-2.346764838641690609e-01
-2.295333763291800278e-01
-2.242694240771860859e-01
-2.191966387807173788e-01
-2.145236178700047347e-01
-2.103754470339964655e-01
-2.068120293724660108e-01
-2.038444099438714296e-01
-2.014488411875443585e-01
-1.995785067494337817e-01
-1.981729652951176313e-01
-2.039847242874244237e-01
-2.088686414045686224e-01
-2.196241813110213492e-01
-2.282718192580761585e-01
-2.417085752079470851e-01
-2.521909177410628367e-01
-2.666998831582017004e-01
-2.796206036376231996e-01
-2.959247251146546187e-01
-3.147923252267341709e-01
-3.312179520924039000e-01
-3.499019963064380345e-01
-3.701931016466597502e-01
-3.851177033739252575e-01
-4.018787903782858884e-01
-4.137273130319905068e-01
-4.215623760077915616e-01
-4.290565162249238007e-01
-4.336278919707403645e-01
-4.388458666543344489e-01
-4.418394192703063439e-01
-4.525438969461574867e-01
-4.603464383952247108e-01
-4.753504264622416819e-01
-4.900910388721222422e-01
-5.011331926867754749e-01
-5.190696105037948538e-01
-5.390182547352813103e-01
-5.513742202690226080e-01
-5.663799495817118945e-01
-5.770083317399528067e-01
-5.903327421406532327e-01
-5.994827106716187348e-01
-6.114568008828177303e-01
-6.256332647983396944e-01
-6.370254334074376690e-01
-6.445156970497762927e-01
-6.546747390824931845e-01
-6.614196944836169267e-01
-6.655322390915782149e-01
-6.676551134030014323e-01
-6.683130346635300922e-01
-6.679309647806278560e-01
-6.668493939072136500e-01
-6.653370629031698513e-01
-6.636017271557053121e-01
-6.617994964281209702e-01
-6.600431356937540572e-01
-6.584095587918752379e-01
-6.569466243089765456e-01
-6.653718186318654526e-01
-6.722642320790734871e-01
-6.831024981919502359e-01
-6.916096475676343225e-01
-7.077580190472980703e-01
-7.203567088487956571e-01
-7.395408816722484069e-01
-7.542777450915684190e-01
-7.700794995251648567e-01
-7.767505196956238089e-01
-7.905240999751715902e-01
-8.005177568722534609e-01
-8.123322733902065274e-01
-8.305365090406813255e-01
-8.441647280608687298e-01
-8.636708747376291573e-01
-8.825408167936746873e-01
-9.015816991028017258e-01
-9.195774726103599361e-01
-9.378275186363624893e-01
-9.548078540884009646e-01
-9.666027420702536510e-01
-9.742204758564370071e-01
-9.842116671140491713e-01
-9.907113188487033373e-01
-9.944338689702084677e-01
-1.001778234581572669e+00
-1.006540338374131593e+00
-1.018744054380122943e+00
-1.027622794413932450e+00
-1.043158797374902580e+00
-1.060658384742915850e+00
-1.076989895033960920e+00
-1.094882054364607393e+00
-1.117136724678515325e+00
-1.133576899609175515e+00
-1.151351648970550423e+00
-1.170340113854401842e+00
-1.190421248788628095e+00
-1.213890216635361341e+00
-1.231026571050518825e+00
-1.249367658007997761e+00
-1.262247069682667977e+00
-1.270628065848327104e+00
-1.282050994619709616e+00
-1.298102621685174540e+00
-1.309370137260124967e+00
-1.323407952668827825e+00
-1.333144857010221562e+00
-1.347632155427744616e+00
-1.364439941177960636e+00
-1.376476567052229427e+00
-1.391295548826589901e+00
-1.401750290265903143e+00
-1.415371675989966826e+00
-1.424926814679104980e+00
-1.437936064861062402e+00
-1.446217968348630922e+00
-1.458454814065363925e+00
-1.473421203077730945e+00
-1.491580208048693290e+00
-1.512345585559960792e+00
-1.527861268714563403e+00
-1.546284844468018838e+00
-1.566618699694841244e+00
-1.588414106386035529e+00
-1.603843337971417204e+00
-1.614110815362992390e+00
-1.627358691058355733e+00
-1.636159825832081749e+00
-1.641459075266396006e+00
-1.651003914871768785e+00
-1.650359886990315106e+00
-1.648944986141967828e+00
-1.646591997787087092e+00
-1.636669362200767086e+00
-1.627744395148902568e+00
-1.619993506720723175e+00
-1.613479113052438407e+00
-1.600837128021281197e+00
-1.590779403177352336e+00
-1.583120976743085162e+00
-1.577375749352883050e+00
-1.573276462201415704e+00
-1.570547544867465950e+00
-1.568908853032069173e+00
-1.560887665302157945e+00
-1.554765291072763400e+00
-1.543017704105711596e+00
-1.526998433929989574e+00
-1.507587599186479999e+00
-1.492845504280388536e+00
-1.475649294255362065e+00
-1.463166880770421230e+00
-1.454531182145330837e+00
-1.442071753977034243e+00
-1.433323352872975187e+00
-1.420762629537381860e+00
-1.411849170886374294e+00
-1.397989110550643233e+00
-1.382360338098003627e+00
-1.362920136596942777e+00
-1.348394159244306501e+00
-1.331368815022339946e+00
-1.312404803827071920e+00
-1.298623604907805040e+00
-1.282587572340430970e+00
-1.264780626248436457e+00
-1.252097107957254263e+00
-1.237205892590144130e+00
-1.224598530845987243e+00
-1.209644250168308899e+00
-1.192824251292353699e+00
-1.178263797668863022e+00
-1.168048537964649247e+00
-1.158683181291081388e+00
-1.146275416311312245e+00
-1.122097594774773777e+00
-1.103807687472010635e+00
-1.084449208741492088e+00
-1.064488745627745647e+00
-1.050297408245675967e+00
-1.040828806932114770e+00
-1.035113436638990025e+00
-1.022857991641205055e+00
-1.014464564443000594e+00
-1.003396509458094554e+00
-9.958922529071666530e-01
-9.874821219851444010e-01
-9.762214645506337440e-01
-9.644190176458261599e-01
-9.503635787063930973e-01
-9.402105478970304020e-01
-9.236353126628077392e-01
-9.114301104714924717e-01
-9.029238882503051178e-01
-8.876888533314523100e-01
-8.766134251437599501e-01
-8.539631489211735316e-01
-8.370107349673339137e-01
-8.198516836085680826e-01
-8.029766363952817176e-01
-7.909789607910449050e-01
-7.781837230893756674e-01
-7.646498627323133901e-01
-7.552762626118647571e-01
-7.492941662763561439e-01
-7.459915990205494563e-01
-7.447325238082841414e-01
-7.398967560900002738e-01
-7.369854598773881715e-01
-7.355860921074596215e-01
-7.306699883806495599e-01
-7.222336013351633444e-01
-7.107614543820576225e-01
-6.966730516143512242e-01
-6.858759557269603624e-01
-6.679347118175860132e-01
-6.485587436706259368e-01
-6.295789980038872802e-01
-6.096976178096751298e-01
-5.909971001287934733e-01
-5.715865268238164987e-01
-5.538179085268257751e-01
-5.352851198450845338e-01
-5.221657092282618873e-01
-5.072624681882147435e-01
-4.969800439195715125e-01
-4.841236955348822146e-01
-4.688954389792343580e-01
-4.613232207778481531e-01
-4.469383279865553060e-01
-4.367328652105664233e-01
-4.232355957568503246e-01
-4.137254886615715499e-01
-3.976749093945017854e-01
-3.861512054634832491e-01
-3.687034408750782255e-01
-3.561796342019951656e-01
-3.452029923892838692e-01
-3.287849714066550799e-01
-3.172194503953840172e-01
-3.073762265211903433e-01
-3.010529018986654037e-01
-2.974190398905658395e-01
-2.891972228980808080e-01
-2.836626344315962278e-01
-2.802644037184827130e-01
-2.718988388497618480e-01
-2.659560730845704768e-01
-2.553208956222390302e-01
-2.474629405408268479e-01
-2.419673244937787793e-01
-2.316085444695732409e-01
-2.171287382046429570e-01
-2.061746537571882421e-01
-1.913206484959302234e-01
-1.802586125617160473e-01
-1.654053198167906302e-01
-1.544981946234535997e-01
-1.388319772328521218e-01
-1.275103130131847173e-01
-1.197849234248489214e-01
-1.079160543377999382e-01
-9.959903344540910197e-02
-9.418077151515791279e-02
-9.105766713796659140e-02
-9.670942815645133805e-02
-1.023605388224075874e-01
-1.077146798003092432e-01
-1.125814883606870431e-01
-1.168539665084695756e-01
-1.204886115494006038e-01
-1.234883856164941118e-01
-1.258884890411375856e-01
-1.207633623419674951e-01
-1.164297787439458887e-01
-1.128769752917986313e-01
-1.100562901181529885e-01
-1.008741846183400792e-01
-9.288069293574663376e-02
-8.676032966355529119e-02
-7.583990504667048604e-02
-6.735606392386239705e-02
-6.102833199487589511e-02
-5.614956517007341219e-02
-5.291253893113267992e-02
-5.097539915931315058e-02
-4.310148871846686269e-02
-3.751446226970078790e-02
-3.353933951638721211e-02
-2.387267840816753584e-02
-1.653715339767614090e-02
-4.148525040214900983e-03
5.265659990226989606e-03
1.919702390038757756e-02
2.966777406915865889e-02
4.426727363549143313e-02
6.926779127201254660e-02
8.842716582279352977e-02
1.095476075521806258e-01
1.320747044484338328e-01
1.485799221717059027e-01
1.600528045619220574e-01
1.743466357006868694e-01
1.841281524666367186e-01
1.902768787228010794e-01
1.935872758306855790e-01
1.947547025004490173e-01
1.943714061840009499e-01
1.873788265614282356e-01
1.806357635780460047e-01
1.674053444156355930e-01
1.560822900347649256e-01
1.456702738699888755e-01
1.374316184080428549e-01
1.249733815694755723e-01
1.152056243173271710e-01
1.070839077466996248e-01
1.019936475923548524e-01
9.862159129970260452e-02
9.663497302391910182e-02
8.851995743451013254e-02
7.473281282653077007e-02
5.711078485244347469e-02
4.336908557141994081e-02
2.638214335486011031e-02
1.385782603416396697e-02
-1.921496885607609784e-03
-1.338994522800640574e-02
-2.129979717760810409e-02
-2.634530574416626969e-02
-3.603415331084081075e-02
-4.275594924241654660e-02
-5.431838700635838180e-02
-6.232464384900548993e-02
-7.458675264304814867e-02
-8.345668318134880082e-02
-9.704566927997082537e-02
-1.070883750262632272e-01
-1.210535750749328621e-01
-1.382136515921643660e-01
-1.578563022456656029e-01
-1.724303023541919888e-01
-1.827048098641703699e-01
-1.894468382422120900e-01
-1.933773461144467909e-01
-1.951456787594132436e-01
-1.953168559313136488e-01
-1.943676613765907835e-01
-1.995388495297538700e-01
-2.030292433914455685e-01
-2.119793636520463931e-01
-2.186087769467042197e-01
-2.232826258534195141e-01
-2.330944054912136298e-01
-2.403720038524730374e-01
-2.455143634716254741e-01
-2.489078512492748363e-01
-2.526297751933397340e-01
-2.617178604302681233e-01
-2.685220390656037903e-01
-2.800750310065593940e-01
-2.954275832213935082e-01
-3.070577345739995412e-01
-3.220690799855996378e-01
-3.331580854096420907e-01
-3.432719179124352760e-01
-3.503546016585572520e-01
-3.549342530763768266e-01
-3.575153000736510656e-01
-3.585587933126965776e-01
-3.584705404458434774e-01
-3.510081220020009329e-01
-3.508303868523232616e-01
-3.502952536557346619e-01
-3.429151364803155744e-01
-3.432596468244717425e-01
-3.434884556300037417e-01
-3.502342043513095859e-01
-3.556683022662010529e-01
-3.599083527548572192e-01
-3.630986683683141703e-01
-3.718832738587785069e-01
-3.786972737380751575e-01
-3.837939449818577042e-01
-3.964644185761212469e-01
-4.063334140864909294e-01
-4.200687030494711927e-01
-4.304844537370517976e-01
-4.442918972643206121e-01
-4.606746352318424886e-01
-4.759532034381483978e-01
-4.932743734173676842e-01
-5.060376500663235078e-01
-5.149754644389030744e-01
-5.242082484419838817e-01
-5.363368626763784786e-01
-5.507648547807335593e-01
-5.647851090909166150e-01
-5.711441310731476539e-01
-5.748368993835573093e-01
-5.802360545847955464e-01
-5.777031841274135049e-01
-5.744861887538650347e-01
-5.671961287913660499e-01
-5.606038968304534187e-01
-5.548479369914118831e-01
-5.499786688555803327e-01
-5.436392662100537621e-01
-5.384609930770059005e-01
-5.343825723929340743e-01
-5.349237572416605246e-01
-5.356990857434551501e-01
-5.465680389203899647e-01
-5.557754316495475688e-01
-5.734658028012569186e-01
-5.939433623569069232e-01
-6.100565987624091413e-01
-6.282031959122724718e-01
-6.374162754274350640e-01
-6.492285537503764692e-01
-6.629890397987786566e-01
-6.672313220318182303e-01
-6.693546267901370195e-01
-6.796486978595231987e-01
-6.826698390627370383e-01
-6.840880331854348739e-01
-6.843351585562414963e-01
-6.880827116339215399e-01
-6.957816234910172426e-01
-7.014534846153093195e-01
-7.150502527695429267e-01
-7.255136080762515371e-01
-7.383044177462506630e-01
-7.524283187062041911e-01
-7.630032981040084650e-01
-7.705418649263134911e-01
-7.803843504172860435e-01
-7.922562702617633734e-01
-8.008262969128269182e-01
-8.116419695251709809e-01
-8.241064450712505263e-01
-8.330756141461054254e-01
-8.437303241395034403e-01
-8.466091681769567501e-01
-8.477397602980075719e-01
-8.475933894272700275e-01
-8.465650381663168966e-01
-8.501403609330171474e-01
-8.479003536629851068e-01
-8.454588725487405254e-01
-8.483022064130696371e-01
-8.557632773088018618e-01
-8.616776374367077773e-01
-8.764719096804308718e-01
-8.939270238299317217e-01
-9.180851952997325371e-01
-9.369739248289994382e-01
-9.572065637826689954e-01
-9.765516857927081240e-01
-9.946231383234455103e-01
-1.017447353446891301e+00
-1.037590746992792523e+00
-1.051651626431793218e+00
-1.060891704397259439e+00
-1.066393916607842218e+00
-1.069068508380942362e+00
-1.063590637464517430e+00
-1.057822020206669267e+00
-1.042744525089551733e+00
-1.029716083626420087e+00
-1.018782366449997312e+00
-1.009871788523398983e+00
-1.002833277497182873e+00
-9.916789068479723301e-01
-9.773777381963235644e-01
-9.625309665354367938e-01
-9.511790337746230950e-01
-9.388002064435377880e-01
-9.240706708695137772e-01
-9.131342540109652628e-01
-9.054244287530299751e-01
-8.949622544852596784e-01
-8.832939173457057258e-01
-8.749306483914579546e-01
-8.640394898417838032e-01
-8.518442077104458887e-01
-8.378903404060684679e-01
-8.231063986419808742e-01
-8.072776641784057405e-01
-7.908998915212771541e-01
-7.791036072101703569e-01
-7.709725019977891058e-01
-7.610522327750349758e-01
-7.544266405253250429e-01
-7.453662488415253584e-01
-7.345673123485596534e-01
-7.218642792381050333e-01
-7.127095229312599978e-01
-6.967218843372492421e-01
-6.849245054271327904e-01
-6.669009666132004188e-01
-6.535977064847827700e-01
-6.387046785660215331e-01
-6.239320221266820843e-01
-6.078211053688582499e-01
-5.923572686830882450e-01
-5.719515690935130792e-01
-5.571388814072901763e-01
-5.410869924908707773e-01
-5.297727600397952319e-01
-5.223455148462570197e-01
-5.120301491968073382e-01
-5.018188858139893682e-01
-4.950432547543988093e-01
-4.849453697455532453e-01
-4.780312544861513580e-01
-4.675586510518157102e-01
-4.601913761680656023e-01
-4.553981278382492892e-01
-4.526665938533422917e-01
-4.515256212612834830e-01
-4.515588016303209162e-01
-4.524110763123780909e-01
-4.537899525941304635e-01
-4.461178856734264730e-01
-4.403028860291369195e-01
-4.360800527261066151e-01
-4.331819826751874825e-01
-4.313541931581994504e-01
-4.303646198980217719e-01
-4.300087787171236187e-01
-4.301118234089216230e-01
-4.242288243517515767e-01
-4.196722354576951641e-01
-4.162846934244524011e-01
-4.138940705989009317e-01
-4.123268502425578852e-01
-4.114177652497728044e-01
-4.110161965993870403e-01
-4.109898908429014952e-01
-4.112265636129088797e-01
-4.052072264838306737e-01
-4.004361442116564085e-01
-3.876133102413754639e-01
-3.775021406156191528e-01
-3.657802328773576139e-01
-3.542775618272173688e-01
-3.390463656463342801e-01
-3.207656663113613860e-01
-2.979476469735473643e-01
-2.806558439035218289e-01
-2.662595114450707623e-01
-2.562794785819486609e-01
-2.498335525088335451e-01
-2.461421271408716915e-01
-2.462033614677545668e-01
-2.458064399696888724e-01
-2.481774651106707363e-01
-2.492749091739356881e-01
-2.508159052896727914e-01
-2.525829988834396023e-01
-2.544143658963042842e-01
-2.561946375083783423e-01
-2.529368100729287860e-01
-2.503632265030366622e-01
-2.416321677119357414e-01
-2.329843911967539594e-01
-2.278639898856034129e-01
-2.241177927727506791e-01
-2.215409156904397658e-01
-2.129894439446073928e-01
-1.994437814154677024e-01
-1.818352634330020479e-01
-1.610229201974984203e-01
-1.367935244293141395e-01
-1.113148578916671738e-01
-9.152836255949070576e-02
-7.044899981353580642e-02
-5.534975131827657435e-02
-4.512760130986848139e-02
-3.905131687878760083e-02
-3.588063573419320029e-02
-3.491531566156158561e-02
-3.554895272845826071e-02
-3.727147425298160677e-02
-3.966686765066018694e-02
-4.240721392460655714e-02
-4.524407184176260088e-02
-4.091814541468008493e-02
-3.767313635042701669e-02
-2.825853581173531914e-02
-2.090301274922090613e-02
-8.267566087344135894e-03
1.504721531694563907e-03
1.587074645888897351e-02
3.389967490496004210e-02
5.473547631764286159e-02
7.761632925956774010e-02
1.018851243392282502e-01
1.269927378874140533e-01
1.524953863817672950e-01
1.711584219954040975e-01
1.909795539224043992e-01
2.063032687875214766e-01
2.166794178581019636e-01
2.299001863364928955e-01
2.455557423254122185e-01
2.582000280821612481e-01
2.735634245223483862e-01
2.911447210876465519e-01
3.036512216561750854e-01
3.187175931490948688e-01
3.291402269080394571e-01
3.357949270413111975e-01
3.394868227131415672e-01
3.475767421392528256e-01
3.527839847630156456e-01
3.557258460656720356e-01
3.569453167583438447e-01
3.634585216705752408e-01
3.704012610564459962e-01
3.752525129968795614e-01
3.783789933502623715e-01
3.801297377953867240e-01
3.873954835535922125e-01
3.991935095268868139e-01
4.108977969780887030e-01
4.197035562925910401e-01
4.324711479052869567e-01
4.419394490194412661e-01
4.581031774872152962e-01
4.702971133461868458e-01
4.853747071976135530e-01
4.963830195363525544e-01
5.101741169100855178e-01
5.138715309711383572e-01
5.216078594178414907e-01
5.266600568567800789e-01
5.295955209682008391e-01
5.344727017272148384e-01
5.375367027900397332e-01
5.452170209225219999e-01
5.506880086971057686e-01
5.580670841001371674e-01
5.633575554780425598e-01
5.729055265380970097e-01
5.799137212716173329e-01
5.847817735483343826e-01
5.938030500677073942e-01
6.043276559500354583e-01
6.121045712227215496e-01
6.233359042191392030e-01
6.257990970439639700e-01
6.268119239021352485e-01
6.267569807312310948e-01
6.259587371815878987e-01
6.246836500499205469e-01
6.273392102630983569e-01
6.249179401512858778e-01
6.225679168383003725e-01
6.203925480333066789e-01
6.184540968978047282e-01
6.150656797099324224e-01
6.122157645355575939e-01
6.099004142187104405e-01
6.080878036072981940e-01
6.025365175310115617e-01
5.981739478064013182e-01
5.847337077520132764e-01
5.741347792373892034e-01
5.660566172301009225e-01
5.601437898998531395e-01
5.560375884112056522e-01
5.496371206108985330e-01
5.390344211823805409e-01
5.310802610921894207e-01
5.253742769494857967e-01
5.153383211656454854e-01
5.078793844467175411e-01
5.026173682889272243e-01
4.894540524445674112e-01
4.795451484753339155e-01
4.724192029020015671e-01
4.644009070216454926e-01
4.588920419674618056e-01
4.490558858719262414e-01
4.419379752718972654e-01
4.370786309535732439e-01
4.340429185831768955e-01
4.324347881698356044e-01
4.254842293961107469e-01
4.175800248564065509e-01
4.054154190729215568e-01
3.962263688538498752e-01
3.895912330116266808e-01
3.759450976417286761e-01
3.657585243432721622e-01
3.609581114884190534e-01
3.514476781676263428e-01
3.355309123818541739e-01
3.235224371709051194e-01
3.081345089321003705e-01
2.879073365526585437e-01
2.728007580706901525e-01
2.552285278637118626e-01
2.424510336139853450e-01
2.252454629611939652e-01
2.061268508305003078e-01
1.936232170059188906e-01
1.851342389124561727e-01
1.729578043806898613e-01
1.634170807886030641e-01
1.503201531795468338e-01
1.411717242383827564e-01
1.282806394246576165e-01
1.192029334115336514e-01
1.140562463352947642e-01
1.034049534756378286e-01
9.598635076802142230e-02
9.120839218584486652e-02
8.147655696943001402e-02
7.462321251258208221e-02
6.307791887537428366e-02
4.729398184406585770e-02
2.866074179824007473e-02
7.841813128820263046e-03
-7.645097933367983600e-03
-1.864466815026899482e-02
-2.597093426908525515e-02
-3.727831142746795834e-02
-4.505534238336750263e-02
-4.997657081547646207e-02
-5.995791352954493725e-02
-6.699034912423962318e-02
-7.156802191467770413e-02
-7.417187394540381007e-02
-7.524810696740513727e-02
-8.225075893929978399e-02
-8.718932950608482280e-02
-9.747868695184203069e-02
-1.121499700596806370e-01
-1.232569428834060510e-01
-1.382940709601900853e-01
-1.494652871272454941e-01
-1.573671896316417573e-01
-1.695104491946608505e-01
-1.851053612203417131e-01
-1.965621758734028557e-01
-2.113658298264196045e-01
-2.220651829526074650e-01
-2.360989817517022971e-01
-2.461271455859157520e-01
-2.528668925101509313e-01
-2.587381095564278422e-01
-2.622939415528062757e-01
-2.707524992375498485e-01
-2.766298770224722148e-01
-2.870919271333725042e-01
-2.946367367696403061e-01
-3.063973303834957029e-01
-3.149478860191636809e-01
-3.273851949177521981e-01
-3.364107039122723464e-01
-3.449330437520947701e-01
-3.573178074540024340e-01
-3.727987732185822356e-01
-3.842348641419008892e-01
-4.013089888890264412e-01
-4.140135653226202361e-01
-4.293082784949628916e-01
-4.403215487541283224e-01
-4.477814972656173342e-01
-4.523811199516238890e-01
-4.547513501619282472e-01
-4.585057318814651506e-01
-4.667630797816042509e-01
-4.725574398326566339e-01
-4.857621825106177571e-01
-4.923679633685922319e-01
-5.000282318225857114e-01
-5.114450000047976452e-01
-5.197657542243516726e-01
-5.315251140022017040e-01
-5.400149261486728580e-01
-5.553436443183767945e-01
-5.667665019966132700e-01
-5.844896040768173817e-01
-5.977661942515681837e-01
-6.129370070140142124e-01
-6.335194829248389503e-01
-6.488117068325811587e-01
-6.596238827145034511e-01
-6.721733947768532280e-01
-6.850767453915003191e-01
-6.993455255336442633e-01
-7.093636620314667240e-01
-7.255998813617527965e-01
-7.373170754945969074e-01
-7.452829806646807942e-01
-7.502251478250152594e-01
-7.624967667492882351e-01
-7.761205577781169485e-01
-7.906772936075681102e-01
-8.012191139043217669e-01
-8.180896138999466105e-01
-8.304790292274352170e-01
-8.390906972804320629e-01
-8.446151712561814628e-01
-8.573827020162083645e-01
-8.717631086653379047e-01
-8.822522554324444544e-01
-8.937953465207235659e-01
-9.072136194820782373e-01
-9.168187894495870571e-01
-9.274074615285486933e-01
-9.401593234751896011e-01
-9.492220191319449274e-01
-9.608936502359756160e-01
-9.788032163142802444e-01
-9.921137843649485699e-01
-1.011091158774842125e+00
-1.025035917722142642e+00
-1.034750532226339281e+00
-1.047006562552079023e+00
-1.055490008047082595e+00
-1.060883936426498808e+00
-1.063831429907848847e+00
-1.058823381967473054e+00
-1.047572385661792449e+00
-1.034099575815888183e+00
-1.022592666564730690e+00
-1.013066175889426379e+00
-9.995754125320032157e-01
-9.831900193638909435e-01
-9.666133621679279253e-01
-9.538520716844560710e-01
-9.388596904882439143e-01
-9.277770746148448211e-01
-9.103958109046808023e-01
-8.974426476485698467e-01
-8.786317208296018366e-01
-8.646496315137042199e-01
-8.496307585777868043e-01
-8.440791716152845625e-01
-8.360772219608667566e-01
-8.264201151300615278e-01
-8.102005555000850734e-01
-7.982143288098788592e-01
-7.801298049664558976e-01
-7.667527649841316961e-01
-7.476637581984187930e-01
-7.336333077776782119e-01
-7.141777832746516452e-01
-6.956014744448648646e-01
-6.770831768359611980e-01
-6.596593872697708028e-01
-6.420749949702508896e-01
-6.241632537353893895e-01
-6.114109011040534947e-01
-5.934459206821901534e-01
-5.749374512330531761e-01
-5.522009924587010232e-01
-5.356111369061842264e-01
-5.148099751397110513e-01
-4.999958420489254429e-01
-4.808764500804458830e-01
-4.613805511381856572e-01
-4.475931273201882998e-01
-4.356195065781491849e-01
-4.308134160904042442e-01
-4.198577346423448819e-01
-4.126436647255828927e-01
-4.021806602285269427e-01
-3.951085570015147042e-01
-3.844759758216251821e-01
-3.770890292905546559e-01
-3.659682460391349146e-01
-3.580807928452958144e-01
-3.463736147511433661e-01
-3.379653241295497157e-01
-3.234709886824511660e-01
-3.062599593984047797e-01
-2.915118463312451613e-01
-2.744172756309106731e-01
-2.620446462208636529e-01
-2.469224667966616327e-01
-2.361567528763857116e-01
-2.222771847088869102e-01
-2.124729152192217363e-01
-1.992653845974086124e-01
-1.831379106636275012e-01
-1.645658863774317471e-01
-1.498666886907580320e-01
-1.328122907940079145e-01
-1.206592351081576808e-01
-1.056900875170923015e-01
-8.833404599770289245e-02
-7.588235063773907108e-02
-6.061963544677628768e-02
-5.022190215947097691e-02
-3.640595109930799822e-02
-2.668560432248168190e-02
-2.037616219138493889e-02
-1.680632515337432409e-02
-8.258211589120767471e-03
4.592963504054026203e-03
1.398302726697897569e-02
2.765201117303006662e-02
4.486350680700446070e-02
6.488140966648581198e-02
8.701179771245071137e-02
1.026552070534971772e-01
1.205413961072538953e-01
1.401811326125199653e-01
1.541538877112957895e-01
1.704564614436978598e-01
1.817718271196326896e-01
1.890754014752775714e-01
1.932367207447625024e-01
2.018247101319246006e-01
2.073988718945702914e-01
2.105980487836787152e-01
2.134504715613489978e-01
2.147175484542953594e-01
2.216698930070972740e-01
2.334208179529160265e-01
2.422104256708970116e-01
2.484677612734202956e-01
2.594464329781915879e-01
2.674728459637856215e-01
2.797788988094724871e-01
2.908039891073650463e-01
3.055445476776152969e-01
3.164963775559517245e-01
3.309037107991679161e-01
3.413929543392304478e-01
3.510278427567414816e-01
3.576453997719744038e-01
3.617849485886692751e-01
3.639611052202003094e-01
3.687473351399892518e-01
