-9.624244508941703913e-02
-9.148323981582828779e-02
-8.717955582771508283e-02
-8.399209014720954158e-02
-7.460434632061452298e-02
-6.731400841282231262e-02
-6.186258858682514017e-02
-5.797356365319950022e-02
-5.537314490125022637e-02
-5.380402763926039889e-02
-5.265927541659998212e-02
-5.218513828884252526e-02
-5.219427019771893939e-02
-4.589673483616540928e-02
-4.802108054302611784e-02
-4.307851425371378440e-02
-3.899517015232811801e-02
-3.625024707775348354e-02
-3.433836304701110009e-02
-4.019787663384266629e-02
-3.796330593155095023e-02
-4.331580743348961704e-02
-4.781903465148507060e-02
-4.484266296096417470e-02
-4.231560707866255377e-02
-4.023730029741856562e-02
-3.858389609764056871e-02
-3.731607532642278180e-02
-3.638558896401256071e-02
-4.286395702129386365e-02
-4.115449293834405609e-02
-4.684455081176652769e-02
-5.149643322479291463e-02
-5.517823720334558146e-02
-5.086641634936461820e-02
-4.710319623939618339e-02
-4.392138838350123642e-02
-4.131281930367824984e-02
-3.924128335444798665e-02
-3.765305392071782720e-02
-2.935695991637210511e-02
-2.271790737909995528e-02
-1.758363960468445342e-02
-1.367071832159938438e-02
-1.100817750685667562e-02
-2.156793660893274733e-03
4.682624751070507685e-03
9.757261118042537262e-03
1.323860578294500101e-02
2.250262520721602044e-02
2.945542566159664588e-02
3.445491674821399286e-02
3.811211033093053757e-02
4.046201506431912343e-02
4.147548095155473291e-02
4.872064042783463833e-02
5.450312731500894792e-02
5.830024785328657977e-02
6.123584277930627096e-02
6.964326136597498440e-02
7.594572246758390932e-02
8.046340263342921517e-02
8.351018737313609108e-02
9.229420596687720746e-02
9.887953656121473145e-02
1.104767161796111896e-01
1.200788041701106312e-01
1.272001562943527730e-01
1.381797469633549991e-01
1.462236308545470376e-01
1.528719734581773793e-01
1.642907332445255886e-01
1.727333913087953920e-01
1.786462398433141807e-01
1.824772221402690686e-01
1.846509933674271853e-01
1.924486442230970429e-01
1.980421530447433742e-01
2.018077061617866708e-01
2.109520931379231801e-01
2.191962429545539770e-01
2.236370296371219535e-01
2.264247479979155653e-01
2.347139505209085986e-01
2.407531116119587811e-01
2.449206548908371417e-01
2.492840212858609128e-01
2.521791962506971796e-01
2.521331173382439506e-01
2.532257528859731543e-01
2.536131056922479310e-01
2.534839142514371257e-01
2.598323314184716182e-01
2.647109996195964321e-01
2.683064896017086642e-01
2.708177719328577204e-01
2.792227674549037086e-01
2.856577781742002387e-01
2.903880297688934409e-01
3.024643600194139026e-01
3.118318312812791149e-01
3.188035784904867942e-01
3.237277561663627345e-01
3.269582696738355665e-01
3.288337546668815836e-01
3.319801573224865354e-01
3.339554169320677612e-01
3.349956060264567270e-01
3.353199668109572151e-01
3.444282241289493562e-01
3.515650072295639639e-01
3.638146525610499449e-01
3.732489953732811561e-01
3.802098086230742968e-01
3.946900145398481996e-01
4.057598905331327721e-01
4.206109589507973645e-01
4.316526252228287674e-01
4.461098442652713381e-01
4.566168766711578009e-01
4.638481716388160869e-01
4.684401122610166723e-01
4.709680102093332099e-01
4.719352162066332568e-01
4.717699948135614108e-01
4.708272943233886565e-01
4.693935413092829023e-01
4.741307510327383845e-01
4.711651302700838873e-01
4.747269996070389020e-01
4.773294746838285807e-01
4.791315137956519976e-01
4.739063528593490116e-01
4.790334389764607792e-01
4.831235988153181893e-01
4.862673214014088252e-01
4.950082106962416795e-01
5.018476523589807670e-01
5.070020516494060381e-01
5.107122961163617081e-01
5.231388790701470004e-01
5.328222544419183304e-01
5.400737382424096733e-01
5.452418863630950074e-01
5.486819885992533230e-01
5.483053193895217614e-01
5.472769540805841881e-01
5.458375084568827251e-01
5.441830242894367675e-01
5.424656206092157706e-01
5.407967478434343445e-01
5.497033255460783696e-01
5.529047099730084458e-01
5.552205561763878805e-01
5.672151576176553966e-01
5.767017007500593317e-01
5.839403416227817445e-01
5.892333326325044363e-01
6.033734834724218121e-01
6.142956755071606878e-01
6.223929561907480812e-01
6.341835831179498673e-01
6.473441845394929395e-01
6.571292867097244805e-01
6.699727632270838784e-01
6.792840172860726833e-01
6.962366828863340018e-01
7.031542687039883388e-01
7.075076833522325748e-01
7.049111861483450259e-01
7.016794798149816881e-01
7.039071608190626828e-01
7.050600578313729327e-01
7.054163995740657667e-01
7.108004241128629275e-01
7.147249166000769760e-01
7.222525631041730731e-01
7.285521564222022795e-01
7.325599528298470942e-01
7.352898584606065713e-01
7.369812384635402447e-01
7.378555478258803646e-01
7.484904534484049243e-01
7.672346169558563744e-01
7.820580660444719223e-01
7.986422415054544865e-01
8.113176740107543861e-01
8.311411569203744909e-01
8.461562083679622370e-01
8.627046032723807434e-01
8.748232807176760106e-01
8.938768007465983656e-01
9.078834916337480410e-01
9.176050705739998703e-01
9.238138858577193968e-01
9.272420790149188408e-01
9.285509253196611024e-01
9.283150042422930737e-01
9.270168469334876260e-01
9.311678098611814169e-01
9.338564941928060303e-01
9.353742037475178961e-01
9.297992365802824066e-01
9.247183969105732260e-01
9.202501282089049495e-01
9.057160009011768764e-01
8.938035248447284697e-01
8.794721124171601678e-01
8.681208607299576441e-01
8.594726381453178243e-01
8.531850473443012284e-01
8.488885382591586648e-01
8.462152308797370459e-01
8.448191580594142103e-01
8.443891408080578254e-01
8.446557013821117676e-01
8.343668680299703988e-01
8.263774069800535749e-01
8.204155414809517488e-01
8.161824931496688418e-01
8.023302968075720631e-01
7.916409268693744838e-01
7.837205955434985993e-01
7.725532679919795420e-01
7.588295661031310146e-01
7.486351715675600982e-01
7.414296312897151742e-01
7.366785229697906390e-01
7.338815186380391875e-01
7.274017304311031218e-01
7.172193405386919629e-01
7.047274360734865351e-01
6.955329719776169872e-01
6.890841545729262663e-01
6.789261696843460481e-01
6.668160465816890259e-01
6.579976714865118925e-01
6.519106403296444086e-01
6.419549805373725437e-01
6.347913287226980561e-01
6.299605759151313267e-01
6.163186128870467018e-01
6.061103031203318725e-01
5.988330422594801972e-01
5.897176764641298696e-01
5.770465238304629541e-01
5.677637157635819776e-01
5.613221687264267068e-01
5.571937071636292593e-01
5.548909007693183515e-01
5.474876509237538436e-01
5.383208531170600164e-01
5.317286068502689034e-01
5.272629621579405512e-01
5.179316372123894396e-01
5.110960020238273227e-01
5.063665819404574719e-01
5.033594878635692105e-01
5.017148976755074763e-01
4.974604867880925152e-01
4.946600001840399941e-01
4.930053010254999979e-01
4.855862551567580176e-01
4.800169876622293330e-01
4.692999889253113288e-01
4.610660246861573164e-01
4.481451767375654871e-01
4.382424523145893591e-01
4.277985983426941807e-01
4.132844672127646835e-01
4.024394429381741300e-01
3.876363031757585897e-01
3.766633287802059193e-01
3.617474006463927694e-01
3.507741344093437963e-01
3.405605965747036112e-01
3.263859964524737922e-01
3.161913899834984942e-01
3.092952291004611443e-01
3.050504878357092053e-01
3.028694708221801868e-01
2.949018956962947691e-01
2.871871431405716990e-01
2.819285952726464650e-01
2.786326026307270887e-01
2.768601933430054896e-01
2.689646515019630257e-01
2.632190682738693166e-01
2.500754403582874374e-01
2.401611747448713086e-01
2.329880182576240522e-01
2.280799044584203017e-01
2.249935779434590888e-01
2.288841469503990478e-01
2.256389705228325493e-01
2.235575930381701326e-01
2.137354622054439268e-01
2.062875185648631593e-01
1.938282976459091422e-01
1.830246999605515956e-01
1.681489579414450208e-01
1.569485919056710088e-01
1.419137114487478701e-01
1.307013715488229977e-01
1.157594680491160766e-01
1.047253762245834441e-01
8.999179003504487184e-02
7.218966385009495390e-02
5.191846316442894071e-02
3.680461147336200334e-02
1.901135378566132239e-02
-9.584347641100610105e-04
-1.552627184143551275e-02
-2.555297720038063325e-02
-3.188288848201614734e-02
-3.530113032695325614e-02
-3.677074109208677832e-02
-3.658552672896520086e-02
-3.549325668346159368e-02
-4.095189051604064545e-02
-4.467680981899246895e-02
-4.696576847790123743e-02
-4.811362955634757022e-02
-4.876162869589339977e-02
-5.634488447437990821e-02
-6.211734128777313124e-02
-6.629295701767135007e-02
-6.911619089003950833e-02
-7.853890700227528221e-02
-8.568502833037383581e-02
-9.853408098149496475e-02
-1.159432311951800187e-01
-1.368419718102134031e-01
-1.527354247453107661e-01
-1.718271245426012950e-01
-1.858979935369824421e-01
-2.031637276974047612e-01
-2.229232736423980565e-01
-2.372824551710481789e-01
-2.543866612670109273e-01
-2.665114403729373915e-01
-2.816761362662145718e-01
-2.922643943411695755e-01
-3.061421466580898088e-01
-3.203967610747506800e-01
-3.302003917932321286e-01
-3.431796551245336335e-01
-3.521216052006397312e-01
-3.644020840791046822e-01
-3.729215066577289406e-01
-3.784321350657209315e-01
-3.815910345703288353e-01
-3.829624582031871949e-01
-3.894159446044012096e-01
-3.964285819996031801e-01
-4.077179737564964324e-01
-4.161027008807594019e-01
-4.312532142040930161e-01
-4.490956022965864047e-01
-4.625833366851936912e-01
-4.785361799948277817e-01
-4.934576725396617736e-01
-5.104118030682458507e-01
-5.227407008216369277e-01
-5.408112487320093642e-01
-5.540400807369445513e-01
-5.691145827641326260e-01
-5.855378234700384654e-01
-6.010559908736767820e-01
-6.177131847606394111e-01
-6.294971608677236707e-01
-6.428405252168827300e-01
-6.519240324176086565e-01
-6.576108315341707700e-01
-6.660286770696142167e-01
-6.756592883103854641e-01
-6.822046440324821548e-01
-6.862604976277939528e-01
-6.936097706985979716e-01
-7.028798368593274226e-01
-7.050235932483857049e-01
-7.005324266470475125e-01
-6.959214266322120146e-01
-6.958476079335030873e-01
-6.953245039489107659e-01
-6.900905549808908912e-01
-6.855174637324629172e-01
-6.762690077760729057e-01
-6.686461344457749201e-01
-6.625700537995139472e-01
-6.579013814667505899e-01
-6.489074680474673507e-01
-6.377270327165761588e-01
-6.234927449468549154e-01
-6.125011992336446554e-01
-6.043660720104426787e-01
-5.947183379041892648e-01
-5.878605806090826391e-01
-5.774705773703727729e-01
-5.699357485600919926e-01
-5.647863545262072904e-01
-5.615695453546396543e-01
-5.598682618848174197e-01
-5.593122984208898085e-01
-5.536511959081875656e-01
-5.532980340385855733e-01
-5.475641709361345200e-01
-5.433249951854099979e-01
-5.304469002978153824e-01
-5.240543846259686500e-01
-5.195054794828521949e-01
-5.165147289197475899e-01
-5.147888753752554170e-01
-5.177302414973008471e-01
-5.272873352614477760e-01
-5.355563899890591895e-01
-5.424721182059064617e-01
-5.584347595967662503e-01
-5.713215418053066985e-01
-5.876466927771711868e-01
-6.106356047067372783e-01
-6.328668421883810735e-01
-6.499073021631928126e-01
-6.683377445582276977e-01
-6.923162352649020468e-01
-7.101423267903288483e-01
-7.227547149779111058e-01
-7.366419955503611394e-01
-7.510779555429593080e-01
-7.664401096932805801e-01
-7.823151375643595529e-01
-7.987185748257088491e-01
-8.156037133046138976e-01
-8.326196947020152450e-01
-8.501199113102354543e-01
-8.673819868336802852e-01
-8.851754446993983505e-01
-8.978094051449555524e-01
-9.061763864025831339e-01
-9.156526428474325296e-01
-9.215982880390526377e-01
-9.291959165616261451e-01
-9.338636728364176909e-01
-9.405420935280458528e-01
-9.488535883684954264e-01
-9.584060188719185636e-01
-9.610052502849523171e-01
-9.620455370621483482e-01
-9.619635098263594752e-01
-9.667496110308704260e-01
-9.700338300296250660e-01
-9.720968019363418477e-01
-9.789547424989147872e-01
-9.937853303391929183e-01
-1.005398586784018722e+00
-1.020131495871239302e+00
-1.035009043494586223e+00
-1.046071979255502438e+00
-1.053899078930951916e+00
-1.059065886283497848e+00
-1.068266151810243869e+00
-1.078080515865040612e+00
-1.084965253133221452e+00
-1.089467300142330952e+00
-1.092087389789684782e+00
-1.093268200692680381e+00
-1.093389844019595492e+00
-1.092770099796210426e+00
-1.091667666464532616e+00
-1.090287249874945408e+00
-1.085551535180044436e+00
-1.081354014644875905e+00
-1.071574476130486619e+00
-1.060119633311678911e+00
-1.050840141993240273e+00
-1.043593711796126478e+00
-1.038167670086516114e+00
-1.034311308794308104e+00
-1.028054946909425116e+00
-1.023470274108560396e+00
-1.020316167111460892e+00
-1.018341259647967512e+00
-1.017301746261266793e+00
-1.016973728439986679e+00
-1.010936620463114277e+00
-1.002491946976196147e+00
-9.960028613846444445e-01
-9.912314456323942924e-01
-9.776792393953849247e-01
-9.713234375693851064e-01
-9.669422166058865287e-01
-9.641553646978824332e-01
-9.566544184840369835e-01
-9.470294092755047188e-01
-9.340060331113402281e-01
-9.242068257297063605e-01
-9.070356434395324685e-01
-8.939783250073606302e-01
-8.743164234988992645e-01
-8.594500872677677261e-01
-8.385175988387911783e-01
-8.228628877799145647e-01
-8.014933607341729882e-01
-7.805679759085587532e-01
-7.598684533417131570e-01
-7.396864847652523389e-01
-7.196929715314702714e-01
-7.053549273810937326e-01
-6.957775133943668866e-01
-6.900629487961217334e-01
-6.873655165167590342e-01
-6.869255844690904667e-01
-6.833396385039459675e-01
-6.758835626763984861e-01
-6.662808956369339342e-01
-6.537078868539769605e-01
-6.400840841104300516e-01
-6.302234105733814928e-01
-6.174899205848038974e-01
-6.082964778548666240e-01
-6.020505970392153738e-01
-5.879660379295545969e-01
-5.776395086235642795e-01
-5.642590698381324543e-01
-5.443622483756318520e-01
-5.294113566554263794e-01
-5.122669940499895436e-01
-4.997278871485832941e-01
-4.910846166957478776e-01
-4.856291679637927405e-01
-4.760587300452148174e-01
-4.695654025530850983e-01
-4.655842360258855006e-01
-4.534708615466096493e-01
-4.447241265597088322e-01
-4.356082913663714695e-01
-4.226517251690620203e-01
-4.132687166905315568e-01
-4.000283585530022279e-01
-3.875802689734391127e-01
-3.719289769119862310e-01
-3.535817693748881663e-01
-3.399531428957491830e-01
-3.233321928279420110e-01
-3.112269147221724541e-01
-2.958141923314814292e-01
-2.847363228787194167e-01
-2.700665734495464321e-01
-2.595972084096294097e-01
-2.453033071302765933e-01
-2.351266476874782629e-01
-2.209489951035941147e-01
-2.092586812752770253e-01
-1.939319023680743381e-01
-1.830196558772583248e-01
-1.682871618188177543e-01
-1.578158641495868153e-01
-1.433727526076737924e-01
-1.255760852839016284e-01
-1.117249962216517734e-01
-1.021925924356952287e-01
-8.802895734645810322e-02
-7.820896434958402033e-02
-6.455816837877215164e-02
-5.458631849078288134e-02
-4.806641104803444087e-02
-4.390731837612316113e-02
-4.185431533530126202e-02
-4.132700891408003230e-02
-4.186504694220860578e-02
-4.310655379513028684e-02
-3.790005462018197768e-02
-3.416280536654814348e-02
-3.163705702512720208e-02
-3.008463999272370515e-02
-2.929134565484625696e-02
-2.906939635932714872e-02
-2.250193130037003719e-02
-1.724356070736754454e-02
-1.334228095521750035e-02
-3.625855593115234754e-03
1.083759328473399286e-02
2.208284536769133943e-02
3.771495323303053482e-02
4.975235987672887994e-02
6.567180147292273062e-02
7.761645893306923227e-02
9.387413126883492609e-02
1.060195573840705396e-01
1.226598352267453951e-01
1.423050915879906508e-01
1.569607780073323244e-01
1.672848863930183061e-01
1.812984099190424470e-01
1.910726046433242065e-01
2.046220005924621610e-01
2.140456254202161013e-01
2.289646392319106827e-01
2.469045984904199020e-01
2.599926564877339530e-01
2.761467773470545062e-01
2.897423134485832552e-01
2.992200147368049290e-01
3.147601051789523652e-01
3.331726896938884686e-01
3.466177073763594407e-01
3.629701516674754824e-01
3.745356121497189772e-01
3.821585176269051143e-01
3.936299336519946124e-01
4.013521311694292493e-01
4.129529245799421489e-01
4.276870622944719535e-01
4.448217184569518423e-01
4.571517937612370464e-01
4.720366920486320783e-01
4.825173098787829407e-01
4.894545051104028932e-01
4.998671430937178251e-01
5.103945063485495481e-01
5.238743466217909983e-01
5.371898208875589553e-01
5.529207621430591857e-01
5.682501400818797954e-01
5.854762716586315863e-01
6.021337127772368181e-01
6.185016642697441780e-01
6.363853384900136634e-01
6.538405212013174150e-01
6.664452268906242427e-01
6.796775768155189912e-01
6.839265683981827770e-01
6.963319612253486834e-01
6.940483144392028958e-01
7.013730857468073454e-01
7.011119859538990085e-01
6.996875318095484575e-01
7.082169618122732269e-01
7.250224168825799564e-01
7.378708862711315097e-01
7.527992693318683592e-01
7.795284719857575872e-01
8.053336117210081468e-01
8.406610900719445612e-01
8.724795266461670140e-01
9.017534052813294121e-01
9.276007087690689712e-01
9.501131595596349344e-01
9.655028657400305248e-01
9.852016145681027348e-01
9.986209219390729253e-01
1.013073407088492583e+00
1.022620842055255608e+00
1.024569194634012970e+00
1.030347245239901621e+00
1.039728359601445717e+00
1.046001638641407050e+00
1.049711526169340381e+00
1.051392570376554536e+00
1.051541883198706895e+00
1.060923737082704932e+00
1.067710318285286508e+00
1.072321828760619100e+00
1.085379718632391022e+00
1.095121493666884716e+00
1.108754112308979689e+00
1.118886671915981790e+00
1.132843849695203353e+00
1.146276886310017451e+00
1.155935043236411719e+00
1.162482353912348554e+00
1.166538846519215911e+00
1.168660872783541915e+00
1.169332257062255520e+00
1.168962386230528949e+00
1.177559793470243754e+00
1.183906331125389011e+00
1.197862614175089213e+00
1.208437665638955716e+00
1.225394400718525345e+00
1.244913041882104610e+00
1.259655632495788602e+00
1.270342266940632125e+00
1.277672966595371884e+00
1.280259763172238996e+00
1.283157029933248872e+00
1.275484770518419797e+00
1.268181030702926426e+00
1.268424738441213506e+00
1.268235733005829591e+00
1.260795124213347940e+00
1.254438290012749535e+00
1.249176363130267475e+00
1.238060536613672102e+00
1.229196209252876315e+00
1.219868394299649328e+00
1.205832741631682747e+00
1.194951473064419067e+00
1.180078792719378322e+00
1.165997121006392190e+00
1.148731541097053777e+00
1.135781082475660231e+00
1.119913737363906980e+00
1.105109638198639166e+00
1.091262473689631918e+00
1.078161877226581744e+00
1.062595331628879869e+00
1.051480987325438710e+00
1.034081554253638568e+00
1.011358311364422002e+00
9.943402205948248529e-01
9.781254347402230653e-01
9.665868869539150365e-01
9.485662835397852266e-01
9.399460802840123863e-01
9.348185918745217649e-01
9.323909167252554253e-01
9.319673138018312875e-01
9.329579897799709087e-01
9.244593491847080680e-01
9.184052679061150970e-01
9.097977397546004319e-01
8.976868827164918851e-01
8.887093126856874248e-01
8.669529497525391148e-01
8.500111151591444036e-01
8.266051827879351555e-01
8.088143741013447130e-01
7.850852659023475066e-01
7.565932022733372619e-01
7.295727603927198990e-01
7.045604626613417576e-01
6.806846363203709060e-01
6.636426287302323868e-01
6.476227313965596810e-01
6.371423000499902844e-01
6.248355192742591768e-01
6.125405145322559974e-01
6.046366238034741603e-01
6.001663695902859086e-01
5.878188262342201043e-01
5.689598004104385875e-01
5.552093791899930242e-01
5.392965796307267468e-01
5.279052494155620501e-01
5.100652363301232395e-01
4.971472914603571880e-01
4.883165768168964416e-01
4.827838250486333749e-01
4.798321929430391375e-01
4.721920827575998292e-01
4.671405560210339925e-01
4.641726749502184113e-01
4.560519012509856029e-01
4.503177843192160967e-01
4.396679270474088685e-01
4.247865068918288411e-01
4.134579311625481424e-01
4.022049273285968063e-01
3.942518837763475670e-01
3.818476920724751533e-01
3.728897770260850564e-01
3.568527793530016368e-01
3.378242326305074261e-01
3.236517961640754670e-01
3.039756933843256181e-01
2.822967890598611085e-01
2.589922990506514644e-01
2.326282351934616521e-01
2.132849325720529432e-01
1.924110854704286222e-01
1.702069727119175369e-01
1.542944978397906564e-01
1.361473713970515753e-01
1.235076927158897941e-01
1.087002916596324642e-01
9.851361877909070586e-02
9.145100930616600898e-02
7.999675672517447822e-02
7.238474055183408140e-02
6.021504953159384499e-02
5.181681049186392940e-02
3.119087580108592661e-02
1.564720897134930233e-02
-2.834556804845567157e-03
-2.365109747609750457e-02
-4.626280525057779869e-02
-7.019533223658269705e-02
-8.764040454283117398e-02
-1.070780564887292563e-01
-1.281192258775276649e-01
-1.431031302188683352e-01
-1.592251676178384479e-01
-1.772330104115340532e-01
-1.981690829728994796e-01
-2.132208210585997410e-01
-2.304503011486325192e-01
-2.424573258086797356e-01
-2.520174570495397059e-01
-2.579710171187954426e-01
-2.701055361716970804e-01
-2.857034859433438267e-01
-2.969609118596092667e-01
-3.116949865130818065e-01
-3.221258860018008097e-01
-3.289922587035398749e-01
-3.400807567145867072e-01
-3.520759263588228993e-01
-3.670997542530356483e-01
-3.844269326646361229e-01
-3.968382105003043225e-01
-4.117880440431520572e-01
-4.222995699705345274e-01
-4.292562001842288311e-01
-4.397246862371944065e-01
-4.468494945709406974e-01
-4.513173263801206758e-01
-4.598890107181214937e-01
-4.657456608176662183e-01
-4.694313053796497215e-01
-4.806239583516060954e-01
-4.889000118889710311e-01
-5.007318543142951217e-01
-5.127584597289229773e-01
-5.275917707352606456e-01
-5.445064889149846543e-01
-5.606710324940780144e-01
-5.783756583226991044e-01
-5.952048630817086128e-01
-6.131638968722713523e-01
-6.302439519688030067e-01
-6.425596465497529497e-01
-6.607159680960164039e-01
-6.738844680853797176e-01
-6.928032913277307747e-01
-7.118997993536889668e-01
-7.354957111009147175e-01
-7.527401251309782104e-01
-7.697157048528423529e-01
-7.911825534017433714e-01
-8.112630983136152052e-01
-8.252770149454908832e-01
-8.394997271784508941e-01
-8.490393885628596538e-01
-8.600166760533733967e-01
-8.769204642993114751e-01
-8.890503305549485313e-01
-9.069258190188680402e-01
-9.198099046633014808e-01
-9.285291041234526865e-01
-9.338821473381293536e-01
-9.366044527821184573e-01
-9.373479731009209948e-01
-9.366720112386341945e-01
-9.308849054300438741e-01
-9.252184270135511701e-01
-9.143419853010299470e-01
-9.050838859165288852e-01
-8.974454952316343048e-01
-8.913394249468881148e-01
-8.866222357359622164e-01
-8.777294523885467159e-01
-8.664151441823122468e-01
-8.523933020669315352e-01
-8.416614796109957997e-01
-8.337652590295498989e-01
-8.282430727028362583e-01
-8.246533430642706275e-01
-8.178792675239412446e-01
-8.080704752702103644e-01
-8.008670145997145440e-01
-7.909947751935392235e-01
-7.837333814123107478e-01
-7.786909590941011317e-01
-7.754731184049888926e-01
-7.637868129878676582e-01
-7.550022460389690382e-01
-7.487122241323644900e-01
-7.397586184388713626e-01
-7.282014346702084806e-01
-7.150865448704821770e-01
-7.054657495432737901e-01
-6.934393138134672396e-01
-6.846989819805184840e-01
-6.743660614938634668e-01
-6.671290474860419595e-01
-6.624048400288746752e-01
-6.542142877513272836e-01
-6.485049921675928308e-01
-6.448315378617666127e-01
-6.372030368902618092e-01
-6.317785283867369817e-01
-6.240932504622411781e-01
-6.129788097352865117e-01
-6.047240092238462816e-01
-5.989088485384483906e-01
-5.951075453761610623e-01
-5.929140262377929904e-01
-5.919584255176340015e-01
-5.860558771363869601e-01
-5.818330249481519223e-01
-5.730470340636039106e-01
-5.664216602507363696e-01
-5.517804939110886320e-01
-5.405273556754224273e-01
-5.224345789897291148e-01
-5.087183100301675420e-01
-4.953732895967586369e-01
-4.796559590060551770e-01
-4.682174834076680003e-01
-4.603315663959646198e-01
-4.459641333081374448e-01
-4.293055758091197660e-01
-4.170917897912587158e-01
-4.086029461609441693e-01
-3.967120520407712014e-01
-3.883491198748323381e-01
-3.828971407692047801e-01
-3.706562607583827607e-01
-3.619121265906934948e-01
-3.560507847520599789e-01
-3.435663242977669007e-01
-3.368721479913465711e-01
-3.325733085103592668e-01
-3.235391847227573336e-01
-3.082846712437870007e-01
-2.968827215746536741e-01
-2.887587025527589280e-01
-2.747130678557634376e-01
-2.663303321630565712e-01
-2.607093849949875253e-01
-2.573166767785715070e-01
-2.488671710319405594e-01
-2.429282853059626657e-01
-2.390646039569674919e-01
-2.368592545031713570e-01
-2.359310126701488208e-01
-2.290475250899073334e-01
-2.240599426633587132e-01
-2.206649417948260972e-01
-2.185639412815676419e-01
-2.174782548800544557e-01
-2.171585408334055778e-01
-2.173896920089419815e-01
-2.164605990201411423e-01
-2.229112855662549464e-01
-2.299994277191657055e-01
-2.359125123923291323e-01
-2.406957942811718265e-01
-2.375815039681703489e-01
-2.347815416863381355e-01
-2.339942983588594316e-01
-2.332870489645724188e-01
-2.326741286325033631e-01
-2.321607131073566421e-01
-2.317450179167444002e-01
-2.314203638656771034e-01
-2.311769874381948142e-01
-2.310035286699758661e-01
-2.325755588204161395e-01
-2.339025162418244541e-01
-2.188258069277204676e-01
-2.064727108721104987e-01
-1.981428096033559516e-01
-1.830240538184495502e-01
-1.712987652338184841e-01
-1.625597682148256506e-01
-1.563595320877397832e-01
-1.522500043827337279e-01
-1.498086363169937041e-01
-1.486539439975540500e-01
-1.495556635802233192e-01
-1.509463660590850687e-01
-1.526097096478542525e-01
-1.543770061775169289e-01
-1.561231271583558566e-01
-1.577610165043916712e-01
-1.592354810875573623e-01
-1.605168564535033315e-01
-1.615950069252007903e-01
-1.549690120005213778e-01
-1.495210469087504546e-01
-1.451855224677469636e-01
-1.418563847774652054e-01
-1.394053757830613360e-01
-1.376959493241243226e-01
-1.365933396866039207e-01
-1.359713900630765693e-01
-1.357167668135119687e-01
-1.281876173882701142e-01
-1.222171017925011149e-01
-1.176493497316071224e-01
-1.143009568570301226e-01
-1.119792382533995045e-01
-1.104954138059213165e-01
-1.020886745613718283e-01
-9.556405722311578366e-02
-9.069745510521598497e-02
-8.724416505440202307e-02
-8.495838964495994183e-02
-7.598531456369439496e-02
-6.911995451728536466e-02
-6.408767003012805219e-02
-6.059918439632294707e-02
-5.837075499865895800e-02
-5.713779453635714489e-02
-5.666323472954659657e-02
-5.717949682189171767e-02
-5.756137901791014144e-02
-5.818985855787550676e-02
-5.895589140747592438e-02
-5.977669464319546044e-02
-6.059205348959473270e-02
-6.136054223360298820e-02
-5.440556133614493639e-02
-4.876408247413399621e-02
-4.433431261441733717e-02
-4.098147374034355472e-02
-3.089605411527407419e-02
-3.064297545528615885e-02
-3.091977867992690143e-02
-3.155084923884965420e-02
-3.239527207915138263e-02
-3.334369794980696078e-02
-3.431450919824308166e-02
-3.524969579567271971e-02
-3.611074341419562295e-02
-3.687474421765268850e-02
-2.986955128317414498e-02
-2.415293128881801366e-02
-1.948647170471340395e-02
-1.597036213072366984e-02
-1.342599594419136011e-02
-1.168157913227196865e-02
-1.057880308660874569e-02
-2.509932610398557529e-03
3.800086850354489343e-03
8.562045294373321624e-03
1.200091073448117385e-02
2.178957808545889385e-02
2.954961702137537394e-02
3.512309272324376508e-02
3.931402441844555895e-02
4.211911517860800203e-02
4.379563937860542211e-02
5.222232404596893751e-02
5.861784274266690353e-02
6.324789465699409696e-02
6.639567031387860752e-02
6.834030641320687494e-02
7.700132195397002555e-02
8.354376763094628622e-02
8.826485676685291715e-02
9.146926858809534266e-02
9.274048406777790632e-02
9.388839068109122721e-02
9.431551167352458798e-02
1.017977827057978679e-01
1.075339452688264252e-01
1.193134324744939967e-01
1.284171439736783160e-01
1.341649902352655133e-01
1.380639393441613905e-01
1.404957386774521311e-01
1.417947853041219286e-01
1.506823652577788941e-01
1.574677532754575893e-01
1.624233940248636099e-01
1.658355166591540808e-01
1.754052628413360626e-01
1.826271320522825370e-01
1.878297102470074531e-01
1.913496058913435327e-01
1.935108270623595583e-01
1.946112214931645656e-01
1.949145114474024609e-01
1.946466102103325824e-01
1.939950923747584266e-01
1.931108760984405759e-01
1.921113500878066649e-01
1.910843368336005987e-01
1.900924248266504524e-01
1.906059632891674571e-01
1.895248127195436894e-01
1.900095879175558444e-01
1.979002012535924226e-01
1.953244209263731435e-01
1.945083350968597191e-01
1.937269392423852654e-01
2.005729682996182373e-01
2.045658629832127762e-01
2.076075262975249913e-01
2.024189924410486618e-01
1.979495590256996618e-01
1.942118997651953727e-01
1.911766804521470853e-01
1.961739506815849410e-01
2.003740039810115725e-01
2.038022773702625745e-01
2.065161421934429420e-01
2.085921295616428583e-01
2.174242538909607614e-01
2.261078723669271984e-01
2.329424155872943381e-01
2.363359640509037352e-01
2.385674308611733796e-01
2.416713192242421204e-01
2.437634455582311510e-01
2.523954821534792892e-01
2.590470202682768619e-01
2.639615037453133528e-01
2.674027757981836118e-01
2.696342074385571497e-01
2.709042899268263582e-01
2.787526404512297162e-01
2.846980696976417757e-01
2.890108058598455099e-01
2.847102106092751495e-01
2.879029651079956231e-01
2.901382088862933806e-01
2.915911756786810916e-01
2.924243969815634170e-01
2.949758205689909651e-01
2.968003114236308360e-01
2.980139723407482233e-01
2.987321126961144380e-01
3.041195484368579560e-01
3.105617192087930523e-01
3.155352030907851990e-01
3.264865041015101443e-01
3.349817273412816210e-01
3.413239974365760432e-01
3.529900845218756356e-01
3.617874663521316592e-01
3.681421476997128739e-01
3.724751990243904132e-01
3.724397260427489975e-01
3.716510123381113750e-01
3.772666680051051102e-01
3.813006490435582041e-01
3.867992814769594112e-01
3.880111241312114156e-01
3.951959346708446841e-01
4.005457238080394333e-01
4.043579329257438459e-01
4.135165744984532488e-01
4.204152591409116013e-01
4.254013604714099728e-01
4.288089245305026775e-01
4.339449596171454093e-01
4.375822272891392029e-01
4.399718446964624441e-01
4.479102980095959197e-01
4.538713444426991650e-01
4.581389005954907834e-01
4.707562490240353448e-01
4.805174660263229480e-01
4.877569316660324006e-01
4.992746861222854271e-01
5.078004356464034252e-01
5.138008994250109485e-01
5.177338441820900083e-01
5.200254625132698649e-01
5.210572736966783136e-01
5.310772120779443384e-01
5.386609648996358857e-01
5.441405628038360476e-01
5.478600973570448840e-01
5.602190793700669857e-01
5.696724846719039004e-01
5.765863168238903880e-01
5.813548261427803343e-01
5.946018834615427462e-01
6.046416551342068679e-01
6.118983947830368697e-01
6.168215289422767089e-01
6.302273530730091444e-01
6.402917016623353996e-01
6.474809551736006030e-01
6.581836951204708130e-01
6.658234282274555493e-01
6.709452484245258530e-01
6.740578125918432750e-01
6.802443030797720169e-01
6.901852980862125397e-01
6.974386885386901769e-01
7.072365290080563360e-01
7.199994557271877094e-01
7.294535160129312912e-01
7.361094117340637455e-01
7.404703104603955754e-01
7.480334308315651493e-01
7.533244104598449953e-01
7.621501598070001826e-01
7.684489923078566820e-01
7.726626794939754905e-01
7.752078977604986987e-01
7.764612956781163922e-01
7.872226853927338786e-01
8.005278822195089905e-01
8.258653541416811628e-01
8.453066078325035537e-01
8.597227740059864010e-01
8.754410392258872298e-01
8.868253964602396122e-01
8.946079819344570083e-01
8.893857308840883436e-01
8.938155765135490372e-01
8.918723395361717321e-01
8.892926939196126312e-01
8.863973875593423868e-01
8.891308630595593510e-01
8.909752879088889133e-01
8.967468073240792981e-01
8.964498698567621160e-01
9.062712538919592831e-01
9.139698873289043846e-01
9.197691909054549475e-01
9.239309152080457110e-01
9.267279869902863565e-01
9.284251991642569202e-01
9.292665451437830404e-01
9.399290818958542237e-01
9.421546790203273458e-01
9.493977952306613677e-01
9.590550942119552280e-01
9.704270440850755186e-01
9.788735125696262918e-01
9.848969277065637851e-01
9.889572572788429827e-01
9.953338550822439235e-01
1.005667962125113224e+00
1.009605061469307286e+00
1.015772988278250466e+00
1.020046381458810547e+00
1.028819633836474567e+00
1.038918265765549354e+00
1.046362416117059047e+00
1.057696496132182862e+00
1.066141892458626117e+00
1.072126416309359787e+00
1.076077267906498713e+00
1.084659634916458559e+00
1.090886717694841357e+00
1.095127310667906473e+00
1.107365881704418742e+00
1.116548024222373092e+00
1.129569730033841424e+00
1.139294086751031054e+00
1.143219717245924194e+00
1.154958214412606932e+00
1.163598678900388483e+00
1.176315152139647324e+00
1.185701970316696219e+00
1.199070390354768367e+00
1.211506317780462583e+00
1.220361368216360098e+00
1.226271337764148317e+00
1.229833032211490540e+00
1.231582569445201836e+00
1.231985299894447827e+00
1.231433343586778362e+00
1.230247971008340491e+00
1.228684937914648945e+00
1.224492381522732209e+00
1.220667453715568840e+00
1.217303802241243460e+00
1.214443706010429835e+00
1.207811244039387111e+00
1.202519660338891683e+00
1.198427871478072726e+00
1.192716480103311216e+00
1.188328624832201141e+00
1.185098950523629346e+00
1.176113669502501180e+00
1.172007656021959887e+00
1.159761485218947286e+00
1.150304387916250892e+00
1.143274035709606951e+00
1.135267478471930769e+00
1.129432168133191361e+00
1.125435319241961052e+00
1.126086910517099637e+00
1.117677926509357045e+00
1.111398623306874445e+00
1.106935622353541371e+00
1.097506168354818179e+00
1.090502796341319858e+00
1.085545415671717695e+00
1.082264352655461614e+00
1.080316826984950129e+00
1.079396394577259333e+00
1.079237402537352342e+00
1.079615965865825977e+00
1.074040852681027225e+00
1.072710682589010478e+00
1.065673907483152938e+00
1.060259469992073322e+00
1.056267231336682766e+00
1.057044487526986654e+00
1.058152993256602947e+00
1.055909539440176736e+00
1.048109779498958005e+00
1.042037182227748549e+00
1.031328729825050861e+00
1.029205053438726924e+00
1.028069343530321422e+00
1.027681381682708839e+00
1.027834818439345099e+00
1.028357508877122406e+00
1.029110067061300260e+00
1.029983216434904758e+00
1.024771819295409614e+00
1.020683326398423185e+00
1.013831269966637638e+00
1.008466640208927068e+00
1.004429463187258342e+00
1.001536894654488030e+00
9.956745946788688739e-01
9.851557797928685023e-01
9.770075842308969527e-01
9.709535863875391470e-01
9.625157288056468419e-01
9.562440534706287965e-01
9.458322286243264765e-01
9.381004651761249979e-01
9.326458396009543739e-01
9.290639065496097970e-01
9.269727665907936398e-01
9.215899483998679642e-01
9.178309120241928687e-01
9.154152162431481443e-01
9.140721389418500209e-01
9.135528009641943337e-01
9.136376565621584511e-01
9.082422520446521430e-01
8.996044231659496848e-01
8.929251019233682696e-01
8.879716473328913562e-01
8.844879577949662508e-01
8.822156872925818183e-01
8.809092136413710916e-01
8.803453269524342817e-01
8.803286733859454483e-01
8.806939460305718281e-01
8.813057093503866568e-01
8.820566092817547776e-01
8.828645794589374818e-01
8.836695187261343065e-01
8.844297938311875829e-01
8.793439964110737472e-01
8.752652639133507995e-01
8.720945138159943433e-01
8.697163532957163934e-01
8.680103971232860927e-01
8.668590025233500196e-01
8.661523244614846018e-01
8.657913809125697968e-01
8.656896492297286860e-01
8.609797272437040849e-01
8.516400176952781953e-01
8.337795541378425490e-01
8.141713904115571721e-01
7.937474240214992260e-01
7.732408361829984367e-01
7.528545726067542576e-01
7.377456182214280345e-01
7.270450383207488487e-01
7.152812617712027699e-01
7.073052354066373670e-01
7.023334624377158830e-01
6.996838102479535637e-01
6.987742630478531725e-01
7.036245022338054600e-01
7.085514700250530318e-01
7.132782827078666399e-01
7.076280744333790507e-01
7.040755421537370218e-01
6.961951725784614187e-01
6.901294427864881342e-01
6.856397541139043206e-01
6.869123802689180991e-01
6.840156976998670313e-01
6.820495648525684018e-01
6.808327399954726689e-01
6.802003026913442385e-01
6.800072225207359766e-01
6.801297805174306710e-01
6.804654600335355852e-01
6.754723301049625483e-01
6.715123447266443391e-01
6.641289007058011062e-01
6.584000856596807782e-01
6.528100363752746826e-01
6.443407732558390499e-01
6.378933739336092312e-01
6.331988877863667931e-01
6.242262190370263530e-01
6.174498144543062450e-01
6.125778779983263034e-01
6.093014901776488967e-01
6.073169257804481580e-01
6.063411777149770865e-01
6.001892035176649154e-01
5.956251617392426256e-01
5.924218247021367789e-01
5.802696706836301122e-01
5.708726935774260935e-01
5.638948769320650811e-01
5.589704288301216017e-01
5.519373059453518415e-01
5.470032566832907506e-01
5.376482573569614232e-01
5.307416087448659781e-01
5.258978933981448556e-01
5.227423730460680762e-01
5.209269199586838983e-01
5.201396557495026052e-01
5.201098537603106031e-01
5.143861728135119549e-01
5.101122807843101459e-01
5.070824877171289380e-01
5.050857576869791643e-01
4.941099336004486364e-01
4.855957663733938556e-01
4.759423728143725718e-01
4.688170400266400417e-01
4.574475415859804439e-01
4.489411484698722088e-01
4.428643370477658436e-01
4.387914987165622005e-01
4.363241523045864323e-01
4.351026634734722620e-01
4.348124455462927251e-01
4.351861291584753211e-01
4.295623748465837721e-01
4.253551876665926379e-01
4.223638379482921312e-01
4.203827231328916003e-01
4.126507201079487874e-01
4.067053333792698400e-01
4.023324215480614807e-01
3.992957545440332101e-01
3.945695157460040736e-01
3.912597720237440679e-01
3.890991141527357922e-01
3.878436365811428477e-01
3.806844194084073596e-01
3.752333889967094382e-01
3.712584848364164358e-01
3.685209833090676845e-01
3.601147064521241781e-01
3.536875125787051211e-01
3.465475844677909922e-01
3.413682678276162008e-01
3.378117671378002562e-01
3.355613534953554300e-01
3.343314057893365110e-01
3.338722653132990548e-01
3.273079272376191451e-01
3.223303579699250410e-01
3.209531411656778577e-01
3.203106807795830235e-01
3.202238512767754397e-01
3.114304562624303774e-01
3.045722182164960490e-01
2.994259574192754680e-01
2.978517931432240751e-01
2.970917446977392462e-01
2.899553727163823869e-01
2.915173545607498973e-01
2.932956945900300205e-01
2.951299035620422728e-01
2.898601841187431472e-01
2.949319747708070150e-01
2.972123479455763828e-01
2.991816336149819566e-01
3.008297383439089145e-01
3.043740215429229234e-01
3.001451410826569965e-01
2.965419191732923121e-01
2.935733888890235121e-01
2.912111143693532078e-01
2.915765813419284314e-01
2.920393610727749500e-01
2.829800628563798881e-01
2.756770579887226624e-01
2.699918300645955949e-01
2.657370991304157659e-01
2.627036751524265412e-01
2.532834978147575633e-01
2.460144145682883199e-01
2.406316655289406636e-01
2.368489014629917566e-01
2.343808124760071721e-01
2.237939231793284467e-01
2.157734763319070215e-01
2.099384313438645844e-01
1.985389725012940421e-01
1.973342561078830215e-01
1.898074711714250462e-01
1.843615692088447222e-01
1.806479090948864830e-01
1.796771282012072923e-01
1.795566288648846598e-01
1.725012983714275805e-01
1.671609696001017387e-01
1.633181969573169745e-01
1.595034909257480038e-01
1.493829765513137176e-01
1.492748451487186934e-01
1.422914722956927225e-01
1.371495637027828618e-01
1.335544217815247681e-01
1.312209406037805337e-01
1.214231130682847937e-01
1.140331549053670290e-01
1.086782396479151203e-01
1.042254241528999259e-01
9.400769149829768523e-02
7.911987664323461011e-02
6.777377963918951309e-02
5.183336586960884951e-02
3.996886343234651306e-02
2.438137993114231072e-02
1.289066645732450667e-02
4.808815625899409696e-03
-5.036326586362882551e-04
-3.623723190935734806e-03
-5.023987919860362084e-03
-5.181472662969976994e-03
-4.478820805386307669e-03
-3.242569824466245976e-03
-8.679508592343010420e-03
-1.263194193976935331e-02
-1.548025439929001656e-02
-1.735125640381496304e-02
-2.551086036839356197e-02
-3.179970904530837750e-02
-3.644364488793461199e-02
-3.968939889403788612e-02
-4.178502505075609719e-02
-4.296594068265768840e-02
-4.344580679882770191e-02
-4.372335074972943936e-02
-4.327272784421198892e-02
-4.976092886629834844e-02
-5.480150518015913796e-02
-5.899171076818809922e-02
-6.206179303375303213e-02
-6.371595663325479997e-02
-6.465588635542984797e-02
-6.505304282331358934e-02
-6.505426172031536503e-02
-6.478159521957915779e-02
-6.433364012709530400e-02
-6.378771966369578550e-02
-7.030059875548344550e-02
-7.550781671523099092e-02
-8.660960978212939310e-02
-9.537090909712775399e-02
-1.020468379922354618e-01
-1.069235747397763170e-01
-1.173245503100110998e-01
-1.252014660399813906e-01
-1.379082169226644172e-01
-1.475079600028696980e-01
-1.544480229833318230e-01
-1.591775616209853972e-01
-1.621232541991428633e-01
-1.706058403510606336e-01
-1.767556541686743365e-01
-1.878538932580384735e-01
-1.960971411550196386e-01
-2.019293229441720960e-01
-2.057832292841956789e-01
-2.080614312481467998e-01
-2.091249882337520294e-01
-2.092878152296484551e-01
-2.156300234153076811e-01
-2.134969190134341499e-01
-2.112031506486302668e-01
-2.089177707360136971e-01
-2.067583783629445282e-01
-2.062302176232277962e-01
-2.042437471631697310e-01
-2.039623024499663817e-01
-2.037029469046136576e-01
-2.020426595464448472e-01
-2.021035064274891990e-01
-2.021824298979399970e-01
-2.008440894778487085e-01
-2.011895771818439371e-01
-2.015157743071283036e-01
-2.018111392164512186e-01
-2.006429237105289420e-01
-2.011183174810375895e-01
-2.015386849031592931e-01
-2.018983257590087899e-01
-2.091912602863805759e-01
-2.151392852215316953e-01
-2.198366463412011473e-01
-2.303566276068753638e-01
-2.386103803759955788e-01
-2.517286797001918597e-01
-2.618230298884032248e-01
-2.692967002292661061e-01
-2.745651533157669189e-01
-2.847753616170913826e-01
-2.922834048133164941e-01
-2.975307795166883817e-01
-3.075888826249413288e-01
-3.104481305726600748e-01
-3.164157125492568223e-01
-3.226766405140271132e-01
-3.270423793836387816e-01
-3.365054910877312011e-01
-3.368593521424068093e-01
-3.429966286981762646e-01
-3.473305815399869712e-01
-3.567888748425771528e-01
-3.663350441191890461e-01
-3.734475539371031605e-01
-3.784724202658917847e-01
-3.817654858370647109e-01
-3.902704230169768973e-01
-3.964788111490769040e-01
-4.007630372333359503e-01
-4.099925103654744607e-01
-4.167587794902234410e-01
-4.214683275690678244e-01
-4.274202390468706536e-01
-4.379915115862618169e-01
-4.458917006988820653e-01
-4.515117571862452550e-01
-4.552453831019898089e-01
-4.543560688178169826e-01
-4.559665390316012257e-01
-4.566745795643409878e-01
-4.567147677199694389e-01
-4.626198806778358819e-01
-4.670458159599222281e-01
-4.702139117461741069e-01
-4.723432797292048679e-01
-4.768618248175748864e-01
-4.801791488247590944e-01
-4.824742538438424599e-01
-4.839282983464003873e-01
-4.880715846244048084e-01
-4.975111324653913591e-01
-5.083966966258879339e-01
-5.168894121609390879e-01
-5.232244862284158859e-01
-5.340662036727514828e-01
-5.459854014052940574e-01
-5.549493913476410967e-01
-5.676448417357558007e-01
-5.769920456066518488e-01
-5.938105253128511674e-01
-6.064530242942550720e-01
-6.258833792398807994e-01
-6.360509916914283135e-01
-6.427950472185625097e-01
-6.571292476886028133e-01
-6.674730913888328176e-01
-6.802090275393922747e-01
-6.891563578763734155e-01
-7.005671227413226010e-01
-7.084542912494894429e-01
-7.135260628265471805e-01
-7.164044610723659945e-01
-7.176235041066186815e-01
-7.229373915520013183e-01
-7.264068071693600137e-01
-7.383042855052975861e-01
-7.472670621269237312e-01
-7.537348657249923756e-01
-7.581369519516627520e-01
-7.608749632125574314e-01
-7.623123171584597069e-01
-7.676170285213560485e-01
-7.713677347540438545e-01
-7.787981808936040862e-01
-7.894489211840926002e-01
-8.027299491231160156e-01
-8.128787007723332625e-01
-8.256273057902007162e-01
-8.455537095544983783e-01
-8.608478078985665194e-01
-8.720527873217844839e-01
-8.901932823988173427e-01
-9.035684384012395709e-01
-9.129085256036214568e-01
-9.233926564631068645e-01
-9.303658765674261977e-01
-9.388514496780857588e-01
-9.401244691567931522e-01
-9.398952933824674671e-01
-9.444494906672414869e-01
-9.473086672777066841e-01
-9.471789828022251223e-01
-9.463410005800214631e-01
-9.393354949064812720e-01
-9.332236293204589916e-01
-9.280388949943753074e-01
-9.251276537764566710e-01
-9.171524596950964003e-01
-9.063677512479629828e-01
-8.921416891572854224e-01
-8.809182946335032405e-01
-8.723849083389099146e-01
-8.607884452713963075e-01
-8.521973566980396431e-01
-8.408900843880721121e-01
-8.279865522359861618e-01
-8.184518937571868546e-01
-8.067087492938916915e-01
-7.934255188947729742e-01
-7.836953484771724820e-01
-7.720836514344480150e-01
-7.540780735298772131e-01
-7.406834516661118251e-01
-7.214477961987804111e-01
-7.072161544072607109e-01
-6.919043473574790770e-01
-6.809176819882221121e-01
-6.735383859923723682e-01
-6.636025488825568752e-01
-6.470505165155594485e-01
-6.307282628698037685e-01
-6.132881522464740387e-01
-6.006102644330858498e-01
-5.919316165462382706e-01
-5.767962826348043137e-01
-5.660219703196902596e-01
-5.588430481003190398e-01
-5.545379742680556223e-01
-5.428770547921861755e-01
-5.346632980822045855e-01
-5.292646030830574500e-01
-5.260980781751090074e-01
-5.186372238475036589e-01
-5.135144068096646475e-01
-5.069141865320185847e-01
-5.024763179930540336e-01
-5.030837071237204139e-01
-5.044201284309610678e-01
-5.028401777259505767e-01
-5.020866743911764907e-01
-5.019433345402395386e-01
-5.022294195303846909e-01
-4.967574047655261005e-01
-4.925405410308096865e-01
-4.832985962462437168e-01
-4.728799638284548745e-01
-4.649026289499751385e-01
-4.558809172977364987e-01
-4.460809389109796630e-01
-4.388398697708866258e-01
-4.274309690041955268e-01
-4.189146636557505854e-01
-4.128762053364054552e-01
-4.024396624798010080e-01
-3.947817659199304163e-01
-3.802964516987750176e-01
-3.629070111680143818e-01
-3.497972974346168495e-01
-3.337084295927272848e-01
-3.218539933040318601e-01
-3.047051115634566987e-01
-2.922230594192227748e-01
-2.768748408589165599e-01
-2.573002434213504941e-01
-2.447277199643138612e-01
-2.361327016166110404e-01
-2.291742726546823761e-01
-2.183049475879896839e-01
-2.108928572718962169e-01
-2.062614887255977969e-01
-1.983621982945773521e-01
-1.916757352772733292e-01
-1.804900612191200349e-01
-1.655195081397948798e-01
-1.543869714694674489e-01
-1.465259179726299266e-01
-1.343920578533284171e-01
-1.186639052849836062e-01
-1.070311173466316212e-01
-9.183137882257841333e-02
-8.076246178348456262e-02
-6.608394437639786290e-02
-5.551321331088621136e-02
-4.837236737734285086e-02
-4.400291816319001903e-02
-4.179705721522219974e-02
-4.092427094848871683e-02
-3.423408414071271721e-02
-2.990494518051267647e-02
-2.721909224573582087e-02
-2.582604346722994215e-02
-2.541186808734874347e-02
-2.570463140813328273e-02
-1.936066054691321092e-02
-1.459915642229714372e-02
-1.119486480069786793e-02
-1.784368538511937885e-03
5.419118237793396631e-03
1.070250921494908525e-02
1.426675142551303566e-02
1.650044444008713640e-02
1.770581072608989892e-02
2.530470504811765942e-02
3.107843552290168176e-02
4.233795679260499156e-02
5.807184588900504707e-02
7.024471820386035681e-02
8.635608094533164802e-02
9.850404463945583444e-02
1.142941308739404693e-01
1.259459004449434705e-01
1.411119763536832217e-01
1.521150220503408868e-01
1.596522377279181448e-01
1.643888807812181607e-01
1.738665291475383068e-01
1.804003870552206568e-01
1.845502163204213453e-01
1.868276496868168657e-01
1.876846794886397607e-01
1.943865116552363492e-01
1.991101452765242641e-01
2.022132193747621098e-01
2.040279674561404910e-01
2.062821883113383770e-01
2.075580953969480280e-01
2.080744435897137201e-01
2.149908913795999243e-01
2.202597141068078912e-01
2.240951537444086927e-01
2.336691245432680475e-01
2.392864276089279318e-01
2.432021114608535761e-01
2.474597928872743768e-01
2.503554606534466043e-01
2.521475815957407995e-01
2.617198626909376102e-01
2.691404114934361491e-01
2.727200477023028480e-01
2.769120758454910458e-01
2.797405053611523584e-01
2.883481651422878933e-01
2.948268952654715669e-01
2.994764779386218656e-01
3.094362864430535431e-01
3.168892969010190797e-01
3.289589744392324988e-01
3.403487559128497431e-01
3.463905764657742026e-01
3.503241541165602602e-01
3.592144039588343052e-01
3.655762661155494975e-01
3.698653328091507930e-01
3.725005987842997524e-01
3.764198758115091525e-01
3.789373586279205508e-01
3.777231340476323584e-01
3.787241309804179057e-01
3.856379441538044794e-01
3.908790350682662673e-01
4.011951381540606043e-01
4.090759482642403189e-01
4.177085637114206218e-01
4.241252903779111350e-01
4.351123940086518704e-01
4.433260098287155060e-01
4.555592259936567245e-01
4.646123567001383403e-01
4.805063611916875477e-01
4.925068498039493203e-01
5.011591794254450782e-01
5.070217412996627093e-01
5.106312892299991191e-01
5.221616398118895663e-01
5.306428169882944079e-01
5.402096356128442967e-01
5.532199075391190934e-01
5.628093457582217241e-01
5.694907464371579131e-01
5.777320941129190368e-01
5.834205971368729982e-01
5.972041213477438104e-01
6.075347851727816995e-01
6.148714536030664979e-01
6.197071948978900569e-01
6.225291675375164147e-01
6.237910923164717847e-01
6.238964520041878625e-01
6.275661908587636395e-01
6.315642640545265918e-01
6.341767955968705683e-01
6.356992894721956722e-01
6.407912638220676360e-01
6.503913812574853015e-01
6.532188461194111673e-01
6.548879254398770611e-01
6.601212381437610022e-01
6.651450978490081045e-01
6.686720369941978603e-01
6.698328893033794751e-01
6.759209073445949789e-01
6.804514209242252809e-01
6.836616977922789218e-01
6.857846880307676418e-01
6.870388194875143295e-01
6.876214571645601348e-01
6.877052624079306176e-01
6.874367982635501972e-01
6.915446258391332313e-01
6.947103079729067820e-01
7.026381306669897686e-01
7.088100922058511166e-01
7.134335549668415766e-01
7.167358722914038971e-01
7.237625032995953500e-01
7.345285134119273751e-01
7.427682484662777584e-01
7.487888262670348016e-01
8.658700909738386020e-01
8.688576407233560284e-01
8.687974905858947272e-01
8.752604760248692273e-01
8.898156005605806218e-01
8.994983645917080661e-01
9.052538851840655765e-01
9.223129724687789688e-01
9.262538230695175345e-01
9.402864989313649557e-01
9.499006936683344060e-01
9.563794726347004671e-01
9.605393690885712932e-01
9.670985502781981324e-01
9.714361993692810504e-01
9.799298715187587661e-01
9.860109484243650968e-01
9.901071506374093945e-01
9.926070207451122007e-01
9.938614492505237763e-01
9.980285702028062200e-01
9.969822349415117246e-01
1.001502978783840980e+00
1.004767168129933941e+00
1.016851367180919619e+00
1.026281589449984155e+00
1.039541081875741124e+00
1.053296148942620469e+00
1.069869574381265176e+00
1.082406813271512558e+00
1.097863530875189397e+00
1.112513593866024442e+00
1.129522216414900804e+00
1.141985571716535475e+00
1.160077484088751110e+00
1.173234580943356864e+00
1.182295559729667156e+00
1.188052472982491503e+00
1.191222250530685978e+00
1.192433202817706706e+00
1.189587694057150813e+00
1.192862725605673191e+00
1.194780067742885477e+00
1.195632311721590568e+00
1.202493312696605088e+00
1.207605828843708817e+00
1.220674802632764289e+00
1.237660383089903560e+00
1.250776624426108485e+00
1.260486326852964245e+00
1.267302122098548978e+00
1.271739777421380335e+00
1.274287010874709747e+00
1.275384473289010501e+00
1.268396173614427580e+00
1.268969953283407781e+00
1.266781311956724831e+00
1.264571795188460301e+00
1.255367443401915306e+00
1.247632452420712079e+00
1.243737932238166310e+00
1.233826820424925419e+00
1.216687658305187991e+00
1.203137597569323036e+00
1.192788979355344114e+00
1.175636587327388849e+00
1.162468491150536742e+00
1.152787388703693239e+00
1.146058330341428455e+00
1.138650705347688863e+00
1.126890985812182056e+00
1.118337376580558651e+00
1.112489191250808584e+00
1.102142038240088162e+00
1.094792666509605272e+00
1.089910030919339912e+00
1.086994781067923022e+00
1.085597198116958095e+00
1.078773927975997804e+00
1.076985183051702544e+00
1.069697030945987226e+00
1.060738820942399130e+00
1.051212199201685182e+00
1.040475032419531765e+00
1.032499161304292645e+00
1.020441175917179200e+00
1.011560345468459854e+00
1.001306732521098475e+00
9.938979770456887186e-01
9.825616229938650692e-01
9.743669052356703775e-01
9.687875537678177773e-01
9.653186830789269868e-01
9.634982487565605380e-01
9.567623803664175863e-01
9.581988916550790991e-01
9.496909733351797112e-01
9.433335995372583715e-01
9.388159660943036222e-01
9.313152170179797018e-01
9.257933585135238452e-01
9.219664726197228655e-01
9.195404266686051376e-01
9.182301179800375079e-01
9.177730887709717456e-01
9.179379642696692265e-01
9.185285299110942381e-01
9.193844207695063275e-01
9.203793951810949059e-01
9.152689704062128007e-01
9.065571405432816254e-01
8.996600263111929063e-01
8.943969949954169163e-01
8.905542013094671638e-01
8.819123770899678361e-01
8.813346669050616811e-01
8.705355351770155403e-01
8.621773633178102525e-01
8.618692927987067209e-01
8.623269660318734209e-01
8.633017875931371377e-01
8.645891133311325305e-01
8.660271948615589910e-01
8.614711535768170281e-01
8.579809727460363522e-01
8.554123640238731063e-01
8.536164749948282893e-01
8.414171640987161416e-01
8.317527209807316080e-01
8.133262306367339267e-01
7.988882820791696204e-01
7.879855883832599384e-01
7.801148263891602985e-01
7.693450391818165146e-01
7.560694159386357471e-01
7.410600180292402639e-01
7.243178910992995601e-01
7.118891251877701443e-01
6.981475493640889596e-01
6.824810163748028513e-01
6.711108302910048229e-01
6.586128190531884696e-01
6.499807675600465240e-01
6.444586683052112575e-01
6.307570787469682916e-01
6.208964774066378922e-01
6.141994491986446647e-01
6.038357816535520062e-01
5.965316626833142566e-01
5.875373708264297612e-01
5.813900222012996499e-01
5.775289926037023847e-01
5.754505521562610637e-01
5.683935686138505972e-01
5.634336953847431939e-01
5.602045658476193513e-01
5.583582012978063336e-01
5.575774415663594663e-01
5.511020128050720945e-01
5.528431816285608313e-01
5.443661003019173439e-01
5.379240983527582287e-01
5.332321526739827178e-01
5.338568837022292790e-01
5.310832518060122354e-01
5.292982563801507112e-01
5.217181282165352929e-01
5.159085738884436889e-01
5.079309699082474872e-01
5.020029428031089758e-01
4.911607631270529239e-01
4.829189715204571520e-01
4.701850279803381216e-01
4.604972129720186214e-01
4.534594064116850287e-01
4.486516911894420367e-01
4.354966030665452514e-01
4.256740506203411378e-01
4.186800519736151305e-01
4.170877821147169762e-01
4.167849022372196455e-01
4.103453495437268117e-01
4.027083335248846652e-01
3.972281114076057218e-01
3.864127180195362499e-01
3.783101792149825560e-01
3.725325167107995661e-01
3.614552581504313356e-01
3.532046054186503969e-01
3.473746271129543040e-01
3.435491890085213829e-01
3.413283637739190635e-01
3.329712089905578765e-01
3.268458794694657499e-01
3.226116321011809340e-01
3.199265754887941071e-01
3.184672208992795905e-01
3.104419066949619666e-01
3.044374535890954636e-01
3.077211747141679332e-01
3.110659495643326444e-01
3.142748148794827223e-01
3.172186721225995765e-01
3.123245984197386971e-01
3.060365772005915197e-01
3.011448680351784812e-01
2.974693605241007788e-01
2.873888845983785245e-01
2.795171129430034096e-01
2.661026796691710050e-01
2.556843685315299819e-01
2.479077559149112098e-01
2.423858564557206385e-01
2.311214108151744551e-01
2.150385933124212556e-01
2.011621645870562691e-01
1.910199757800139508e-01
1.839849341541124339e-01
1.718297855451891287e-01
1.553922678405379454e-01
1.431402040134825970e-01
1.344476957529332495e-01
1.209808131508089968e-01
1.103925884333463170e-01
1.031825793125349389e-01
9.104633288296870575e-02
8.242258525739032393e-02
6.906875659292488479e-02
5.940195456133845475e-02
4.518698281795741067e-02
2.700481075155858335e-02
1.376195213845576859e-02
-3.192375922803414312e-03
-1.542735324920041506e-02
-3.125782002308730156e-02
-4.226334502030248963e-02
-4.989473455786441747e-02
-5.459928594218776965e-02
-6.441376570109924593e-02
-7.116931903474243981e-02
-7.544220724055272775e-02
-7.776091236330961998e-02
-8.599411905197951178e-02
-9.180052246642511626e-02
-9.561098087604458229e-02
-1.052222662527713126e-01
-1.130904526352911610e-01
-1.261815944863307060e-01
-1.360688122885540530e-01
-1.506603374420174557e-01
-1.615566264031238486e-01
-1.767496013718070635e-01
-1.953552305872849892e-01
-2.107509278843024969e-01
-2.293798026617599461e-01
-2.431006968570572635e-01
-2.526555001167609671e-01
-2.587914281993395349e-01
-2.622155255149474229e-01
-2.635668842002349965e-01
-2.707718481135077404e-01
-2.755650477193609671e-01
-2.805405109665908281e-01
-2.888729089735684319e-01
-2.947292865060358036e-01
-2.985710675049766394e-01
-3.103292611778882826e-01
-3.168048723121426047e-01
-3.282723379903524918e-01
-3.366625897393893396e-01
-3.450213857328168210e-01
-3.579641371967920982e-01
-3.745542162670640884e-01
-3.869862599856626062e-01
-4.027456014640338200e-01
-4.142651195082065474e-01
-4.289797009864304567e-01
-4.395345157761791910e-01
-4.466820383160854391e-01
-4.608891175840479359e-01
-4.777455424904959447e-01
-4.901183689242687436e-01
-4.987397773975634774e-01
-5.106641521383483706e-01
-5.189610249081126891e-01
-5.279616841682075457e-01
-5.340490987062214145e-01
-5.377697343871172819e-01
-5.396321205340381955e-01
-5.438984782269296048e-01
-5.528485810409242696e-01
-5.633128634096848941e-01
-5.710795357649084414e-01
-5.828436096380419373e-01
-5.914859695540761741e-01
-6.017611501303072874e-01
-6.154076383175992593e-01
-6.299292209580575896e-01
-6.468296929279172547e-01
-6.640226109989398884e-01
-6.767434065666654286e-01
-6.856298811629663037e-01
-6.972914049703177186e-01
-7.052802913433021681e-01
-7.211380171498047442e-01
-7.326714886883998190e-01
-7.462192430646239494e-01
-7.557167902233206114e-01
-7.673698264772734756e-01
-7.805887180166107830e-01
-7.952032313413177622e-01
-8.056041337462205298e-01
-8.179592801309530925e-01
-8.266673469863284884e-01
-8.428738968671739551e-01
-8.547862724494468267e-01
-8.735700944923109335e-01
-8.874710060285103674e-01
-8.972412612004556642e-01
-9.140667969771631984e-01
-9.262640352716068337e-01
-9.346057555665409078e-01
-9.458528716145383486e-01
-9.579227731705076687e-01
-9.662779309408053852e-01
-9.777688920410654294e-01
-9.920611527827772891e-01
-1.002475668060802239e+00
-1.016024046332208552e+00
-1.029743120576402937e+00
-1.039469910460445234e+00
-1.045899819238548023e+00
-1.056290567385113288e+00
-1.067163400274234952e+00
-1.081319645181959554e+00
-1.095032127319817139e+00
-1.111429302750630566e+00
-1.123355528336481557e+00
-1.141473122792834971e+00
-1.157642831657094806e+00
-1.169030926505279400e+00
-1.183304758160503845e+00
-1.200102729854482408e+00
-1.214793967107444361e+00
-1.231825844901201616e+00
-1.244044462848769461e+00
-1.259155366112293173e+00
-1.276797049780001414e+00
-1.298576343342451755e+00
-1.314560336446856770e+00
-1.332704607292935162e+00
-1.352714126607237999e+00
-1.374301398406345243e+00
-1.391309111249385166e+00
-1.410100045780918077e+00
-1.431431967593306709e+00
-1.446518433266299919e+00
-1.456552256793335109e+00
-1.470335200618103411e+00
-1.486450666541796028e+00
-1.497632872453445341e+00
-1.504860764368565196e+00
-1.508996263649635017e+00
-1.510366148282580312e+00
-1.503128715715051023e+00
-1.495956135601750336e+00
-1.482200328277168078e+00
-1.470347084499280754e+00
-1.460455136266386678e+00
-1.452460849385402764e+00
-1.439204191289656265e+00
-1.428792963967200347e+00
-1.413936808223518415e+00
-1.395623485490375515e+00
-1.381646479337893085e+00
-1.371409863519959416e+00
-1.364302434137461217e+00
-1.359737148391559458e+00
-1.350355245285544958e+00
-1.343770006394821026e+00
-1.331055682075796831e+00
-1.316585684989532989e+00
-1.305970717908621515e+00
-1.296695223825801602e+00
-1.290291553261472046e+00
-1.288188180192968435e+00
-1.285658366861767821e+00
-1.284558776571079308e+00
-1.277815326502708793e+00
-1.266366947728594372e+00
-1.257791220971795187e+00
-1.245066827152782718e+00
-1.235617074465679810e+00
-1.226594441364387000e+00
-1.213649152287184840e+00
-1.197593707305903976e+00
-1.183010473538046892e+00
-1.165811527121467517e+00
-1.146703426054386910e+00
-1.132628403960696417e+00
-1.116530917359023434e+00
-1.101982972603826161e+00
-1.094920212987720687e+00
-1.090873371166506622e+00
-1.079794247500951654e+00
-1.072084915837208552e+00
-1.061089941192168151e+00
-1.053417783391072060e+00
-1.042513533039849616e+00
-1.031382166311896054e+00
-1.017631108745342239e+00
-9.982151252426869625e-01
-9.836380871022282202e-01
-9.675509551837456756e-01
-9.520534973546623814e-01
-9.409254618105757917e-01
-9.334447778931210804e-01
-9.289121002049169906e-01
-9.169930763454159361e-01
-9.085312988273901436e-01
-8.975088224582198349e-01
-8.801139490135572174e-01
-8.574938653332404570e-01
-8.404626710028135772e-01
-8.235304379702379496e-01
-8.062981096733227160e-01
-7.842495785026177835e-01
-7.681031423034690997e-01
-7.569068926423083710e-01
-7.450582363306634814e-01
-7.322304993216541824e-01
-7.235155845877484504e-01
-7.181204407341044149e-01
-7.153206908330378422e-01
-7.144769273051481129e-01
-7.098213319624651074e-01
-7.025578257836940788e-01
-6.976049481124625418e-01
-6.901278871841971529e-01
-6.796575045714764451e-01
-6.719967062778486877e-01
-6.666916069970398873e-01
-6.633037460537601904e-01
-6.572412077187405055e-01
-6.477220181629299578e-01
-6.352466358998205553e-01
-6.258312466705346910e-01
-6.150883261463702123e-01
-6.073499285726928765e-01
-6.059823992140401794e-01
-6.058912282457847853e-01
-5.971176128699094976e-01
-5.868556883686190107e-01
-5.830886340723954175e-01
-5.771204888833730839e-01
-5.673316098412839459e-01
-5.601089894540856040e-01
-5.550528310808557908e-01
-5.459307598946856466e-01
-5.298263878026381324e-01
-5.209338551420421570e-01
-5.112505687128050536e-01
-4.983575647730229541e-01
-4.888648348481097194e-01
-4.760883490170713106e-01
-4.636182116648353002e-01
-4.484757072795475530e-01
-4.373796551215651807e-01
-4.233562674874096210e-01
-4.104331155829474831e-01
-3.976807694219932632e-01
-3.859811799158501255e-01
-3.779268382823637307e-01
-3.663401516535655933e-01
-3.582314125350620770e-01
-3.440610049586294572e-01
-3.361430886003888840e-01
-3.287576654384563035e-01
-3.174817067807826909e-01
-3.095080021891531974e-01
-3.042489250427704572e-01
-2.945194129712527253e-01
-2.809617485533857373e-01
-2.623700588261093092e-01
-2.484447318270941452e-01
-2.384883716825056954e-01
-2.318068695377197841e-01
-2.209982039049536162e-01
-2.134439686759326271e-01
-2.085558254870691908e-01
-1.989801478779744670e-01
-1.854044774838567999e-01
-1.753832454485995118e-01
-1.614752546988043047e-01
-1.443276315745853910e-01
-1.236857058568641143e-01
-1.014274012438391992e-01
-8.494607128800746310e-02
-7.384579496731236148e-02
-5.910213324953494940e-02
-4.885258521839119794e-02
-4.225333501664363389e-02
-3.180100271720842642e-02
-2.468611857781977115e-02
-2.030347054530512452e-02
-1.807821943168108625e-02
-1.748809571913123584e-02
-1.087513833165076882e-02
-6.412420583182809608e-03
-3.665084597257228793e-03
-2.244432793803596837e-03
5.204840498161278362e-03
1.777017775321731996e-02
3.450421235256739827e-02
4.741472846440286659e-02
6.405173218965876103e-02
8.302841932600801833e-02
9.706197194732602007e-02
1.069683400428032005e-01
1.204238703634881169e-01
1.239041889839458399e-01
1.253084373360211501e-01
1.321430281994859790e-01
1.426233931688420942e-01
1.511086501015004302e-01
1.569897634997301505e-01
1.676596173432092218e-01
1.822732913524691689e-01
1.931389263507838905e-01
2.008276041354324359e-01
2.059040066346147224e-01
2.088975536175816661e-01
2.117536618522248837e-01
2.200721888792769310e-01
2.260731124351738064e-01
2.370321942556170569e-01
2.451454222665678806e-01
2.577046613656113205e-01
2.669916761248143366e-01
2.735169489713789037e-01
2.777817530778718957e-01
2.870138443589833610e-01
3.003063419895390940e-01
3.122824240820021302e-01
3.277302080079265156e-01
3.392332995086630998e-01
3.539784932345859669e-01
3.647067413260440816e-01
3.746475501194552749e-01
3.814890324371345010e-01
3.923418709050670028e-01
3.999749624551232063e-01
4.049579598258372659e-01
4.171788506659974693e-01
4.261291352550438116e-01
4.323065866776620858e-01
4.362115108548296760e-01
4.383180048254060601e-01
4.390553440651074890e-01
4.452810626674363892e-01
4.496202172052872204e-01
4.619883028352018695e-01
4.777849802653229006e-01
4.898070483683734100e-01
5.048057269924111079e-01
5.193712438818856025e-01
5.362208392289220527e-01
5.523545670797649354e-01
5.642078953517088991e-01
5.784276375530016390e-01
5.984304145299683686e-01
6.132551464168727318e-01
6.236822981148107958e-01
6.304929795672054027e-01
6.344240626895328861e-01
6.461739300683784215e-01
6.544823907102638172e-01
6.599462492081500375e-01
6.732503881082804176e-01
6.829803186602673160e-01
6.952436786026603421e-01
7.039647519432815637e-01
7.097791602657800292e-01
7.179760886771167083e-01
7.188277674006620099e-01
7.184071409044362477e-01
7.171279895040285624e-01
7.153210080226466427e-01
7.132426159150592193e-01
7.110847580822466929e-01
7.089848776069402891e-01
7.070355276667616984e-01
6.998482622071726666e-01
6.938418730634344778e-01
6.844309993375490286e-01
6.769723496026760490e-01
6.712599986320074708e-01
6.614396083695655015e-01
6.495316129085898504e-01
6.390052543122950457e-01
6.310550933290320907e-01
6.211265502363295665e-01
6.139079086550310871e-01
6.089541562557482246e-01
6.017642062820142135e-01
5.909136838506920952e-01
5.829299409478801985e-01
5.713637220634908420e-01
5.590031354804407826e-01
5.439038099680899574e-01
5.326454565418383691e-01
5.246580700621985560e-01
5.131500645739108801e-01
5.014262239939237809e-01
4.835027412832515470e-01
4.702520136990362420e-01
4.545764432413763600e-01
4.432077747190661388e-01
4.354290005488397064e-01
4.241107524035609977e-01
4.133468393149291042e-01
4.059882423773879534e-01
4.013651903511126218e-01
3.988750649701917617e-01
3.915148754781985208e-01
3.864838827870009652e-01
3.807257749831751692e-01
3.769719887579938700e-01
3.747934834717530084e-01
3.673426330366023063e-01
3.619503855740529019e-01
3.582740572536124990e-01
3.559862431005409444e-01
3.482361237643454288e-01
3.424731505017311051e-01
3.384073347353755423e-01
3.357450807084374489e-01
3.342057608186290718e-01
3.335328843118889885e-01
3.335007251487480673e-01
3.339173184191814858e-01
3.279433779724365561e-01
3.210985213426045259e-01
3.092414509213441409e-01
3.000323616818423300e-01
2.931452079769507613e-01
2.882313562264300355e-01
2.849455879077451570e-01
2.829633307221972593e-01
2.752653293906683896e-01
2.695331997026599868e-01
2.654767366861312539e-01
2.628045665515050811e-01
2.544341253959205851e-01
2.481359988177276321e-01
2.436226708685751419e-01
2.405969609853340074e-01
2.318763551389222410e-01
2.253243882176523272e-01
2.136817033123450393e-01
2.048291790723861805e-01
1.984035709748828147e-01
1.940179016255583200e-01
1.842433464166108870e-01
1.783127956682870607e-01
1.742795523012807823e-01
1.705658008681039117e-01
1.611717251504432014e-01
1.542469610242442890e-01
1.494073022045274701e-01
1.390957965084578252e-01
1.305015583774575827e-01
1.244180061051649577e-01
1.203729388327103855e-01
1.116770197881993276e-01
1.053031046667787241e-01
1.001755669053407960e-01
8.973437216614765788e-02
8.202137253652908022e-02
7.660104694983482787e-02
6.596953383438575180e-02
5.812067050003477675e-02
4.552598324282475239e-02
3.588837148467449722e-02
2.210143689844334958e-02
1.196439179329744640e-02
4.865886058936341740e-03
-6.718833214233166373e-03
-1.517500368039459424e-02
-2.101089232628217118e-02
-2.452025512546440744e-02
-3.330930748103533290e-02
-3.952419211002178301e-02
-4.363116728690008550e-02
-5.300739961344325124e-02
-5.981035191077288538e-02
-6.447082938661208296e-02
-6.739876582128556670e-02
-7.588728402835065445e-02
-8.207797628833901626e-02
-9.389642146545118528e-02
-1.028738353442395503e-01
-1.093709790363719403e-01
-1.207861969754775444e-01
-1.362351253418676578e-01
-1.478700266938590691e-01
-1.631947001798550456e-01
-1.814220765369900512e-01
-1.949399941789613511e-01
-2.113358966337346434e-01
-2.231720035270032820e-01
-2.312363348909995953e-01
-2.430185064062984068e-01
-2.511653210880335774e-01
-2.648554442833432887e-01
-2.747583426910460425e-01
-2.814862016906198861e-01
-2.923351877513531427e-01
-3.065851226542206653e-01
-3.102869828807004460e-01
-3.119604205704282762e-01
-3.121319829385862388e-01
-3.112475595162822462e-01
-3.096735867521340779e-01
-3.098316906241223023e-01
-3.094232736039252973e-01
-3.132055426540092391e-01
-3.159111262464644465e-01
-3.177311445117922961e-01
-3.188439654734820383e-01
-3.194095241376133654e-01
-3.195666741396607780e-01
-3.194325846715406758e-01
-3.191034729450028529e-01
-3.186561689081470750e-01
-3.269413468321531457e-01
-3.336558281662440617e-01
-3.365985408246283672e-01
-3.475160085020490008e-01
-3.560959563731740385e-01
-3.625914120422100151e-01
-3.737888084362148700e-01
-3.822615651861729358e-01
-3.948064816038081570e-01
-4.041788181541816627e-01
-4.108708774322575863e-01
-4.181499441354203928e-01
-4.295187335572410170e-01
-4.379003127388614303e-01
-4.437565580989935032e-01
-4.475430246243994326e-01
-4.559138983358983488e-01
-4.649535672480389348e-01
-4.714999391698140307e-01
-4.821378433619285531e-01
-4.899140612747632240e-01
-5.047421955420634543e-01
-5.219924043778021439e-01
-5.349287538073537185e-01
-5.478052867288103478e-01
-5.630030727152683934e-01
-5.740452587282426355e-01
-5.874212121530617559e-01
-5.968475702731776966e-01
-5.973398719097767762e-01
-5.963421391150828255e-01
-5.943556405593133363e-01
-5.917827962981663248e-01
-5.889359122378322597e-01
-5.918333190584077474e-01
-5.937882068196754792e-01
-6.006907147939095637e-01
-6.041654937314565599e-01
-6.122703174039959562e-01
-6.184563458575277339e-01
-6.229801997254874601e-01
-6.301880596763558273e-01
-6.411753134802292697e-01
-6.537767404695088436e-01
-6.689514663335752731e-01
-6.848987873399623449e-01
-7.069663575948873513e-01
-7.292233655099378264e-01
-7.507004561153785005e-01
-7.717572476994268849e-01
-7.920605716016956288e-01
-8.116388564674038575e-01
-8.306973222685960501e-01
-8.488975767856387078e-01
-8.615305331645433107e-01
-8.795478257189790483e-01
-8.921627047672645583e-01
-9.047026059839571310e-01
-9.183815518664166788e-01
-9.276853539837796037e-01
-9.390584747135969357e-01
-9.507749476185087811e-01
-9.643736400572243683e-01
-9.797228926581457165e-01
-9.966881783160782549e-01
-1.018871627651210865e+00
-1.035399515858772990e+00
-1.056782842843296155e+00
-1.078576910812150569e+00
-1.104013479767283146e+00
-1.125654433099817053e+00
-1.140800421184046121e+00
-1.157110074820661971e+00
-1.168152577966550254e+00
-1.174973322369202933e+00
-1.184982687055568640e+00
-1.197907667454660707e+00
-1.206834167231225718e+00
-1.219130176610657035e+00
-1.234412905687328532e+00
-1.252289682713652708e+00
-1.272370583644322206e+00
-1.287240795748863409e+00
-1.304704541593773914e+00
-1.326194837902732626e+00
-1.348946906967741333e+00
-1.374129628048599283e+00
-1.399475670965576679e+00
-1.417709866634629057e+00
-1.437254237279464775e+00
-1.457971290107912932e+00
-1.479708909602181599e+00
-1.509539062605278925e+00
-1.538776854295635710e+00
-1.560075203978259939e+00
-1.581978215884178862e+00
-1.604169228058012875e+00
-1.626548297680326494e+00
-1.649095221487975493e+00
-1.664716298802036087e+00
-1.681802900115204835e+00
-1.699298413916463524e+00
-1.718877538171788677e+00
-1.739406144770691665e+00
-1.753830240783508243e+00
-1.770104581581950942e+00
-1.781167452600533219e+00
-1.794812881079313582e+00
-1.803935291566611365e+00
-1.809449279962577428e+00
-1.818878819852757012e+00
-1.824983222245729619e+00
-1.836934246722612851e+00
-1.845405257453302195e+00
-1.857682642807271467e+00
-1.866412097693215477e+00
-1.878859796573286722e+00
-1.894312001399912182e+00
-1.905537123276453970e+00
-1.913250658581302943e+00
-1.924607890500749097e+00
-1.932514524152121549e+00
-1.940101061083555400e+00
-1.951514684006923517e+00
-1.966041167926386279e+00
-1.979387336663632091e+00
-1.995405453063950674e+00
-2.007147775764966280e+00
-2.024576577808820055e+00
-2.037444372423259598e+00
-2.052637831632373455e+00
-2.063449929425041240e+00
-2.076747763273226965e+00
-2.085972855957446193e+00
-2.091904788126334847e+00
-2.098725292276330201e+00
-2.102983802090658383e+00
-2.111203766897781442e+00
-2.116779503451596600e+00
-2.120223403621102065e+00
-2.122003709898831580e+00
-2.126195209689653698e+00
-2.128846596619775156e+00
-2.136220338950644226e+00
-2.141561628117577776e+00
-2.149039484409418055e+00
-2.160390206792472512e+00
-2.168923212030969605e+00
-2.180827597111554272e+00
-2.193687336521469966e+00
-2.208922937587982638e+00
-2.220233800826904691e+00
-2.232534769987244427e+00
-2.241409678277985318e+00
-2.257377101241195838e+00
-2.269244959112036053e+00
-2.277605577266069048e+00
-2.287752822590339186e+00
-2.304987466317325762e+00
-2.317882090682532148e+00
-2.337304721679748898e+00
-2.351763453686085192e+00
-2.367181752762242741e+00
-2.383301288563967724e+00
-2.399685928866947648e+00
-2.416599404832779019e+00
-2.428607502491373804e+00
-2.441261129979912958e+00
-2.454303989322615287e+00
-2.463076439211878466e+00
-2.478395915757211299e+00
-2.489221730748326422e+00
-2.496415927771430621e+00
-2.500745527392678191e+00
-2.508475089872267638e+00
-2.517663139008797124e+00
-2.529631439600925624e+00
-2.538281012078086096e+00
-2.553851931196961189e+00
-2.565394255594404704e+00
-2.579431749668867457e+00
-2.593324673013393866e+00
-2.609249767132224118e+00
-2.624325158374204658e+00
-2.635031677971847230e+00
-2.648257398116866668e+00
-2.657566425517270403e+00
-2.669842216411383529e+00
-2.681584695834440701e+00
-2.689676780496176534e+00
-2.701071695407594397e+00
-2.715358317753387762e+00
-2.734918264840478841e+00
-2.749460968335460720e+00
-2.766212179727399523e+00
-2.778331367103198168e+00
-2.793139874755189211e+00
-2.812581083692987427e+00
-2.833405925587249463e+00
-2.855368023707282710e+00
-2.871460241351134535e+00
-2.891159834253026695e+00
-2.903474862030437809e+00
-2.919935697019714560e+00
-2.931347934720502479e+00
-2.945522917951284292e+00
-2.955230532401048826e+00
-2.968217581974117003e+00
-2.978267435991440060e+00
-2.998450173619271908e+00
-3.013271696566178548e+00
-3.023606722355685505e+00
-3.030293663952192684e+00
-3.034100714917182362e+00
-3.035708236886806244e+00
-3.042585090191970210e+00
-3.047088797832898432e+00
-3.049700830244520766e+00
-3.050222672230145093e+00
-3.042778003719380564e+00
-3.035891883234608457e+00
-3.030551149631735441e+00
-3.019029808198548714e+00
-3.008687468247413399e+00
-3.000366512006533704e+00
-2.993905502103042515e+00
-2.982103288286776177e+00
-2.966029736362349567e+00
-2.953618243738370452e+00
-2.937509999998043853e+00
-2.925418493463655789e+00
-2.923586045113176546e+00
-2.916468875872218369e+00
-2.904911677263878111e+00
-2.894820111440921551e+00
-2.880783707003919503e+00
-2.863610169116951099e+00
-2.844080436191066763e+00
-2.829547682517775442e+00
-2.812633357880699236e+00
-2.793934407670315867e+00
-2.773991725509295403e+00
-2.757036973938300495e+00
-2.738646776787208026e+00
-2.716431688562971569e+00
-2.700118481567839623e+00
-2.682591118224804561e+00
-2.667180088241577707e+00
-2.650387396779259941e+00
-2.638656582251100780e+00
-2.625034737187192491e+00
-2.612373045141205274e+00
-2.594241477142674945e+00
-2.575175931135288643e+00
-2.557608413129054181e+00
-2.535227255646896882e+00
-2.512982770605646010e+00
-2.492637973699343590e+00
-2.472477548647827650e+00
-2.452792612434698150e+00
-2.439156131497796309e+00
-2.425775801386516495e+00
-2.411713859840591390e+00
-2.402372636977511799e+00
-2.391634848480285847e+00
-2.384800530950068609e+00
-2.376190010543114628e+00
-2.360840935856761469e+00
-2.344747909857104240e+00
-2.323023003145699761e+00
-2.306749068606773090e+00
-2.285144482972265134e+00
-2.259248971096547987e+00
-2.240052899720401225e+00
-2.216588862526412740e+00
-2.193911101569039346e+00
-2.173566536980880315e+00
-2.153527024073203400e+00
-2.135720544010669464e+00
-2.117677362398709295e+00
-2.101709384583861251e+00
-2.091083844149427051e+00
-2.084673759067011467e+00
-2.075431572121126500e+00
-2.063546743630885416e+00
-2.049231138770486460e+00
-2.032711733102133600e+00
-2.014224849658159400e+00
-2.000606819190557051e+00
-1.974936813286273019e+00
-1.948829445666328208e+00
-1.922453413780587539e+00
-1.893573997130634456e+00
-1.865399847998766791e+00
-1.835922639506079257e+00
-1.814832245477917994e+00
-1.791917299113478634e+00
-1.762157568823536469e+00
-1.742048103679967541e+00
-1.714059634474554894e+00
-1.685728405503618799e+00
-1.658369985133705704e+00
-1.631826147340472710e+00
-1.605951911573942015e+00
-1.587866338589767334e+00
-1.576102831346077870e+00
-1.562374609833109718e+00
-1.553961245059189533e+00
-1.549573591275063222e+00
-1.541203236243309460e+00
-1.536251561786221131e+00
-1.527000542852026799e+00
-1.514058354909723514e+00
-1.498038234901195143e+00
-1.479534312711651367e+00
-1.465939853331467813e+00
-1.456458944731077843e+00
-1.443504792643660606e+00
-1.427653947638654941e+00
-1.416254172477299900e+00
-1.408539997705935631e+00
-1.395839411486057502e+00
-1.380001068687671584e+00
-1.361656545254434914e+00
-1.348180159510500298e+00
-1.332066460871230040e+00
-1.313875782743933573e+00
-1.292246293218246578e+00
-1.269647737879719962e+00
-1.253119113874399115e+00
-1.232848426644168160e+00
-1.218231385542923428e+00
-1.205859898669729979e+00
-1.191092007618093973e+00
-1.174371303227005559e+00
-1.156167246585344754e+00
-1.136930808745758359e+00
-1.113983597400184600e+00
-1.091103577844197758e+00
-1.074718148020130215e+00
-1.054188653652080143e+00
-1.033630562755234017e+00
-1.019167887549479179e+00
-1.009666358290104871e+00
-1.004089667473676784e+00
-9.957357322524887921e-01
-9.869249505718703519e-01
-9.755933327587624770e-01
-9.622324367529691003e-01
-9.489092841336526085e-01
-9.394854969963947200e-01
-9.236427977811103585e-01
-9.120827630600384373e-01
-8.987163987692972089e-01
-8.796566551976668924e-01
-8.656299538183003239e-01
-8.513060659537698971e-01
-8.360270723291489681e-01
-8.154796237469905673e-01
-7.906468709880131174e-01
-7.722105055755484893e-01
-7.494497807013453805e-01
-7.329424310511380991e-01
-7.119384583702405012e-01
-6.969507412805260316e-01
-6.815918884296903180e-01
-6.668211244647633817e-01
-6.514171641236352617e-01
-6.408099211401895312e-01
-6.244529505547291581e-01
-6.129606391866068149e-01
-5.997534140943000525e-01
-5.848913195861543679e-01
-5.743862039282938703e-01
-5.577873659365173431e-01
-5.458912151346333452e-01
-5.318272975257201107e-01
-5.157785050197187804e-01
-4.979344032672883280e-01
-4.751537417402802443e-01
-4.583096182154751119e-01
-4.399676825032532435e-01
-4.269305181897440349e-01
-4.116082540088294994e-01
-3.913739132963598433e-01
-3.768568344833553851e-01
-3.602285904460711397e-01
-3.392427115221858802e-01
-3.172804634674468716e-01
-2.923578524437715487e-01
-2.743911479937606313e-01
-2.551631575980040090e-01
-2.330928012414352768e-01
-2.175300661117807177e-01
-2.057804766422268727e-01
-1.916734014640686379e-01
-1.835874750873276451e-01
-1.776899237305296086e-01
-1.746934182578578909e-01
-1.738496236043902687e-01
-1.676915790071586976e-01
-1.638099381582645009e-01
-1.548368350325302067e-01
-1.484513362071198106e-01
-1.442092165960091599e-01
-1.416885293064242823e-01
-1.335496754837568467e-01
-1.276532278208475368e-01
-1.166366889584991018e-01
-1.083999842864185048e-01
-9.549935339168946768e-02
-7.821071810878543751e-02
-6.569660690666245806e-02
-4.921196249085446617e-02
-3.737118596682220684e-02
-2.903215509513956682e-02
-2.358923222544828668e-02
-1.335743804367273135e-02
9.242644261793220295e-04
2.563718001678272351e-02
4.452942218118471907e-02
6.500147449100679431e-02
7.979243152030357500e-02
8.992049821801950671e-02
1.032439962682627499e-01
1.131402504317304825e-01
1.195981730838246992e-01
1.302661815410339763e-01
1.375572134965334925e-01
1.490623904778467512e-01
1.571378709538655549e-01
1.635428457069794117e-01
1.745706133806217419e-01
1.824479571440675851e-01
1.876877925033233474e-01
1.978403812485605151e-01
2.120627392618488205e-01
2.295048255400609083e-01
2.424571334252236809e-01
2.516178116563765332e-01
2.663887778621463198e-01
2.771707315809091021e-01
2.914514317466085913e-01
3.085238134125423137e-01
3.232179972584829919e-01
3.405373098447517233e-01
3.598414953742945510e-01
3.738780750230377148e-01
3.835181954838595697e-01
3.961934251942422769e-01
4.048218804476315658e-01
4.102047984663395042e-01
4.130621284503697144e-01
4.168839570423057417e-01
4.188343142216435222e-01
4.164575123595297690e-01
4.200967454430992731e-01
4.223333204649850625e-01
4.234874983277565619e-01
4.267439318575059204e-01
4.289086385838880577e-01
4.301921798765135918e-01
4.307892883218871205e-01
4.308734284890398669e-01
4.305938460253806443e-01
4.365729840103989012e-01
4.412078452930594530e-01
4.541966668201327106e-01
4.644832386787749456e-01
4.786977754939352181e-01
4.895753716812496492e-01
5.037999309307374940e-01
5.143810789206526568e-01
5.254308982967825781e-01
5.334021371470039075e-01
5.387978497660887989e-01
5.481899128391267695e-01
5.548061518222702215e-01
5.591500312282249308e-01
5.654806044419762312e-01
5.697738016892954782e-01
5.784115071881305026e-01
5.846279569531078746e-01
5.928198857476133510e-01
5.987205673391248206e-01
6.086310601344270266e-01
6.200466365222341292e-01
6.343922537624444580e-01
6.494756920501905118e-01
6.607683189541340152e-01
6.790969682213916503e-01
6.976071612504627373e-01
7.114775857968097528e-01
7.318819735927397652e-01
7.576828730437532577e-01
7.824354631099723623e-01
8.162022678612096405e-01
8.460491209029075144e-01
8.729454361610922142e-01
8.965604819681262105e-01
9.171498956072423603e-01
9.323687633300972166e-01
9.520771929748965690e-01
9.656844778514130923e-01
9.743633074754303180e-01
9.791697810976333072e-01
9.869510559440236586e-01
9.975577380325664212e-01
1.004672418121677513e+00
1.008931675556963281e+00
1.021005801761223797e+00
1.029576922575687004e+00
1.041559925561932332e+00
1.060162399595804494e+00
1.074039376829014403e+00
1.093797007336537952e+00
1.108315506678181128e+00
1.125028140987859082e+00
1.146699996262279031e+00
1.162567611939490986e+00
1.180303672241282076e+00
1.195593578964232240e+00
1.212784150783757786e+00
1.227308020456596038e+00
1.243837380449153596e+00
1.248652490850923336e+00
1.248454337773571954e+00
1.246638740543139834e+00
1.243781074777850826e+00
1.247130163434397421e+00
1.249042854814053527e+00
1.256721408033165011e+00
1.262374590778672312e+00
1.273285199454430305e+00
1.281558822677837384e+00
1.294629696569027599e+00
1.311704906536611981e+00
1.332039346841929817e+00
1.347608136314759175e+00
1.366351581488436828e+00
1.389054662276521634e+00
1.413234027335386056e+00
1.431053777649487602e+00
1.451829068292426861e+00
1.473853116140229957e+00
1.496869805996096314e+00
1.513346929325532386e+00
1.539281609486688573e+00
1.557946390567407580e+00
1.577847284588990373e+00
1.598803757593849184e+00
1.620280253325678599e+00
1.642229347486070745e+00
1.657634063823409498e+00
1.674663189687573439e+00
1.686265349504625810e+00
1.693540711709888180e+00
1.704263127077292328e+00
1.711197324611023918e+00
1.721930103594797146e+00
1.729136577031970212e+00
1.741440931719975271e+00
1.757014617735694006e+00
1.775214298515735756e+00
1.788636373510542610e+00
1.798009588351618060e+00
1.810824971912285086e+00
1.826472182561749591e+00
1.837672351722185349e+00
1.845203276951321802e+00
1.858378815351649394e+00
1.874416457725379015e+00
1.888246015599072125e+00
1.904781712682395156e+00
1.923401017439401617e+00
1.943503716561732597e+00
1.958091226496204484e+00
1.974508504159404376e+00
1.985972305516330527e+00
2.002595708658378992e+00
2.020668957915158881e+00
2.033570477613453775e+00
2.048341724110372741e+00
2.067810713603820183e+00
2.085295030343440548e+00
2.103809874624037235e+00
2.117044210020014638e+00
2.141300099927737399e+00
2.155370739968454963e+00
2.179803526565066818e+00
2.201535469821740865e+00
2.217146248557628763e+00
2.233065925611043223e+00
2.248090915820366131e+00
2.263567107171125858e+00
2.278536494842967830e+00
2.288832047765182232e+00
2.304994677646761136e+00
2.321450979807495152e+00
2.337727646917834079e+00
2.349207613979718889e+00
2.366385572476945143e+00
2.388040909723539773e+00
2.399130233915023336e+00
2.415814457753036493e+00
2.432740037302979719e+00
2.444789264328159906e+00
2.462429930201358363e+00
2.480475887114644173e+00
2.499015491685922186e+00
2.516525022541111767e+00
2.538535595846825643e+00
2.554441706351151975e+00
2.565262680328322276e+00
2.575701980911287770e+00
2.588020470516478433e+00
2.596229597776352982e+00
2.607071319970680090e+00
2.617794914537613593e+00
2.630910512689021985e+00
2.643404228405531242e+00
2.658023593195811607e+00
2.668436968413402166e+00
2.675386220538998217e+00
2.685684604950647092e+00
2.692758272523496643e+00
2.697200044579290523e+00
2.699564323340163163e+00
2.697387280180875813e+00
2.694567236365268403e+00
2.704152312672047920e+00
2.718024959255571638e+00
2.731747654067953945e+00
2.748728040228124669e+00
2.768360631302905439e+00
2.783300834400843193e+00
2.803395073283529548e+00
2.820499697066892519e+00
2.839372314122946328e+00
2.852909704973892957e+00
2.870766157188652912e+00
2.883378498847357640e+00
2.898494566648106119e+00
2.902294078880121919e+00
2.903636569943024881e+00
2.909918274712280706e+00
2.913773173404252237e+00
2.922477233272834152e+00
2.935337694132537756e+00
2.944852004047017857e+00
2.952827574621974094e+00
2.964952334445630555e+00
2.973715439303667107e+00
2.979690667060060694e+00
2.991260791762435201e+00
3.005372312376895838e+00
3.015838656476697466e+00
3.023204537652038226e+00
3.028013857584436419e+00
3.030781782125262502e+00
3.031976522228201354e+00
3.038189234723496668e+00
3.042527751523593338e+00
3.052978422147489823e+00
3.067745809723259498e+00
3.078945731911108652e+00
3.094077198208151191e+00
3.105352012389538174e+00
3.120356054583399263e+00
3.138378187620718851e+00
-3.124427484033323044e+00
-3.102285113374043224e+00
-3.085874957011915498e+00
-3.067348390659801805e+00
-3.047150760122925739e+00
-3.025694940920132581e+00
-3.010220515261047058e+00
-2.992848165438160013e+00
-2.973934728309027165e+00
-2.953827579562630312e+00
-2.939556235360281988e+00
-2.921887736464946705e+00
-2.902705670648334291e+00
-2.889050287629394198e+00
-2.873311885769284757e+00
-2.862482785498197568e+00
-2.849038478796793505e+00
-2.837907095353942921e+00
-2.823975892704236212e+00
-2.807749579612676349e+00
-2.796240568151260319e+00
-2.788617906145272052e+00
-2.784098697147042945e+00
-2.773037405461208582e+00
-2.758874769471938215e+00
-2.748676673677650228e+00
-2.735396645543379357e+00
-2.725994224100839247e+00
-2.719771642737275563e+00
-2.716079354987224193e+00
-2.708080959320343872e+00
-2.693560432500619939e+00
-2.682777923347621218e+00
-2.672052387658234274e+00
-2.658253436859256080e+00
-2.648179082270943230e+00
-2.631772713734891855e+00
-2.613536336228908574e+00
-2.600078537967795089e+00
-2.584743489206784428e+00
-2.573874602089865515e+00
-2.557098825909216888e+00
-2.541063653030054326e+00
-2.529488014674456942e+00
-2.521663183754236481e+00
-2.507078158383656774e+00
-2.496613363880073155e+00
-2.479680714399834507e+00
-2.461775988537487247e+00
-2.444290667760854241e+00
-2.420954688601234306e+00
-2.399159545740630950e+00
-2.373379087203037585e+00
-2.354409321997243065e+00
-2.341176729817649793e+00
-2.322691225575353791e+00
-2.309738197778175017e+00
-2.291400728750192517e+00
-2.273127824524908913e+00
-2.255702513307202839e+00
-2.233763692816712165e+00
-2.212415413321651592e+00
-2.193003468268439171e+00
-2.173755487345704562e+00
-2.150574690110397924e+00
-2.128012940963409427e+00
-2.108250476887919778e+00
-2.088565342119196533e+00
-2.074857044517129712e+00
-2.059865706654971262e+00
-2.049796046042597464e+00
-2.037417438752903376e+00
-2.019745085781601279e+00
-2.000761272017210768e+00
-1.980580709606110767e+00
-1.959322081704607754e+00
-1.934519133816718917e+00
-1.909622086859650292e+00
-1.884649828586077325e+00
-1.859609629602171577e+00
-1.832599461926137208e+00
-1.806194325490440455e+00
-1.780276911413126939e+00
-1.753406404488909276e+00
-1.727393922617313393e+00
-1.702035527218232813e+00
-1.677157179936326292e+00
-1.652616862635840844e+00
-1.628304040525631269e+00
-1.596904898553043184e+00
-1.566904269847920084e+00
-1.537964567719261488e+00
-1.509872549737311775e+00
-1.482611879727684823e+00
-1.456983535362015525e+00
-1.432273484115704987e+00
-1.409480886234176777e+00
-1.394363193100359055e+00
-1.378272730945880653e+00
-1.362656686423989294e+00
-1.344512180211764107e+00
-1.327207639655326510e+00
-1.307367268160826379e+00
-1.293503502255966886e+00
-1.284462565386409238e+00
-1.272740526396295424e+00
-1.265129278464228957e+00
-1.254333127798075598e+00
-1.240832990001430547e+00
-1.222855054451839729e+00
-1.209704037844511415e+00
-1.191822602715955082e+00
-1.178739678506237620e+00
-1.163436058407459894e+00
-1.146403538670843991e+00
-1.125194757255190803e+00
-1.109620232467185552e+00
-1.104929941551746175e+00
-1.103014195784127960e+00
-1.103151285241222634e+00
-1.104722674000114591e+00
-1.107216147953433705e+00
-1.110222431067875437e+00
-1.110334149382995461e+00
-1.114090307399097757e+00
-1.117608918849710919e+00
-1.114501474756738775e+00
-1.112150440140633023e+00
-1.104262460105052135e+00
-1.094955616223992845e+00
-1.087675654287601157e+00
-1.076098420606131478e+00
-1.061208600900105381e+00
-1.046419615526894553e+00
-1.029275238878328613e+00
-1.012722435074601357e+00
-9.945155367852808181e-01
-9.810002141855093116e-01
-9.657979583549891611e-01
-9.454362057281531229e-01
-9.304131718178623167e-01
-9.103001208133826294e-01
-8.955854134770180330e-01
-8.757720573641299966e-01
-8.613799274737795608e-01
-8.463940026987925025e-01
-8.315250745751652239e-01
-8.212019318485005437e-01
-8.048985160470141231e-01
-7.884145490877726425e-01
-7.768076564244258408e-01
-7.595555377515094131e-01
-7.472480554905280847e-01
-7.339709091743542579e-01
-7.151555987234424761e-01
-7.014383606202371224e-01
-6.867109123952217509e-01
-6.720479676728005058e-01
-6.618752006690744594e-01
-6.553611085967944172e-01
-6.421204649608064363e-01
-6.328642241634441223e-01
-6.268575886956532228e-01
-6.178493586494008261e-01
-6.117869169378775673e-01
-6.041920613364406556e-01
-5.935486326846119987e-01
-5.859840077772284772e-01
-5.714636774384750373e-01
-5.549263675474487290e-01
-5.425927120155862315e-01
-5.338542191053916586e-01
-5.186620284195704311e-01
-5.076139190580057914e-01
-4.939688533933359604e-01
-4.780452045548404527e-01
-4.632673918182605988e-01
-4.465479535528360522e-01
-4.315461402141966829e-01
-4.147782754269946359e-01
-3.938160432026072133e-01
-3.722150366391860921e-01
-3.564663652389030712e-01
-3.414605983112004584e-01
-3.310039334730889848e-01
-3.221203859792820534e-01
-3.167095296979602903e-01
-3.074201139652188441e-01
-2.947099330028328801e-01
-2.857245948563502669e-01
-2.712477471677987584e-01
-2.608818071863103771e-01
-2.472137366081481602e-01
-2.391109512757265687e-01
-2.270723304695001499e-01
-2.185154298293194852e-01
-2.128774995885207577e-01
-2.012203783723625072e-01
-1.860491082857387291e-01
-1.679940453648367527e-01
-1.476295569119301376e-01
-1.324835992077890712e-01
-1.147581877032259889e-01
-9.424616167289823210e-02
-7.943009470912132386e-02
-6.234655681371914504e-02
-5.032551486537806262e-02
-4.242817518881114580e-02
-3.086340030790091227e-02
-2.323792075429720327e-02
-1.855385375720608465e-02
-9.144109563175906175e-03
-2.739529844368648881e-03
8.310486779123715806e-03
1.615710453888041798e-02
2.846565373563292312e-02
3.734336081535372109e-02
5.048039577527219102e-02
6.710891886300074383e-02
8.587919007796473991e-02
9.958761150114536775e-02
1.160533165962280844e-01
1.287097269216448403e-01
1.374702661916900048e-01
1.499853504879313792e-01
1.587198708079884391e-01
1.712749306849674635e-01
1.801016347214041691e-01
1.858717859467158284e-01
1.892123022819849343e-01
1.906860483543413309e-01
1.976557919374211103e-01
2.023956540864957354e-01
2.136517211945698769e-01
2.220595041261643754e-01
2.280180336614832104e-01
2.388355316097652281e-01
2.467553181730162137e-01
2.590876425196444455e-01
2.681453968211360284e-01
2.744519464771444373e-01
2.804687177672600118e-01
2.844036344296483332e-01
2.935161395989525079e-01
3.000858511974415777e-01
3.113461023103523129e-01
3.263717679830313578e-01
3.375824510948046697e-01
3.546637363677607180e-01
3.674930686180681860e-01
3.832821972968065705e-01
3.947847508524628957e-01
4.092106679645268752e-01
4.194847835143502568e-01
4.292812120898708006e-01
4.423131354523577308e-01
4.515739015979598481e-01
4.672307182579991114e-01
4.787265398165121422e-01
4.963734397548360544e-01
5.157122035423733486e-01
5.397698238639028201e-01
5.577884219414472877e-01
5.766584037569990606e-01
5.999809847505922500e-01
