-5.436410559633397810e-02
-5.496554858108715358e-02
-5.552634366190978277e-02
-5.602923975620854868e-02
-5.646528636568248771e-02
-5.683178257145216072e-02
-5.713051959700976568e-02
-5.736632061835389429e-02
-5.754586455816523838e-02
-5.767676957975087504e-02
-5.776690565331588090e-02
-5.782390279369842290e-02
-5.785482141124065336e-02
-5.786595287998963499e-02
-5.786272126438340990e-02
-5.784966064885255221e-02
-5.783044629730227371e-02
-5.780796164779578028e-02
-5.778438672510199936e-02
-5.776129680351038687e-02
-5.773976300328431677e-02
-5.772044892761662993e-02
-5.770369944522268923e-02
-5.768961932064042841e-02
-5.767814062761233984e-02
-5.766907879591376407e-02
-5.766217778709470387e-02
-5.765714531767685003e-02
-5.765367929448550477e-02
-5.765148673672815249e-02
-5.765029646872421587e-02
-5.764986680590378221e-02
-5.764998934948706300e-02
-5.765048987177578965e-02
-5.765122712921266768e-02
-5.765209029538853613e-02
-5.765299556874348141e-02
-5.052764708919932346e-02
-5.183205062360651816e-02
-4.591792739884303920e-02
-4.831221064315838198e-02
-4.334069476271551480e-02
-3.939500489582625775e-02
-4.350795587436895318e-02
-4.711752476000885537e-02
-4.305455164095262077e-02
-4.689065798400804397e-02
-4.299724537531801616e-02
-3.982077816597895392e-02
-4.444651970756274828e-02
-4.123044899008632136e-02
-3.861903092707374974e-02
-4.370216760962164493e-02
-4.797641566272958791e-02
-4.433136459691988662e-02
-4.125752183913022897e-02
-3.874374119901302649e-02
-3.675267694352890580e-02
-3.523070756179591534e-02
-3.411571336090091222e-02
-3.334294323813113969e-02
-3.284923834934438958e-02
-3.257588760549068319e-02
-3.247037956628506805e-02
-3.248729359998825394e-02
-3.258854498293128898e-02
-3.274316752894113058e-02
-3.292678595695908150e-02
-3.312090030348380232e-02
-3.331207740706099152e-02
-3.349112048483915416e-02
-3.365226736327331380e-02
-3.379245102043149096e-02
-3.391064255986986353e-02
-3.400728625699356300e-02
-3.408382852101965454e-02
-3.414233709451575116e-02
-3.418520316608630871e-02
-3.421491692164746468e-02
-3.423390606373089007e-02
-3.424442668763472142e-02
-3.424849636518234597e-02
-3.400501035352831991e-02
-3.380528232994084448e-02
-3.364602368758196071e-02
-3.375900284656863093e-02
-3.362274397893449951e-02
-3.351661168710595717e-02
-3.367186368396613005e-02
-3.357060063180972165e-02
-3.349130713906789403e-02
-3.343137008722862902e-02
-3.338798199589310123e-02
-3.335834483541888495e-02
-3.333980855939056021e-02
-3.356368183557667528e-02
-3.351737498267493010e-02
-3.371471752449850534e-02
-2.680072452065895838e-02
-2.109664937158162168e-02
-1.654838364898125747e-02
-1.305490967140343628e-02
-1.048750932439457273e-02
-8.705214766586477637e-03
-3.971148919401645827e-04
6.093068956722902385e-03
1.097006264833355615e-02
1.446411972971461957e-02
1.681011023065015486e-02
1.823298791850769263e-02
1.893845209698530319e-02
1.910766317695156147e-02
1.889499762783319881e-02
2.557905549219818830e-02
2.365081707407101774e-02
2.173900852583421361e-02
1.993952675208299219e-02
2.545824781032246520e-02
2.987413685633777405e-02
3.328972780734917869e-02
2.868989368039720489e-02
2.465166232972282323e-02
2.121753079217181259e-02
1.838522592274483003e-02
1.612140829815511545e-02
2.151683676984750271e-02
2.605611296525478515e-02
2.975984080084415062e-02
3.268652628347079592e-02
3.491792304241769784e-02
3.654762294485669472e-02
3.767250683332590278e-02
3.838663185207003004e-02
4.591130378864449746e-02
5.188193801510454506e-02
5.645627946921583096e-02
5.981786907963093647e-02
5.503574230397512146e-02
5.784624350738143406e-02
5.990734311613676866e-02
6.133819011618402151e-02
6.225491373241531790e-02
6.276542542490060050e-02
6.296623988772376279e-02
6.294086248224850522e-02
6.275934915535841263e-02
6.292728396167301952e-02
6.295940586403903083e-02
6.289358516166410062e-02
6.276210166494466947e-02
6.259142388718474947e-02
6.970465975843986861e-02
7.549018821795705492e-02
8.003874522721932117e-02
8.348167449472643220e-02
8.597087445379192339e-02
8.766379780807520561e-02
8.871287003091143930e-02
8.197097514558260301e-02
8.347406996859896289e-02
8.461249663325975945e-02
8.543718402783428978e-02
8.600015897417989663e-02
8.635142216432933893e-02
8.653690799246738230e-02
8.659729552299189059e-02
8.656746633906409194e-02
8.647643577351571409e-02
7.850608754185195437e-02
7.202981062779190147e-02
6.691828019366896640e-02
6.301227873827408565e-02
6.014089180080128827e-02
5.813390010799057706e-02
5.682994646874295341e-02
5.608163459791293270e-02
5.575839514629477023e-02
5.574772424764629086e-02
5.595524216122083061e-02
5.630391290093306189e-02
5.673269218690557558e-02
5.719481745136545392e-02
5.765591135232006614e-02
5.809203434149345924e-02
5.848778994270320553e-02
5.883455777237966977e-02
5.912890403865156408e-02
5.937119761815923269e-02
5.956444209835543013e-02
5.971332044346078227e-02
5.982343900835740413e-02
6.701971522629457390e-02
7.288268574362044561e-02
7.750853801501267348e-02
8.161049921680829655e-02
8.408542052409551104e-02
8.575864675539612847e-02
8.678718497869186699e-02
8.731403819887617601e-02
8.746483757953149585e-02
8.734652414468691006e-02
8.704746354499093286e-02
8.663851426944013667e-02
8.617468373160308559e-02
8.569709893814914103e-02
8.523509194448064541e-02
8.480825834802785401e-02
8.442839263696932939e-02
8.410123971821370503e-02
8.382802928573096501e-02
8.360678033634427742e-02
9.052421811893740511e-02
9.686951272191990370e-02
1.019795785225765528e-01
1.059456789705668367e-01
1.088941355421684243e-01
1.109696248925731155e-01
1.123218135679131535e-01
1.130954124293577223e-01
1.126031184684699316e-01
1.119407820696793898e-01
1.111973780309438720e-01
1.104376504519950508e-01
1.097066435062528100e-01
1.090337530464631222e-01
1.084362256132642699e-01
1.079221123127147575e-01
1.074927204978812778e-01
1.071446179983903679e-01
1.068712454237110698e-01
1.066641885958308222e-01
1.065141586953850528e-01
1.064117235047568055e-01
1.063478294696764692e-01
1.070724208830440283e-01
1.076895101618660089e-01
1.081978415804727423e-01
1.086023253988803727e-01
1.089120802665399790e-01
1.091387315742486930e-01
1.092950223329511861e-01
1.093937516798817455e-01
1.094470230150308421e-01
1.167213958706818655e-01
1.226321183182814689e-01
1.272805914628547530e-01
1.308053997741152052e-01
1.333629296179723589e-01
1.279040636626733729e-01
1.231096522226742263e-01
1.190314766900608667e-01
1.156676299695003074e-01
1.129789238676701668e-01
1.109023152295598447e-01
1.093615206789835259e-01
1.082751003294510905e-01
1.075623482422189969e-01
1.071473452908788815e-01
1.069615208837122466e-01
1.069450437159127354e-01
9.980715351888402864e-02
1.005806900863726039e-01
1.021635204171580380e-01
1.036325065326213490e-01
1.049449625015612675e-01
1.060791522356829830e-01
1.070292022502339346e-01
1.078006874711312513e-01
1.084069183537650360e-01
1.088659188473179995e-01
1.091980534883045806e-01
1.086352307307574261e-01
1.081373122584459168e-01
1.077101005842500125e-01
1.073538457148601744e-01
1.070650681696987405e-01
1.068379376168255845e-01
1.066653028356594479e-01
1.065394499893046465e-01
1.064526489965407219e-01
1.071547815245819102e-01
1.069852686781913587e-01
1.076089856114856858e-01
1.144603420406815619e-01
1.208770682919824146e-01
1.188523549623075048e-01
1.241044694310280416e-01
1.282399103845526245e-01
1.313724294239497770e-01
1.336363591281088947e-01
1.351729198551931965e-01
1.361202047733176546e-01
1.366063905136247758e-01
1.367456164736302604e-01
1.366359575898936640e-01
1.373544734542977430e-01
1.367901239943873914e-01
1.361887785697522002e-01
1.365864422260121280e-01
1.358406398956581995e-01
1.361563561900802632e-01
1.363741638410818080e-01
1.365114239447218214e-01
1.355805476081011207e-01
1.347922399965055806e-01
1.341439912325910200e-01
1.263905064395660638e-01
1.273285679130002901e-01
1.282701437387756549e-01
1.291647256730361626e-01
1.299798515611720884e-01
1.306971475733924581e-01
1.313089186745133308e-01
1.246306061332465021e-01
1.263524034871719159e-01
1.278927678312753446e-01
1.292259012572760657e-01
1.303446613816219291e-01
1.240638595313767745e-01
1.188949638371532558e-01
1.147746612721114445e-01
1.116033513145500145e-01
1.092612997260609120e-01
1.076210567939095419e-01
1.065565664631582532e-01
1.059494568522363345e-01
1.056930164614817702e-01
1.056943389609863448e-01
1.058750756313004970e-01
1.061711783758945149e-01
1.065319551728893810e-01
1.069186991578354728e-01
1.073030957539751196e-01
1.076655615373334207e-01
1.079936249237294366e-01
1.082804225873343906e-01
1.085233565086254348e-01
1.087229340930704335e-01
1.088817970952278280e-01
1.090039332429295627e-01
1.090940566043505644e-01
1.091571380556344284e-01
1.091980649538670800e-01
1.092214086655434180e-01
1.092312794132448417e-01
1.092312495505258774e-01
1.092243285147256326e-01
1.092129750768577878e-01
1.091991349128520472e-01
1.091842938242963967e-01
1.091695390497027240e-01
1.091556229762942198e-01
1.091430251634759596e-01
1.018938937544571210e-01
9.596204672110508760e-02
9.126232995246263968e-02
8.766994100674319057e-02
8.503909735796844060e-02
8.321719330288845917e-02
8.205502394478703110e-02
8.141371166243560609e-02
8.116896497762371432e-02
8.121325552451064134e-02
8.145643333132546182e-02
8.182522574881656574e-02
8.226198890900526806e-02
7.544937449639554927e-02
6.995437072273369417e-02
6.566815079281829171e-02
6.245071567552273883e-02
6.014783728553596553e-02
5.860361569300276408e-02
5.037131843178754842e-02
4.362410033127073206e-02
3.859883064840530231e-02
3.501732040028304738e-02
3.261503654807995645e-02
2.401019369357926259e-02
2.458575917126570864e-02
1.848375751152286917e-02
1.394624791770304739e-02
1.073224827226471056e-02
8.606540852737598613e-03
7.349530197938269893e-03
6.763427426901724715e-03
6.675587395272630786e-03
6.939675762199781772e-03
7.435228585205289065e-03
8.066075180117149301e-03
8.758016246009914241e-03
9.456078078402319065e-03
2.979276931106777937e-03
-2.252303969183966359e-03
-6.340042280289726051e-03
-9.415163014456107149e-03
-1.162267193422161782e-02
-1.310944936196123400e-02
-1.401587867043496693e-02
-1.447037677396711963e-02
-1.458622980052903806e-02
-1.446019683597632444e-02
-1.417241549156789127e-02
-1.378721693818629745e-02
-1.335452989648744371e-02
-1.991516856541686309e-02
-1.821780019526864081e-02
-1.651911746348933008e-02
-1.502506980892071020e-02
-2.075374535156737643e-02
-1.840015289736851578e-02
-2.348346591309025122e-02
-2.761318288063829840e-02
-2.377908707574483138e-02
-2.040316206323766757e-02
-1.752739700743899398e-02
-1.515485680174188943e-02
-1.326074583279135410e-02
-1.180192569996263430e-02
-1.072473249655803151e-02
-9.971094976475081140e-03
-9.483073271677966432e-03
-9.206013057973416736e-03
-9.090546286672607224e-03
-9.159251500217457931e-03
-9.300130619782409624e-03
-9.484660084367879662e-03
-1.699854069763584441e-02
-2.321044135976224609e-02
-2.817587461267745397e-02
-3.200282395191234031e-02
-3.482967254638547061e-02
-3.680792969892099364e-02
-3.808949358823143783e-02
-3.881788417895304377e-02
-3.912274795617443068e-02
-3.911692281384748782e-02
-4.621954845929154843e-02
-4.451816582598833172e-02
-5.014688851194737396e-02
-5.453061036504180947e-02
-5.781748883655812854e-02
-6.016843115121917052e-02
-6.174459790026598505e-02
-6.269880144896156082e-02
-6.317001689733392489e-02
-6.328031211665496869e-02
-7.041956652795655636e-02
-7.604983945664689493e-02
-8.033398114351042452e-02
-8.345614674585455361e-02
-8.560551018108442101e-02
-8.696477338692720771e-02
-8.770256208562776656e-02
-8.733301954810190892e-02
-8.674523118608790107e-02
-8.603911347092840778e-02
-9.239609033131168658e-02
-9.742362494555623087e-02
-1.012727318482933292e-01
-1.041070267094379442e-01
-1.068458966313627911e-01
-1.080044844931660197e-01
-1.086181004276882689e-01
-1.095985418890716989e-01
-1.093627327807968896e-01
-1.097167268214547242e-01
-1.098177670227464819e-01
-1.097349163827521235e-01
-1.087390110626680340e-01
-1.085979201264775096e-01
-1.084091978509882370e-01
-1.081970497302440215e-01
-1.079797678562539609e-01
-1.077704622368194087e-01
-1.075778755275242915e-01
-1.074072087344606352e-01
-1.072609038505434320e-01
-1.071393479117050962e-01
-1.070414791652649633e-01
-1.069652888033130189e-01
-1.061359288021057612e-01
-1.062359927456997255e-01
-1.063401209785279633e-01
-1.064416193702184543e-01
-1.057690880233108643e-01
-1.059919690779393964e-01
-1.061947674455072654e-01
-1.135749955931619759e-01
-1.124175196122616516e-01
-1.185290433589980541e-01
-1.234252909310200597e-01
-1.272160857874131690e-01
-1.300366016787333212e-01
-1.310836414182967591e-01
-1.325645789260145868e-01
-1.334972037023369751e-01
-1.330383844364613211e-01
-1.324332297581654050e-01
-1.317595370992863391e-01
-1.310739378111751563e-01
-1.304158840195506208e-01
-1.298111524067275813e-01
-1.292748569041697326e-01
-1.288140000850968026e-01
-1.284296060867970990e-01
-1.290275022541860217e-01
-1.286152460377354423e-01
-1.291900623678696736e-01
-1.296706912483001073e-01
-1.291299551613562802e-01
-1.295980049742762041e-01
-1.299812872549945819e-01
-1.302845839451098886e-01
-1.305155854464388199e-01
-1.306836240829984952e-01
-1.307986687870097420e-01
-1.308705747666549790e-01
-1.309085636408600095e-01
-1.309208988874150936e-01
-1.309147174605822528e-01
-1.308959793433615015e-01
-1.308695007722724402e-01
-1.308390423606058395e-01
-1.308074292245795522e-01
-1.307766857735745969e-01
-1.307481726811825506e-01
-1.307227175635405914e-01
-1.307007340575907506e-01
-1.306823263959251413e-01
-1.306673783320930760e-01
-1.306556265016971530e-01
-1.306467191225206825e-01
-1.306402614382047300e-01
-1.306358495748431992e-01
-1.296946410151182949e-01
-1.298638104876499444e-01
-1.300227462434213610e-01
-1.301662057281474105e-01
-1.302913206547409164e-01
-1.294619259007860901e-01
-1.297175361457734155e-01
-1.299446704472295711e-01
-1.301399641190379430e-01
-1.303027169929200646e-01
-1.294984894483295346e-01
-1.288437732067508890e-01
-1.292449973930955842e-01
-1.295990863788685221e-01
-1.299015659337767747e-01
-1.301519651310463210e-01
-1.294181837354977382e-01
-1.297416391057215623e-01
-1.290854233867397838e-01
-1.285538656957312398e-01
-1.290521832670692426e-01
-1.285625445651676912e-01
-1.290897019094574549e-01
-1.295407067904674747e-01
-1.299144772788969338e-01
-1.302143003873612592e-01
-1.304464151397510818e-01
-1.296805344558074058e-01
-1.299712144871298936e-01
-1.292772065177125729e-01
-1.296338591432513176e-01
-1.299363260495829397e-01
-1.301848947618977625e-01
-1.303826052260879109e-01
-1.305342875295625316e-01
-1.297071040611588177e-01
-1.299543739651956020e-01
-1.301632715009173324e-01
-1.303343242999601692e-01
-1.304698969971964662e-01
-1.305735239800069891e-01
-1.306493732435083377e-01
-1.307018335667873288e-01
-1.307352123420626455e-01
-1.307535284705967360e-01
-1.307603836124930918e-01
-1.307588953735221438e-01
-1.307516773019794520e-01
-1.307408524506357139e-01
-1.307280894037790020e-01
-1.297749983357370240e-01
-1.299327840061077488e-01
-1.300801490588865406e-01
-1.302125085555703166e-01
-1.303274336425255253e-01
-1.304241380268156281e-01
-1.305030302268390674e-01
-1.305653351727600331e-01
-1.306127847101594686e-01
-1.306473732861284098e-01
-1.306711727325358119e-01
-1.306861986107201723e-01
-1.306943199425327773e-01
-1.306972041643590376e-01
-1.297568976797462970e-01
-1.289957826605094837e-01
-1.293172617619491316e-01
-1.296114890299659983e-01
-1.298712564857888996e-01
-1.300932697989580777e-01
-1.302771841980807643e-01
-1.304247613886677648e-01
-1.296020015043288787e-01
-1.298565663967570227e-01
-1.300756997966814321e-01
-1.302585187540812317e-01
-1.304063110837159201e-01
-1.305218287975233871e-01
-1.306087080155959868e-01
-1.306710110440298944e-01
-1.307128807953192862e-01
-1.307382940137324923e-01
-1.298107279586400153e-01
-1.290553489272707743e-01
-1.284577019722974445e-01
-1.279997115550766118e-01
-1.346900034865821105e-01
-1.401625886977837521e-01
-1.445092503014226981e-01
-1.478504972479406376e-01
-1.503207114022673263e-01
-1.520573509660572142e-01
-1.531933350428265062e-01
-1.538519245722207440e-01
-1.541435583809058762e-01
-1.541642076895601843e-01
-1.539948888455224818e-01
-1.606627957158710540e-01
-1.659815121430299190e-01
-1.700822478461785359e-01
-1.731201485518814032e-01
-1.752588254377864807e-01
-1.766592249554446159e-01
-1.774720537422529443e-01
-1.778330429259578072e-01
-1.778604211682452974e-01
-1.776540535227637552e-01
-1.772957876605516514e-01
-1.768506278178572089e-01
-1.763684289921745307e-01
-1.758858689695859123e-01
-1.754285133618167514e-01
-1.750128387268317098e-01
-1.746481209872339235e-01
-1.743381309312133087e-01
-1.740826060145741483e-01
-1.738784886233952776e-01
-1.737209361958604870e-01
-1.736041190051738070e-01
-1.735218278501766687e-01
-1.734679172223487775e-01
-1.734366104767028904e-01
-1.734226927912869698e-01
-1.734216158110370998e-01
-1.734295352860681927e-01
-1.734433000827728666e-01
-1.734604079306285573e-01
-1.804045876485924627e-01
-1.860692808880135551e-01
-1.905468085270036749e-01
-1.939638588359386961e-01
-1.895800094469850539e-01
-1.925754648048203510e-01
-1.879677220507114388e-01
-1.839970749345598566e-01
-1.806802529386550837e-01
-1.779944654246738978e-01
-1.758904581542048984e-01
-1.812267278179664487e-01
-1.857329779376233336e-01
-1.894245704340933312e-01
-1.923552925466072150e-01
-1.946026314361026799e-01
-1.962563882948953342e-01
-1.974101809031938437e-01
-1.981553709852650336e-01
-1.985769740035014941e-01
-1.987511481991763862e-01
-1.987439067918601587e-01
-1.986107465166571107e-01
-1.983969339211204552e-01
-1.981382363234711619e-01
-1.978619260801322000e-01
-1.975879242654048351e-01
-1.973299827260288630e-01
-1.970968316295873546e-01
-1.968932431405934214e-01
-1.967209809452552527e-01
-2.034446176837962916e-01
-2.089280358155616302e-01
-2.132613859878096374e-01
-2.233746768766611268e-01
-2.313266076484836731e-01
-2.373630432953073299e-01
-2.417544564251443706e-01
-2.447739180474186593e-01
-2.466821122673705791e-01
-2.477177604409923628e-01
-2.480921405299767457e-01
-2.479866541153239456e-01
-2.542591588200366903e-01
-2.590859876452651367e-01
-2.626562332859054827e-01
-2.651665973277810284e-01
-2.668088019691501334e-01
-2.677612264100552864e-01
-2.681838165915724215e-01
-2.682154821834701330e-01
-2.698104117449684480e-01
-2.709050734041935637e-01
-2.715878960924726915e-01
-2.719438575295547444e-01
-2.720508617487258363e-01
-2.719774379964503552e-01
-2.717816119307143730e-01
-2.783168285182469059e-01
-2.835551697156646345e-01
-2.876139841656681906e-01
-2.906384669954962252e-01
-2.948280483226521920e-01
-2.979556982890358974e-01
-3.001680641449164799e-01
-3.084393776664704490e-01
-3.148505350189816365e-01
-3.196227640290298933e-01
-3.229994586884035179e-01
-3.252254674908017229e-01
-3.265329089564912302e-01
-3.338719731682719960e-01
-3.327146114585621817e-01
-3.312732711491153115e-01
-3.364286165909780024e-01
-3.403367117205124970e-01
-3.431752052902710126e-01
-3.451230188974663271e-01
-3.463505371567956459e-01
-3.470134110401363881e-01
-3.472490782586339364e-01
-3.471752868423458871e-01
-3.468900584251100039e-01
-3.464726479088813260e-01
-3.459851518019714245e-01
-3.454744945100662878e-01
-3.449745849311876000e-01
-3.445084881211029071e-01
-3.507199872128834439e-01
-3.557542272571676545e-01
-3.597078210510495921e-01
-3.627043173505344331e-01
-3.648792748879581271e-01
-3.728900130772294652e-01
-3.726324177303794727e-01
-3.720232129725236092e-01
-3.712009532649078736e-01
-3.702733532701234509e-01
-3.693210575521341799e-01
-3.684016273030150668e-01
-3.740686225124363329e-01
-3.721290520984334993e-01
-3.703731644389502975e-01
-3.688378086637142950e-01
-3.675371508977371970e-01
-3.664687275032862956e-01
-3.656185695644837974e-01
-3.649654047184767158e-01
-3.644839870801346304e-01
-3.641476370378735616e-01
-3.639300911322875809e-01
-3.638067700232623380e-01
-3.637555720611111987e-01
-3.637572935651547379e-01
-3.637957667021334274e-01
-3.638577936066895724e-01
-3.664441940037341805e-01
-3.686020470108735125e-01
-3.703426746217961529e-01
-3.716965147798172442e-01
-3.727061211167534971e-01
-3.800835463484586452e-01
-3.859816137954930060e-01
-3.905372253191736753e-01
-3.939183895991689166e-01
-3.963048481365767373e-01
-3.978743709646233029e-01
-3.987936355959174062e-01
-4.019935300214374507e-01
-4.015307036586854839e-01
-4.008436457794994912e-01
-4.000376269814334140e-01
-4.057286784446840766e-01
-4.102083427812623917e-01
-4.136163306274340812e-01
-4.161047664556956072e-01
-4.178262728217125854e-01
-4.189259888811229793e-01
-4.195365444567913382e-01
-4.197752314704223942e-01
-4.197427899130601325e-01
-4.224006210719857268e-01
-4.244380904260820486e-01
-4.324066239149839674e-01
-4.387328706559519009e-01
-4.435755970977057761e-01
-4.471258718384338859e-01
-4.495866160439678794e-01
-4.575523329823207863e-01
-4.636101797319458484e-01
-4.680290480327971014e-01
-4.710810978167885299e-01
-4.792805963217634524e-01
-4.792069651022385912e-01
-4.880507761240209241e-01
-4.948270747392078395e-01
-4.997982019946771715e-01
-5.032433293946314556e-01
-5.054389652948332312e-01
-5.066451340747109011e-01
-5.132895814423141800e-01
-5.182258580216250188e-01
-5.217194913174474369e-01
-5.240300261501091850e-01
-5.314649757839420285e-01
-5.406153466989216394e-01
-5.475790542589977772e-01
-5.526465249877012820e-01
-5.500992774755548709e-01
-5.473246597881362696e-01
-5.445362018643935542e-01
-5.418859926615997580e-01
-5.394738974489721173e-01
-5.373571973618676001e-01
-5.355599604332212937e-01
-5.340816253947142656e-01
-5.329044737543793264e-01
-5.356724782568651477e-01
-5.380320806772613818e-01
-5.399775800288073579e-01
-5.415274717905169677e-01
-5.427165356175380762e-01
-5.435891036138824628e-01
-5.480241721940861677e-01
-5.515818541901018612e-01
-5.543279313043139034e-01
-5.563541752837091181e-01
-5.577655788848108198e-01
-5.586702798395370984e-01
-5.655196369378494570e-01
-5.708621757163329091e-01
-5.708572668776156211e-01
-5.704804835760362014e-01
-5.738321083181274762e-01
-5.763264268495628118e-01
-5.780930820248231239e-01
-5.792600172578243889e-01
-5.799475977886900946e-01
-5.802647952598857239e-01
-5.803070326521304612e-01
-5.801553268643314665e-01
-5.798764061305132778e-01
-5.795235207639730657e-01
-5.852863059665178724e-01
-5.837795607679425736e-01
-5.823650140512877105e-01
-5.872205797515456238e-01
-5.910970423437967858e-01
-5.940929650377675397e-01
-5.963223370599450845e-01
-5.979037317210215141e-01
-6.030781934530673460e-01
-6.071137198941266577e-01
-6.161542614112855976e-01
-6.231969943791226818e-01
-6.284779386382177702e-01
-6.322549934612188283e-01
-6.347870817744798444e-01
-6.363199013886022826e-01
-6.414600525533892261e-01
-6.452580382219088584e-01
-6.479080852986276451e-01
-6.496093678266147142e-01
-6.445849534828828054e-01
-6.400179316447036637e-01
-6.360185889730706199e-01
-6.326339459646144192e-01
-6.298630500519334374e-01
-6.276710662626197035e-01
-6.215660911262138599e-01
-6.228973239078647861e-01
-6.242138824277478903e-01
-6.194278695677331026e-01
-6.216777423681982828e-01
-6.236938736708976805e-01
-6.254441519317642806e-01
-6.269201222002592777e-01
-6.238631755135697343e-01
-6.213731324948853496e-01
-6.194002513804447441e-01
-6.178847651202521440e-01
-6.167629819950839476e-01
-6.159714847963461137e-01
-6.154499646258089207e-01
-6.092867405265711689e-01
-6.102178753154325896e-01
-6.111972669440176587e-01
-6.062703980955077565e-01
-6.082523514989193192e-01
-6.041521347325131686e-01
-6.068472524849919392e-01
-5.992224568878682378e-01
-5.931211157720007732e-01
-5.883954465341779683e-01
-5.848709987893284667e-01
-5.823643593949321406e-01
-5.806955283062800177e-01
-5.796961421178277174e-01
-5.792145177616808693e-01
-5.791183009349143429e-01
-5.792953464163320687e-01
-5.736658284670561603e-01
-5.752302143515289901e-01
-5.707526140187855201e-01
-5.672555135450656483e-01
-5.607956144607122440e-01
-5.558317820594746994e-01
-5.521626637462901943e-01
-5.495812679902187803e-01
-5.478879784791168550e-01
-5.468987271933218874e-01
-5.464496381990653351e-01
-5.463991418893316965e-01
-5.466283099047699601e-01
-5.470399722907262063e-01
-5.512629889816345052e-01
-5.548949815062456103e-01
-5.579181968833852867e-01
-5.603522650550119000e-01
-5.561068504331025952e-01
-5.486558480287098138e-01
-5.425594633171273440e-01
-5.377292730341582949e-01
-5.340348356289472687e-01
-5.313244844988138649e-01
-5.232076799503675435e-01
-5.168727349254318426e-01
-5.085919564038057228e-01
-5.023799857873860741e-01
-4.916175034529384202e-01
-4.801161971399743322e-01
-4.715435492452368926e-01
-4.654301343872246921e-01
-4.613280896340150594e-01
-4.525037458575351668e-01
-4.430262796533048775e-01
-4.361691658873902977e-01
-4.314717178652398566e-01
-4.285081902773275608e-01
-4.268977690054658325e-01
-4.263089468341996202e-01
-4.264602189851223191e-01
-4.271183560213218655e-01
-4.280950922960402583e-01
-4.292428166237149956e-01
-4.304496998134303976e-01
-4.253057643926856368e-01
-4.212144761117941894e-01
-4.180775408885619715e-01
-4.093379687796983024e-01
-3.996820227282684712e-01
-3.949524217983975127e-01
-3.889391991606714338e-01
-3.846139032980238071e-01
-3.816834159000923599e-01
-3.798719098289815577e-01
-3.724476370882359166e-01
-3.668489192342074823e-01
-3.628189070703045083e-01
-3.600957188660567354e-01
-3.584276662459722207e-01
-3.551487967270987589e-01
-3.553667450779165460e-01
-3.559968439851666222e-01
-3.568820117457003338e-01
-3.513339618565927136e-01
-3.535896733305954331e-01
-3.491451456287169020e-01
-3.456988815501209622e-01
-3.431346201449230193e-01
-3.413234975262473547e-01
-3.401348014169163214e-01
-3.394436877063562452e-01
-3.391362691412129760e-01
-3.324233117524324488e-01
-3.271103739089631368e-01
-3.230597688681933199e-01
-3.201069765854560600e-01
-3.158637390217295948e-01
-3.060978798398152900e-01
-2.985619994647188413e-01
-2.929650223389919095e-01
-2.890042700998958214e-01
-2.796492407232342714e-01
-2.725787531729368940e-01
-2.674734432505179171e-01
-2.640074118724808905e-01
-2.618671644134378251e-01
-2.539448888339004284e-01
-2.480265573145437052e-01
-2.438236922027432474e-01
-2.410427419722980247e-01
-2.394023920248407045e-01
-2.386450970085081114e-01
-2.316305199959278749e-01
-2.263239978836308897e-01
-2.224937701023144143e-01
-2.198982802968454386e-01
-2.183023740276546221e-01
-2.104997793697132025e-01
-2.045450840946092530e-01
-1.987818341291562874e-01
-1.946821430231637784e-01
-1.919407259862333515e-01
-1.833596302431088620e-01
-1.768898421500118001e-01
-1.722222371163728560e-01
-1.690495826921194489e-01
-1.670815864883647972e-01
-1.591215329269648482e-01
-1.531246594366653113e-01
-1.488130496405508651e-01
-1.459043028100044381e-01
-1.371409812437405229e-01
-1.305197343284558720e-01
-1.257453488682060971e-01
-1.225131216890709140e-01
-1.134870136046657318e-01
-1.067079173917868662e-01
-1.018574522299318108e-01
-9.860988330317321804e-02
-9.020962453739933551e-02
-8.389901828831036745e-02
-7.217369615334323640e-02
-6.323762741414240551e-02
-5.674904833747418387e-02
-5.232967659403398031e-02
-4.959806320468929108e-02
-4.819319282419387562e-02
-4.045340374015515827e-02
-3.477233719409178470e-02
-3.082947082674269978e-02
-2.830689318918655495e-02
-1.956875602064189756e-02
-1.303189164716367365e-02
-1.030995605373785651e-03
7.948827175498829334e-03
1.438964071661885669e-02
2.591915539931965995e-02
3.443949334127394124e-02
4.044098885069602467e-02
4.438926829067368907e-02
4.670987234882706396e-02
4.812202622221128934e-02
5.574421269537932488e-02
6.139294860154898004e-02
6.535177572823003267e-02
6.791158068825464689e-02
6.935291598982740169e-02
7.722055401569405397e-02
8.313104399960424828e-02
8.736096622235645093e-02
8.954058502635264816e-02
8.411753711393643584e-02
8.576032670181454876e-02
8.016589486107061902e-02
7.526075525250774945e-02
7.058328152191295501e-02
6.678656127041904256e-02
6.379543056131331547e-02
6.151634549532514207e-02
5.984824144947120672e-02
5.869007324896191591e-02
6.504934081677560265e-02
7.042506206089305110e-02
7.483698423678664113e-02
7.779634144280733743e-02
8.058256356128112863e-02
8.266652027058674079e-02
8.415122071768688095e-02
7.807185328344479203e-02
7.286713878709716319e-02
6.903851141061179142e-02
6.545546498611987118e-02
6.311657044965168772e-02
6.137172629212783725e-02
5.970562096606601976e-02
5.898427474938916504e-02
5.859859049125071273e-02
5.846959074754787267e-02
5.852757734309599336e-02
5.871335641111574688e-02
5.897848475785116840e-02
5.885352695707934956e-02
5.882020343898886061e-02
5.927793806814030120e-02
5.927225386459866741e-02
5.212263574677922229e-02
5.388682444340830990e-02
5.551013859123377081e-02
5.694945672080753418e-02
5.818388100484717107e-02
5.192959825181531208e-02
4.644518555621290901e-02
4.243472332688136284e-02
3.935671052473388443e-02
3.709437820978322975e-02
3.552244138628957160e-02
3.451629883430640255e-02
3.395854648300411505e-02
3.374318365863349101e-02
4.109518378497911684e-02
4.727955301022279677e-02
5.232313452598980064e-02
5.630568955748227467e-02
5.933928385267583927e-02
6.884753660398779118e-02
7.632385701209520867e-02
8.199295377530169127e-02
8.610675011288360103e-02
8.892237140296632703e-02
9.068684811175864446e-02
9.162717415057097803e-02
9.194451887081878105e-02
9.181157378681992220e-02
9.137219048633804519e-02
9.799700198887961733e-02
1.031898790245098230e-01
1.071135747492519830e-01
1.099480369360708032e-01
1.118756143446246742e-01
1.130707406404911630e-01
1.209119535852680727e-01
1.269918043063362756e-01
1.315276292871911945e-01
1.347515586601151227e-01
1.368936882552032053e-01
1.453437144865281638e-01
1.517994501115340622e-01
1.565307641889082113e-01
1.598153603016627677e-01
1.619217364754499400e-01
1.630980259547505362e-01
1.706821391458768211e-01
1.751783057499578522e-01
1.782913874452081160e-01
1.745594737989539791e-01
1.780387209345710708e-01
1.805639702943258040e-01
1.822898889658932653e-01
1.833663955993933836e-01
1.839324601271123960e-01
1.911705298789720953e-01
1.968337091823277873e-01
2.011024623004946665e-01
2.041760925325759590e-01
2.062562790293398507e-01
2.075356357391833217e-01
2.081903093930597137e-01
2.083757326023998324e-01
2.082247678585635864e-01
2.078475990153385577e-01
2.003090837161569659e-01
1.953646309362884192e-01
1.912876612243628038e-01
1.880426834069388597e-01
1.855593579585965713e-01
1.837459356354527173e-01
1.825005619840247562e-01
1.817201210610250861e-01
1.813066203216298078e-01
1.884486640677047742e-01
1.944449149652460740e-01
1.993253355435800067e-01
2.031714876784702639e-01
2.060956487892953160e-01
2.082249327124190419e-01
2.112309700328589557e-01
2.118779823185059641e-01
2.121178245505666027e-01
2.192527774096502124e-01
2.248393256397400730e-01
2.290608552778661267e-01
2.338090770091607595e-01
2.355940230835480431e-01
2.455015361659758089e-01
2.532474067389125505e-01
2.590672378180460811e-01
2.703763037777044964e-01
2.789829497995830465e-01
2.852531152169099915e-01
2.895664986011745601e-01
2.922911828325809314e-01
3.008219660658537631e-01
3.070878906962002386e-01
3.114560240942905178e-01
3.142796268537637605e-01
3.158837383623380735e-01
3.165570452323538397e-01
3.165482509243049414e-01
3.160656080213786190e-01
3.152786110823506682e-01
3.143210955394524220e-01
3.202421800624810633e-01
3.248817135798285349e-01
3.283894762200305628e-01
3.309281986947900656e-01
3.303038008052936458e-01
3.294719133688854829e-01
3.308620581437795583e-01
3.318060893923717725e-01
3.323885602903702274e-01
3.395078687029813302e-01
3.451599706284718128e-01
3.494946824542022323e-01
3.526851628409897188e-01
3.616540397782277427e-01
3.685697869190895926e-01
3.737010592925227304e-01
3.773267063130620880e-01
3.797179436070832192e-01
3.811267496514232356e-01
3.817789373028517286e-01
3.818706859180140967e-01
3.815675918613510298e-01
3.876186989884526923e-01
3.922889017481081542e-01
3.957580041583184105e-01
3.982127929537040423e-01
4.026113243096254291e-01
4.058752804527112623e-01
4.081665301108718946e-01
4.096513939760422218e-01
4.104906546541944312e-01
4.041673906117047022e-01
4.053575189825509018e-01
4.062129595191612541e-01
4.067893938613167393e-01
4.071407826493698145e-01
4.073168498409376337e-01
4.073616080556310415e-01
4.073126823632691185e-01
4.072012151378892053e-01
4.070521687588140036e-01
4.068848790791061987e-01
4.000308113751276373e-01
3.943796573231150848e-01
3.898698308834029902e-01
3.903761978679054501e-01
3.871130576866566031e-01
3.819402244905039101e-01
3.779947293997965030e-01
3.777506050175249985e-01
3.778918075861807946e-01
3.782965292873539109e-01
3.856183908131172178e-01
3.917807317299868419e-01
3.968103040814427995e-01
3.979731774312382786e-01
3.987007916761158288e-01
3.990922377106795871e-01
3.992323530342924975e-01
4.019669218399926081e-01
3.974812071354190124e-01
3.936042368166636773e-01
3.903611335635610580e-01
3.850017105031360298e-01
3.807556721079374817e-01
3.775043174012420177e-01
3.751127662360678183e-01
3.667488011615107624e-01
3.601805287175172676e-01
3.552115257812180626e-01
3.516202624734723337e-01
3.584593434289131686e-01
3.552441425477113057e-01
3.528780742940025306e-01
3.537328672855759581e-01
3.547252485216532136e-01
3.557623739617348235e-01
3.567757909189488430e-01
3.577183708029134657e-01
3.559823854781032360e-01
3.571724990851783410e-01
3.582162166117537350e-01
3.565248118268635746e-01
3.551607118827573295e-01
3.540937181146019963e-01
3.532874548308451157e-01
3.527033625718181131e-01
3.523034151859119056e-01
3.520518908259817614e-01
3.494505045079590033e-01
3.498523870637511024e-01
3.502870523239403067e-01
3.507220139323676822e-01
3.511344978086745616e-01
3.515097071095900638e-01
3.518392120830189373e-01
3.521194955698974116e-01
3.523506755137819635e-01
3.525354153346593744e-01
3.526780228548420659e-01
3.503078713997762605e-01
3.508316397596817904e-01
3.513006557424502851e-01
3.492450531573876304e-01
3.475903678779772576e-01
3.462981882957822943e-01
3.453234053050320274e-01
3.446187129435460683e-01
3.374889023164320268e-01
3.317407784005670379e-01
3.272575820696592697e-01
3.238923285074268854e-01
3.237398110506493065e-01
3.239754661010894043e-01
3.244741517484253102e-01
3.251323165897521683e-01
3.258677158752232295e-01
3.266179930160342249e-01
3.250088099064114555e-01
3.237782820593311239e-01
3.228734799243651032e-01
3.245230689629923226e-01
3.236843488443019723e-01
3.253412744158583614e-01
3.267638981091385286e-01
3.279470473697203570e-01
3.288997160059194957e-01
3.227469396394706536e-01
3.176325242974504803e-01
3.112765644934276654e-01
3.063085690962099594e-01
3.025599951438886492e-01
2.998501964538717868e-01
2.980003528625114750e-01
2.968424262928412993e-01
2.962244949764922808e-01
2.960134954095003934e-01
2.912993125906790937e-01
2.876045818076653493e-01
2.827889353722206067e-01
2.811856641059355955e-01
2.802235469320675243e-01
2.726757787433939928e-01
2.667481089142911266e-01
2.622806502846541932e-01
2.590794658168504849e-01
2.569378144689205001e-01
2.556520677720872659e-01
2.477959347533487122e-01
2.417411112615202029e-01
2.372701907456493675e-01
2.341442224819636486e-01
2.394094649088125415e-01
2.442030298444484160e-01
2.411650046776219192e-01
2.388337025367701649e-01
2.371182983542301503e-01
2.359226978341415482e-01
2.351523224698974790e-01
2.347187339546614737e-01
2.272542732580611347e-01
2.212941324660151476e-01
2.167006522644374655e-01
2.133046245479959246e-01
2.109239197010506217e-01
2.005087848539746087e-01
1.924615676855105928e-01
1.864667788604754683e-01
1.749195718972897939e-01
1.673604497388718748e-01
1.606758891512620746e-01
1.560164613210419660e-01
1.456730981841611872e-01
1.379693638949044399e-01
1.398523187973292892e-01
1.348991772470400363e-01
1.315110501273191179e-01
1.293914314140760524e-01
1.282672236598154658e-01
1.205284477326431514e-01
1.146676916209681263e-01
1.104274956853914524e-01
1.001331983542501636e-01
9.227412797798950628e-02
7.908959718652219806e-02
6.902919399917450960e-02
6.168410002855151397e-02
4.914566320888913431e-02
3.982470942980342876e-02
3.324193094833516327e-02
2.891612122440201382e-02
1.889490051171827112e-02
1.162992004319618466e-02
-8.315369619407153579e-04
-1.005447048417096312e-02
-1.653484736322896609e-02
-2.826025364521234096e-02
-2.932788159440846698e-02
-3.660715323680374667e-02
-4.163367105604587337e-02
-4.482775109072867359e-02
-5.405971989717306414e-02
-6.082114749597544723e-02
-6.550806011729659595e-02
-6.850514169088461891e-02
-7.016873195342032687e-02
-7.081673268551469391e-02
-7.072368687950270072e-02
-7.700358253557748611e-02
-7.427961785683878659e-02
-7.891695615667915220e-02
-8.233315144566377697e-02
-8.473139240105798109e-02
-8.630259870269263445e-02
-9.445592949043435382e-02
-1.007682988215905517e-01
-1.047182049638539780e-01
-1.145187312925555201e-01
-1.219513873683262251e-01
-1.273768343660373059e-01
-1.311414279018756623e-01
-1.335653012690560804e-01
-1.419109053133156273e-01
-1.481639872523439205e-01
-1.526418455173583766e-01
-1.556540593159312369e-01
-1.574900333392443841e-01
-1.595281133499286685e-01
-1.677173500095603398e-01
-1.739937419270896068e-01
-1.785900340039794365e-01
-1.817610009943380067e-01
-1.908351019476015598e-01
-1.976908713545098006e-01
-2.026352890063414236e-01
-2.059858209514500160e-01
-2.080492304970633644e-01
-2.091078105751904559e-01
-2.179802802279535712e-01
-2.177237662083277847e-01
-2.240317913150764451e-01
-2.287228720238358992e-01
-2.320301509054831790e-01
-2.341928101068389001e-01
-2.354406463265157345e-01
-2.430954979733790378e-01
-2.489111787772264606e-01
-2.531420618577691073e-01
-2.560493757236550483e-01
-2.578845286843243212e-01
-2.658951534890410251e-01
-2.719569208153602702e-01
-2.763511752724454595e-01
-2.862861059191736945e-01
-2.958913677854246860e-01
-3.031266444547680017e-01
-3.152407029249308934e-01
-3.220679550670342284e-01
-3.290137144182596618e-01
-3.406512612238932203e-01
-3.492707806050725505e-01
-3.553401197587859883e-01
-3.660548455303309634e-01
-3.738349649618502024e-01
-3.791775965075150356e-01
-3.825526530673291070e-01
-3.870860621762337583e-01
-3.966644930912419653e-01
-4.037345912253771374e-01
-4.086762632595308808e-01
-4.184880177485668096e-01
-4.256702972698032106e-01
-4.306502887304408667e-01
-4.338403035172959665e-01
-4.356200960948579670e-01
-4.428185039298992987e-01
-4.480133111142265978e-01
-4.546818414562816546e-01
-4.659247732781668372e-01
-4.744184687514099164e-01
-4.805487819027791652e-01
-4.847094814935875018e-01
-4.936039164996151030e-01
-5.000601648613811623e-01
-5.079573976402682600e-01
-5.198866189867670240e-01
-5.287933300481850729e-01
-5.412706046311892560e-01
-5.504363224982908864e-01
-5.568342120183575883e-01
-5.669651528837522658e-01
-5.741642350730041811e-01
-5.789727980756056436e-01
-5.818836648808799472e-01
-5.891368746702528858e-01
-5.884328419964466317e-01
-5.927995437394719680e-01
-5.956831480354453090e-01
-5.973928934665826418e-01
-5.982012965324204901e-01
-6.022427641569491064e-01
-6.011942464802756403e-01
-5.998857869500631157e-01
-5.984654287499600045e-01
-5.951959860229211197e-01
-5.922862699585698110e-01
-5.897857605239980039e-01
-5.877083060471365306e-01
-5.959444966857488923e-01
-6.028195318612155074e-01
-6.083644724639448720e-01
-6.168465321576992455e-01
-6.235496246157765654e-01
-6.286295495556932789e-01
-6.381926389742136330e-01
-6.454420736006136750e-01
-6.506956585060066356e-01
-6.587399887167658674e-01
-6.646725478964131684e-01
-6.688048165408219115e-01
-6.771983688813291158e-01
-6.879667378237102060e-01
-6.913517254563403824e-01
-6.979506409617804996e-01
-7.025914737577295677e-01
-7.056148867477840536e-01
-7.073465900691098263e-01
-7.136709421905591544e-01
-7.230557869924376657e-01
-7.301251666551147324e-01
-7.352005254188592742e-01
-7.336595744770982863e-01
-7.262157075046774546e-01
-7.195595090883308842e-01
-7.193546145026008531e-01
-7.135430973060414850e-01
-7.039274159594994806e-01
-6.961801986270879095e-01
-6.901286062079965422e-01
-6.901856859160804269e-01
-6.860202116103060188e-01
-6.829789686080967037e-01
-6.808753045343632904e-01
-6.795316028701936517e-01
-6.787855698939411209e-01
-6.784937422845519484e-01
-6.785329710686188731e-01
-6.788004600579292669e-01
-6.792128035066448133e-01
-6.797043674181522110e-01
-6.802252818662007927e-01
-6.762087483587611025e-01
-6.775124767251545777e-01
-6.742107105683596835e-01
-6.716172473836213852e-01
-6.696478661861419157e-01
-6.682124644548848025e-01
-6.672215198788766788e-01
-6.609851389374042929e-01
-6.560223940060083692e-01
-6.522138583925009003e-01
-6.494152140135339701e-01
-6.474717672608898411e-01
-6.404482636278484575e-01
-6.349845238500245737e-01
-6.309117125353376210e-01
-6.280347607087040096e-01
-6.201835738715606450e-01
-6.141596685652734866e-01
-6.097490813453023684e-01
-6.067107389503473280e-01
-6.047984385318331269e-01
-6.037768559515407363e-01
-6.034320979363475557e-01
-6.035776720259219408e-01
-5.978884502913149879e-01
-5.935049657356961106e-01
-5.861056945765942272e-01
-5.783318955271944395e-01
-5.723915861892789891e-01
-5.680648590921155705e-01
-5.610455648646630600e-01
-5.559339665521532137e-01
-5.459687541133400046e-01
-5.384420713034854256e-01
-5.330170810037695439e-01
-5.293455285254409226e-01
-5.270905752449563941e-01
-5.259418265123767533e-01
-5.190402450903663922e-01
-5.101759247706001421e-01
-5.035700817004629126e-01
-4.922275023682149975e-01
-4.836363042427700432e-01
-4.774182627009302404e-01
-4.731835069254344273e-01
-4.637708983546449115e-01
-4.568102817549219985e-01
-4.486212026900811001e-01
-4.428254389128427615e-01
-4.389848328662593335e-01
-4.298497096308440124e-01
-4.231437219846294617e-01
-4.184843133516356062e-01
-4.154972138041586049e-01
-4.068786511444051346e-01
-3.975522289857482683e-01
-3.837597887616666092e-01
-3.733273849153349033e-01
-3.587082936566616809e-01
-3.477380926342750200e-01
-3.399006126072323664e-01
-3.346671463077728337e-01
-3.218974876940008389e-01
-3.125871790504084480e-01
-2.989556558345487502e-01
-2.889536046904894739e-01
-2.820017868122324245e-01
-2.702649229542146703e-01
-2.617917128046034492e-01
-2.560476360250401040e-01
-2.506306184502269385e-01
-2.473295400929744758e-01
-2.456535317731154411e-01
-2.379443576250162007e-01
-2.324263673133146746e-01
-2.270402154416077956e-01
-2.234600603567282739e-01
-2.141462933326305773e-01
-2.072521870296926139e-01
-2.023891182012256262e-01
-1.991861471733240574e-01
-1.973023836082969940e-01
-1.964341299579004385e-01
-1.963182387007718077e-01
-1.881833649059005964e-01
-1.833357370671657716e-01
-1.798703265762722214e-01
-1.690997796900273187e-01
-1.608631846261667775e-01
-1.548090883072343882e-01
-1.434222789788954788e-01
-1.348307182628925016e-01
-1.214491870188776357e-01
-1.113554263058655902e-01
-1.040846942819295684e-01
-9.916447836727027010e-02
-8.891035769392785504e-02
-8.144553509124019541e-02
-7.632173119297114283e-02
-7.310184929457608227e-02
-6.410787360747827179e-02
-5.756798367029780650e-02
-5.347665428594416959e-02
-5.095333778178368078e-02
-4.967667148033116931e-02
-4.188659138354688949e-02
-3.583702965551593955e-02
-3.161572858761485527e-02
-2.887905731955631161e-02
-2.731124615539859413e-02
-2.663322198145645636e-02
-2.660605187053177723e-02
-1.971010690844399171e-02
-7.139782313646314549e-03
2.668748537534293419e-03
1.004264763747508837e-02
1.522558418414443615e-02
1.865892023353676876e-02
2.071620246582361879e-02
2.172176546782034201e-02
2.195061420789778950e-02
2.875102015013664136e-02
3.387199519305084117e-02
3.756216552097124683e-02
4.006647793739226415e-02
4.871659769610525714e-02
4.822312979802423349e-02
4.725604464462751508e-02
4.600930207370845793e-02
5.174527406604778612e-02
5.616677689747673341e-02
5.943992549242183010e-02
6.884893936954794569e-02
7.615606688856857431e-02
8.161520593913906829e-02
9.258878331486486424e-02
1.009552951687551214e-01
1.070687600083486402e-01
1.120885603287047338e-01
1.226105550063782967e-01
1.305348935080847816e-01
1.362095688315594355e-01
1.471745063298068867e-01
1.553106484520647701e-01
1.610390128678786947e-01
1.647843334864542708e-01
1.597937985738986377e-01
1.620565078876425869e-01
1.550499116855228454e-01
1.488792300362680177e-01
1.436083625373290040e-01
1.392332378526761616e-01
1.427269615117556789e-01
1.386756557494028819e-01
1.423899869385720773e-01
1.385318203273364634e-01
1.423722823213480204e-01
1.455908616828796021e-01
1.482093143624574338e-01
1.502735819524072536e-01
1.518441765151448131e-01
1.529887540527472556e-01
1.537765544946314566e-01
1.542744115694416607e-01
1.545440603254051304e-01
1.546404940213892409e-01
1.546111464842354621e-01
1.544957013137870927e-01
1.543263554757772216e-01
1.610981222176208760e-01
1.665765045131648581e-01
1.708672073477179865e-01
1.741063375847453631e-01
1.833628374330591448e-01
1.836830252262182661e-01
1.917241580608344265e-01
1.979733243071168936e-01
2.026279667162880216e-01
2.059132627088575695e-01
2.080620782214608333e-01
2.092998954625162611e-01
2.098344080383094390e-01
2.098491781876443696e-01
2.095006000684487280e-01
2.089173816163789610e-01
2.082018094983597578e-01
2.144547715374771624e-01
2.178606995540770530e-01
2.203591879935402620e-01
2.221069787130609541e-01
2.232492144557944869e-01
2.254753445449946270e-01
2.270670515176425042e-01
2.281299993406418203e-01
2.287659842544929045e-01
2.359744140559429937e-01
2.416751949237345709e-01
2.460236806466693515e-01
2.492000767102244829e-01
2.513921762066619880e-01
2.545700731225568614e-01
2.568178099869506958e-01
2.652540505799481085e-01
2.718101706851205890e-01
2.766992257193392479e-01
2.801618414241024979e-01
2.824440894126205581e-01
2.837818197050707703e-01
2.913205061566479515e-01
2.970275710985281759e-01
3.011633929719492730e-01
3.039917631712802937e-01
3.057643325437742199e-01
3.067109096408777713e-01
3.138492124332261657e-01
3.124759497322533441e-01
3.176741352988554645e-01
3.215467914901075641e-01
3.242978096109421227e-01
3.261265796371675130e-01
3.272191347103190484e-01
3.344504307189484216e-01
3.423805215839446081e-01
3.460694485997743985e-01
3.509911445701907606e-01
3.478125306019019813e-01
3.446599408263448794e-01
3.416924138862489357e-01
3.390131224871129056e-01
3.366793955751341549e-01
3.347127125771995892e-01
3.399860006157433556e-01
3.443273878650283670e-01
3.477906816115476918e-01
3.504607412425306823e-01
3.524389086058912213e-01
3.513430825076855335e-01
3.527060308878391393e-01
3.536607016368884526e-01
3.542806890913583473e-01
3.546347610183586685e-01
3.547847998214521681e-01
3.547846830165839460e-01
3.546798928116663419e-01
3.545076675271379152e-01
3.542975323462813630e-01
3.540720727494766074e-01
3.538478398325988206e-01
3.536363013585668291e-01
3.601986727742101380e-01
3.655260545709666520e-01
3.697173793897421401e-01
3.729008563654097053e-01
3.752179699255011602e-01
3.768119559299931698e-01
3.778198542747979172e-01
3.783673649256711347e-01
3.785658625946834999e-01
3.785110397143569561e-01
3.782827444915821680e-01
3.779456620531538302e-01
3.775505549679321060e-01
3.837653395960594072e-01
3.887536128228958887e-01
3.926302033716533302e-01
3.955327125848577818e-01
4.041259998628146111e-01
4.108025881761130371e-01
4.158058490288119025e-01
4.193900736455531408e-01
4.218039345399435813e-01
4.197342777690495907e-01
4.175495565368634310e-01
4.190304994735507549e-01
4.199985854118242212e-01
4.269931371599327008e-01
4.295279963067730744e-01
4.320860312952277127e-01
4.597595260826266017e-01
4.954535719776362868e-01
5.064997238149464565e-01
5.472415553754645945e-01
5.731421494228623459e-01
5.907959227941613767e-01
6.028912964869161950e-01
6.050505515780477683e-01
6.090750811553650168e-01
6.107757369793292979e-01
6.106851668558006541e-01
6.133882988141996506e-01
6.145380147790854286e-01
6.145143328959523643e-01
6.136605285602159121e-01
6.122697214331259685e-01
6.165661513603422073e-01
6.196350435272938162e-01
6.216895226916598904e-01
6.271863154222664383e-01
6.313037618670374052e-01
6.342339568209642842e-01
6.420468572556375930e-01
6.479527441993307990e-01
6.522266020950516774e-01
6.551454563550405119e-01
6.569723039364031569e-01
6.579463278523265402e-01
6.582776866014137251e-01
6.638242697753511390e-01
6.679786956539018883e-01
6.709576418211580240e-01
6.729702886733729406e-01
6.797300313704378594e-01
6.848282668219174418e-01
6.885205492206815103e-01
6.910528236805251190e-01
6.926524715825934653e-01
7.033516039315349522e-01
7.117071218373522967e-01
7.179957109128014547e-01
7.225160960420001777e-01
7.255675876192798635e-01
7.274349640870049205e-01
7.283784937953357019e-01
7.286280561250642052e-01
7.330708071683982308e-01
7.363575259091583725e-01
7.333744300815139283e-01
7.358146522435877745e-01
7.322075983213608419e-01
7.289444833154959946e-01
7.315022869531131455e-01
7.383814188297395109e-01
7.439329042867258712e-01
7.482542276779609036e-01
7.567867924222082543e-01
7.633581866998202514e-01
7.732641042375614227e-01
7.808615627732218289e-01
7.864301241008851973e-01
7.953246603561624495e-01
8.018806222867700395e-01
8.116642535936171576e-01
8.238523286443649729e-01
8.329429934490367726e-01
8.394104817833305532e-01
8.490818696663502418e-01
8.561023546573528487e-01
8.655699262624593215e-01
8.723145732815660303e-01
8.813668011890896103e-01
8.932298290000015850e-01
9.019340329582532512e-01
9.079916970362017503e-01
9.118946129121960897e-01
9.140953104100464355e-01
9.149962670958861066e-01
9.149448976255528665e-01
9.042807269353286825e-01
8.949862707328911648e-01
8.871388809097225936e-01
8.807162462706258355e-01
8.756272425191904407e-01
8.717374354626772348e-01
8.688893341741629195e-01
8.723786608343202520e-01
8.756128670435072703e-01
8.784962050921959476e-01
8.809797369180204507e-01
8.886725238816124417e-01
8.995493557520749528e-01
9.082320798108369786e-01
9.149258004679954315e-01
9.198818020633817705e-01
9.233683319076687601e-01
9.256500874803965662e-01
9.269746960861432461e-01
9.275645872208362341e-01
9.276128854752336839e-01
9.215377589803110947e-01
9.163117092375485662e-01
9.119454159174373853e-01
9.084012921660898909e-01
9.056109625868045132e-01
9.034884752756752180e-01
9.019400879504652080e-01
9.064508392736191356e-01
9.103604324188299124e-01
9.136424752072945799e-01
9.119151145104927858e-01
9.148233418009110718e-01
9.171622823196421415e-01
9.189795207641180408e-01
9.203365092213513510e-01
9.227002330364898475e-01
9.289242926858412019e-01
9.338527981861070026e-01
9.376109820346881785e-01
9.403507991575543734e-01
9.422340617330080548e-01
9.434201773684529613e-01
9.500266378710305881e-01
9.551618190752798609e-01
9.589898030337625778e-01
9.659176655492019981e-01
9.771874324777954923e-01
9.858914246785934754e-01
9.923463014023067297e-01
1.003113634389829478e+00
1.011231259510493086e+00
1.020948270878284214e+00
1.027968414952679765e+00
1.039094919652221005e+00
1.047297920845289720e+00
1.063079609680548598e+00
1.074943342719512973e+00
1.083467868977619819e+00
1.089230088500868332e+00
1.099302084810699132e+00
1.106490802507501980e+00
1.111282172180446004e+00
1.124004241752416755e+00
1.133384797147364065e+00
1.146648332382702806e+00
1.159383299239681531e+00
1.168524714824654698e+00
1.181441196216179934e+00
1.190785376101969995e+00
1.206560736972001280e+00
1.218127429762656089e+00
1.226188504498678666e+00
1.238211973465594529e+00
1.249057638711599916e+00
1.254314864843259825e+00
1.266356788505401454e+00
1.274978247902766038e+00
1.287641209222451177e+00
1.296817396560270286e+00
1.304965523577566788e+00
1.315411135114735952e+00
1.324580630887730370e+00
1.337757261991936453e+00
1.347340294253101867e+00
1.360876041871891706e+00
1.370736881892110182e+00
1.384522578317532115e+00
1.394554594126081071e+00
1.402630229877492640e+00
1.414850044985939803e+00
1.423528518988582903e+00
1.436300438372647426e+00
1.445481607636733834e+00
1.451688284806797791e+00
1.462518250368806116e+00
1.470212919196017820e+00
1.475317487928562876e+00
1.478347638994402802e+00
1.479771675243161555e+00
1.480000556428501479e+00
1.479383848367849641e+00
1.478209993268012390e+00
1.476709616327385843e+00
1.475060824769398371e+00
1.473395657046367768e+00
1.471807018173286519e+00
1.470355598085224758e+00
1.469076413478162202e+00
1.467984737500364290e+00
1.467081284003902031e+00
1.466356593447135870e+00
1.465794627167627429e+00
1.465375618015114956e+00
1.465078251271145326e+00
1.464881263561339519e+00
1.464764552081039728e+00
1.464709884528902162e+00
1.464701293855072972e+00
1.464725233012986294e+00
1.464770554679681869e+00
1.464828370348958853e+00
1.464891832982357478e+00
1.464955877968440179e+00
1.465016948752173809e+00
1.465072726276817283e+00
1.465121875353570191e+00
1.465163816192185831e+00
1.465198525496210324e+00
1.465226368629770626e+00
1.465247962267456794e+00
1.465264065510898384e+00
1.465275496567632230e+00
1.465283071622483169e+00
1.465287562384919307e+00
1.465289668879123042e+00
1.465290004282243874e+00
1.465289088951063690e+00
1.465287351161148832e+00
1.465285132480457220e+00
1.465282696086023018e+00
1.465280236690808202e+00
1.465277891067747751e+00
1.465275748434197833e+00
1.465273860191187438e+00
1.465272248699533986e+00
1.465270914922268908e+00
1.465269844874496297e+00
1.465269014902596201e+00
1.465268395869834039e+00
1.465267956359733503e+00
1.465267665026548372e+00
1.465267492227937174e+00
1.465267411071730086e+00
1.465267397999554966e+00
1.465267433017229282e+00
1.465267499667074702e+00
1.465267584822007141e+00
1.465267678366432680e+00
1.465267772815166403e+00
1.465267862909309660e+00
1.465267945217419099e+00
1.465268017761408803e+00
1.465268079679398872e+00
1.465268130932096957e+00
1.465268172054967621e+00
1.465268203955363502e+00
1.465268227751661545e+00
1.465268244650141272e+00
1.465268255854611734e+00
1.465268262503650165e+00
1.465268265630323308e+00
1.465268266139731823e+00
1.465268264800122289e+00
1.465268262243920150e+00
1.465268258975623628e+00
1.465268255384037710e+00
1.465268251756910889e+00
1.465268248296447862e+00
1.465268245134629943e+00
1.465268242347580241e+00
1.465268239968518849e+00
1.465268237999045819e+00
1.465268236418657333e+00
1.465268235192549007e+00
1.465268234277792958e+00
1.465268233628072903e+00
1.465268233197158709e+00
1.465268232941315363e+00
1.465268232820855721e+00
1.465268232801008486e+00
1.465268232852255492e+00
1.465268232950291960e+00
1.465268233075730286e+00
1.465268233213626869e+00
1.465268233352919447e+00
1.465268233485832461e+00
1.465268233607291748e+00
1.465268233714366319e+00
1.465268233805776976e+00
1.465268233881457993e+00
1.465268233942192966e+00
1.465268233989319713e+00
1.465268234024484029e+00
1.465268234049465157e+00
1.465268234066038566e+00
1.465268234075882248e+00
1.465268234080523646e+00
1.465268234081296361e+00
1.465268234079335707e+00
1.465268234075574716e+00
1.465268234070759457e+00
1.465268234065465247e+00
1.465268234060116415e+00
1.465268234055011165e+00
1.465268234050345786e+00
1.465268234046233076e+00
1.465268234042720108e+00
1.465268234039811990e+00
1.465268234037477857e+00
1.465268234035666195e+00
1.465268234034313943e+00
1.465268234033355155e+00
1.465268234032718109e+00
1.465268234032339745e+00
1.465268234032161665e+00
1.465268234032131245e+00
1.465268234032205408e+00
1.465268234032349071e+00
1.465268234032532479e+00
1.465268234032735872e+00
1.465268234032941264e+00
1.465268234033138661e+00
1.465268234033317851e+00
1.465268234033476613e+00
1.465268234033610284e+00
1.465268234033722639e+00
1.465268234033811900e+00
1.465268234033881178e+00
1.465268234033933803e+00
1.465268234033970884e+00
1.465268234033994199e+00
1.465268234034009298e+00
1.465268234034016182e+00
1.465268234034018624e+00
1.465268234034015737e+00
1.465268234034009964e+00
1.465268234034001527e+00
1.465268234033993311e+00
1.465268234033986650e+00
1.465268234033980210e+00
1.465268234033972883e+00
1.465268234033966444e+00
1.465268234033960892e+00
1.465268234033957340e+00
1.465268234033952677e+00
1.465268234033950900e+00
1.465268234033949124e+00
1.465268234033948236e+00
1.465268234033946460e+00
1.465268234033946460e+00
1.465268234033946460e+00
1.465268234033946460e+00
1.465268234033946460e+00
1.465268234033946460e+00
1.465268234033946460e+00
1.465268234033946460e+00
1.465268234033946460e+00
1.465268234033946460e+00
1.465268234033946460e+00
1.465268234033946460e+00
1.465268234033946460e+00
1.465268234033946460e+00
1.465268234033946460e+00
1.473028261505055392e+00
1.478650757454795128e+00
1.483099128727367155e+00
1.487085517672140922e+00
1.489441664430489531e+00
1.491602987661319268e+00
1.493032984483014580e+00
1.493345022390349275e+00
1.493314037966704255e+00
1.493043385827917513e+00
1.492618631944059970e+00
1.499188565846366394e+00
1.497358110386867391e+00
1.495616510460186399e+00
1.494029464052843315e+00
1.492634555415744302e+00
1.491447677447357067e+00
1.490468739498915340e+00
1.489686537502786567e+00
1.489082755228850585e+00
1.488635131138875023e+00
1.481223626132841975e+00
1.475228016505989670e+00
1.470533302761403815e+00
1.466990593195208303e+00
1.464435585462236844e+00
1.455647467838114606e+00
1.448825262724086960e+00
1.443727789286206153e+00
1.440096874491866075e+00
1.437676315612986144e+00
1.436224718516333709e+00
1.435523541656192670e+00
1.435381473410854092e+00
1.428632441563975508e+00
1.423435506268073691e+00
1.419590463278789461e+00
1.409922725638563579e+00
1.402483602361188630e+00
1.396982073000055280e+00
1.393114826480738477e+00
1.389318249330638633e+00
1.386785635025820085e+00
1.378268987171577642e+00
1.371810951484756513e+00
1.360135702298555183e+00
1.351250285174841137e+00
1.344780981273904219e+00
1.335057043449145997e+00
1.319495180007778323e+00
1.307708738908510249e+00
1.299156265095656293e+00
1.293293775769605247e+00
1.289604815464748810e+00
1.287618756969927114e+00
1.280185713390890045e+00
1.274935797552375627e+00
1.271473483077954159e+00
1.269432490067486263e+00
1.268485436433355318e+00
1.268348452509009405e+00
1.266690265900785928e+00
1.259045951831598398e+00
1.253175785619733418e+00
1.248861854866253562e+00
1.236827563756091264e+00
1.227434967380939046e+00
1.220408855798838177e+00
1.208678849147659218e+00
1.199901074959052183e+00
1.190982930387978200e+00
1.184566659606946848e+00
1.173530975813215971e+00
1.165450870019095087e+00
1.159864139613203449e+00
1.149671915564622449e+00
1.139318777372567038e+00
1.125221016109982486e+00
1.114758185862001927e+00
1.113906348025937021e+00
1.107851468138650430e+00
1.103909053802032414e+00
1.091832852928507069e+00
1.082795849810773037e+00
1.066417355149327229e+00
1.053937394230811897e+00
1.038499840234117677e+00
1.027154388404305507e+00
1.019251734775258988e+00
1.014156261389238534e+00
1.005095897089961277e+00
9.989093933884033438e-01
9.950262031990808609e-01
9.929352940586121390e-01
9.921927099958822716e-01
9.864113622990066110e-01
9.824281479662904104e-01
9.798899102436234854e-01
9.784808624541463384e-01
9.779262681731394347e-01
9.681164055110532685e-01
9.605210407036425257e-01
9.548685593948975647e-01
9.508686306924654108e-01
9.482323940475279045e-01
9.409068816402598179e-01
9.355142056419117891e-01
9.317403968517808943e-01
9.193651562468786453e-01
9.098428701945220354e-01
9.028059497213531959e-01
8.978685469875526959e-01
8.946523735703834079e-01
8.928040550888798332e-01
8.920058599823611489e-01
8.919813524094588608e-01
8.880191149757320490e-01
8.851947283460909199e-01
8.833230001994009095e-01
8.766720453129535073e-01
8.670122736741160407e-01
8.595403396687421038e-01
8.485613792723361026e-01
8.402861698880224051e-01
8.343220328778713224e-01
8.302735250370205655e-01
8.176412351654459565e-01
8.080760361899972377e-01
7.960332140255738098e-01
7.872053357064968671e-01
7.810490103295342212e-01
7.720098418811958130e-01
7.655536661207279492e-01
7.612430587267310367e-01
7.586599532785436306e-01
7.574210631946854955e-01
7.571872618911621444e-01
7.576681089351302578e-01
7.586226123464941962e-01
7.497498687147045038e-01
7.428518056896379340e-01
7.376945397205404431e-01
7.340222988454522257e-01
7.315780532598160635e-01
7.301177690892338701e-01
7.246807452781556247e-01
7.207167572077701756e-01
7.179739516727344784e-01
7.108848360918804676e-01
7.055172344110540728e-01
7.016350040890029227e-01
6.989953353272446712e-01
7.019541877332220459e-01
7.002682765377504781e-01
6.992387077694074415e-01
6.987205673763214886e-01
6.985857238357909837e-01
6.987246554398370835e-01
7.036661578308225362e-01
7.079128852985310250e-01
7.114450089084719542e-01
7.142868583190289389e-01
7.117486651574246315e-01
7.142436690448844550e-01
7.162085644848509292e-01
7.176981523013582498e-01
7.187763994054467975e-01
7.195101878301809473e-01
7.144704746500382120e-01
7.101786267951915033e-01
7.018901436441797870e-01
6.999422348286852280e-01
6.882296353609984596e-01
6.788842572735055425e-01
6.716910921770165022e-01
6.663824759373903062e-01
6.568362843716166743e-01
6.496076817058155095e-01
6.443944492255171408e-01
6.364401264320335150e-01
6.307215614790392388e-01
6.268483714664783157e-01
6.244537358188262388e-01
6.172265717637099858e-01
6.119288229149165703e-01
6.082607032519724566e-01
6.059259770648973698e-01
6.046465149426579755e-01
5.999850917093900726e-01
5.967079801325547717e-01
5.945553915233365849e-01
5.932906446104107001e-01
5.927051831295547801e-01
5.865685780469743760e-01
5.818662514400706476e-01
5.784151759258767678e-01
5.698412659749225728e-01
5.631999790247228521e-01
5.582740881461125682e-01
5.445827676663321792e-01
5.238344622738397849e-01
5.077531002463850918e-01
4.792664016387897519e-01
4.573117776419683977e-01
4.379326918018153769e-01
4.204405969307478674e-01
3.955244314538619577e-01
3.800170133142408702e-01
3.668112815507269531e-01
3.581514181249327855e-01
3.463348655106519569e-01
3.384607912835893018e-01
3.337324404369130804e-01
3.314378871361520762e-01
3.286446094954242891e-01
3.208495200758572086e-01
3.155435792104785975e-01
3.122371813018445241e-01
3.126682419254769307e-01
3.049005257875836428e-01
3.013651528476153363e-01
2.991891560099069203e-01
2.980922152046561191e-01
2.978163649889509212e-01
2.981338161866631253e-01
2.988511182821085299e-01
2.976548255849409408e-01
2.969756930976792386e-01
2.966877619300272162e-01
2.966841501092092326e-01
2.968766893702721177e-01
2.971945783514653439e-01
2.975825330162309434e-01
2.911426517048796292e-01
2.859432637729315552e-01
2.818823775722105740e-01
2.788294333352068222e-01
2.766404735340632914e-01
2.751695800841866824e-01
2.742770639884899442e-01
2.738349199612750695e-01
2.667745390678637474e-01
2.612043870311100413e-01
2.551428262334882735e-01
2.506293095263953941e-01
2.404865980969570494e-01
2.326895422702877081e-01
2.269269913733868993e-01
2.159199188520231072e-01
2.075703631014362838e-01
2.015126949251131450e-01
1.890073930157858406e-01
1.796739387636647756e-01
1.660536170733029060e-01
1.570098586345116676e-01
1.506191509146976859e-01
1.393391992821402248e-01
1.310751387359898601e-01
1.253733726653254443e-01
1.145810483711833250e-01
1.067361076472805870e-01
1.013767383550823187e-01
9.078670071730465807e-02
7.526929464528442359e-02
6.375217401772870218e-02
5.559585449434067961e-02
4.302427966870658871e-02
2.681639547591907480e-02
1.494485626568775594e-02
-7.241906937633935115e-04
-1.225989004684469030e-02
-2.755004826064366696e-02
-4.592392654041077549e-02
-5.944617443268751522e-02
-6.885799377352141981e-02
-7.490128719979782801e-02
-7.827521772227385988e-02
-7.961003759605245200e-02
-7.945357055319646200e-02
-7.826670406623703613e-02
-7.642511044922795094e-02
-7.422508249013048953e-02
-7.189187088288062633e-02
-7.687932903869110213e-02
-8.067166940885339699e-02
-8.343294212217466921e-02
-8.533162218774204000e-02
-9.379384769388265930e-02
-1.003667426372822913e-01
-1.052805724545085031e-01
-1.015430980182188136e-01
-9.796310065280677826e-02
-9.468131124528311737e-02
-9.178020627757277339e-02
-8.929725802824806102e-02
-8.723655650646167103e-02
-8.557868713332439370e-02
-8.428886858774098378e-02
-8.332344396624202787e-02
-8.263487756110632354e-02
-8.217544344114546817e-02
-8.189980579934319493e-02
-8.176668983395618540e-02
-8.173983032207510213e-02
-8.178836683472723301e-02
-8.188683274991070959e-02
-8.201486213492925614e-02
-8.275972607227832789e-02
-8.340496983210088366e-02
-8.394551247546355732e-02
-8.438334590089824339e-02
-8.472547430597621165e-02
-8.498209299401704442e-02
-8.516507488894631273e-02
-8.528678901537678492e-02
-8.535923921766541689e-02
-8.539348721947148668e-02
-8.539931153066282477e-02
-8.538505036101806667e-02
-8.535757961813872363e-02
-8.532238350633658541e-02
-8.528368309796929836e-02
-8.524459612019397170e-02
-8.520730829411049534e-02
-8.517324252620173120e-02
-8.514321701324845115e-02
-8.511758696863047646e-02
-8.509636736868642082e-02
-8.507933602953898777e-02
-8.506611762427263024e-02
-8.505625008159345413e-02
-8.504923528844043901e-02
-8.504457624450201259e-02
-8.504180285977747111e-02
-8.504048850404966053e-02
-8.504025925305924716e-02
-8.504079756354121500e-02
-8.504184187321417454e-02
-8.504318338086180873e-02
-8.504466102905583469e-02
-8.504615549690952570e-02
-8.504758281810587128e-02
-8.504888807314414656e-02
-8.505003946516720426e-02
-8.505102297498212671e-02
-8.505183770122237696e-02
-8.505249192345143427e-02
-8.505299987642378490e-02
-8.505337918980826473e-02
-8.505364892642175434e-02
-8.505382814075135300e-02
-8.505393487582302292e-02
-8.505398551821219399e-02
-8.505399443644212631e-02
-8.505397383575985515e-02
-8.505393377121306386e-02
-8.505388227024690551e-02
-8.505382552506146610e-02
-8.505376812338871773e-02
-8.505371329383537571e-02
-8.505366314841245057e-02
-8.505361891030571719e-02
-8.505358111935779064e-02
-8.505354981118107283e-02
-8.505352466846649584e-02
-8.505350514494569580e-02
-8.505349056377697892e-02
-8.505348019293124118e-02
-8.505347330058676825e-02
-8.505346919368839131e-02
-8.505346724273876724e-02
-8.505346689571258167e-02
-8.505346768364896448e-02
-8.505346922016432387e-02
-8.505347119675654710e-02
-8.505347337542179531e-02
-8.505347557979958673e-02
-8.505347768575099998e-02
-8.505347961204479112e-02
-8.442334048571176197e-02
-8.453787852154959204e-02
-8.464490737351049177e-02
-8.474108159322790712e-02
-8.482462149611813551e-02
-8.489494222884985675e-02
-8.495232960186105409e-02
-8.499766551540033355e-02
-8.503220292569557692e-02
-8.505738788845285114e-02
-8.507472443894092962e-02
-8.508567695025615052e-02
-8.509160409286686821e-02
-8.509371848773938929e-02
-8.509306647292591563e-02
-8.509052296464503229e-02
-8.508679708163069400e-02
-8.508244493197225644e-02
-8.507788667479188049e-02
-8.507342562558917187e-02
-8.506926775184697753e-02
-8.506554039511282639e-02
-8.506230945674131405e-02
-8.505959460216550028e-02
-8.505738228152992519e-02
-8.505563654296799392e-02
-8.505430773934952171e-02
-8.505333931011227477e-02
-8.505267286607232080e-02
-8.505225182522901939e-02
-8.505202384842802665e-02
-8.505194231124435511e-02
-8.505196702736572689e-02
-8.505206441271306872e-02
-8.505220725152851102e-02
-8.505237419763900242e-02
-8.505254911762039072e-02
-8.505272035849964496e-02
-8.505288000153843342e-02
-8.505302314567186883e-02
-8.505314724939960769e-02
-8.505325154809040278e-02
-8.505333655453140018e-02
-8.505340364380220564e-02
-8.505345471874714569e-02
-8.505349194922717793e-02
-8.505351757649437516e-02
-8.505353377322655284e-02
-8.505354254970587391e-02
-8.505354569706558010e-02
-8.505354475934789882e-02
-8.505354102708939656e-02
-8.505353554623096279e-02
-8.505352913723163155e-02
-8.505352242027242049e-02
-8.505351584337361714e-02
-8.505350971105540836e-02
-8.505350421186363974e-02
-8.505349944365248049e-02
-8.505349543597295892e-02
-8.505349216926472167e-02
-8.505348959080771820e-02
-8.505348762757813930e-02
-8.505348619627084439e-02
-8.505348521081912416e-02
-8.505348458777484133e-02
-8.505348424991732159e-02
-8.505348412843560801e-02
-8.505348416400493328e-02
-8.505348430703651985e-02
-8.505348451733385495e-02
-8.505348476336527241e-02
-8.505348502129095323e-02
-8.505348527388623125e-02
-8.505348550944091812e-02
-8.505348572070148272e-02
-8.505348590389982810e-02
-8.505348605789420091e-02
-8.505348618342933875e-02
-8.505348628252717980e-02
-8.505348635798992696e-02
-8.505348641301568868e-02
-8.505348645090915483e-02
-8.505348647487598335e-02
-8.505348648788180199e-02
-8.505348649257071791e-02
-8.505348649122246307e-02
-8.505348648574173609e-02
-8.505348647767285719e-02
-8.505348646822796788e-02
-8.505348645832389032e-02
-8.505348644862276153e-02
-8.505348643957466592e-02
-8.505348643145871357e-02
-8.505348642442012164e-02
-8.505348641850285496e-02
-8.505348641367871387e-02
-8.505348640987020481e-02
-8.505348640696941409e-02
-8.505348640485399514e-02
-8.505348640339693844e-02
-8.505348640247500924e-02
-8.505348640197429866e-02
-8.505348640179333231e-02
-8.505348640184440256e-02
-8.505348640205445676e-02
-8.505348640236398694e-02
-8.505348640272591965e-02
-8.505348640310561592e-02
-8.505348640347820677e-02
-8.505348640382592862e-02
-8.505348640413767924e-02
-8.505348640440790753e-02
-8.505348640463528120e-02
-8.505348640482068845e-02
-8.505348640496701584e-02
-8.505348640507870428e-02
-8.505348640515997261e-02
-8.505348640521592785e-02
-8.505348640525145498e-02
-8.505348640527077286e-02
-8.505348640527765625e-02
-8.505348640527565784e-02
-8.505348640526766424e-02
-8.505348640525589587e-02
-8.505348640524190706e-02
-8.505348640522725212e-02
-8.505348640521281922e-02
-8.505348640520016268e-02
-8.505348640518906045e-02
-8.505348640517862435e-02
-8.505348640516996461e-02
-8.505348640516285919e-02
-8.505348640515730807e-02
-8.505348640515286718e-02
-8.505348640514975855e-02
-8.505348640514753811e-02
-8.505348640514620584e-02
-8.505348640514553971e-02
-8.505348640514531766e-02
-9.249454445290283822e-02
-9.113454516948982231e-02
-8.986672059904909915e-02
-8.872995360640190121e-02
-9.518186502879433242e-02
-1.004253253604916463e-01
-1.045518678722037187e-01
-1.076841041819154299e-01
-1.099596673015221793e-01
-1.115193433844920978e-01
-1.124987050459194116e-01
-1.130225897513779110e-01
-1.132018272817429949e-01
-1.205297963790092908e-01
-1.263259449357401198e-01
-1.307521117522969512e-01
-1.413516343179668233e-01
-1.495906814977323585e-01
-1.557578865761155562e-01
-1.601623199753485771e-01
-1.704040619484576968e-01
-1.781233832648685400e-01
-1.836878644731509969e-01
-1.874647498238439791e-01
-1.898017924348931462e-01
-1.910153031636123711e-01
-1.913835686635017019e-01
-1.911442056045571380e-01
-1.904943384053927602e-01
-1.968162463628504444e-01
-2.016792292909186379e-01
-2.052734582535733487e-01
-2.077973357917355379e-01
-2.079301428013038411e-01
-2.076479098549350866e-01
-2.141388227296272539e-01
-2.191278821531110754e-01
-2.228268288018511178e-01
-2.254454839917483522e-01
-2.340968969600005778e-01
-2.424519867830785547e-01
-2.488461602580251952e-01
-2.535265558872750180e-01
-2.567563557139715957e-01
-2.587972462127932083e-01
-2.617703478897330793e-01
-2.637130375917497993e-01
-2.648191764355216637e-01
-2.652734503686438039e-01
-2.744266708987930237e-01
-2.816652095856753135e-01
-2.871534796161876457e-01
-2.911081097055612243e-01
-2.937697081873038574e-01
-2.953809600365664423e-01
-3.034403028104097899e-01
-3.095287370868204935e-01
-3.139248386918309652e-01
-3.169140025481154144e-01
-3.259170000827624758e-01
-3.302488553758540224e-01
-3.425373531686404238e-01
-3.519075740311610190e-01
-3.587750086736105626e-01
-3.609516712764662127e-01
-3.713153475358317301e-01
-3.790455355558288719e-01
-3.845508469689289388e-01
-3.882264809857074450e-01
-3.904392912656842185e-01
-3.915187614249306947e-01
-3.984691940233677787e-01
-3.968794537080000406e-01
-3.949705729715364821e-01
-3.996552303672802342e-01
-4.031260185864073975e-01
-4.055728460868956997e-01
-4.071805566095583195e-01
-4.081209820151856515e-01
-4.151768212969049188e-01
-4.206111971036701203e-01
-4.246396922589674716e-01
-4.274839583839287194e-01
-4.358629691992477184e-01
-4.422394168251726487e-01
-4.499959495125078757e-01
-4.558160764270857701e-01
-4.664098896263741967e-01
-4.711577193516023332e-01
-4.742457957195906904e-01
-4.760339842053278314e-01
-4.768348331893212944e-01
-4.831443604536009850e-01
-4.877662332352421526e-01
-4.942912685679941021e-01
-4.991203247104689655e-01
-5.025080761172662225e-01
-5.047078102006705702e-01
-5.121281414943574806e-01
-5.176740006381774784e-01
-5.216269791895298269e-01
-5.338981181378539276e-01
-5.433898545467377161e-01
-5.564398094052536159e-01
-5.662560734198816004e-01
-5.733166290627575989e-01
-5.878112990937724991e-01
-5.987184825724291004e-01
-6.065504148216844804e-01
-6.175576733695393727e-01
-6.254041178128514344e-01
-6.306563361869854667e-01
-6.379806819552434893e-01
-6.485817568632245012e-01
-6.562403496479364273e-01
-6.614514773839264006e-01
-6.701557568398647247e-01
-6.762667336264901463e-01
-6.802710854863085466e-01
-6.869807250215576033e-01
-6.916522453314010166e-01
-6.946486706485924811e-01
-7.008130687494075195e-01
-7.105415975736716350e-01
-7.224311276783771385e-01
-7.314371632437564053e-01
-7.431786050802523524e-01
-7.514490304156180578e-01
-7.624716062256806648e-01
-7.704554576547933964e-01
-7.758859617621182148e-01
-7.843256914407407132e-01
-7.953497656540549077e-01
-8.033174826744508001e-01
-8.139766978498935712e-01
-8.265986658760792194e-01
-8.357639171954434065e-01
-8.468143661949197876e-01
-8.599658856935816775e-01
-8.740862917248537478e-01
-8.842556061272932588e-01
-8.911844556364771908e-01
-9.053671385596951948e-01
-9.156798230419999074e-01
-9.227880570496066470e-01
-9.329008408295862420e-01
-9.400124488969742176e-01
-9.487410696828830758e-01
-9.506514455081639392e-01
-9.608751074455073038e-01
-9.682767800233664790e-01
-9.791508517513355381e-01
-9.871111371584373462e-01
-9.925987437809062897e-01
-1.005886337687257548e+00
-1.015763730270727194e+00
-1.028827806848130244e+00
-1.042057756159767701e+00
-1.051606742749160883e+00
-1.058108368104046182e+00
-1.068342478974851684e+00
-1.078911726288343420e+00
-1.092533483768671321e+00
-1.102466906185094686e+00
-1.109316430272250242e+00
-1.116745173992738760e+00
-1.121585503941382456e+00
-1.124398015657024352e+00
-1.122678907275800331e+00
-1.120361156641204170e+00
-1.120781656447396246e+00
-1.120587877539537924e+00
-1.119980101245668491e+00
-1.119117689452840736e+00
-1.118123871932561908e+00
-1.114052931650740597e+00
-1.110526368169583389e+00
-1.110673580768290813e+00
-1.110825998590331265e+00
-1.110973951262237636e+00
-1.108024021985966945e+00
-1.108716764857539339e+00
-1.106246049369766338e+00
-1.107383816517536257e+00
-1.108397089539370661e+00
-1.109270570291031266e+00
-1.106905908188414944e+00
-1.108073695947729087e+00
-1.105964090514617526e+00
-1.104241606749025939e+00
-1.102882446360838653e+00
-1.105009943705468789e+00
-1.106832090159116877e+00
-1.105228703496939247e+00
-1.107036765973945514e+00
-1.105414520742187268e+00
-1.107198037423665182e+00
-1.108666727950906150e+00
-1.109840501631304210e+00
-1.110748577091632550e+00
-1.111424982183669030e+00
-1.108830368790396204e+00
-1.109717758494887851e+00
-1.107341072598702736e+00
-1.105357965617996374e+00
-1.106894338765688657e+00
-1.108209171934273041e+00
-1.109301174441410298e+00
-1.107084891163970575e+00
-1.108348082126566325e+00
-1.106290846592275612e+00
-1.107715758112474358e+00
-1.108909934140706044e+00
-1.109881409635091742e+00
-1.107556964731164939e+00
-1.105599672370335407e+00
-1.107138461625571502e+00
-1.108441895058331461e+00
-1.109513643463772459e+00
-1.110368530315589464e+00
-1.111028194424970694e+00
-1.111517810527114847e+00
-1.108788353681210204e+00
-1.109583765101674224e+00
-1.107148287048756119e+00
-1.108254052775746512e+00
-1.109199408330171055e+00
-1.109983627814652873e+00
-1.107523834223306913e+00
-1.108588648347962557e+00
-1.109487900216762801e+00
-1.107129115153046017e+00
-1.108289771702124726e+00
-1.109271118848669246e+00
-1.110076410091913157e+00
-1.107627565291621208e+00
-1.105578457170428575e+00
-1.103918990418842228e+00
-1.102621353402618354e+00
-1.101646527809978515e+00
-1.100949661245274935e+00
-1.100484262152560566e+00
-1.100205273846854626e+00
-1.100071153049741124e+00
-1.100045116172552184e+00
-1.100095728136619488e+00
-1.100197000968145211e+00
-1.100328150130985394e+00
-1.100473131728700871e+00
-1.100620057778194161e+00
-1.100760562544364163e+00
-1.100889171913059794e+00
-1.101002710511060467e+00
-1.104270391464664103e+00
-1.103773191954977584e+00
-1.103298702967669520e+00
-1.102864952364974060e+00
-1.102482430793005452e+00
-1.102155791461719714e+00
-1.095626784460458136e+00
-1.090321905423193183e+00
-1.079980793085205226e+00
-1.071831263735757878e+00
-1.065617670975994136e+00
-1.061064185656616976e+00
-1.054496085357831792e+00
-1.043617835619036649e+00
-1.035307363708283024e+00
-1.029222748575187030e+00
-1.025008934805583305e+00
-1.016420081067141101e+00
-1.006464205472153761e+00
-9.932247396523594674e-01
-9.832712885239990319e-01
-9.704171057542523293e-01
-9.570522010105524391e-01
-9.471963353881591718e-01
-9.403118900159764815e-01
-9.358661001847023986e-01
-9.333578618690943074e-01
-9.267817361615280358e-01
-9.181502798355757333e-01
-9.119467432254464434e-01
-9.077719046781566048e-01
-8.997759803168214887e-01
-8.940937263484024511e-01
-8.903115972948923984e-01
-8.880440090637597983e-01
-8.869452067804629580e-01
-8.867149405698375730e-01
-8.870998814337186511e-01
-8.878921810196050979e-01
-8.845658311617967673e-01
-8.821275369416001766e-01
-8.804437829419363704e-01
-8.740173717788070062e-01
-8.645726267830374789e-01
-8.571901100128305195e-01
-8.516482247294647756e-01
-8.377570854867688599e-01
-8.269727643955011587e-01
-8.189374524408212785e-01
-8.132501974695683922e-01
-7.995201274831599259e-01
-7.891638614799920681e-01
-7.767594718716340774e-01
-7.677601538552069060e-01
-7.565089481589912790e-01
-7.436592870877147821e-01
-7.245660808661933405e-01
-7.102797825910688312e-01
-7.000593636222214311e-01
-6.931826527696220985e-01
-6.836372156308302417e-01
-6.727712604969402488e-01
-6.652019712110136540e-01
-6.603106828041068743e-01
-6.479006039956924923e-01
-6.388938090592802821e-01
-6.327155473795841312e-01
-6.232663701535059442e-01
-6.126168259253026438e-01
-6.050403309592239376e-01
-5.999871419549220875e-01
-5.969466092415405267e-01
-5.897993720035465959e-01
-5.886227400204109284e-01
-5.942989782422480882e-01
-5.939807019540700450e-01
-6.000112645510606857e-01
-6.093720835203775277e-01
-6.132796959840957074e-01
-6.205292165991789233e-01
-6.264091962588126394e-01
-6.268527888041623974e-01
-6.211841195355118916e-01
-6.203789159147765631e-01
-6.196091471837892328e-01
-6.189054842381407351e-01
-6.082789932183603199e-01
-6.036428557740342038e-01
-6.000270726046191827e-01
-5.872274771221489553e-01
-5.709355440593331110e-01
-5.580543780566848966e-01
-5.482681803267166476e-01
-5.348533873584748743e-01
-5.247871087415101332e-01
-5.139694915047245960e-01
-4.998668361882918632e-01
-4.860642505772958533e-01
-4.761715571902975785e-01
-4.597666238136108863e-01
-4.478261098443701016e-01
-4.395601839794318622e-01
-4.248274669861746844e-01
-4.142350045755345267e-01
-4.070246180777075118e-01
-4.025106947932124424e-01
-4.000898098383807167e-01
-3.992426726243327728e-01
-3.995317229468027254e-01
-3.941462546942002820e-01
-3.904007914728457873e-01
-3.880009285960170917e-01
-3.866700903371651510e-01
-3.769832673403750167e-01
-3.696027611172405525e-01
-3.642092423404816870e-01
-3.604771611233206219e-01
-3.515169184231865529e-01
-3.447985833651794341e-01
-3.333474814031440747e-01
-3.246594054941620566e-01
-3.183703665990789133e-01
-3.119153477641662953e-01
-3.008321010223993230e-01
-2.926517774260926075e-01
-2.801673119626024722e-01
-2.708923105326084269e-01
-2.625160253671445787e-01
-2.567878340495044487e-01
-2.481616239241604127e-01
-2.403607703761518888e-01
-2.349990312616114796e-01
-2.248395773623081961e-01
-2.174513537149673770e-01
-2.123793342638908843e-01
-2.023731353365390007e-01
-1.950662873381623363e-01
-1.900309182526287444e-01
-1.868478807056088709e-01
-1.782393867162197498e-01
-1.719783128844443176e-01
-1.607537073657314686e-01
-1.453998943158740786e-01
-1.327834571691572929e-01
-1.236482425755711656e-01
-1.173922767521859978e-01
-1.065393678977004654e-01
-9.946021152409101340e-02
-9.473907865897923664e-02
-9.128675901040494978e-02
-8.308436501890459347e-02
-7.667531022375118077e-02
-7.237244428960343257e-02
-6.278046369236922608e-02
-5.578127650103570367e-02
-5.130645301066238950e-02
-4.848807789787534794e-02
-3.990760372674850842e-02
-3.358613466755233645e-02
-2.918999563312185686e-02
-2.637922844094386932e-02
-2.482859064510845037e-02
-2.424155780720282927e-02
-2.435844201919934449e-02
-2.495986136509031894e-02
-2.586676135684196076e-02
-2.693806104198626095e-02
-2.806682051585585036e-02
-2.917563703613179626e-02
-3.021179644811988751e-02
-3.114254830491791637e-02
-3.195074271069908711e-02
-3.263096522686770307e-02
-3.318623074129356532e-02
-3.362524405051559029e-02
-2.681762770417628339e-02
-1.407974041585879910e-02
-3.789110569806686257e-03
1.139965921496677304e-02
2.328767135528542198e-02
3.938711567754782372e-02
5.920909930616891081e-02
7.452173370218839743e-02
9.305313652304936234e-02
1.068685381719134408e-01
1.238555214751486666e-01
1.361673344965785848e-01
1.506578667532172400e-01
1.607099122118360590e-01
1.672019720149993116e-01
1.778918240299691700e-01
1.851471886932509747e-01
1.965577988466333803e-01
2.045400164590978065e-01
2.112091285411641373e-01
2.154708424764519847e-01
2.178148974227369639e-01
2.256160899506580719e-01
2.310877981468322240e-01
2.346425459720256068e-01
2.435834248615063036e-01
2.569485355371357027e-01
2.737859253362917578e-01
2.884715014262659860e-01
3.061589321887603354e-01
3.171454714323751478e-01
3.268698485367145246e-01
3.334430788062443529e-01
3.374693222763147649e-01
3.395044668854982906e-01
3.400417355502258765e-01
3.395047805881494796e-01
3.382463572883465108e-01
3.365510212635245413e-01
3.346405654415174347e-01
3.326811383727155125e-01
3.307911898668227657e-01
3.313646770045692858e-01
3.317147402874671691e-01
3.318880812770088617e-01
3.319274958572095979e-01
3.342585792827588165e-01
3.361190271655123407e-01
3.375445682695086269e-01
3.385851359573841535e-01
3.463293126343758299e-01
3.525117020789554356e-01
3.572726449805714299e-01
3.607893758814044727e-01
3.701806861338752253e-01
3.773931756874771004e-01
3.895317833198592705e-01
3.959446992797923670e-01
4.003553046135370774e-01
4.031786689835834547e-01
4.047740001025024181e-01
4.082564727041630981e-01
4.105692841079462418e-01
4.184893919566872178e-01
4.179488714107990610e-01
4.169373780807410501e-01
4.156481291456386451e-01
4.142317756599402934e-01
4.128009914436709948e-01
4.114356655132991314e-01
4.101883190579755922e-01
4.090894177603274784e-01
4.081523248764997724e-01
4.073777228453490107e-01
4.039054426646031537e-01
4.011284535934629414e-01
4.017666061756492990e-01
4.024268298363844476e-01
4.030679507993568667e-01
4.036620124823444566e-01
4.041918600128140415e-01
4.046488605310807340e-01
4.050308341260042688e-01
4.053402446475440346e-01
4.027401705114912467e-01
3.940069168394115806e-01
3.963289841955939252e-01
3.956711908694612312e-01
3.886630670582280622e-01
3.830687418610057016e-01
3.787494436468372694e-01
3.755426139309370193e-01
3.706900525141212377e-01
3.605245370680905115e-01
3.526519768873661587e-01
3.467764330963682973e-01
3.449719594103886067e-01
3.417232348591154878e-01
3.396296459585332883e-01
3.317736042259404883e-01
3.258157096853382395e-01
3.214966998302712931e-01
3.185492811166521498e-01
3.099516763043204115e-01
3.013139157214794750e-01
2.949361401724570619e-01
2.904518806292255562e-01
2.807636512584241739e-01
2.735255226122830230e-01
2.683715160425921287e-01
2.649384368741882767e-01
2.628838076721420336e-01
2.618972060452531281e-01
2.617065335631871825e-01
2.620804709685951028e-01
2.560141507914250880e-01
2.513967001628578668e-01
2.480366975118626360e-01
2.457333087574793407e-01
2.460168329287124589e-01
2.466710724905754049e-01
2.475536383692067410e-01
2.415131488821358197e-01
2.350394756516411832e-01
2.300796263873075009e-01
2.264318117276205022e-01
2.168711884863816497e-01
2.080103626272460371e-01
2.014158024298433602e-01
1.897880100353821486e-01
1.810023187200568984e-01
1.746370606953848714e-01
1.633505118063094397e-01
1.549417042060083904e-01
1.489743518242805376e-01
1.450189161258446102e-01
1.426722496773218385e-01
1.415699476804983536e-01
1.413931201509694979e-01
1.348870057101856368e-01
1.300746978911393459e-01
1.266995733962625881e-01
1.245061890885539313e-01
1.232534423772069232e-01
1.156850768885557823e-01
1.099222450350407776e-01
9.865609008493714249e-02
8.998003693009271053e-02
8.357339979975897393e-02
7.909006687561181970e-02
6.907503012898752459e-02
6.160545470647793564e-02
4.917840666098771685e-02
3.984072433520813306e-02
2.582521465664622262e-02
8.423332776282599355e-03
-4.571034201605650438e-03
-2.085215083300417938e-02
-3.277465694271741725e-02
-4.106684840616225962e-02
-4.641669021965189046e-02
-5.638744485464397549e-02
-6.331373465023815150e-02
-6.776472989899717803e-02
-7.026241082387452153e-02
-7.127002021218964423e-02
-7.811117595488559218e-02
-8.293174948162396198e-02
-8.609283727817107490e-02
-8.157631956724986644e-02
-8.415910820090855005e-02
-7.876397031996917875e-02
-7.334212999912326225e-02
-6.868254134611584405e-02
-6.525648929366556494e-02
-6.953206389684329913e-02
-7.313372120097771933e-02
-7.607088177745224833e-02
-7.838620678273966469e-02
-8.725537947615524814e-02
-9.433837298405967076e-02
-1.061364270065434656e-01
-1.152225785158587090e-01
-1.219755391653112309e-01
-1.276615267942922127e-01
-1.316369210729213535e-01
-1.342057453515799192e-01
-1.426365907998774496e-01
-1.489387500145644694e-01
-1.534234346208984689e-01
-1.633692375436439637e-01
-1.708244869491328810e-01
-1.830806735977927868e-01
-1.922853202015322172e-01
-2.057567729597193917e-01
-2.157828333962767964e-01
-2.296938488724780125e-01
-2.399277465385092345e-01
-2.470847280149717218e-01
-2.584360343101319568e-01
-2.665475361624505268e-01
-2.719961118581757376e-01
-2.753164387136870506e-01
-2.835895654493283402e-01
-2.913673125970641653e-01
-2.968372694922569721e-01
-3.003952136517429317e-01
-3.024211408213772767e-01
-3.099182187684477174e-01
-3.153255928626630400e-01
-3.189908763907209899e-01
-3.301040303865772074e-01
-3.385633775067966589e-01
-3.513213897352434056e-01
-3.608995824376524109e-01
-3.702959156963330223e-01
-3.836365415385396549e-01
-3.935418525346172647e-01
-4.005141460634935591e-01
-4.078866456549550268e-01
-4.194484498568329389e-01
-4.278591607970749777e-01
-4.336120237867115979e-01
-4.437085912543221600e-01
-4.508755216164688218e-01
-4.588021193408424736e-01
-4.642829488534288007e-01
-4.741999767362645724e-01
-4.813224807618299295e-01
-4.924803091084197781e-01
-5.005498019466183557e-01
-5.122905986850923021e-01
-5.268809488384906814e-01
-5.375493762177923074e-01
-5.449858997642411662e-01
-5.557229256202576018e-01
-5.632641867014580583e-01
-5.682299587712236200e-01
-5.748861740630237804e-01
-5.850971663265062128e-01
-5.924665856666374575e-01
-5.974778740729111970e-01
-6.062341820452060714e-01
-6.163794579341522750e-01
-6.237745841820374615e-01
-6.288542603790217012e-01
-6.376010853926689093e-01
-6.438116375557703108e-01
-6.479380209815254199e-01
-6.504021782067302970e-01
-6.515830870918317697e-01
-6.518104318347549553e-01
-6.513628192885196899e-01
-6.504691170521892385e-01
-6.493118566572970707e-01
-6.521905644336208896e-01
-6.597816365550217554e-01
-6.657179578620980864e-01
-6.701868351483303288e-01
-6.777203187081984881e-01
-6.834728539996061114e-01
-6.876643883044816219e-01
-6.905349001704260692e-01
-6.923253791529729861e-01
-6.932640181623962450e-01
-6.935571339082435838e-01
-7.032994171803992334e-01
-7.109264743745352666e-01
-7.166701484918089893e-01
-7.207947364145044222e-01
-7.235720440019531852e-01
-7.305137822901710543e-01
-7.403174251418230822e-01
-7.477573582013647968e-01
-7.531545474415899388e-01
-7.568416361504093359e-01
-7.640125462809049806e-01
-7.643357093280735981e-01
-7.688072195984728685e-01
-7.718943789693112345e-01
-7.687049610033240832e-01
-7.706908836481540792e-01
-7.769703601538413551e-01
-7.817825862387237645e-01
-7.956092371944930575e-01
-8.115192450800715607e-01
-8.237522013731393145e-01
-8.381573517427365339e-01
-8.537361036511660339e-01
-8.652418445607292785e-01
-8.779151240541168688e-01
-8.923748423733870450e-01
-9.028394771822014775e-01
-9.143245982703174235e-01
-9.222605962807590707e-01
-9.329709349510022509e-01
-9.404615970110389300e-01
-9.453200699056459877e-01
-9.382511724756716909e-01
-9.313418112253236680e-01
-9.249054551514978018e-01
-9.234150372981302368e-01
-9.219399426099623707e-01
-9.205531802428260635e-01
-9.137600074273375395e-01
-9.136851989961002340e-01
-9.039282282257207202e-01
-9.058001750544585340e-01
-9.075889138156602032e-01
-9.092261159118885105e-01
-9.106719809871738347e-01
-9.119086788913776109e-01
-9.129346613391786658e-01
-9.235348436259470661e-01
-9.321482355105428219e-01
-9.430143530149712738e-01
-9.514113899684846221e-01
-9.576735409324902415e-01
-9.677698679117646696e-01
-9.753963228692228427e-01
-9.866369524678976211e-01
-9.951286538740646836e-01
-1.010822854698587347e+00
-1.022765650963204820e+00
-1.031456877942906969e+00
-1.043426377592257204e+00
-1.055586138487825121e+00
-1.064283843465412271e+00
-1.076219928396358494e+00
-1.090957252837338354e+00
-1.104980539610268986e+00
-1.115042765283411619e+00
-1.121835172249006973e+00
-1.132263324542102545e+00
-1.139538479140438376e+00
-1.144228799505157657e+00
-1.149709177211391875e+00
-1.159368502947757396e+00
-1.166233013361703374e+00
-1.170798884642069382e+00
-1.173529464720468818e+00
-1.174841474804570129e+00
-1.181460808508313143e+00
-1.186191781409101198e+00
-1.195793446913428371e+00
-1.205489670264174640e+00
-1.219074503275678456e+00
-1.229325570857912719e+00
-1.236714691011047584e+00
-1.241722502164009478e+00
-1.251374514598041721e+00
-1.258353012510003088e+00
-1.265184081000884087e+00
-1.269766086825244278e+00
-1.272560510590271088e+00
-1.280524305802431151e+00
-1.286261895060497151e+00
-1.290151508685619453e+00
-1.299144964212152198e+00
-1.305794566868209827e+00
-1.310455316927256142e+00
-1.320151856670029211e+00
-1.327360485251541267e+00
-1.330797072537493353e+00
-1.332797984479413334e+00
-1.340548019102816735e+00
-1.346265127370860792e+00
-1.357215285341402788e+00
-1.365502610653537952e+00
-1.378533380884779280e+00
-1.388362867267655565e+00
-1.395411712681419614e+00
-1.407287398154802194e+00
-1.423187954263639865e+00
-1.435122428536838246e+00
-1.451747506231095830e+00
-1.463910430802093821e+00
-1.472360239031642148e+00
-1.485547835279419360e+00
-1.501853675954493372e+00
-1.513654655261283954e+00
-1.521760423875501145e+00
-1.526909178122656030e+00
-1.529466829215371915e+00
-1.537372025782998586e+00
-1.542818756757392329e+00
-1.546248782982950098e+00
-1.555185103754615605e+00
-1.561635228715436252e+00
-1.573138972282040804e+00
-1.581664117718613038e+00
-1.587653354830465213e+00
-1.591553482903967254e+00
-1.600949790997366451e+00
-1.607757883329895110e+00
-1.612402294833542360e+00
-1.615294499405917295e+00
-1.616814215448094227e+00
-1.617298508948268765e+00
-1.617036724086915456e+00
-1.609394933319056697e+00
-1.602380399787348253e+00
-1.596450385647492975e+00
-1.591738797689581819e+00
-1.580678265019498818e+00
-1.571747949323643256e+00
-1.564794788314245011e+00
-1.559602080742114705e+00
-1.555920603710882366e+00
-1.553492681883823501e+00
-1.551930835149232246e+00
-1.551160508126589566e+00
-1.558481311813732395e+00
-1.564915108931927090e+00
-1.570377636974224611e+00
-1.574864066580244248e+00
-1.585975585106171426e+00
-1.594870292735675932e+00
-1.609284711938679280e+00
-1.620529789945433397e+00
-1.628970922576229441e+00
-1.642520543219506246e+00
-1.652689746522902015e+00
-1.659312251026914486e+00
-1.664303756710275639e+00
-1.667394558791523984e+00
-1.676412297852289068e+00
-1.682124543060302679e+00
-1.686719918555108721e+00
-1.689650066423635133e+00
-1.697688061549511795e+00
-1.704448746703500106e+00
-1.708228362651244003e+00
-1.710532150411724128e+00
-1.718899530853068569e+00
-1.717896916758282266e+00
-1.716393936066500814e+00
-1.714622131655867854e+00
-1.712755670898247207e+00
-1.703750006195124289e+00
-1.703341955203983904e+00
-1.695829849610184015e+00
-1.689692331566711614e+00
-1.684836781534511996e+00
-1.681937596323461737e+00
-1.679862355374052374e+00
-1.677691218598217349e+00
-1.668936988026836321e+00
-1.662110771269897702e+00
-1.656985712062445604e+00
-1.653313156206770662e+00
-1.650843308889868188e+00
