5.001664408047993504e+00
5.001904924710590450e+00
5.002271207173667023e+00
5.002834951877595415e+00
5.003417650858562382e+00
5.004232962926227657e+00
5.004491253693899466e+00
5.005063982804617950e+00
5.005624540646870457e+00
5.006161129474641314e+00
5.006971883773804421e+00
5.007245286305746390e+00
5.007951502005258959e+00
5.008374536037443647e+00
5.008913966019949982e+00
5.009680294990538130e+00
5.010320051511129691e+00
5.011003692944843380e+00
5.011359639962513768e+00
5.012344833215077955e+00
5.012459890047708200e+00
5.013209704558054369e+00
5.013411637147267896e+00
5.013995794455208710e+00
5.014895355701447954e+00
5.015087489287058276e+00
5.015695353349048702e+00
5.016101102034252079e+00
5.016697422663369821e+00
5.017655138174692553e+00
5.017880260944366455e+00
5.018342860539753758e+00
5.018897012869516061e+00
5.019455055395763310e+00
5.020325990517935821e+00
5.020921806494396122e+00
5.021321932474773320e+00
5.021764270464579738e+00
5.022290643056233961e+00
5.023069588343300751e+00
5.023533471425373875e+00
5.024019634723664751e+00
5.024734226862587860e+00
5.025307174523671705e+00
5.025742721557616477e+00
5.026209115982055664e+00
5.026692684491475660e+00
5.027215294043223537e+00
5.027758471171061672e+00
5.028338758150734833e+00
5.028877619902292651e+00
5.029582393169402366e+00
5.030332068602245243e+00
5.030561733245850320e+00
5.031106877326966043e+00
5.031748449802400103e+00
5.032379110654193966e+00
5.033046813805899689e+00
5.033500500520069920e+00
5.033921575546266070e+00
5.034557537237802194e+00
5.035100694497426588e+00
5.035679872830709058e+00
5.036276348431904637e+00
5.036714986960092233e+00
5.037344555060069951e+00
5.037796012560527004e+00
5.038425385951995850e+00
5.038975393772126665e+00
5.039481047789255541e+00
5.040262679258983525e+00
5.040649998188019509e+00
5.041154436270396388e+00
5.041721276442210353e+00
5.042256470521291334e+00
5.042764906088510912e+00
5.043371748924254661e+00
5.044353214899697235e+00
5.044537285963695439e+00
5.044994950294494629e+00
5.045573278268179251e+00
5.046144421895345289e+00
5.046698232491809932e+00
5.047234400113424613e+00
5.047818307081858080e+00
5.048399849732717826e+00
5.048979536692300485e+00
5.049470635255179474e+00
5.050116523106893851e+00
5.050768486658732570e+00
5.051200079917908425e+00
5.051751649379731646e+00
5.052567148208616743e+00
5.053107829888663360e+00
5.053360315163931915e+00
5.053944357236225926e+00
5.054450050989785836e+00
5.055020757516224705e+00
5.055651970704396092e+00
5.056366006533306034e+00
5.057031035423278809e+00
5.057582958539327933e+00
5.057953914006549923e+00
5.058362046877544316e+00
5.058889289697010128e+00
5.059470367431639914e+00
5.060334920883178711e+00
5.060863184928894754e+00
5.061138916015625711e+00
5.061745206514995488e+00
5.062295440832773608e+00
5.062866048018136667e+00
5.063399481773377175e+00
5.064299599329629586e+00
5.064793956279753928e+00
5.065134763717651367e+00
5.065603442986805760e+00
5.066249648729961308e+00
5.066656029224397173e+00
5.067226449648540409e+00
5.067768239974974165e+00
5.068411044279734767e+00
5.068949282169342041e+00
5.069712360699970333e+00
5.070194919904071895e+00
5.070634710788727517e+00
5.071343183517456055e+00
5.071724851926166622e+00
5.072463369369508257e+00
5.072905608018238865e+00
5.073451944192250096e+00
5.073938584327699175e+00
5.074439024925233355e+00
5.075079560279846191e+00
5.075574131806693146e+00
5.076226154963176640e+00
5.076826079686483695e+00
5.077240490913389692e+00
5.077771457036337921e+00
5.078432178497315874e+00
5.079015711943309697e+00
5.079567690690357296e+00
5.080377745628357644e+00
5.080672128995260550e+00
5.081186501185097626e+00
5.081694531440735574e+00
5.082386481761933084e+00
5.082860787709552852e+00
5.083598844210307277e+00
5.084387036164603302e+00
5.084582181771597931e+00
5.085101532936096902e+00
5.085552748044332105e+00
5.086121523380278120e+00
5.087031928698220185e+00
5.087269524733226689e+00
5.087971405188241647e+00
5.088361072540283914e+00
5.088917167981467315e+00
5.089643609523772483e+00
5.090035251776377834e+00
5.090611108144123875e+00
5.091146214803060843e+00
5.091685990492504033e+00
5.092321272691091139e+00
5.092848225434622123e+00
5.093387893835704006e+00
5.093894426027933520e+00
5.094429520765938690e+00
5.095312488079070334e+00
5.095627442995706247e+00
5.096131471792855194e+00
5.096662910779318878e+00
5.097600022951763066e+00
5.097812020778654585e+00
5.098394024372101541e+00
5.098944274584450653e+00
5.099562780062356637e+00
5.100400118033089569e+00
5.100832033157349343e+00
5.101235655943550995e+00
5.101657589276630489e+00
5.102210621039073857e+00
5.102956847349801706e+00
5.103446527322134330e+00
5.103897929191589355e+00
5.104456249872843188e+00
5.105029058456420188e+00
5.105668210983274946e+00
5.106100181738536747e+00
5.106700726350148045e+00
5.107237446308136697e+00
5.108199930191041460e+00
5.108339413007101371e+00
5.108929570515950758e+00
5.109435558319091797e+00
5.109989488124845991e+00
5.110950164000193752e+00
5.111218369007112017e+00
5.111723097165427276e+00
5.112262884775798710e+00
5.112845710913340724e+00
5.113566362857817182e+00
5.113949624697365692e+00
5.114470390478768280e+00
5.115024733543396707e+00
5.115601813793183794e+00
5.116439084211986454e+00
5.116859976450601977e+00
5.117285192012786865e+00
5.117823386192320356e+00
5.118323147296905518e+00
5.119136718908944061e+00
5.119549409548440622e+00
5.120166202386219112e+00
5.120597585042318656e+00
5.121591071287792118e+00
5.122009134292603960e+00
5.122336912155152078e+00
5.122782707214355469e+00
5.123366494973499385e+00
5.124287251631418627e+00
5.124506592750549316e+00
5.125071012973783979e+00
5.125545140107472974e+00
5.126097110907235077e+00
5.126975850264230417e+00
5.127238313357036503e+00
5.127982672055562574e+00
5.128393042087555642e+00
5.128959596157073975e+00
5.129693432648977591e+00
5.130011618137359619e+00
5.130734590689339569e+00
5.131471959749855927e+00
5.132527188460031198e+00
5.132867904504141876e+00
5.133119924863180472e+00
5.133528145154318878e+00
5.134335823853810155e+00
5.134930308659871656e+00
5.135012757778167014e+00
5.135678319136300018e+00
5.136205279827116499e+00
5.136671594778697170e+00
5.137688867251078761e+00
5.138011229038237815e+00
5.138598561286926270e+00
5.139040303230284934e+00
5.139594721794129129e+00
5.140263330936431174e+00
5.140743358929952933e+00
5.141110463937124564e+00
5.141680057843526441e+00
5.142208997408548754e+00
5.143158650398255816e+00
5.143829830487568699e+00
5.144161216417948879e+00
5.144709022839865753e+00
5.145619328816732008e+00
5.145904676119485543e+00
5.146100397904714185e+00
5.146925425529481402e+00
5.147342344125110714e+00
5.148404860496519575e+00
5.148753591378529393e+00
5.149068737030027876e+00
5.149542299906411102e+00
5.150008710225424835e+00
5.150904508431754181e+00
5.151273552576700610e+00
5.151727390289305930e+00
5.152325216929117602e+00
5.152764924367268407e+00
5.153327278296153224e+00
5.153900309403738333e+00
5.154550524552664825e+00
5.154989862442015180e+00
5.155781431992849662e+00
5.156116716066996730e+00
5.156656424204509648e+00
5.157214891910552268e+00
5.157838185628254024e+00
5.158448040485382080e+00
5.158877205848693137e+00
5.159439810117085301e+00
5.160212667783103058e+00
5.160574996471403608e+00
5.161100029945373535e+00
5.161685510476431205e+00
5.162277015050253937e+00
5.162879141171774933e+00
5.163580719629923266e+00
5.164464724063872580e+00
5.164592917760213453e+00
5.165061354637145996e+00
5.165656050046283809e+00
5.166202028592426387e+00
5.166668387254080841e+00
5.167249965667725320e+00
5.167770576477050071e+00
5.168410444259642134e+00
5.169006053606668871e+00
5.169755756855010986e+00
5.170201770464579738e+00
5.170797554651894501e+00
5.171397578716277366e+00
5.171753668785093794e+00
5.172509900728861965e+00
5.172935096422829560e+00
5.173603924115500519e+00
5.173946142196655273e+00
5.174456071853636985e+00
5.175137464205423754e+00
5.175643312931061502e+00
5.176294004917146196e+00
5.176681458950042725e+00
5.177313828468321333e+00
5.177769482135772705e+00
5.178328625361125148e+00
5.178897341092426387e+00
5.179445886611937055e+00
5.180336960156758153e+00
5.180560151735942753e+00
5.181247882048289455e+00
5.181807565689087625e+00
5.182578710714974335e+00
5.182779188950856764e+00
5.183451966444650338e+00
5.184225996335346309e+00
5.184549283981322532e+00
5.185034632682800293e+00
5.185553320248921239e+00
5.186101186275482888e+00
5.186688872178397247e+00
5.187363644440967647e+00
5.188183065255483228e+00
5.188445822397866891e+00
5.189078108469644235e+00
5.189825995763143851e+00
5.190124241511025360e+00
5.190786592165629543e+00
5.191184461116790771e+00
5.191663479804994097e+00
5.192471778392793169e+00
5.192788660526275635e+00
5.193424757321675855e+00
5.193880140781402588e+00
5.194557162125907013e+00
5.194992617766061471e+00
5.195554169019064972e+00
5.196280185381571215e+00
5.196777983506521537e+00
5.197221561272939994e+00
5.197769586245218676e+00
5.198334197203319462e+00
5.198901291688283521e+00
5.199438154697418213e+00
5.200372262795767142e+00
5.200580322742460737e+00
5.201211174329120723e+00
5.201770102977754107e+00
5.202210930983223847e+00
5.202769351005553489e+00
5.203354926904044220e+00
5.204227316379547830e+00
5.204542493820191851e+00
5.205221486091613059e+00
5.205854825178782619e+00
5.206271286805471021e+00
5.206811070442199707e+00
5.207348541418710397e+00
5.208189833164215798e+00
5.208327575524648978e+00
5.209033691883085737e+00
5.209546327590942383e+00
5.210047733783721213e+00
5.210604691505430708e+00
5.211242075761159498e+00
5.212206641832988652e+00
5.212402264277141484e+00
5.212862841288249172e+00
5.213523073991140677e+00
5.214146216710407344e+00
5.214608434836069506e+00
5.215087842941283469e+00
5.215575436751048954e+00
5.216340037186942169e+00
5.216729342937469482e+00
5.217216853300730151e+00
5.217773338158924190e+00
5.218333411216736550e+00
5.218896035353342455e+00
5.219464671611785178e+00
5.220450675487519732e+00
5.220662959416706883e+00
5.221316754817962646e+00
5.221856133143106149e+00
5.222337671120961033e+00
5.222889554500579123e+00
5.223336239655811397e+00
5.223906115690866159e+00
5.224447794755299412e+00
5.225045943260191450e+00
5.225710936387379490e+00
5.226110637187957764e+00
5.226743523279825610e+00
5.227233183383940940e+00
5.228062458833058201e+00
5.228062458833058201e+00
5.228724908828734641e+00
5.228724908828734641e+00
5.229058225949604122e+00
5.229058225949604122e+00
5.229672702153525421e+00
5.230371693770091923e+00
5.230677131811777514e+00
5.231337106227876177e+00
5.231800814469654171e+00
5.232559875647226022e+00
5.233010756969452615e+00
5.233643531799316406e+00
5.234030588467916800e+00
5.234709962209066703e+00
5.235141007105507782e+00
5.235728927453358494e+00
5.236103471120198805e+00
5.236736770470937330e+00
5.237345095475514967e+00
5.237902100880940992e+00
5.238492997487387726e+00
5.239080639680228302e+00
5.239553809165954590e+00
5.240132649739582149e+00
5.240742953618369171e+00
5.241455527146658966e+00
5.241832447052001243e+00
5.242211806774140115e+00
5.242809939384461160e+00
5.243424101670584037e+00
5.243912672996522417e+00
5.244851692517599417e+00
5.245266389846801047e+00
5.245974298318227369e+00
5.246347339948020050e+00
5.247457631429035985e+00
5.247909939289094439e+00
5.248260072867076076e+00
5.248726145426431344e+00
5.249101416269937204e+00
5.249536557992300345e+00
5.249992652734121634e+00
5.250665450096128950e+00
5.251770516236621944e+00
5.251900653044383915e+00
5.252709281444548850e+00
5.252838349342347612e+00
5.253398656845092773e+00
5.254040360450744629e+00
5.254627811908722634e+00
5.255344593524931440e+00
5.255675935745237837e+00
5.256467401981353760e+00
5.256711204846698848e+00
5.257477728525795868e+00
5.257954974969226924e+00
5.258613173166910570e+00
5.258938256899515551e+00
5.259669431050618016e+00
5.260655983289083792e+00
5.260833716392518511e+00
5.261469292640686746e+00
5.261794364452363482e+00
5.262238693237303977e+00
5.262871503829956055e+00
5.263340763250987209e+00
5.263985999425251805e+00
5.264572830994925567e+00
5.265054710706074559e+00
5.265596334139505785e+00
5.266125742594400805e+00
5.266838117440542533e+00
5.267240075270333222e+00
5.267958255608878204e+00
5.268827402591703901e+00
5.269141972064971924e+00
5.269754405816396314e+00
5.270349578062692331e+00
5.270631877581276825e+00
5.271127406756082934e+00
5.271708552042642992e+00
5.272246396541596880e+00
5.272864806652069802e+00
5.273427124818166334e+00
5.273906437555947235e+00
5.274503012498218624e+00
5.275042200088499555e+00
5.275555646419526568e+00
5.276135901610057743e+00
5.276697802543640847e+00
5.277273042996725394e+00
5.277993802229563158e+00
5.278339938322702096e+00
5.279102150599161547e+00
5.279475665092469683e+00
5.280046804745992972e+00
5.280641976992288988e+00
5.281447839736937766e+00
5.282058811187745562e+00
5.282377254962920432e+00
5.282943717638652004e+00
5.283404127756753610e+00
5.283899398644766876e+00
5.284883642196653852e+00
5.285289136568703583e+00
5.285622700055441214e+00
5.286395454406736860e+00
5.286696867148080514e+00
5.287251889705657959e+00
5.288180383046469757e+00
5.288486667474110448e+00
5.288926716645558912e+00
5.289662130673725926e+00
5.290464079380036821e+00
5.290744618574777292e+00
5.291268237431843602e+00
5.291716146469116921e+00
5.292450384298959420e+00
5.292887151241302490e+00
5.293379259109496360e+00
5.293920405705769383e+00
5.294438993930818071e+00
5.294995323816934274e+00
5.295549444357554592e+00
5.296365968386332668e+00
5.296747203667958814e+00
5.297272082169850904e+00
5.297797111670174530e+00
5.298332583904265647e+00
5.298907359441120235e+00
5.299503183364869585e+00
5.300457553068795846e+00
5.300590741634369607e+00
5.301134586334228516e+00
5.301932422320046356e+00
5.302232666810354544e+00
5.302928284804025338e+00
5.303347047170003492e+00
5.304330905278522579e+00
5.304630629221598781e+00
5.305346763134004107e+00
5.305548882484437456e+00
5.306122402350109013e+00
5.306661172707876517e+00
5.307253181934356689e+00
5.308186753590902640e+00
5.308386445045471191e+00
5.309140443801879883e+00
5.309544769922890595e+00
5.310123479366303911e+00
5.310592782497405295e+00
5.311121352513630711e+00
5.311734231313071319e+00
5.312369501590730181e+00
5.313063065210979374e+00
5.313538245360057033e+00
5.313890171051024680e+00
5.314465324083965214e+00
5.315058533350626391e+00
5.315548702081045462e+00
5.316240568955738155e+00
5.316677753130594652e+00
5.317215224107105342e+00
5.317771283785500458e+00
5.318346536159516802e+00
5.318886200586955937e+00
5.319438040256500244e+00
5.320264116923013376e+00
5.320757404963174508e+00
5.321521806716919656e+00
5.321775329113005881e+00
5.322217142581941118e+00
5.322787638505300123e+00
5.323360403378803341e+00
5.324275497595468920e+00
5.324467356999715406e+00
5.325010625521340302e+00
5.325602360566456639e+00
5.326209640502931109e+00
5.326681685447692161e+00
5.327217300732929317e+00
5.327828911940255097e+00
5.328523234526315377e+00
5.328925299644470925e+00
5.329591838518776825e+00
5.330113633473715140e+00
5.330557274818421121e+00
5.331104211012522853e+00
5.331740717093151005e+00
5.332350548108419019e+00
5.332870976130166696e+00
5.333450289567313263e+00
5.333902196089425729e+00
5.334510242938996782e+00
5.334998385111489938e+00
5.335565050443012325e+00
5.336263386408486298e+00
5.336687358220419952e+00
5.337227654457091575e+00
5.337913266817729152e+00
5.338344641526539647e+00
5.338910881678263110e+00
5.339549974600473092e+00
5.340274922053019679e+00
5.340761661529541016e+00
5.341333043575286155e+00
5.341716035207113578e+00
5.342284075419108547e+00
5.342901885509490967e+00
5.343391450246176788e+00
5.344393603006999172e+00
5.344522301355997485e+00
5.345004280408222286e+00
5.345549265543620976e+00
5.346124589443206787e+00
5.346666276454925537e+00
5.347216276327767304e+00
5.347776790459949581e+00
5.348463602860768162e+00
5.348934908707935421e+00
5.349484837055207720e+00
5.350012004375457764e+00
5.350576742490133597e+00
5.351136990388233983e+00
5.351697798569997389e+00
5.352284876505532196e+00
5.352871425946553074e+00
5.353401545683542651e+00
5.354015886783599854e+00
5.354445707798003440e+00
5.354996987183888280e+00
5.355747020244599810e+00
5.356261809666950313e+00
5.356675036748249852e+00
5.357426492373146942e+00
5.357965783278146432e+00
5.358382705847422045e+00
5.358964077631632961e+00
5.359532602628071629e+00
5.359999191761016135e+00
5.360589031378427904e+00
5.361112113793691236e+00
5.361661708354951372e+00
5.362217851479847752e+00
5.362815777460735234e+00
5.363336455821990256e+00
5.363890353838602465e+00
5.364491367340086470e+00
5.365080201625822554e+00
5.365548690160114376e+00
5.366115427017213335e+00
5.366746890544892068e+00
5.367307078838347678e+00
5.367904794216155295e+00
5.368351527055104100e+00
5.368907364209494659e+00
5.369442808628082986e+00
5.370100609461466945e+00
5.370561659336090088e+00
5.371394574642181396e+00
5.371665362517038744e+00
5.372684260209400264e+00
5.373007078965503780e+00
5.373398594061534084e+00
5.373898414770760468e+00
5.374454867839812522e+00
5.374999785423277388e+00
5.375559178988137177e+00
5.376153262456259796e+00
5.376741929848989798e+00
5.377235730489093868e+00
5.377939232190449559e+00
5.378349069754282397e+00
5.378908856709799124e+00
5.379489847024281346e+00
5.380003841718039581e+00
5.380740078290305206e+00
5.381275463104248757e+00
5.381814630826315948e+00
5.382271262009940216e+00
5.382812889417014190e+00
5.383331791559854196e+00
5.383906686305998335e+00
5.384439937273661769e+00
5.385027392705282523e+00
5.385560699303944432e+00
5.386165022850036621e+00
5.386763783295950958e+00
5.387294721603392844e+00
5.387831687927246094e+00
5.388702154159545898e+00
5.388946060339609545e+00
5.389804367224375170e+00
5.390097971757253248e+00
5.390595014890035230e+00
5.391110448042550018e+00
5.391684071222940133e+00
5.392341470718385210e+00
5.392780474821726955e+00
5.393398384253185185e+00
5.394004348913828295e+00
5.394445967674254661e+00
5.395071081320445217e+00
5.395574967066448124e+00
5.396149905522666046e+00
5.396729373931883345e+00
5.397270993391671823e+00
5.397843321164447872e+00
5.398339219888050877e+00
5.398972527186074899e+00
5.399445748329164019e+00
5.400026893615724077e+00
5.400700827439624874e+00
5.401212195555370243e+00
5.401787503560385062e+00
5.402238802115121530e+00
5.402839354674021877e+00
5.403345433870949677e+00
5.403997592131297267e+00
5.404724653561910230e+00
5.405139545599620732e+00
5.405618604024251539e+00
5.406153837839763554e+00
5.406678696473438350e+00
5.407338857650756836e+00
5.407785038153331669e+00
5.408337664604186301e+00
5.409068131446836958e+00
5.409557640552520752e+00
5.410007750988008013e+00
5.410805598894754098e+00
5.411143267154692182e+00
5.411668213208518097e+00
5.412722281614939845e+00
5.412938904762267356e+00
5.413868041833243439e+00
5.413937660058341095e+00
5.414801212151846954e+00
5.415132617950440874e+00
5.415565689404804317e+00
5.416144967079162598e+00
5.416745070616403979e+00
5.417294561862945557e+00
5.417799361546833836e+00
5.418421967824301078e+00
5.418903207778932085e+00
5.419440905253093632e+00
5.420007395744324441e+00
5.420776661237081129e+00
5.421278417110443115e+00
5.421740969022113887e+00
5.422396969795226340e+00
5.422884261608125200e+00
5.423373043537139893e+00
5.424236222108206107e+00
5.424570099512735055e+00
5.425017408529917873e+00
5.425638834635417851e+00
5.426130231221517164e+00
5.426688818136849335e+00
5.427222696940102509e+00
5.428198051452636008e+00
5.428334085146584442e+00
5.428888273239135032e+00
5.429447031021119585e+00
5.429998679955801322e+00
5.430571647485098907e+00
5.431163032849628536e+00
5.431767253081002167e+00
5.432514464855195513e+00
5.432994528611502005e+00
5.433660876750945334e+00
5.433967336018881156e+00
5.434527528285979514e+00
5.435019052028657427e+00
5.435581429799398734e+00
5.436370464166007110e+00
5.436665081977842817e+00
5.437325723965962254e+00
5.437860806783039180e+00
5.438342273235321045e+00
5.438950355847676832e+00
5.439533758163452859e+00
5.440247154235841265e+00
5.440599314371745265e+00
5.441281525293984345e+00
5.441735792160034890e+00
5.442267024517057905e+00
5.442881496747336456e+00
5.443356521924336278e+00
5.444273447990418902e+00
5.444666882356006710e+00
5.445062891642251657e+00
5.445571041107179155e+00
5.446112449963887769e+00
5.446712855497995776e+00
5.447225069999696245e+00
5.448184577624001435e+00
5.448363320032754586e+00
5.448954713344573264e+00
5.449496487776439579e+00
5.450075407822925655e+00
5.450668760140736424e+00
5.451129070917765773e+00
5.451773031552633597e+00
5.452420965830484079e+00
5.452847802639006147e+00
5.453331398963928933e+00
5.453912822405495575e+00
5.454448954264321969e+00
5.455089437961579080e+00
5.455579467614491307e+00
5.456251978874206543e+00
5.456670697530110914e+00
5.457229431470235426e+00
5.458211553096770530e+00
5.458497985204061820e+00
5.458945993582407397e+00
5.459554044405617645e+00
5.460237677892049390e+00
5.460686910152436013e+00
5.461326714356740553e+00
5.461707941691081203e+00
5.462418206532795750e+00
5.462847514947256400e+00
5.463339142004649318e+00
5.464232889811196259e+00
5.464487008253733791e+00
5.465039149920144723e+00
5.465553816159566480e+00
5.466116193930307787e+00
5.466737155119577807e+00
5.467220048109691533e+00
5.467772467931112601e+00
5.468537584940591501e+00
5.468928253650666704e+00
5.469543087482453103e+00
5.470007733503976510e+00
5.470641764005026886e+00
5.471368038654325971e+00
5.471695109208425833e+00
5.472378865877786325e+00
5.472785611947376339e+00
5.473365259170531516e+00
5.473890690008797577e+00
5.474556942780811397e+00
5.475019931793212891e+00
5.475613733132679073e+00
5.476259076595304975e+00
5.476753211021424761e+00
5.477321902910869511e+00
5.477976044019062130e+00
5.478396912415821163e+00
5.478942684332530177e+00
5.479451068242390477e+00
5.480303696791331447e+00
5.480555315812427608e+00
5.481461469332376879e+00
5.481717860698701372e+00
5.482426130771635542e+00
5.482816167672474705e+00
5.483532222112021515e+00
5.484367549419403076e+00
5.484544785817465851e+00
5.485176459948220895e+00
5.485644265015920951e+00
5.486344635486602783e+00
5.486759114265442605e+00
5.487402252356211818e+00
5.488217282295227761e+00
5.488462714354195526e+00
5.488912816842397291e+00
5.489660382270812988e+00
5.490446452299753588e+00
5.490828045209248387e+00
5.491461014747621050e+00
5.491736578941345925e+00
5.492376275857289158e+00
5.493161626656849705e+00
5.493390778700511845e+00
5.494374847412110796e+00
5.494626470406849705e+00
5.495185510317483590e+00
5.495576870441436057e+00
5.496647830804189283e+00
5.496825603644051483e+00
5.497346440951030644e+00
5.498523628711701861e+00
5.498652962843575409e+00
5.498987817764280805e+00
5.499667171637216967e+00
5.500338610013326246e+00
5.500803319613137177e+00
5.501196479797364702e+00
5.501685770352683136e+00
5.502454451719920314e+00
5.502952178319294063e+00
5.503466804822284786e+00
5.504694104194641113e+00
5.504876967271169264e+00
5.505203906695047777e+00
5.505758436520896026e+00
5.506535927454631718e+00
5.506785098711649340e+00
5.507270944118499045e+00
5.508291586240133597e+00
5.508787508805593092e+00
5.509135699272157183e+00
5.509638353188833548e+00
5.510915414492288278e+00
5.511047923564909468e+00
5.511279189586637983e+00
5.512266135215760698e+00
5.512864307562509225e+00
5.513517220815021602e+00
5.514293579260506561e+00
5.514851876099903905e+00
5.515137402216591767e+00
5.515381435553234013e+00
5.516847554842630785e+00
5.517139049371085235e+00
5.517270569006601733e+00
5.518723217646279267e+00
5.519058259328208038e+00
5.519390439987184038e+00
5.519765396912891475e+00
5.520577983061471627e+00
5.520830508073171217e+00
5.521335009733835619e+00
5.522424594561258004e+00
5.522604958216348336e+00
5.522860248883564083e+00
5.523459835847219779e+00
5.524520393212636549e+00
5.524759765466054517e+00
5.525139431158702763e+00
5.525770366191864014e+00
5.526470176378886379e+00
5.526713128884633619e+00
5.527423918247222900e+00
5.528449388345084259e+00
5.528721622625987209e+00
5.529274245103199092e+00
5.529586684703826194e+00
5.530382712682087032e+00
5.530730863412220089e+00
5.531231200695039263e+00
5.532265822092693242e+00
5.532380704085031908e+00
5.532879149913789263e+00
5.533555316925049539e+00
5.534271550178527121e+00
5.534759445985159232e+00
5.535473994414012111e+00
5.535582351684571023e+00
5.536286393801372441e+00
5.537011885643003950e+00
5.537294693787892186e+00
5.538249274094898311e+00
5.538465503851572436e+00
5.539109388987224492e+00
5.539614164829252729e+00
5.540465366840361838e+00
5.540738526980081957e+00
5.541200617949169072e+00
5.542267715930940142e+00
5.542323966821033565e+00
5.542940402030943403e+00
5.543475957711539337e+00
5.544415271282197466e+00
5.544644749164582720e+00
5.545054852962493896e+00
5.545683439572652418e+00
5.546467196941375022e+00
5.546738239129386017e+00
5.547221422195434570e+00
5.548257493972776899e+00
5.549017910162607592e+00
5.549236802260079315e+00
5.549743135770160762e+00
5.550336126486460131e+00
5.550816528002421535e+00
5.551260904471078561e+00
5.551665155092873505e+00
5.552310641606649000e+00
5.552783795197804295e+00
5.553346490859986773e+00
5.554131595293679169e+00
5.554694056510925293e+00
5.555202448368071089e+00
5.555631458759307861e+00
5.556274052460988599e+00
5.556734963258108451e+00
5.557356540362039965e+00
5.557814860343931684e+00
5.558337672551473929e+00
5.559195363521574507e+00
5.559575760364531050e+00
5.560010393460590450e+00
5.560598226388297149e+00
5.561601118246713327e+00
5.561902232964833104e+00
5.562354612350464578e+00
5.562852827707924774e+00
5.563341701030729780e+00
5.564400418599447562e+00
5.564759055773418339e+00
5.565135848522185569e+00
5.565555083751679177e+00
5.566293621063231001e+00
5.567138449350991891e+00
5.567539985974629957e+00
5.568031235535940482e+00
5.568435374895731371e+00
5.569026998678843654e+00
5.569740076859790889e+00
5.570058723290760128e+00
5.570553537209828932e+00
5.571108130613961151e+00
5.571680398782095978e+00
5.572397041320801492e+00
5.572919023036956077e+00
5.573467524846396515e+00
5.573891317844392290e+00
5.575034928321837668e+00
5.575258191426595289e+00
5.575590495268503588e+00
5.576112532615660200e+00
5.576701756318410474e+00
5.577666143576305302e+00
5.577857871850330440e+00
5.578453683853147993e+00
5.578932762145996094e+00
5.579445767402649636e+00
5.580290571848550485e+00
5.580618774890901079e+00
5.581116286913552216e+00
5.581680568059287140e+00
5.582252045472461788e+00
5.583007744948069728e+00
5.583422291278839822e+00
5.584006198247273289e+00
5.584454393386842241e+00
5.585594590504964430e+00
5.585976803302763471e+00
5.586261626084645826e+00
5.586699799696603463e+00
5.587344845136005489e+00
5.588182791074117972e+00
5.588409686088560591e+00
5.589043295383454790e+00
5.589444764455159032e+00
5.590003478527069802e+00
5.590903631846110500e+00
5.591177972157797882e+00
5.591678122679393681e+00
5.592301102479300567e+00
5.592780268192292681e+00
5.593624114990234375e+00
5.593975961208343506e+00
5.594490706920623779e+00
5.595007248719532811e+00
5.595601030190785252e+00
5.596379347642262303e+00
5.596686450640358856e+00
5.597259569168091531e+00
5.597999167442321067e+00
5.598361281553902558e+00
5.598921978473661909e+00
5.599447158972420624e+00
5.600017317136128270e+00
5.600567456086476881e+00
5.601532268524170632e+00
5.601855878035227221e+00
5.602382032076516083e+00
5.602984507878620235e+00
5.603359091281891580e+00
5.604237099488575069e+00
5.604598581790924072e+00
5.605187288920085109e+00
5.605805261929830863e+00
5.607019968827565037e+00
5.607279706001282449e+00
5.607844630877178105e+00
5.608379960060119629e+00
5.609552339712777780e+00
5.609647651513416378e+00
5.610036051273347368e+00
5.610565221309663286e+00
5.611194554964701098e+00
5.611765333016712987e+00
5.612469315528869629e+00
5.612844725449878780e+00
5.613402382532754586e+00
5.613906653722128937e+00
5.614965228239693573e+00
5.615133635203044093e+00
5.615567195415497537e+00
5.616121121247608983e+00
5.616787759462990692e+00
5.617672542730968388e+00
5.618125458558399288e+00
5.618601882457731733e+00
5.618954726060231053e+00
5.619735598564147949e+00
5.620279455184935102e+00
5.620858796437580907e+00
5.621204054355622759e+00
5.621769849459330004e+00
5.622278384367625392e+00
5.623079800605772505e+00
5.623348025480904511e+00
5.624343776702879438e+00
5.624649902184803096e+00
5.625162239869435865e+00
5.625558169682822296e+00
5.626120626926422119e+00
5.626681542396546831e+00
5.627224826812742720e+00
5.628243617216746486e+00
5.628494064013164433e+00
5.628905721505482518e+00
5.629466505845389435e+00
5.630018651485443115e+00
5.630566481749216479e+00
5.631124877929686079e+00
5.631666187445322436e+00
5.632255442937214696e+00
5.632846021652220259e+00
5.633343919118246390e+00
5.633970562616983813e+00
5.634472588698070439e+00
5.635190204779306100e+00
5.635628751913706935e+00
5.636284848054248897e+00
5.636753849188487209e+00
5.637314160664875118e+00
5.637803606192271388e+00
5.638336992263795366e+00
5.639032852649688010e+00
5.639447589715320674e+00
5.640270217259725882e+00
5.640642070770262251e+00
5.641118156909943337e+00
5.641676465670268925e+00
5.642251145839690452e+00
5.642815963427224801e+00
5.643343301614127228e+00
5.644259401162464940e+00
5.644538664817808638e+00
5.645001049836476881e+00
5.645559505621591256e+00
5.646122090021769679e+00
5.646674299240110884e+00
5.647357837359109567e+00
5.648339728514354618e+00
5.648466364542642282e+00
5.648909453550974291e+00
5.649509286880494585e+00
5.650044826666512421e+00
5.650618525346121857e+00
5.651132257779440948e+00
5.651672303676605225e+00
5.652325828870136348e+00
5.652807275454204472e+00
5.653401104609169892e+00
5.653885956605275709e+00
5.654499049981435377e+00
5.655142839749654371e+00
5.655594805876415165e+00
5.656219228108724906e+00
5.656915644804637822e+00
5.657262635231017356e+00
5.657852999369303859e+00
5.658398505051930982e+00
5.659046864509583941e+00
5.659530667463936737e+00
5.660553507010142482e+00
5.660663239161173976e+00
5.661340260505674848e+00
5.661702696482340258e+00
5.662531916300455492e+00
5.662869437535604789e+00
5.663346485296884225e+00
5.664424717426300049e+00
5.664629964033760956e+00
5.665160318215686885e+00
5.665669945875801972e+00
5.666186042626698338e+00
5.666809006532034232e+00
5.667403026421865775e+00
5.668195076783497655e+00
5.668537930647531198e+00
5.669040302435558232e+00
5.669527423381804709e+00
5.670101841290790645e+00
5.670606533686321171e+00
5.671325337886809592e+00
5.672198828061421949e+00
5.672591014703115775e+00
5.672977368036907109e+00
5.673762512207030539e+00
5.674064826965331321e+00
5.674485448996225756e+00
5.675066737333931854e+00
5.675673127174377441e+00
5.676300156116486306e+00
5.676725641886392282e+00
5.677365402380626591e+00
5.677887741724649828e+00
5.678422017892202689e+00
5.678966486454008589e+00
5.679522824287413840e+00
5.680495889981589386e+00
5.680703961849211225e+00
5.681531357765198464e+00
5.681735646724700217e+00
5.682433287302654179e+00
5.682825386524200439e+00
5.683360350131987815e+00
5.684595708052317065e+00
5.684752297401427512e+00
5.685062495867409638e+00
5.685559995969136082e+00
5.686151842276256474e+00
5.687274825572966819e+00
5.687473797798155317e+00
5.687949713071187574e+00
5.688701577981312596e+00
5.689095640182493696e+00
5.689613437652589312e+00
5.690022281805674709e+00
5.690564278761545580e+00
5.691278978188833548e+00
5.691689205169677024e+00
5.692493160565692989e+00
5.692895325024924347e+00
5.693476104736326704e+00
5.693973549207051121e+00
5.695050187905629002e+00
5.695221050580343558e+00
5.695565243562061397e+00
5.696230999628703273e+00
5.696959809462228463e+00
5.697653905550637887e+00
5.697879095872242061e+00
5.698381956418355543e+00
5.698932655652363621e+00
5.699596198399863312e+00
5.700311048825582816e+00
5.700677084922791238e+00
5.701117642720539891e+00
5.701736720403037140e+00
5.702261936664580588e+00
5.702932488918303733e+00
5.703344968954720429e+00
5.704136725266774732e+00
5.704474043846129661e+00
5.705715994040172490e+00
5.705972488721211988e+00
5.706195076306659786e+00
5.706831399599710863e+00
5.707259698708853080e+00
5.708187846342720917e+00
5.708411006132759979e+00
5.708949041366576438e+00
5.709446871280668745e+00
5.710003093878427194e+00
5.710908293724060059e+00
5.711364452044168871e+00
5.711793120702107984e+00
5.712341229120891484e+00
5.712792515754699707e+00
5.713761242230734894e+00
5.714050956567128026e+00
5.714458286762237549e+00
5.715138447284697776e+00
5.715609161059060028e+00
5.716269501050312840e+00
5.717032555739084643e+00
5.717651029427845089e+00
5.717952919006346946e+00
5.718990329901377123e+00
5.719169561068216723e+00
5.719485763708750170e+00
5.720181961854297725e+00
5.720644100507101371e+00
5.721635083357494267e+00
5.722044376532235077e+00
5.722288290659587773e+00
5.722958866755167406e+00
5.723373854160307417e+00
5.724295504887898289e+00
5.724602774779000924e+00
5.725194164117176854e+00
5.725877598921456979e+00
5.726118946075438032e+00
5.727069151401519065e+00
5.727282826105753344e+00
5.727856568495433010e+00
5.728467102845510084e+00
5.729581463336945291e+00
5.729956730206808402e+00
5.730100230375924752e+00
5.730735794703164743e+00
5.731122998396553925e+00
5.731754295031230129e+00
5.732392700513205597e+00
5.733082556724546919e+00
5.733373022079469195e+00
5.733908390998841753e+00
5.734937580426535675e+00
5.735027273495990841e+00
5.735641745726265839e+00
5.736131163438162872e+00
5.736813509464262495e+00
5.737708830833433638e+00
5.738008681933084887e+00
5.738704140981038648e+00
5.738993744055431279e+00
5.739456156889598759e+00
5.740295799573264190e+00
5.740610384941099653e+00
5.741170362631478952e+00
5.741902430852253048e+00
5.742260456085205078e+00
5.742984028657279083e+00
5.743562300999958126e+00
5.744079093138378056e+00
5.744615407784781524e+00
5.745553898811341043e+00
5.745999689896901685e+00
5.746350411574045580e+00
5.746756156285602657e+00
5.747231221199037066e+00
5.748300504684447532e+00
5.748494116465248993e+00
5.748958055178324145e+00
5.749622376759848663e+00
5.750022904078164743e+00
5.750558121999105765e+00
5.751187082131703932e+00
5.751859692732491425e+00
5.752410562833151886e+00
5.753109244505562714e+00
5.753530546029409720e+00
5.753945334752401664e+00
5.754538997014364554e+00
5.755109536647797341e+00
5.755648231506349077e+00
5.756336760520934348e+00
5.756798096497853123e+00
5.757261840502419403e+00
5.757853353023527632e+00
5.758492823441823560e+00
5.759144858519235299e+00
5.759596073627470503e+00
5.760378674666085885e+00
5.760650960604348114e+00
5.761161490281423880e+00
5.761797102292380401e+00
5.762255271275837032e+00
5.762830420335134818e+00
5.763385788599649118e+00
5.764334499835968018e+00
5.764510913689932181e+00
5.765086420377095067e+00
5.765627936522164987e+00
5.766115645567577275e+00
5.766788232326508279e+00
5.767338494459789189e+00
5.768226536115012237e+00
5.768521134058634203e+00
5.768897016843158809e+00
5.769523894786836138e+00
5.770005130767820845e+00
5.770580188433328317e+00
5.771271709601084154e+00
5.772527913252513798e+00
5.773071626822154911e+00
5.773465343316395604e+00
5.773877859115600586e+00
5.774017314116161259e+00
5.774706610043843114e+00
5.775281568368274776e+00
5.776311377684276493e+00
5.776398897171020508e+00
5.776724064350126753e+00
5.777694356441497092e+00
5.778071598211923288e+00
5.778598650296530082e+00
5.779075582822162716e+00
5.779569208621978760e+00
5.780258878072103812e+00
5.780573221047720978e+00
5.781219208240507612e+00
5.781815155347189261e+00
5.782251048088074441e+00
5.782790009180704516e+00
5.783404632409414603e+00
5.784410842259724461e+00
5.784744131565094705e+00
5.785142572720847198e+00
5.785598492622376909e+00
5.786170951525370754e+00
5.786733667055766972e+00
5.787227563063304103e+00
5.788271097342171601e+00
5.788373728593189327e+00
5.788935665289560717e+00
5.789546000957489724e+00
5.790214622020720014e+00
5.790650232632955863e+00
5.791216703255972931e+00
5.792273330688477273e+00
5.792361068725586648e+00
5.793033393224082062e+00
5.793420294920604618e+00
5.794083523750305886e+00
5.794455194473265180e+00
5.795074045658111572e+00
5.795587948958079494e+00
5.796421281496684230e+00
5.797147091229756910e+00
5.797415630022683786e+00
5.797829707463581173e+00
5.798340189456940408e+00
5.798995693524677364e+00
5.799551888306936576e+00
5.800269293785095925e+00
5.800623122851053637e+00
5.801228491465248993e+00
5.801925039291383257e+00
5.802274771531422459e+00
5.802830966313681671e+00
5.803353774547577615e+00
5.804623671372731053e+00
5.804868527253468358e+00
5.805066275596619363e+00
5.805559905370078155e+00
5.806293141841887717e+00
5.806797722975414189e+00
5.807257803281149933e+00
5.808189121882119110e+00
5.808468230565388524e+00
5.809089306990305346e+00
5.809461939334870095e+00
5.810011915365855373e+00
5.810601556301115522e+00
5.811306091149649689e+00
5.812395179271696577e+00
5.812508920828502568e+00
5.812903861204784306e+00
5.813519207636513642e+00
5.813970867792765063e+00
5.814506411552429199e+00
5.815137120087943146e+00
5.815571169058483036e+00
5.816494607925413618e+00
5.817134495576222974e+00
5.817500428358712838e+00
5.817845932642619289e+00
5.818601195017496508e+00
5.818899174531299678e+00
5.819455230236052046e+00
5.820392855008442723e+00
5.820790867010753544e+00
5.821119960149129469e+00
5.821674136320748261e+00
5.822228264808654075e+00
5.822782393296559889e+00
5.823409473896028032e+00
5.823902944723766240e+00
5.824471735954283247e+00
5.825005173683166504e+00
5.825561797618867388e+00
5.826192947228751251e+00
5.826673686504364014e+00
5.827351053555805294e+00
5.827784268061318329e+00
5.828436470031739702e+00
5.828955753644308402e+00
5.829490168889364554e+00
5.830008971691132302e+00
5.830569700400033639e+00
5.831170566876728856e+00
5.831680130958556418e+00
5.832284891605375776e+00
5.832829634348552617e+00
5.833401123682659062e+00
5.833896346886952244e+00
5.834450678030648874e+00
5.835015225410462136e+00
5.835560949643454620e+00
5.836117223898568795e+00
5.836842377980548946e+00
5.837396256128947414e+00
5.837896339098612941e+00
5.838408943017324049e+00
5.839108864466350468e+00
5.839477884769440408e+00
5.840006609757740108e+00
5.840600522359213898e+00
5.841262996196746826e+00
5.841683709621428022e+00
5.842252949873607548e+00
5.842787774403891632e+00
5.843412443002065970e+00
5.843900362650554570e+00
5.844810692469277313e+00
5.845142074426014744e+00
5.845674121379850874e+00
5.846125427881876391e+00
5.846735477447509766e+00
5.847260308265685325e+00
5.847831511497496138e+00
5.848462903499601850e+00
5.848977208137512207e+00
5.849484662214916142e+00
5.850181496143342486e+00
5.850825575987496308e+00
5.851225431760152418e+00
5.851915180683135986e+00
5.852704473336537205e+00
5.853025039037067501e+00
5.853379805882770626e+00
5.853913036982216767e+00
5.854485416412352095e+00
5.855006249745688507e+00
5.855582225322724099e+00
5.856155860424042459e+00
5.856675072511038138e+00
5.857316136360168457e+00
5.857843915621440800e+00
5.858356026808419159e+00
5.858893652757007686e+00
5.859471062819164189e+00
5.860083027680715873e+00
5.860861893494924146e+00
5.861187255382539263e+00
5.861676772435505001e+00
5.862230992317201128e+00
5.862953897317250807e+00
5.863349703947701386e+00
5.864114423592884151e+00
5.864466289679210576e+00
5.865005731582641602e+00
5.865564060211180930e+00
5.866274511814118853e+00
5.866801480452220829e+00
5.867372461160023533e+00
5.867924861113230861e+00
5.868761813640595904e+00
5.869107604026794434e+00
5.869472368558248832e+00
5.870149215062458126e+00
5.870674339930214813e+00
5.871134622891744925e+00
5.871884890397389256e+00
5.872474308808644849e+00
5.872784888744355669e+00
5.873357816537222220e+00
5.874084711074829102e+00
5.874653315544129839e+00
5.875242924690248003e+00
5.875684626897175633e+00
5.876122001806894701e+00
5.876840865612031450e+00
5.877480435371399636e+00
5.878067739804585301e+00
5.878394671281178319e+00
5.879205127557117549e+00
5.879934473832449271e+00
5.880292836825052660e+00
5.880805341402687958e+00
5.881120741367340088e+00
5.881673896312712202e+00
5.882228171825410357e+00
5.882944703102111816e+00
5.883488539854685229e+00
5.883955105145773246e+00
5.884776171048482496e+00
5.885200913747151930e+00
5.885809620221454708e+00
5.886211172739663766e+00
5.886695138613383449e+00
5.887303153673808964e+00
5.888238326708474801e+00
5.888544599215190800e+00
5.888942428429920994e+00
5.889602883656820609e+00
5.890223618348439771e+00
5.890623716513314179e+00
5.891165395577747432e+00
5.892367275555930206e+00
5.892453193664550781e+00
5.892940719922382442e+00
5.893544260660807055e+00
5.894150888919831743e+00
5.894508159160615435e+00
5.895008925596872729e+00
5.895713535944619110e+00
5.896436035633087158e+00
5.896696289380390255e+00
5.897485927740731881e+00
5.897911147276559518e+00
5.898615431785582786e+00
5.899000199635825226e+00
5.900244283676148171e+00
5.900477663675943063e+00
5.900936055183411355e+00
5.901350430647532619e+00
5.901846774419148289e+00
5.902269212404885224e+00
5.902865036328634574e+00
5.903483692804972094e+00
5.904516776402790157e+00
5.904596237341561249e+00
5.905212712287902121e+00
5.905835461616515403e+00
5.906229341030119429e+00
5.906700476010641410e+00
5.907238193353016698e+00
5.908237910270692339e+00
5.908602241675058764e+00
5.908956070741016475e+00
5.909487589200338675e+00
5.910354073842366773e+00
5.911174960931141698e+00
5.911531416575112274e+00
5.912333301703135646e+00
5.912509608268738504e+00
5.912812407811482984e+00
5.913747862974801706e+00
5.914110207557676802e+00
5.914510595798493142e+00
5.915174718697866041e+00
5.916374941666919796e+00
5.916864375273387822e+00
5.916973193486530391e+00
5.917535142103830026e+00
5.918201692899067723e+00
5.918441335360210331e+00
5.919295378526051365e+00
5.919718380769094068e+00
5.920527974764507206e+00
5.920732816060382930e+00
5.921151463190714281e+00
5.921720286210376827e+00
5.922235651810964896e+00
5.922906033198039211e+00
5.923338969548542110e+00
5.924374298254647897e+00
5.924680622418723175e+00
5.925039072831470577e+00
5.925718069076538086e+00
5.926154704888663360e+00
5.926807975769044390e+00
5.927313896020255157e+00
5.927803564071655984e+00
5.928537098566689423e+00
5.929062374432881199e+00
5.929499340057372336e+00
5.930157482624053955e+00
5.930576356252036163e+00
5.931153734525043575e+00
5.931701441605884639e+00
5.932240796089171653e+00
5.932813894748687034e+00
5.933366012573241477e+00
5.934079170227050781e+00
5.934636942545573390e+00
5.935009590784709133e+00
5.935580436388651293e+00
5.936340721448264190e+00
5.936673788229622772e+00
5.937230300903319602e+00
5.937944885094960767e+00
5.938420705000559963e+00
5.938912566502889234e+00
5.939505287011463963e+00
5.940536812941232370e+00
5.940747360388439091e+00
5.941215598583220014e+00
5.941749254862468632e+00
5.942286086082457786e+00
5.942822027206421609e+00
5.943357304732003854e+00
5.944282380739846161e+00
5.944527781009675493e+00
5.945092328389485203e+00
5.945565406481424731e+00
5.946140682697297564e+00
5.946723663806913862e+00
5.947413043181100534e+00
5.948254287242889404e+00
5.948522798220317043e+00
5.948968025048575470e+00
5.949457081158957550e+00
5.950031721591948042e+00
5.950625598430633545e+00
5.951226405302683986e+00
5.951754868030548096e+00
5.952269275983173458e+00
5.952965486049652810e+00
5.953381943702698464e+00
5.954391666253407323e+00
5.954585901896159328e+00
5.955117213726044412e+00
5.955581839879354078e+00
5.956616123517353145e+00
5.956852591037751665e+00
5.957371385892233917e+00
5.958377369244892918e+00
5.958676449457804836e+00
5.958954330285390455e+00
5.959497614701589896e+00
5.960340869426726584e+00
5.960633595784504024e+00
5.961199986934662576e+00
5.962227169672647875e+00
5.962656557559967041e+00
5.962981422742206661e+00
5.963495314121246338e+00
5.964394017060598685e+00
5.964598536491394043e+00
5.965477617581687042e+00
5.966270836194357940e+00
5.966622285048167385e+00
5.966863131523133745e+00
5.967420800526937796e+00
5.968287638823191799e+00
5.968474924564361572e+00
5.968987607955931196e+00
5.969574765364328073e+00
5.970329213142395730e+00
5.970658842722574633e+00
5.971266452471414965e+00
5.972251943747203029e+00
5.972370398044585471e+00
5.972807872295380349e+00
5.973381070295967987e+00
5.974264518419900583e+00
5.974597672621410283e+00
5.975063558419545728e+00
5.975749659538269754e+00
5.976714189847310621e+00
5.978181246916452807e+00
5.978519709904990265e+00
5.978789428869884404e+00
5.979078833262125414e+00
5.979566224416096532e+00
5.980270469188688764e+00
5.980587399005891314e+00
5.981552855173745797e+00
5.981764054298402300e+00
5.982453739643098345e+00
5.982880771160125732e+00
5.983517404397328932e+00
5.984263320763904659e+00
5.984616112709044700e+00
5.985176368554434134e+00
5.985690788427987741e+00
5.986282344659169752e+00
5.986757592360177682e+00
5.987280392646788130e+00
5.988647242387134639e+00
5.988997582594553393e+00
5.989124266306557587e+00
5.989607616265615775e+00
5.990306194623311598e+00
5.990669870376585493e+00
5.991225930054984161e+00
5.991703367233277788e+00
5.992467617988587847e+00
5.993028863271078421e+00
5.993543362617494097e+00
5.994314459959664276e+00
5.994740827878317191e+00
5.995105159282683616e+00
5.995615649223328347e+00
5.996374595165253396e+00
5.996800955136617262e+00
5.997392412026723463e+00
5.998610758781431684e+00
5.998812329769133811e+00
5.999083248774208954e+00
5.999532385667166068e+00
6.000252739588418649e+00
6.000584173202515359e+00
6.001344613234202541e+00
6.002529807885487401e+00
6.002656932671865064e+00
6.002902940909066842e+00
6.003552965323130763e+00
6.004523825645446067e+00
6.004709136486052756e+00
6.005211226145426906e+00
6.005688420931498683e+00
6.006457142035166896e+00
6.007141753037771537e+00
6.007247173786161909e+00
6.008469438552857866e+00
6.008577815691630519e+00
6.008975398540496116e+00
6.009542326132457646e+00
6.010396226247152640e+00
6.010867138703662960e+00
6.011279626687368705e+00
6.012680606047311471e+00
6.013100628058115404e+00
6.013299246629077999e+00
6.013568103313446045e+00
6.014782067139943678e+00
6.015045352776844823e+00
6.015121686458588357e+00
6.015717915693919338e+00
6.016406933466594609e+00
6.016810806592307159e+00
6.017397507031759574e+00
6.017854599157967499e+00
6.018508629004159616e+00
6.018929382165271846e+00
6.019508544603983324e+00
6.020023278395335353e+00
6.020917387803397247e+00
6.021298178037007176e+00
6.021799977620442945e+00
6.022256652514140995e+00
6.022880955537161185e+00
6.023431344827017142e+00
6.023906362056731467e+00
6.024539522329966701e+00
6.025014587243397557e+00
6.025654184818268533e+00
6.026160530249278224e+00
6.026790984471638524e+00
6.027270853519439697e+00
6.028435492515562544e+00
6.028665192921955907e+00
6.029121243953703413e+00
6.029541075229644775e+00
6.030018512407938402e+00
6.031052275498709037e+00
6.031175156434375850e+00
6.031730977694191864e+00
6.032305836677551270e+00
6.032932615280152788e+00
6.033608106772103241e+00
6.034110661347707349e+00
6.034522596995035570e+00
6.035185090700785793e+00
6.035662241776783787e+00
6.036346654097240361e+00
6.036862313747406006e+00
6.037310091654457977e+00
6.037817140420276729e+00
6.039201446374256932e+00
6.039312203725177852e+00
6.039501643180848589e+00
6.040063802401224535e+00
6.040818150838216383e+00
6.041595904032387665e+00
6.041730129718779096e+00
6.042798348267872655e+00
6.043089322249095119e+00
6.043397478262583888e+00
6.044326412677765603e+00
6.044524677594502293e+00
6.045049202442168479e+00
6.045642824967703888e+00
6.046119884649911569e+00
6.047070105870563594e+00
6.047424904505412258e+00
6.048040735721588845e+00
6.048441131909687130e+00
6.049945465723673976e+00
6.050119487444558075e+00
6.050473002592720917e+00
6.050974094867704878e+00
6.051148947079976637e+00
6.051686422030130075e+00
6.052384595076244267e+00
6.052886497974395041e+00
6.053519837061564601e+00
6.053967897097269457e+00
6.055072367191314697e+00
6.055224104722341849e+00
6.055591126283008663e+00
6.056128478050233355e+00
6.056805324554442649e+00
6.057915767033893673e+00
6.058625972270966997e+00
6.058973892529806449e+00
6.059617288907368504e+00
6.060434198379518023e+00
6.060728220144905976e+00
6.061271381378173118e+00
6.062202986081441480e+00
6.062299036979673872e+00
6.063208734989167681e+00
6.063409280776976829e+00
6.063969397544859419e+00
6.064671727021536896e+00
6.065077737967172311e+00
6.065994381904602051e+00
6.066208855311074899e+00
6.066869215170541452e+00
6.067413095633188647e+00
6.068306167920429317e+00
6.068758920828500436e+00
6.068944736321768119e+00
6.069573926925659890e+00
6.070200498898824293e+00
6.070929710070291918e+00
6.071267652511597390e+00
6.071752516428627899e+00
6.072542401154837677e+00
6.072832338015238918e+00
6.073558731873831107e+00
6.074025460084278905e+00
6.074606716632843018e+00
6.075025478998821171e+00
6.075575439135231903e+00
6.076316996415457083e+00
6.076715942223867017e+00
6.077352515856425441e+00
6.077877593040465598e+00
6.078371548652647505e+00
6.079109362761180080e+00
6.079556365807849971e+00
6.080043896039327933e+00
6.080608399709067413e+00
6.081612646579742432e+00
6.082055751482645434e+00
6.082469316323599884e+00
6.082935579617817723e+00
6.083435587088267482e+00
6.084229342142741359e+00
6.084539624055228302e+00
6.085080770651497772e+00
6.085872785250344918e+00
6.086148953437806597e+00
6.086712729930876975e+00
6.087275052070616255e+00
6.088287409146627027e+00
6.088445349534353568e+00
6.088947769006093580e+00
6.089527082443236594e+00
6.090085295836129120e+00
6.090620903174080780e+00
6.091145630677541334e+00
6.091730888684590894e+00
6.092429510752360500e+00
6.092865149180095585e+00
6.093428699175515106e+00
6.094078878561656865e+00
6.094515065352123173e+00
6.095055127143858442e+00
6.095701599121092329e+00
6.096852191289265477e+00
6.097205734252931109e+00
6.097403939565023023e+00
6.098103602727253048e+00
6.098755641778311087e+00
6.099201579888660518e+00
6.099709781010947296e+00
6.100436846415203007e+00
6.100991125901540357e+00
6.101349115371704102e+00
6.102046795686085545e+00
6.102482692400613473e+00
6.103005544344583200e+00
6.103602691491445853e+00
6.104386862119039137e+00
6.104665950934091256e+00
6.105100846290589800e+00
6.105757617950438032e+00
6.106278340021770390e+00
6.106768047809602251e+00
6.107299184799195757e+00
6.108284576733908011e+00
6.108597032229106105e+00
6.108901325861612719e+00
6.109497280915579864e+00
6.110056006908415327e+00
6.110585967699687870e+00
6.111170061429341160e+00
6.111759467919668509e+00
6.112528292338051727e+00
6.113044726848603005e+00
6.113399028778076172e+00
6.113950816790261200e+00
6.114534223079679975e+00
6.115013519922893437e+00
6.115571649869284698e+00
6.116411741574605543e+00
6.116719607512155932e+00
6.117303971449533861e+00
6.117829084396362305e+00
6.118361707528432447e+00
6.119090831279756060e+00
6.119654877980551078e+00
6.120396510759988473e+00
6.120655099550884159e+00
6.121212430795033299e+00
6.121709688504537894e+00
6.122346401214599609e+00
6.123319578170775657e+00
6.123567243417102901e+00
6.124388090769450343e+00
6.124565168221792533e+00
6.125133752822875977e+00
6.125623977184297075e+00
6.126284245649973315e+00
6.126714857419333526e+00
6.127323428789775761e+00
6.128337979316711426e+00
6.128550636768341775e+00
6.128925557931264478e+00
6.129556719462076586e+00
6.130093864599864162e+00
6.130575211842856476e+00
6.131133548418681301e+00
6.132270427544913360e+00
6.132385675112406176e+00
6.132884025573730469e+00
6.133612652619678585e+00
6.134005550543466967e+00
6.134502323468527862e+00
6.135010604063669604e+00
6.135615885257720947e+00
6.136473608016967063e+00
6.136753392219542746e+00
6.137543869018553977e+00
6.137996256351470947e+00
6.138452390829723271e+00
6.139231578509011911e+00
6.139706269900003122e+00
6.140239123503366869e+00
6.140620811780294730e+00
6.141124927997587690e+00
6.141818686326345755e+00
6.142258250713346968e+00
6.142795761426288692e+00
6.143444144725798139e+00
6.144272128740947636e+00
6.144547788302102020e+00
6.145116452376047533e+00
6.145743505160012887e+00
6.146212395032247144e+00
6.146813726425172320e+00
6.147283800443013035e+00
6.148297401269278595e+00
6.148643628756204293e+00
6.149135029315949907e+00
6.149485079447426727e+00
6.150064214070638968e+00
6.150576488176980661e+00
6.151130918661753100e+00
6.151734864711762896e+00
6.152359418074290431e+00
6.152907955646515603e+00
6.153789071242012909e+00
6.153967201709747314e+00
6.154718446731568093e+00
6.155059834321338741e+00
6.155614244937897439e+00
6.156228442986805049e+00
6.156691094239551632e+00
6.157397127151490679e+00
6.157862003644307691e+00
6.158370236555736454e+00
6.158984756469727984e+00
6.159501349925996294e+00
6.160167173544564889e+00
6.160576939582824707e+00
6.161538859208423702e+00
6.161753678321836958e+00
6.162251619497933319e+00
6.162822127342224121e+00
6.163359681765239628e+00
6.164306906859078339e+00
6.164535168806711596e+00
6.165049540996552224e+00
6.165799514452615426e+00
6.166284982363382738e+00
6.167001144091287301e+00
6.167409590880076564e+00
6.167982347806294285e+00
6.168601147333781398e+00
6.168971621990202436e+00
6.169696859518687404e+00
6.170099139213562012e+00
6.170613503456117144e+00
6.171128102143605076e+00
6.171719781557719386e+00
6.172269686063131644e+00
6.172934297720590990e+00
6.173361480236053467e+00
6.174013296763103398e+00
6.175003166993459303e+00
6.175239773591361114e+00
6.175709446271259395e+00
6.176171688238778046e+00
6.176867345968883427e+00
6.177734382947285496e+00
6.177936136722564697e+00
6.178633888562519161e+00
6.178969295819602081e+00
6.179591679573057661e+00
6.180440437793730979e+00
6.180699543158212350e+00
6.181244051456452837e+00
6.181833410263060102e+00
6.182429536183676078e+00
6.182987654209135542e+00
6.183404608567556693e+00
6.183926316102347442e+00
6.184506368637084250e+00
6.185653114318846235e+00
6.185856831073760276e+00
6.186273328463236965e+00
6.186681747436523438e+00
6.187295432885488111e+00
6.188461391131081513e+00
6.188733613491059771e+00
6.189064272244770848e+00
6.189548269907632516e+00
6.190051273504892038e+00
6.190998287995657989e+00
6.191236948966981402e+00
6.191756772994995828e+00
6.192349187533061183e+00
6.192825468381247589e+00
6.193641904989878100e+00
6.194102164109548170e+00
6.194460570812225342e+00
6.195229283968608058e+00
6.195690023899079080e+00
6.196418956915536569e+00
6.196692593892414891e+00
6.197260944048561981e+00
6.197868728637693891e+00
6.199014596144358791e+00
6.199146238962807587e+00
6.199687675635018991e+00
6.200133375326792873e+00
6.200650223096211278e+00
6.201610517501830344e+00
6.201914608478546143e+00
6.202314897378286673e+00
6.202825216452279022e+00
6.203476786613464355e+00
6.204393637180327659e+00
6.204541460673013376e+00
6.205110200246174657e+00
6.205587156613667332e+00
6.206204092502595415e+00
6.206993389129639382e+00
6.207434717814127367e+00
6.207831207911173266e+00
6.208420395851135254e+00
6.209068306287129246e+00
6.209825495878856572e+00
6.210143570105234545e+00
6.210578680038452148e+00
6.211135013898214652e+00
6.211753551165262621e+00
6.212406027317047830e+00
6.212795980771382176e+00
6.213393215338388842e+00
6.214120292663572798e+00
6.215050081411998661e+00
6.215139591693876753e+00
6.215686770280203888e+00
6.216284807523091871e+00
6.216926368077597687e+00
6.217580942312874726e+00
6.217836888631186554e+00
6.218389006455740997e+00
6.219023549556730757e+00
6.219651222229003906e+00
6.220334597428639256e+00
6.220756920178732940e+00
6.221273839473724365e+00
6.221848837534587062e+00
6.222241202990215214e+00
6.222794755299887015e+00
6.223381010691323212e+00
6.223912409941355861e+00
6.224520436922709621e+00
6.225030390421547821e+00
6.225578208764392940e+00
6.226136390368143481e+00
6.226690618197121552e+00
6.227240673700968898e+00
6.228200825055441925e+00
6.228471636772155762e+00
6.229021966457366943e+00
6.229501223564149370e+00
6.230180227756498823e+00
6.230659357706706203e+00
6.231352750460306567e+00
6.232192842165627411e+00
6.232390856742860308e+00
6.232809170087179496e+00
6.233386166890461766e+00
6.233975795904793671e+00
6.234572895367939793e+00
6.235015797615051980e+00
6.235573573907217337e+00
6.236363554000853071e+00
6.236829690138499416e+00
6.237400615215300093e+00
6.238013859589894849e+00
6.238527743021645477e+00
6.238936221599580279e+00
6.239461056391398586e+00
6.240231895446775923e+00
6.240663421154021506e+00
6.241227654616036347e+00
6.241685652732847700e+00
6.242237695058186375e+00
6.242800386746726105e+00
6.243352405230204738e+00
6.244510968526203243e+00
6.244828708966572606e+00
6.245204305648805132e+00
6.245590047041574167e+00
6.246141803264617209e+00
6.246681455771128100e+00
6.247260622183482326e+00
6.248277775446574367e+00
6.248408206303913914e+00
6.248923281828563603e+00
6.249498180548350490e+00
6.250019125143687404e+00
6.250575363636016846e+00
6.251268895467124054e+00
6.251681347688037960e+00
6.252646597226462433e+00
6.252850182851155125e+00
6.253362592061360914e+00
6.253945748011272343e+00
6.254483457406362135e+00
6.255200322469075758e+00
6.255735687414805568e+00
6.256420044104256561e+00
6.256840034325918509e+00
6.257336862881977879e+00
6.257987685998280369e+00
6.258347590764362423e+00
6.259135329723356733e+00
6.259518722693126591e+00
6.260304073492687138e+00
6.260650022824606253e+00
6.261142102877297333e+00
6.261722274621327244e+00
6.262391805648803711e+00
6.262809193134309282e+00
6.263355942567191192e+00
6.264218306541444292e+00
6.264622978369395412e+00
6.265287276109059889e+00
6.265687576929728664e+00
6.266143405437468061e+00
6.266689213116965362e+00
6.267297828197477827e+00
6.268274497985839133e+00
6.268390973409015743e+00
6.269095341364543827e+00
6.269536089897155051e+00
6.270070270697274850e+00
6.270670469601949293e+00
6.271174363295237697e+00
6.271695188681285060e+00
6.272299563884736529e+00
6.272845248381297978e+00
6.273345267772675982e+00
6.273957614103952807e+00
6.274486982822416792e+00
6.275017988681792502e+00
6.275582508246102975e+00
6.276332497596740723e+00
6.276686696211495331e+00
6.277455731232961966e+00
6.277801716327665815e+00
6.278374079863230151e+00
6.278987256685891083e+00
6.279536708196005179e+00
6.280313269297280954e+00
6.280745359261832306e+00
6.281180381774902344e+00
6.281697428226472368e+00
6.282274154822029999e+00
6.282801151275634766e+00
6.283409682909645966e+00
6.284298865000405243e+00
6.284604052702587040e+00
6.285017697016396454e+00
6.285815608501433616e+00
6.286140584945677290e+00
6.286730122566222434e+00
6.287330218156178319e+00
6.287809455394743452e+00
6.288413584232330322e+00
6.288959276676177268e+00
6.289461263020832860e+00
6.290044510364531050e+00
6.290675806999207254e+00
6.291167465845742157e+00
6.291788411140441184e+00
6.292298694451648799e+00
6.292800664901733398e+00
6.293354968229930790e+00
6.294015367825824825e+00
6.294658946990967507e+00
6.295148543516795314e+00
6.295573437213896284e+00
6.296142574151357252e+00
6.296688171227774689e+00
6.297436050573985256e+00
6.297862815856934304e+00
6.298440213998159010e+00
6.298963141441344504e+00
6.299523266156516144e+00
6.300071370601653342e+00
6.300710916519165039e+00
6.301185870170591841e+00
6.301715099811552534e+00
6.302340686321258545e+00
6.302813386917115679e+00
6.303356599807738547e+00
6.303957466284433764e+00
6.304484148820240108e+00
6.305214873949687160e+00
6.305806616942088993e+00
6.306194225947063359e+00
6.306755991776785919e+00
6.307283349831898533e+00
6.307795981566112431e+00
6.308748380343118356e+00
6.308935729662575653e+00
6.309477341175078635e+00
6.310104139645893895e+00
6.310600070158638886e+00
6.311131580670675589e+00
6.311682935555776197e+00
6.312345902125041874e+00
6.312810258070626901e+00
6.313447999954224343e+00
6.313908906777701446e+00
6.314464660485587189e+00
6.315085128943124460e+00
6.315876893202464260e+00
6.316743814945219526e+00
6.316872151692709991e+00
6.317272718747457105e+00
6.317892479896546121e+00
6.318354026476541208e+00
6.318914687633515825e+00
6.319464306036632451e+00
6.320036995410919900e+00
6.320812479654946969e+00
6.321217401822408988e+00
6.321774860223133174e+00
6.322289959589639352e+00
6.322858409086862252e+00
6.323353771368662279e+00
6.323916606108348049e+00
6.324743429819744023e+00
6.325076659520465938e+00
6.325670425097147387e+00
6.326219495137532789e+00
6.326813054084777121e+00
6.327239108085631614e+00
6.327822347482044307e+00
6.328366176287332223e+00
6.329093623161316629e+00
6.329689145088195801e+00
6.330234932899475808e+00
6.330761539936066384e+00
6.331390953063966265e+00
6.331692890326181100e+00
6.332698825995127123e+00
6.332809718449912140e+00
6.333505789438884648e+00
6.333957779407501931e+00
6.334582662582398882e+00
6.335034445921579049e+00
6.335732714335122751e+00
6.336164919535317352e+00
6.336699155966439179e+00
6.337448938687643363e+00
6.337913695971170824e+00
6.338384433587393119e+00
6.338921980063119577e+00
6.339582180976869097e+00
6.340024022261300018e+00
6.340806996822358599e+00
6.341184389591216330e+00
6.341703339417776419e+00
6.342268498738608429e+00
6.342905147870382621e+00
6.343431127071379905e+00
6.343928003311155805e+00
6.344553017616270552e+00
6.345055154959361232e+00
6.345602997144062840e+00
6.346163181463875702e+00
6.346761095523834939e+00
6.347280275821685080e+00
6.347849619388579612e+00
6.348727107048034668e+00
6.349083300431569654e+00
6.349670827388763428e+00
6.350021521250408085e+00
6.350731197992960375e+00
6.351164472103118186e+00
6.351900748411814845e+00
6.352425773938495723e+00
6.352850850423177320e+00
6.353371500968933105e+00
6.353917241096496582e+00
6.354548160235086840e+00
6.355102574825288286e+00
6.355694385369620392e+00
6.356206790606179879e+00
6.356800405184426239e+00
6.357274878025055642e+00
6.357881418863932765e+00
6.358400372664132050e+00
6.358917196591693966e+00
6.359526701768238865e+00
6.360023669401805080e+00
6.360625310738882376e+00
6.361225696404776642e+00
6.361831621328988717e+00
6.362254440784454346e+00
6.362810766696931353e+00
6.363383841514586692e+00
6.363933535416922638e+00
6.364480193456014234e+00
6.365023056666057499e+00
6.365654031435649784e+00
6.366158346335094365e+00
6.366689527034758100e+00
6.367343950271607156e+00
6.367824105421700409e+00
6.368446175257364672e+00
6.369002171357472264e+00
6.369508274396260106e+00
6.370137683550517238e+00
6.370616571108499215e+00
6.371185417970021803e+00
6.371868773301443412e+00
6.372334627310433319e+00
6.372806326548257516e+00
6.373397743701936236e+00
6.373907780647279253e+00
6.374464631080627441e+00
6.375132620334625244e+00
6.375574322541556427e+00
6.376135238011677586e+00
6.376732806364696415e+00
6.377239263057710161e+00
6.377852710088095733e+00
6.378383111953734641e+00
6.378910148143766889e+00
6.379460084438324685e+00
6.380020062128703984e+00
6.380616295337677712e+00
6.381193395455678541e+00
6.381766470273337433e+00
6.382339866956076690e+00
6.382891178131103516e+00
6.383474421501158957e+00
6.383919938405355765e+00
6.384468277295429317e+00
6.385099669297535030e+00
6.385670506954191694e+00
6.386191062132517970e+00
6.386690564950306737e+00
6.387351520856221043e+00
6.387851583957672830e+00
6.388401317596436257e+00
6.388928922017417023e+00
6.389470279216766357e+00
6.390022277832031250e+00
6.390583300590513716e+00
6.391180511315663892e+00
6.391701189676918915e+00
6.392409686247507494e+00
6.393259580930074293e+00
6.393432676792144775e+00
6.393951257069904415e+00
6.394551173845925973e+00
6.395265376567841997e+00
6.395692058404286229e+00
6.396283630530039233e+00
6.396913409233093262e+00
6.397572004795073042e+00
6.398090771834056056e+00
6.398488454023997463e+00
6.399186336994169721e+00
6.399580748875937530e+00
6.400263440608977561e+00
6.400632274150847678e+00
6.401217861970266654e+00
6.401709270477294211e+00
6.402266085147857666e+00
6.402880573272703657e+00
6.403402841091157427e+00
6.403957128524780273e+00
6.404511300722756317e+00
6.405082106590270996e+00
6.405594611167906294e+00
6.406653344631195068e+00
6.406841123104094038e+00
6.407454983393350290e+00
6.407871790726979100e+00
6.408461153507232666e+00
6.409119812647499970e+00
6.409631991386412153e+00
6.410122942924498801e+00
6.410677544275920070e+00
6.411156849066415475e+00
6.411748695373535867e+00
6.412296414375305176e+00
6.412831493218739354e+00
6.413373935222626443e+00
6.413917231559754129e+00
6.414492221673331329e+00
6.415025512377422245e+00
6.415577367941537545e+00
6.416144299507141824e+00
6.416687838236491359e+00
6.417271252473195631e+00
6.417808787027993844e+00
6.418352162837983599e+00
6.418998328844704560e+00
6.419535795847576054e+00
6.420352180798847286e+00
6.420773037274678074e+00
6.421322965621946821e+00
6.421761707464852975e+00
6.422285691897073434e+00
6.422813630104066362e+00
6.423609662055969949e+00
6.423944648106893140e+00
6.424733289082844578e+00
6.425117651621501835e+00
6.425913520654042088e+00
6.426272646586099313e+00
6.426693542798361136e+00
6.427321879069008759e+00
6.427822685241700640e+00
6.428785471121468476e+00
6.429131309191387089e+00
6.429604085286459991e+00
6.430041714509329154e+00
6.430592064062754076e+00
6.431233596801757102e+00
6.432093568642933690e+00
6.432385317484538234e+00
6.432803666591645708e+00
6.433393685022988251e+00
6.433926439285279741e+00
6.434470530351003248e+00
6.435020351409910688e+00
6.435616381963093602e+00
6.436164315541585523e+00
6.437032997608184814e+00
6.437398978074391209e+00
6.437832975387571821e+00
6.438360190391541948e+00
6.438921288649240182e+00
6.439468232790627411e+00
6.440112340450287576e+00
6.440699815750122070e+00
6.441180610656736860e+00
6.441689129670461256e+00
6.442278639475503610e+00
6.442807443936665379e+00
6.443372317155201756e+00
6.443912374973297830e+00
6.444834864139558306e+00
6.445182927449543797e+00
6.445736932754517312e+00
6.446314152081807691e+00
6.446691012382508745e+00
6.447253525257110596e+00
6.447966976960501029e+00
6.448370019594829472e+00
6.448911066850026685e+00
6.449526933828988007e+00
6.450145002206166822e+00
6.450728456179302128e+00
6.451232397556303511e+00
6.451705177625019161e+00
6.452674535910286835e+00
6.453005961577098049e+00
6.453511540095011156e+00
6.454105230172476837e+00
6.454601613680519989e+00
6.455213872591652802e+00
6.455617741743722604e+00
6.456267925103507110e+00
6.456780322392781102e+00
6.457249013582863739e+00
6.457818901538850298e+00
6.458357195059459599e+00
6.458957294623058232e+00
6.459475807348887599e+00
6.460107004642487993e+00
6.460750965277352265e+00
6.461207493146261527e+00
6.461711223920186598e+00
6.462382431825002271e+00
6.463013390700023564e+00
6.463405009110768873e+00
6.464065965016683180e+00
6.464475750923156738e+00
6.465021459261574677e+00
6.465688129266101924e+00
6.466159001986184762e+00
6.466713905334472656e+00
6.467273465792338527e+00
6.467882307370505401e+00
6.468771370251975128e+00
6.469071364402772417e+00
6.469535863399507036e+00
6.470212503274282767e+00
6.470646854241689283e+00
6.471229708194734087e+00
6.471867219607034372e+00
6.472327701250712551e+00
6.472802476088205026e+00
6.473594236373902078e+00
6.473975956439971924e+00
6.474483780066172756e+00
6.475089895725250955e+00
6.475581705570220947e+00
6.476144146919249778e+00
6.476762024561562470e+00
6.477304720878599653e+00
6.478013273080190260e+00
6.478370245297750074e+00
6.478929332892100490e+00
6.479466835657756718e+00
6.480042080084484013e+00
6.480632138252257590e+00
6.481247846285501879e+00
6.481866816679637822e+00
6.482290331522623461e+00
6.482876718044281006e+00
6.483443784713745828e+00
6.484012556076049094e+00
6.484689438343046675e+00
6.485025155544281716e+00
6.485677011807759129e+00
6.486148047447205300e+00
6.487046396732331743e+00
6.487526901563008153e+00
6.487954131762187160e+00
6.488516620794932521e+00
6.489545818169911939e+00
6.489691944917044708e+00
6.490235431989034964e+00
6.490681072076160518e+00
6.491145555178324145e+00
6.491741061210632324e+00
6.492447841167450662e+00
6.492947979768118216e+00
6.493545401096344705e+00
6.494053741296131221e+00
6.495097672939301958e+00
6.495213234424589643e+00
6.495668419202168309e+00
6.496250303586325714e+00
6.496838812033335131e+00
6.497672939300535688e+00
6.497811686992644553e+00
6.498437122503915475e+00
6.499047787984213898e+00
6.499470122655232274e+00
6.500284655888876273e+00
6.500729238986970415e+00
6.501141079266865574e+00
6.501847823460895626e+00
6.502301875750223559e+00
6.503094923496245627e+00
6.503693131605782440e+00
6.504035246372222190e+00
6.504540967941284890e+00
6.505137268702188891e+00
6.505657891432445439e+00
6.506226511796317169e+00
6.506697539488474291e+00
6.507524275779722700e+00
6.508316544691719940e+00
6.508532261848451128e+00
6.509161563714346954e+00
6.509589056173961552e+00
6.510865775744118622e+00
6.511118006706237082e+00
6.511278390884399414e+00
6.511813497543336382e+00
6.512574597199758841e+00
6.512888737519581639e+00
6.513717786471048043e+00
6.513960246245066088e+00
6.514538566271465214e+00
6.515162348747253418e+00
6.515673772493997262e+00
6.516311558087668487e+00
6.516919763882956573e+00
6.517456861337027618e+00
6.517840576171874289e+00
6.519069739182789647e+00
6.519219787915549347e+00
6.519580876827241411e+00
6.520161422093710968e+00
6.520716158548989227e+00
6.521626555919645796e+00
6.522000749905902950e+00
6.522415375709535112e+00
6.522805531819660274e+00
6.523392534255982866e+00
6.524395442008973589e+00
6.524771285057067161e+00
6.525130021572113748e+00
6.525811310609181959e+00
6.526853235562644073e+00
6.527237745126090118e+00
6.527344882488250732e+00
6.527908003330232134e+00
6.528370587031044892e+00
6.529042096932730743e+00
6.529867108662923414e+00
6.530107196172078687e+00
6.530983241399130890e+00
6.531373540560405644e+00
6.531752570470175101e+00
6.532400453090666304e+00
6.533075292905170528e+00
6.533811541398367950e+00
6.533908748626707563e+00
6.535054453214009129e+00
6.535446886221567553e+00
6.535883796215056663e+00
6.536333413918814728e+00
6.536749653021495021e+00
6.537666972478231031e+00
6.538002455234526167e+00
6.538490120569864672e+00
6.538969143231710746e+00
6.539629332224528468e+00
6.540442430973051557e+00
6.540988457202910666e+00
6.541268817583720363e+00
6.541808144251504586e+00
6.542917525768281450e+00
6.543147989114125096e+00
6.543527448177336225e+00
6.544037338097890455e+00
6.544518784681955026e+00
6.545595880349477369e+00
6.545649822552999098e+00
6.546289018789927638e+00
6.547000869115194632e+00
6.547520403067270678e+00
6.548403596878053179e+00
6.548654111226401398e+00
6.548938425381980011e+00
6.549659713109335257e+00
6.550032889842988482e+00
6.550928902626036887e+00
6.551484020551047394e+00
6.551947605609893088e+00
6.552471220493316650e+00
6.553162622451782937e+00
6.553517071406044892e+00
6.553923400243125030e+00
6.554587213198342255e+00
6.555141234397886763e+00
6.555684701601663278e+00
6.556291242440540401e+00
6.556853930155437382e+00
6.557922661304473877e+00
6.558172468344370287e+00
6.558374059200286155e+00
6.558914069334665697e+00
6.559476327896117454e+00
6.560024154186248069e+00
6.560985128084819706e+00
6.561244122187297023e+00
6.561754016081490448e+00
6.562649198373158299e+00
6.563071747620899288e+00
6.563368129730225320e+00
6.564290746053060843e+00
6.564660481611888088e+00
6.565362958113350800e+00
6.565938874085745169e+00
6.566167871157329472e+00
6.566701145966849396e+00
6.567507886886595259e+00
6.567886177698770922e+00
6.569066143035890093e+00
6.569148544470468920e+00
6.569577666123709747e+00
6.570619682470958622e+00
6.570780956745146284e+00
6.571392901738484227e+00
6.572346989313761156e+00
6.572560278574623993e+00
6.572959526379904105e+00
6.573927903175352583e+00
6.574148535728454590e+00
6.574510792891185673e+00
6.575424015522003174e+00
6.575733542442321777e+00
6.576358405749001435e+00
6.577078032493592019e+00
6.577336378892262303e+00
6.577834292252859427e+00
6.578633618354796653e+00
6.578917670249939675e+00
6.579504446188607858e+00
6.580375730991363525e+00
6.580910138289134181e+00
6.581357765197754617e+00
6.581986701488496294e+00
6.582490050792692671e+00
6.582804608345032449e+00
6.583581801255544264e+00
6.584142537911734649e+00
6.585015153884889116e+00
6.585600356260936650e+00
6.586169377962747262e+00
6.586751731236777374e+00
6.586896836757659912e+00
6.587521417935690238e+00
6.588467224438986136e+00
6.588718946774800855e+00
6.589078124364217359e+00
6.589839506149292703e+00
6.590071356296540728e+00
6.590579791863760306e+00
6.591502400239310333e+00
6.591694064935047948e+00
6.592352457841236912e+00
6.593033683300017600e+00
6.593375424544017704e+00
6.593972305456798466e+00
6.594706535339355469e+00
6.595204599698384129e+00
6.595602091153462965e+00
6.596277181307474535e+00
6.596696714560192021e+00
6.597333268324533151e+00
6.597877895832063189e+00
6.598404264450074663e+00
6.599448140462239820e+00
6.599717271327971702e+00
6.600173163414002175e+00
6.601176913579305250e+00
6.601362518469493068e+00
6.601816785335540061e+00
6.602671209971109789e+00
6.602835806210837433e+00
6.603485218683879054e+00
6.604348965485890233e+00
6.604766571521757612e+00
6.605160689353944292e+00
6.605921101570128684e+00
6.606409958998362697e+00
6.606876858075459324e+00
6.607568562030792236e+00
6.607835046450297511e+00
6.608414487044015573e+00
6.609160292148590798e+00
6.609493672847747803e+00
6.610101866722107644e+00
6.610795700550077925e+00
6.611299129327139923e+00
6.612194180488586426e+00
6.612281028429666918e+00
6.612807949384052364e+00
6.613360015551247528e+00
6.614015487829842499e+00
6.614609078566232370e+00
6.615492947896321141e+00
6.615763453642525604e+00
6.616230913003285252e+00
6.617100918292997846e+00
6.617268264293670654e+00
6.618218104044597538e+00
6.618524281183876923e+00
6.619449893633525761e+00
6.619605580965679081e+00
6.620253610610962625e+00
6.620901306470234005e+00
6.621224236488341575e+00
6.621749103069305420e+00
6.622366094589231977e+00
6.623005465666452096e+00
6.623369856675466849e+00
6.624395012855529785e+00
6.624536748727162916e+00
6.625098379453024933e+00
6.625607335567472944e+00
6.626527722676595289e+00
6.626863642533621146e+00
6.627290860811868356e+00
6.628264284133912554e+00
6.628381454944609175e+00
6.628932297229766846e+00
6.629478152592977125e+00
6.630378166834514531e+00
6.630734312534332986e+00
6.631215731302898320e+00
6.631740669409435185e+00
6.632518152395885380e+00
6.632998919487000933e+00
6.633544663588207158e+00
6.634514073530834111e+00
6.634789896011351829e+00
6.635180087884268829e+00
6.635600495338440652e+00
6.636398382981617772e+00
6.636712495485941332e+00
6.637642590204873017e+00
6.638326756159464992e+00
6.638936479886371700e+00
6.639051167170205048e+00
6.639731872081757302e+00
6.640713890393573848e+00
6.640939247608184104e+00
6.641403396924335567e+00
6.642331985632576874e+00
6.642602570851643407e+00
6.642940505345663382e+00
6.643642270565031538e+00
6.644283839066822850e+00
6.644531440734862571e+00
6.645258895556132472e+00
6.646398333708443573e+00
6.646780586242677202e+00
6.646946346759797564e+00
6.647355405489602020e+00
6.648335782686867645e+00
6.648550887902576534e+00
6.649088863531748217e+00
6.649661246935526293e+00
6.650371237595877005e+00
6.650702643394470925e+00
6.651158686478932935e+00
6.651756529013315600e+00
6.652414107322691450e+00
6.652984281380970089e+00
6.653398025035858865e+00
6.654268932342528586e+00
6.654519021511077881e+00
6.655068767070769553e+00
6.655583635965982126e+00
6.656443818410238578e+00
6.656929055849712284e+00
6.657365552584330715e+00
6.658524501323700662e+00
6.658783320585886401e+00
6.658943569660188189e+00
6.659475040435790305e+00
6.660458099842070823e+00
6.660887479782104492e+00
6.661337363719940896e+00
6.662185676892597996e+00
6.662417320410408905e+00
6.663000067075092403e+00
6.663470911979676004e+00
6.664340297381084355e+00
6.664571388562521292e+00
6.665051869551341213e+00
6.665580936272938573e+00
6.666267422835030487e+00
6.666757826010385912e+00
6.667250573635101318e+00
6.668397708733877494e+00
6.668537255128224928e+00
6.669131342569986742e+00
6.669476370016734990e+00
6.670372664928436279e+00
6.670746850967407937e+00
6.671268502871196659e+00
6.672320286432903202e+00
6.672566294670104980e+00
6.673080722490947636e+00
6.673384805520374385e+00
6.674334800243379107e+00
6.674573437372842477e+00
6.675028860569000244e+00
6.675633041063942841e+00
6.676278332869213017e+00
6.677137931187946407e+00
6.677491450309751997e+00
6.678595097859702179e+00
6.678722071647644754e+00
6.678957291444142186e+00
6.679638600349427691e+00
6.680339737733206107e+00
6.680865836143492942e+00
6.681208475430807425e+00
6.681751632690428266e+00
6.682397552331288182e+00
6.683011162281037087e+00
6.683537868658699921e+00
6.684397765000660740e+00
6.684714766343436310e+00
6.685342637697853974e+00
6.685828435420990701e+00
6.686253066857656080e+00
6.686955340703327977e+00
6.687372593084969452e+00
6.687949144840239057e+00
6.688394856452941184e+00
6.689028235276541778e+00
6.689677262306211958e+00
6.690121781826018577e+00
6.690600931644439697e+00
6.691138362884522905e+00
6.691711314519245946e+00
6.692431879043578391e+00
6.692926088968913945e+00
6.693413205941517674e+00
6.694092655181883345e+00
6.694909075895946415e+00
6.695149008433023852e+00
6.695588330427806767e+00
6.696180935700734693e+00
6.696700565020243801e+00
6.697646522521971235e+00
6.697901574770607880e+00
6.698408913612365012e+00
6.698921875158944772e+00
6.699479671319327423e+00
6.700248428185780369e+00
6.700600699583688424e+00
6.701180867354075588e+00
6.701780160268146602e+00
6.702252546946208867e+00
6.702998912334443560e+00
6.703681723276773141e+00
6.704046233495077445e+00
6.704741978645323286e+00
6.705782735347746382e+00
6.706008764108023712e+00
6.706180254618328007e+00
6.706692143281301810e+00
6.707329241434731415e+00
6.708221010367076076e+00
6.708504311243693508e+00
6.709036922454835405e+00
6.709492007891338261e+00
6.710035753250121360e+00
6.710997482140857784e+00
6.711294265588126251e+00
6.711825593312582328e+00
6.712246032555899689e+00
6.712824261188508501e+00
6.713607362906138576e+00
6.714085324605306937e+00
6.714563481012980617e+00
6.715101408958435769e+00
6.715591426690419752e+00
6.716516915957132738e+00
6.716863711675006954e+00
6.717371253172554901e+00
6.718058156967163796e+00
6.718995618820191140e+00
6.719074626763660518e+00
6.719808157285054762e+00
6.720081102848052268e+00
6.720802414417267556e+00
6.721690249443053489e+00
6.721793599923451268e+00
6.722381110986074049e+00
6.722995690504710353e+00
6.723545420169831033e+00
6.724328792095185747e+00
6.724585064252217137e+00
6.725051728884377411e+00
6.725614380836486106e+00
6.726188500722248165e+00
6.726950216293335671e+00
6.727424637476602243e+00
6.728001511096955767e+00
6.728830695152282715e+00
6.728954021135965746e+00
6.729882693290711870e+00
6.730365896224974165e+00
6.731332496802011178e+00
6.731457920869193146e+00
6.732228346665699803e+00
6.732440745830537310e+00
6.733095641930898267e+00
6.733576516310375126e+00
6.734138933817543915e+00
6.734930344422657811e+00
6.735220134258270264e+00
6.735699613889057247e+00
6.736227627595265943e+00
6.736694892247516719e+00
6.737596968809764775e+00
6.738112620512644924e+00
6.738427571455638088e+00
6.739227322737374237e+00
6.739569803078968135e+00
6.740398136774697235e+00
6.740623954931894701e+00
6.741343156496682809e+00
6.741816500822704228e+00
6.742379041512808868e+00
6.743194917837779911e+00
6.743667622407276241e+00
6.744009315967559814e+00
6.744540790716808232e+00
6.745661707719168732e+00
6.746000905831653682e+00
6.746282605330147675e+00
6.746755154927573273e+00
6.747263499101002537e+00
6.748236775398254395e+00
6.748581814765930886e+00
6.748917667071022919e+00
6.749627892176309985e+00
6.750069669882456935e+00
6.750921674569447362e+00
6.751192386945088941e+00
6.751734066009522195e+00
6.752377935250599705e+00
6.752871827284494088e+00
6.753363140424092137e+00
6.753961404164630977e+00
6.754654645919799805e+00
6.755061300595603058e+00
6.755808929602306279e+00
6.756239652633666992e+00
6.756792414188385720e+00
6.757467238108315399e+00
6.757915341854094038e+00
6.758440319697061938e+00
6.758980170885720895e+00
6.759617122014365265e+00
6.760246503353119607e+00
6.760719378789264766e+00
6.761143720149995318e+00
6.761831573645274318e+00
6.762364884217578975e+00
6.762808553377787746e+00
6.763378187020620658e+00
6.764444124698638205e+00
6.764550491174063040e+00
6.765081930160523171e+00
6.765625393390656939e+00
6.766165804862975364e+00
6.766737576325734693e+00
6.767259530226390041e+00
6.768219685554505816e+00
6.768477034568785911e+00
6.768958973884583230e+00
6.769485561052956513e+00
6.770066920916239184e+00
6.770901783307394339e+00
6.771377392609913670e+00
6.772263058026631199e+00
6.772604584693908691e+00
6.772850334644317627e+00
6.773543787002562766e+00
6.774091653029124416e+00
6.774473027388253854e+00
6.775083243846893311e+00
6.775660546620688507e+00
6.776249937216441310e+00
6.776864314079283247e+00
6.777518681685130275e+00
6.777833302815754024e+00
6.778360251585642260e+00
6.779027442137401493e+00
6.779622030258178000e+00
6.780308123429616529e+00
6.780714694658914965e+00
6.781143478552500881e+00
6.781915100415549347e+00
6.782301632563271454e+00
6.782976635297139012e+00
6.783556028207144095e+00
6.784453972180685355e+00
6.784683525562286377e+00
6.785237093766529171e+00
6.785735122362773097e+00
6.786178867022197636e+00
6.786716918150585087e+00
6.787427890300751443e+00
6.788259891668953827e+00
6.789012070496877271e+00
6.789295093218484567e+00
6.789755018552146026e+00
6.790330596764881932e+00
6.790739043553671195e+00
6.791145336627959495e+00
6.792270195484160666e+00
6.792484760284423828e+00
6.792820052305856393e+00
6.793607620398201874e+00
6.794009912014008279e+00
6.794753483931224025e+00
6.795042936007181567e+00
6.795586931705475564e+00
6.796386690934500763e+00
6.796784559885661992e+00
6.797253290812175663e+00
6.797813753286998661e+00
6.798370428880055272e+00
6.798981070518493652e+00
6.799558730920157501e+00
6.800422517458596161e+00
6.801147039731343824e+00
6.801455116271974077e+00
6.801846957206727495e+00
6.802382703622182447e+00
6.802901208400726318e+00
6.803494771321613399e+00
6.804265828927359649e+00
6.804546924432120392e+00
6.805069641272226022e+00
6.805588368574778002e+00
6.806142719586691925e+00
6.806769625345864938e+00
6.807273817062377219e+00
6.808346482117972442e+00
6.808931922912599077e+00
6.809002939860025805e+00
6.809613418579100852e+00
6.810040350755055982e+00
6.810613171259561227e+00
6.811211446921031865e+00
6.811769870917000702e+00
6.812476670742036333e+00
6.812819520632427128e+00
6.813394347826640995e+00
6.814015221595763450e+00
6.814763053258261039e+00
6.815083964665731742e+00
6.815616480509440578e+00
6.816479686896006029e+00
6.816876296202341479e+00
6.817556703090666304e+00
6.818024019400279911e+00
6.818485820293425093e+00
6.818927462895711500e+00
6.819481925169625924e+00
6.820300380388896855e+00
6.820823089281716989e+00
6.821365106105805154e+00
6.821812721093497345e+00
6.822466842333476222e+00
6.822835675875346340e+00
6.823392430941265019e+00
6.823985572655995924e+00
6.824483605225882599e+00
6.825095804532370636e+00
6.825637722015379438e+00
6.826410567760468950e+00
6.827166716257732304e+00
6.827650694052376679e+00
6.827904613812766144e+00
6.828773701190947065e+00
6.829435678323111603e+00
6.829663709799447702e+00
6.830537426471710916e+00
6.830925587813059252e+00
6.831187788645426195e+00
6.831799840927125445e+00
6.832269080479939305e+00
6.833002618948619045e+00
6.833402140935262992e+00
6.833962786197663064e+00
6.834648176034292533e+00
6.835156544049581839e+00
6.835668551921845193e+00
6.836241682370502559e+00
6.836788252989450143e+00
6.837460891405740426e+00
6.837937176227569580e+00
6.838622808456420898e+00
6.838955895105996774e+00
6.839480904738106659e+00
6.840030896663666482e+00
6.840641772747041216e+00
6.841287620862324559e+00
6.841735418637593824e+00
6.842307937145232444e+00
6.842885057131450566e+00
6.843409880002340628e+00
6.844022929668426514e+00
6.844803718725838593e+00
6.845143437385559082e+00
6.845841157436371560e+00
6.846365988254547119e+00
6.846897308031717699e+00
6.847372325261435577e+00
6.847825113932291430e+00
6.848388922214507346e+00
6.848974279562632717e+00
6.849609537919363333e+00
6.850168069203693477e+00
6.850590980052949419e+00
6.851425985495250615e+00
6.851834567387900421e+00
6.852672151724497951e+00
6.852986951669056026e+00
6.853390463193257176e+00
6.853921846548715280e+00
6.854645379384358250e+00
6.855061745643617144e+00
6.855591058731079102e+00
6.856167737642923754e+00
6.856941938400268555e+00
6.857313541571297577e+00
6.857914423942567339e+00
6.858388825257620169e+00
6.858949037392935821e+00
6.859496994813284232e+00
6.860138412316640455e+00
6.860805356502531538e+00
6.861147058010100608e+00
6.861706916491190356e+00
6.862302962938944262e+00
6.862832335631050995e+00
6.863363214333851658e+00
6.863963619867959665e+00
6.864542404810588749e+00
6.865052878856658936e+00
6.865736162662507525e+00
6.866163289546967974e+00
6.866704972585043976e+00
6.867344419161479863e+00
6.867808894316354440e+00
6.868824656804402906e+00
6.869058760007224151e+00
6.869594434897106083e+00
6.870033800601959229e+00
6.870592232545217115e+00
6.871181797981261496e+00
6.871806406974791059e+00
6.872258706887564017e+00
6.872815120220185037e+00
6.873365211486817117e+00
6.873923420906066895e+00
6.874577387173971488e+00
6.875069085756937426e+00
6.875587813059489406e+00
6.876144166787465650e+00
6.876833967367808498e+00
6.877277533213298710e+00
6.877881515026093240e+00
6.878371103604635550e+00
6.879066975911459991e+00
6.879686101277670218e+00
6.880077429612477147e+00
6.880687661965687596e+00
6.881233513355255127e+00
6.881883478164674273e+00
6.882254290580750222e+00
6.882854481538135616e+00
6.883460458119710523e+00
6.883983449141183542e+00
6.884727191925048118e+00
6.885086508591971466e+00
6.885618980725606519e+00
6.886143553256989236e+00
6.886755184332528756e+00
6.887279180685677460e+00
6.888317926724752738e+00
6.888441546758016898e+00
6.889118548234304029e+00
6.889491132895152248e+00
6.890074940522513458e+00
6.890587087472280103e+00
6.891145845254261104e+00
6.891697394847870584e+00
6.892392241954802046e+00
6.892820739746092329e+00
6.893660287062328251e+00
6.894036289056142408e+00
6.894485247135161643e+00
6.895033331712088653e+00
6.895730880896248749e+00
6.896368161837258981e+00
6.896816587448121538e+00
6.897264643510183646e+00
6.897825046380361869e+00
6.898401709397635528e+00
6.899480982621511771e+00
6.900247573852539062e+00
6.900618481636048074e+00
6.901182190577188180e+00
6.901701605319978228e+00
6.902297453085580514e+00
6.902820301055907493e+00
6.903392481803894754e+00
6.904437359174092848e+00
6.904549173514048732e+00
6.905213721593220555e+00
6.905724267164867314e+00
6.906193180878958060e+00
6.906703440348305634e+00
6.907261979579924827e+00
6.908266206582386104e+00
6.908599249521891750e+00
6.909053202470143873e+00
6.909521706899006688e+00
6.910205272833504608e+00
6.910720185438790963e+00
6.911175437768299901e+00
6.912186761697132198e+00
6.912338654200237187e+00
6.912811402479807299e+00
6.913382387161256304e+00
6.913923990726470237e+00
6.914494935671488207e+00
6.915134259064991795e+00
6.915601038932798872e+00
6.916261065006256814e+00
6.916713456312816533e+00
6.917267648379006317e+00
6.917871745427451202e+00
6.918473811944327423e+00
6.918955703576404659e+00
6.919670581817626953e+00
6.920246632893881866e+00
6.920685501893363067e+00
6.921173755327860277e+00
6.921852922439576616e+00
6.922259120146431854e+00
6.923014843463896284e+00
6.923375693957009247e+00
6.924346888065336714e+00
6.924565239747366263e+00
6.925054804484048532e+00
6.925656835238140019e+00
6.926158877213797638e+00
6.926701537768046535e+00
6.927271453539528778e+00
6.928277659416199441e+00
6.928382770220437692e+00
6.928938313325247123e+00
6.929554367065428266e+00
6.930052606264748505e+00
6.930645489692686567e+00
6.931198831399282057e+00
6.931750365098316990e+00
6.932460943857829960e+00
6.933081789811453177e+00
6.933451080322264204e+00
6.933923431237538182e+00
6.934477202097575343e+00
6.935033988952636008e+00
6.935587787628172407e+00
6.936393825213112763e+00
6.936839683850607230e+00
6.937260560194651760e+00
6.937823029359183380e+00
6.938374968369803497e+00
6.938985494772591522e+00
6.939549986521402758e+00
6.940288062890370924e+00
6.940864487489065482e+00
6.941143910090129765e+00
6.941777209440868290e+00
6.942267453670503130e+00
6.942837309837340598e+00
6.943364310264588113e+00
6.944322113196054858e+00
6.944747749964395922e+00
6.945139511426290824e+00
6.945600020885468240e+00
6.946212482452391868e+00
6.946706426143645530e+00
6.947260574499765085e+00
6.948289203643799539e+00
6.948510181903838401e+00
6.948930533727011749e+00
6.949520889918009203e+00
6.950135223070780910e+00
6.950600179036459991e+00
6.951149825255075854e+00
6.951704045136768428e+00
6.952478909492491255e+00
6.952943722407024296e+00
6.953437332312265795e+00
6.954270700613658818e+00
6.954593618710834591e+00
6.955061948299409380e+00
6.955614745616912842e+00
6.956580018997193804e+00
6.957003951072692871e+00
6.957330024242402544e+00
6.958409599463145412e+00
6.958580720424652810e+00
6.959227216243743186e+00
6.959570348262786865e+00
6.960236732165018481e+00
6.960903724034626094e+00
6.961168122291564231e+00
6.962403766314189113e+00
6.962561794122059666e+00
6.963195216655730491e+00
6.963591285546620213e+00
6.964480610688529083e+00
6.964592007795967987e+00
6.965120093027749704e+00
6.965623911221822340e+00
6.966312197844185761e+00
6.967049936453502568e+00
6.967651943365734013e+00
6.968528950214384565e+00
6.968634986877439985e+00
6.969322089354196947e+00
6.969752411047618779e+00
6.970381987094878440e+00
6.970776279767353145e+00
6.971340560913084516e+00
6.972286772727965598e+00
6.972913984457651537e+00
6.973271890481314017e+00
6.973478881518044403e+00
6.974382630983988918e+00
6.974640981356301950e+00
6.975146166483561672e+00
6.976269404093425663e+00
6.976679376761119045e+00
6.977225037415824005e+00
6.977580579121909210e+00
6.978476154804230447e+00
6.978628269831339992e+00
6.979382356007892696e+00
6.979698677857715694e+00
6.980914827187856275e+00
6.981100960572561576e+00
6.981221199035644531e+00
6.981719835599264457e+00
6.982388234138490191e+00
6.982873920599619311e+00
6.983381168047586129e+00
6.984238715966544220e+00
6.984609270095823774e+00
6.985038216908773023e+00
6.985612944761911081e+00
6.986380179723102657e+00
6.986784025033315970e+00
6.987345449129740871e+00
6.988527552286782907e+00
6.988660458723703783e+00
6.989029490947721968e+00
6.989552676677703857e+00
6.990582621097566118e+00
6.990783814589182299e+00
6.991271197795867920e+00
6.992275269826254913e+00
6.992381310462953081e+00
6.992820998032886592e+00
6.993379950523376465e+00
6.994260680675505881e+00
6.994556554158528172e+00
6.995189793904621922e+00
6.995695964495340036e+00
6.996273012955985138e+00
6.996741767724355299e+00
6.997299877802529267e+00
6.998400044441222434e+00
6.998458492755890603e+00
6.998931451638540580e+00
6.999554653962452022e+00
