5.000956137975059335e+00
5.001595532894135943e+00
5.002210581302641401e+00
5.002614144484205383e+00
5.003113941351571725e+00
5.004316310087837394e+00
5.004584892590841605e+00
5.004836821556089888e+00
5.005643045902253618e+00
5.006111943721769819e+00
5.006919213136036717e+00
5.007051642735795838e+00
5.007807954152426078e+00
5.008224376042683446e+00
5.008807965119679295e+00
5.009724386533100926e+00
5.009858461221057269e+00
5.010553451379138323e+00
5.010903477668762207e+00
5.011463940143585205e+00
5.012294073899589364e+00
5.012673850854234558e+00
5.013115783532462899e+00
5.013666419188183454e+00
5.014221954345700283e+00
5.015161649386087106e+00
5.015494692325589199e+00
5.015907367070518319e+00
5.016453778743745318e+00
5.016998926798500236e+00
5.017624835173286613e+00
5.018123924732208252e+00
5.018715624014539856e+00
5.019413642088572658e+00
5.020346832275393467e+00
5.020528976122541565e+00
5.020948859055835101e+00
5.021638536453245649e+00
5.022101728121441511e+00
5.022865438461302290e+00
5.023238301277160645e+00
5.023665094375608930e+00
5.024221320947013680e+00
5.024834326903025783e+00
5.025663638114927778e+00
5.025992723306018206e+00
5.026467323303222656e+00
5.027071785926821690e+00
5.027588184674577576e+00
5.028194562594094918e+00
5.028730229536691354e+00
5.029484117031095991e+00
5.029773775736494201e+00
5.030336205164594787e+00
5.030938569704694885e+00
5.031442113717396580e+00
5.032058652242021424e+00
5.032552675406137155e+00
5.033517837524414062e+00
5.033743619918823242e+00
5.034225614865619036e+00
5.034779429435729980e+00
5.035333665211993548e+00
5.036254421869912790e+00
5.036466566721600202e+00
5.037029576301577549e+00
5.037558801968891942e+00
5.038129107157388376e+00
5.038954190413157619e+00
5.039371240139004726e+00
5.039839649200438032e+00
5.040335603555043065e+00
5.040895998477935791e+00
5.041681901613870309e+00
5.042042978604634129e+00
5.042619295914967381e+00
5.043207220236460842e+00
5.043716863791146920e+00
5.044315040111541748e+00
5.044783167044322170e+00
5.045379269123074550e+00
5.045928986867266985e+00
5.046887091795603908e+00
5.047031704584760803e+00
5.047571265697477827e+00
5.048109908898673837e+00
5.048683333396908779e+00
5.049516487121579189e+00
5.049845488866168353e+00
5.050351913770036560e+00
5.050926776727038714e+00
5.051453924179078570e+00
5.052212444941204694e+00
5.052613476912178214e+00
5.053114187717440586e+00
5.053673966725668265e+00
5.054295631249743792e+00
5.054868380228676017e+00
5.055430539449055516e+00
5.056028620402017282e+00
5.056465991338093602e+00
5.057029350598654105e+00
5.057572229703268363e+00
5.058169929186504987e+00
5.058666110038757324e+00
5.059268371264138864e+00
5.059778523445132237e+00
5.060334809621174657e+00
5.061001257101693795e+00
5.061537265777587891e+00
5.062109637260434170e+00
5.062684226036068935e+00
5.063120273749035505e+00
5.063700187206265468e+00
5.064222419261930952e+00
5.064776480197906494e+00
5.065584683418272505e+00
5.065968191623689165e+00
5.066474509239199620e+00
5.067024219036099453e+00
5.067555006345109803e+00
5.068115663528445225e+00
5.068771934509278765e+00
5.069653383890788234e+00
5.069805256525675929e+00
5.070391511917115679e+00
5.070980338255566267e+00
5.071503261725105460e+00
5.071998715400695801e+00
5.072561490535733242e+00
5.073623863855999616e+00
5.073774015903474321e+00
5.074294773737591413e+00
5.074798814455668605e+00
5.075494392712911917e+00
5.075896855195360047e+00
5.076513489087425057e+00
5.077479135990145664e+00
5.077715583642323338e+00
5.078144749005637948e+00
5.078799811999004987e+00
5.079266087214151071e+00
5.079780141512550529e+00
5.080377745628354091e+00
5.080888322989146388e+00
5.081598333517710842e+00
5.082010173797606001e+00
5.082571645577750985e+00
5.083113153775535409e+00
5.083690138657885882e+00
5.084221220016480913e+00
5.084797314802806056e+00
5.085627496242523193e+00
5.085896078745527404e+00
5.086484094460807626e+00
5.087077522277830610e+00
5.087586009502409468e+00
5.088140503565469430e+00
5.088711130619046230e+00
5.089638149738313189e+00
5.090015590190887451e+00
5.090346097946166992e+00
5.090942064921058829e+00
5.091674240430194232e+00
5.092054593563076992e+00
5.092556564013165143e+00
5.093598500887551950e+00
5.093710724512739318e+00
5.094256436824800005e+00
5.094783810774487165e+00
5.095350440343217713e+00
5.095900384585064558e+00
5.096448099613191118e+00
5.097042167186735639e+00
5.097564796606697257e+00
5.098146776358284171e+00
5.098673593997958164e+00
5.099226820468899746e+00
5.099821182092028948e+00
5.100335609912875157e+00
5.100887401898702933e+00
5.101642517248791364e+00
5.102004384994508257e+00
5.102560480435691659e+00
5.103112288316090428e+00
5.103673601150511274e+00
5.104252549012500140e+00
5.104833193620045506e+00
5.105523101488749660e+00
5.105968797206877241e+00
5.106501833597818063e+00
5.107047454516091989e+00
5.107599480946859671e+00
5.108116638660433750e+00
5.108671279748278948e+00
5.109560076395673889e+00
5.109904356797535740e+00
5.110408413410183925e+00
5.110896062850954991e+00
5.111575571695965436e+00
5.112001721064252990e+00
5.112564225991569344e+00
5.113115855058033787e+00
5.113693229357402004e+00
5.114226313432055804e+00
5.114820114771525539e+00
5.115376393000282462e+00
5.115899546941122367e+00
5.116557804743450788e+00
5.117041122913363438e+00
5.117628661791485456e+00
5.118216486771899554e+00
5.118670471509297215e+00
5.119303671518963483e+00
5.119780111312863369e+00
5.120332451661425921e+00
5.120891086260478176e+00
5.121514129638669033e+00
5.122001115481062072e+00
5.122638710339863621e+00
5.123111550013227600e+00
5.123667987187701556e+00
5.124268452326454337e+00
5.124871885776521196e+00
5.125359304745991551e+00
5.125888554255169538e+00
5.126552693049113429e+00
5.127013858159379822e+00
5.127557249863940569e+00
5.128172393639879090e+00
5.128707094987234427e+00
5.129222353299461190e+00
5.129794891675309998e+00
5.130390401681260926e+00
5.130890317757923924e+00
5.131500701109565910e+00
5.131998431682589512e+00
5.132557392120361328e+00
5.133122281233468698e+00
5.133710992336276036e+00
5.134238290786740322e+00
5.134777919451394723e+00
5.135338362058000428e+00
5.135892319679257412e+00
5.136450755596158047e+00
5.137000703811644087e+00
5.137963378429411421e+00
5.138179953893022400e+00
5.138694389661154105e+00
5.139281706015268014e+00
5.139890491962432861e+00
5.140403016408285453e+00
5.140896542867025687e+00
5.141443959871928371e+00
5.142029730478924421e+00
5.142559977372485491e+00
5.143123602867127886e+00
5.143685960769651899e+00
5.144225688775378558e+00
5.144783830642701616e+00
5.145340522130332772e+00
5.146105102698008693e+00
5.146462984879811131e+00
5.147007636229197658e+00
5.147583731015522801e+00
5.148211999734243705e+00
5.148682137330375497e+00
5.149231557051344055e+00
5.149800356229143006e+00
5.150338021914166120e+00
5.150898269812266506e+00
5.151448102792102191e+00
5.152052179972329782e+00
5.152579311529798645e+00
5.153121105829875148e+00
5.154030295213061663e+00
5.154277880986533944e+00
5.154839742183682461e+00
5.155341593424481061e+00
5.155900653203325135e+00
5.156447954972584569e+00
5.156999627749122794e+00
5.157654293378193699e+00
5.158289511998496835e+00
5.158767918745674308e+00
5.159339495499928319e+00
5.159916790326434466e+00
5.160422774155932757e+00
5.160957431793214312e+00
5.162002897262574663e+00
5.162106049060824375e+00
5.162681468327839696e+00
5.163118728001911961e+00
5.163675896326701320e+00
5.164222570260363909e+00
5.164829333623252694e+00
5.165337379773454529e+00
5.165898144245147705e+00
5.166496030489604152e+00
5.167005912462869333e+00
5.167585090796151803e+00
5.168174962202705558e+00
5.168703750769296335e+00
5.169337042172749364e+00
5.169994012514749215e+00
5.170433894793191598e+00
5.170905029773713579e+00
5.171543467044827480e+00
5.172045338153836269e+00
5.172562114397685207e+00
5.173132892449693543e+00
5.173764673868816999e+00
5.174224328994753819e+00
5.174782721201580671e+00
5.175337024529774510e+00
5.175932971636456159e+00
5.176488920052847220e+00
5.177003610134121914e+00
5.178018498420712490e+00
5.178199323018390032e+00
5.178793183962504543e+00
5.179311768213906930e+00
5.179778154691057068e+00
5.180334424972535601e+00
5.180919957160952549e+00
5.181478420893348869e+00
5.182005496819812151e+00
5.182584389050802542e+00
5.183111560344698887e+00
5.183722476164497550e+00
5.184228261311851327e+00
5.184788628419241263e+00
5.185440778732299805e+00
5.185888465245561463e+00
5.186453715960183786e+00
5.187011849880221348e+00
5.187559306621551514e+00
5.188121791680650574e+00
5.188809267679850734e+00
5.189255054791765076e+00
5.189813196659088135e+00
5.190336298942568760e+00
5.190901569525401271e+00
5.191450472672777039e+00
5.192003814379376081e+00
5.192607227961225647e+00
5.193179746468864266e+00
5.193667058149976867e+00
5.194275919596357483e+00
5.194952201843264561e+00
5.195386222998301662e+00
5.195917518933612200e+00
5.196554640928901847e+00
5.197007556756339852e+00
5.197576916217805376e+00
5.198113373915354885e+00
5.198674400647483651e+00
5.199231155713398778e+00
5.199786015351612889e+00
5.200356737772622751e+00
5.200892134507498099e+00
5.201454691092173732e+00
5.202002163728074891e+00
5.202569516499835345e+00
5.203112721443176270e+00
5.203779617945350822e+00
5.204303085803985596e+00
5.204781528313951355e+00
5.205362534523011675e+00
5.205893667538958880e+00
5.206452190876007080e+00
5.207008719444274902e+00
5.207660639286039839e+00
5.208166750272113177e+00
5.208742479483284171e+00
5.209245753288271885e+00
5.209832020600636326e+00
5.210341719786327985e+00
5.210891807079313764e+00
5.211466805140176461e+00
5.212104380130767822e+00
5.212600421905520420e+00
5.213155376911160488e+00
5.213669105370840384e+00
5.214246126015979144e+00
5.214781137307483050e+00
5.215381618340806824e+00
5.215942203998565674e+00
5.216443367799122655e+00
5.217029106616976719e+00
5.217612457275393467e+00
5.218116652965548496e+00
5.218680441379547119e+00
5.219233143329617519e+00
5.219782749811805900e+00
5.220334823926286560e+00
5.220891463756558437e+00
5.221457839012145996e+00
5.222006289164227155e+00
5.222564284006757873e+00
5.223137156168618844e+00
5.223716330528262120e+00
5.224226744969683978e+00
5.224782860279084673e+00
5.225374547640484479e+00
5.225914116700487000e+00
5.226447470982868992e+00
5.227009952068328857e+00
5.227609848976136675e+00
5.228157667318981794e+00
5.228670156002046099e+00
5.229226477940876805e+00
5.229826609293617423e+00
5.230349338054658404e+00
5.230953542391461042e+00
5.231451634565992492e+00
5.232092829545337054e+00
5.232578440507253958e+00
5.233158210913337882e+00
5.233676477273306205e+00
5.234223965803785461e+00
5.234786327679948670e+00
5.235338775316876081e+00
5.235940611362458696e+00
5.236447115739188973e+00
5.237007856369018555e+00
5.237672038873036229e+00
5.238111674785614014e+00
5.238690737883253234e+00
5.239230159918470520e+00
5.239838842550916809e+00
5.240382417043051078e+00
5.240907458464306501e+00
5.241508845488233703e+00
5.242009389400479336e+00
5.242559242248532314e+00
5.243138587474824419e+00
5.243671929836274614e+00
5.244303611914318708e+00
5.244844448566439610e+00
5.245348850886024650e+00
5.245936306317645403e+00
5.246459194024403416e+00
5.247019831339521545e+00
5.247588193416596880e+00
5.248142357667283875e+00
5.248686424891154445e+00
5.249238193035125732e+00
5.249792325496670742e+00
5.250345067183175729e+00
5.250902795791624555e+00
5.251486567656201032e+00
5.252004901568092521e+00
5.252569556236267090e+00
5.253119381268817278e+00
5.253668967882795471e+00
5.254238096872967390e+00
5.254786010583238465e+00
5.255338188012437683e+00
5.255900851885478176e+00
5.256452604134878470e+00
5.257004487514493007e+00
5.257965238889056536e+00
5.258153458436332528e+00
5.258671144644416984e+00
5.259254388014475978e+00
5.259863030910494786e+00
5.260354471206667881e+00
5.260912879308065726e+00
5.261558791001640145e+00
5.262041918436686672e+00
5.262558265527090384e+00
5.263118886947630415e+00
5.263691870371502546e+00
5.264283716678619385e+00
5.264904328187306248e+00
5.265340344111123727e+00
5.265970917542773577e+00
5.266449995835621678e+00
5.267019097010297912e+00
5.267558173338571237e+00
5.268118647734326032e+00
5.268668901920321446e+00
5.269231406847637800e+00
5.269789409637454014e+00
5.270337359110513376e+00
5.270910708109539655e+00
5.271554048856096131e+00
5.272027631600700204e+00
5.272560294469194275e+00
5.273140152295432870e+00
5.273676931858062744e+00
5.274264629681901795e+00
5.274786957105000340e+00
5.275466863314314026e+00
5.275951464970908944e+00
5.276454023520152248e+00
5.277003777027132969e+00
5.277562244733175589e+00
5.278123033046725254e+00
5.278716377417246974e+00
5.279231170813240226e+00
5.279782974719999800e+00
5.280378437042237749e+00
5.280970895290373335e+00
5.281464835007987801e+00
5.282003513971964992e+00
5.282579171657559414e+00
5.283114484945933498e+00
5.283680681387586731e+00
5.284226202964781294e+00
5.284785123666125628e+00
5.285377391179402196e+00
5.285898776849109026e+00
5.286468545595802482e+00
5.287005682786308114e+00
5.287622284889224034e+00
5.288149333000184527e+00
5.288670162359871085e+00
5.289239029089607413e+00
5.290059951941174177e+00
5.290415438016253802e+00
5.290903345743814157e+00
5.291452395915982265e+00
5.292005499204002206e+00
5.292561801274615618e+00
5.293117904663084516e+00
5.293720106283821281e+00
5.294232662518815857e+00
5.294832678635913226e+00
5.295341412226356681e+00
5.295907354354859820e+00
5.296455240249635210e+00
5.297050877412161185e+00
5.297965109348297119e+00
5.298255840937294181e+00
5.298694932460783491e+00
5.299234843254090777e+00
5.299782272179918152e+00
5.300372139612832711e+00
5.300894522666929731e+00
5.301446282863615522e+00
5.302004671096803179e+00
5.302569882074990915e+00
5.303140930334727443e+00
5.303675524393717922e+00
5.304298492272693011e+00
5.304790516694389169e+00
5.305340751012167289e+00
5.306037831306454677e+00
5.306458715597791809e+00
5.307008910179135341e+00
5.307590226332344230e+00
5.308221507072445888e+00
5.308694521586097892e+00
5.309233685334525887e+00
5.309783824284870946e+00
5.310571197668714660e+00
5.310944422086080863e+00
5.311450668176014744e+00
5.312008933226266549e+00
5.312581884860989589e+00
5.313127664724987653e+00
5.313987835248312308e+00
5.314246360460920471e+00
5.314819081624349906e+00
5.315365254878997803e+00
5.315908861160281162e+00
5.316544791062675301e+00
5.317070984840391645e+00
5.317577226956686332e+00
5.318121325969698887e+00
5.318670817216236912e+00
5.319236302375792036e+00
5.319803746541339251e+00
5.320337816079458548e+00
5.320917169253029044e+00
5.321452188491818447e+00
5.322012929121655134e+00
5.322607020537056144e+00
5.323116779327392578e+00
5.323668543497724670e+00
5.324233416716261047e+00
5.324783627192182678e+00
5.325354301929472456e+00
5.325931398073834089e+00
5.326454285780592102e+00
5.327039488156636082e+00
5.327560035387676862e+00
5.328169635931651271e+00
5.328682490189869725e+00
5.329234488805134617e+00
5.329789463678999084e+00
5.330379088719688241e+00
5.330922885735830619e+00
5.331546254952748143e+00
5.332070473829908508e+00
5.332558274269104004e+00
5.333120536804202061e+00
5.333672682444252189e+00
5.334236689408619725e+00
5.334798947970071481e+00
5.335366912682850682e+00
5.335895419120788574e+00
5.336453652381898394e+00
5.337018171946205314e+00
5.337559588750202977e+00
5.338118422031399746e+00
5.338697306315104640e+00
5.339239319165550057e+00
5.339853155612942714e+00
5.340395009517671099e+00
5.340942807992298924e+00
5.341482671101886126e+00
5.342068219184874067e+00
5.342593260606129490e+00
5.343115834395092634e+00
5.343697130680084229e+00
5.344232904911038418e+00
5.344790987173716701e+00
5.345349387327829049e+00
5.345908021926881304e+00
5.346455399195356506e+00
5.347022374471031014e+00
5.347561510403949114e+00
5.348116417725883309e+00
5.348671678702039856e+00
5.349230456352231045e+00
5.349788713455197353e+00
5.350351421038311628e+00
5.350895194212597517e+00
5.351494626204171823e+00
5.352008092403409023e+00
5.352570386727649066e+00
5.353151051203411726e+00
5.353669428825376997e+00
5.354230201244355669e+00
5.354784357547757168e+00
5.355360762278237985e+00
5.355910690625506732e+00
5.356448725859323190e+00
5.357040854295092913e+00
5.357642678419750837e+00
5.358130033810930115e+00
5.358675976594291512e+00
5.359231917063397077e+00
5.359786339600880467e+00
5.360338226954141305e+00
5.360923449198402579e+00
5.361515339215593201e+00
5.362096619606020909e+00
5.362682195504504534e+00
5.363119526704153373e+00
5.363757002353665371e+00
5.364229977130889893e+00
5.364807105064393511e+00
5.365350766976675345e+00
5.365917424360908683e+00
5.366535115242001552e+00
5.367105189959211486e+00
5.367563108603157218e+00
5.368125180403389152e+00
5.368673857053117615e+00
5.369235400358839172e+00
5.369787967205049029e+00
5.370344328880307216e+00
5.370905041694641113e+00
5.371452987194061279e+00
5.372044142087297303e+00
5.372611971696215960e+00
5.373138459523516985e+00
5.373673601945242240e+00
5.374273538589477539e+00
5.374844137827558654e+00
5.375350288550059474e+00
5.375927563508348328e+00
5.376450399557747062e+00
5.377021225293475482e+00
5.377558382352191302e+00
5.378118880589802586e+00
5.378764756520588719e+00
5.379287763436636283e+00
5.379846032460527283e+00
5.380350232124328613e+00
5.380921395619708392e+00
5.381512562433876212e+00
5.382181258996325823e+00
5.382568693161012163e+00
5.383125098546344134e+00
5.383672503630322126e+00
5.384290770689645456e+00
5.384817135334017735e+00
5.385412975152334525e+00
5.385958274205528085e+00
5.386506076653795105e+00
5.387054049968718061e+00
5.387564162413276847e+00
5.388128948211672764e+00
5.388675041993458592e+00
5.389276830355328229e+00
5.389791095256803999e+00
5.390433279673260358e+00
5.390906214714050293e+00
5.391453965504965140e+00
5.392010247707368364e+00
5.392562051614127938e+00
5.393118532498675677e+00
5.393686866760255327e+00
5.394239354133603115e+00
5.394784820079806309e+00
5.395418437321978899e+00
5.395999666055040223e+00
5.396578860282900791e+00
5.397047444184622123e+00
5.397564045588175929e+00
5.398124567667643703e+00
5.398709420363111633e+00
5.399299772580462786e+00
5.399791006247205871e+00
5.400342917442323198e+00
5.400899346669511658e+00
5.401463667551674064e+00
5.402015995979311924e+00
5.402566921710970860e+00
5.403120096524553162e+00
5.403680574893954258e+00
5.404311756292976554e+00
5.404815793037414551e+00
5.405341362953187456e+00
5.405905731519062840e+00
5.406461715698242188e+00
5.407044661045077305e+00
5.407578023274737689e+00
5.408119928836825352e+00
5.408734722932180716e+00
5.409280427296955907e+00
5.409799909591676226e+00
5.410491383075715532e+00
5.410919555028279149e+00
5.411488791306815926e+00
5.412017703056335449e+00
5.412561154365540972e+00
5.413119637966154585e+00
5.413682230313618504e+00
5.414235719045002782e+00
5.414804955323539559e+00
5.415461238225297791e+00
5.415930279095967137e+00
5.416569272677101310e+00
5.417052567005157471e+00
5.417611336708070269e+00
5.418127977848051557e+00
5.418677012125648673e+00
5.419234363238018659e+00
5.419786318143209769e+00
5.420359194278717041e+00
5.420896279811856289e+00
5.421452335516612209e+00
5.422011359532675101e+00
5.422583941618604797e+00
5.423114736874900643e+00
5.423717149098713719e+00
5.424231712023420471e+00
5.424788018067680184e+00
5.425385892391204834e+00
5.426061348120370553e+00
5.426525342464444179e+00
5.427027511596676845e+00
5.427723308404289071e+00
5.428173879782356437e+00
5.428692173957827549e+00
5.429264875253039691e+00
5.429841387271878261e+00
5.430340540409090977e+00
5.430996759732565238e+00
5.431564879417422276e+00
5.432133634885154549e+00
5.432579616705574210e+00
5.433121363321937736e+00
5.433746258417762931e+00
5.434228980541227827e+00
5.434845964113868888e+00
5.435383594036103716e+00
5.435943949222561855e+00
5.436522694428759905e+00
5.437016506989799325e+00
5.437573039531706343e+00
5.438228980700174020e+00
5.438693773746493321e+00
5.439233370621998631e+00
5.439802527427673340e+00
5.440348652998608259e+00
5.440895497798919678e+00
5.441500119368235744e+00
5.442034816741944780e+00
5.442597385247545105e+00
5.443122208118438721e+00
5.443721091747285357e+00
5.444289398193362217e+00
5.444793538252511667e+00
5.445451998710630903e+00
5.445901922384898342e+00
5.446501664320628322e+00
5.447025016943612741e+00
5.447568539778394836e+00
5.448162150382998448e+00
5.448678886890412798e+00
5.449233154455818351e+00
5.449889198939004586e+00
5.450399907430011126e+00
5.450903753439582999e+00
5.451451325416563520e+00
5.452062535285946865e+00
5.452568332354225333e+00
5.453118276596072178e+00
5.453678711255392386e+00
5.454278592268629211e+00
5.454786936442054923e+00
5.455341462294263977e+00
5.455901455879214268e+00
5.456468649705250584e+00
5.457013976573946934e+00
5.457615745067599278e+00
5.458174582322435242e+00
5.458950018882752886e+00
5.459303581714628706e+00
5.459794783592222700e+00
5.460348796844485264e+00
5.461028401056928772e+00
5.461453334490457223e+00
5.462046996752420114e+00
5.462563431262971392e+00
5.463126289844510097e+00
5.463676158587141174e+00
5.464359517892198426e+00
5.464813228448228699e+00
5.465432325998939689e+00
5.465907422701519636e+00
5.466461368401844823e+00
5.467017881075541652e+00
5.467565691471101275e+00
5.468121846516929452e+00
5.468676090240478516e+00
5.469247368971508649e+00
5.469790701071424621e+00
5.470398982365928475e+00
5.470898811022443908e+00
5.471457235018412746e+00
5.472011649608610639e+00
5.472611137231190526e+00
5.473122890790300232e+00
5.473684203624728184e+00
5.474242496490475673e+00
5.474855037530261370e+00
5.475358311335249084e+00
5.475896497567497079e+00
5.476458934942883161e+00
5.477011287212370405e+00
5.477676451206207275e+00
5.478136169910428066e+00
5.478677527109780954e+00
5.479292500019070644e+00
5.479790520668032627e+00
5.480342356363934186e+00
5.480904610951739642e+00
5.481494355201718349e+00
5.482011111577349993e+00
5.482610913117724749e+00
5.483121391137437683e+00
5.483713837464648577e+00
5.484342102209730285e+00
5.484804495175680472e+00
5.485346325238545262e+00
5.485902849833173889e+00
5.486452575524644715e+00
5.487037813663484087e+00
5.487569304307299944e+00
5.488121223449709873e+00
5.488683557510377398e+00
5.489237868785856733e+00
5.489796082178749259e+00
5.490366971492768755e+00
5.490952281157177595e+00
5.491452189286547991e+00
5.492075785001119925e+00
5.492662266890206979e+00
5.493129356702169730e+00
5.493721214930218366e+00
5.494330930709836025e+00
5.494791539510089251e+00
5.495341734091439889e+00
5.495914554595948687e+00
5.496454064051313537e+00
5.497012666861216701e+00
5.497566401958465576e+00
5.498122859001156826e+00
5.498750682671861512e+00
5.499291213353473040e+00
5.499789416790008545e+00
5.500374861558277928e+00
5.500958649317425397e+00
5.501468352476756252e+00
5.502033062775929295e+00
5.502674921353658988e+00
5.503124578793844535e+00
5.503675417105355905e+00
5.504239908854167140e+00
5.504789268970490923e+00
5.505345527331037658e+00
5.505912387371061811e+00
5.506498098373413086e+00
5.507014858722683925e+00
5.507585060596468907e+00
5.508243262767791748e+00
5.508709728717803955e+00
5.509230625629427891e+00
5.509791437784834045e+00
5.510349988937377930e+00
5.510904896259305019e+00
5.511457721392311271e+00
5.512045578161874460e+00
5.512576472759249668e+00
5.513122324148817199e+00
5.513693583011630039e+00
5.514238878091177298e+00
5.514816268285116507e+00
5.515347230434414882e+00
5.515947322050728019e+00
5.516458117961882124e+00
5.517109485467273089e+00
5.517586660385134678e+00
5.518228379885357526e+00
5.518785158793129142e+00
5.519248179594676174e+00
5.519790907700858895e+00
5.520395112037661534e+00
5.520932634671531503e+00
5.521551911036176818e+00
5.522111380100248823e+00
5.522569847106936436e+00
5.523123939832053964e+00
5.523676156997680664e+00
5.524276793003082275e+00
5.524865762392678903e+00
5.525400996208190918e+00
5.525901162624357710e+00
5.526455144087471183e+00
5.527138590812683105e+00
5.527575914065046447e+00
5.528126041094459708e+00
5.528678162892660453e+00
5.529233773549400155e+00
5.529987871646881104e+00
5.530363949139911028e+00
5.531030066808064305e+00
5.531578071912129246e+00
5.532034083207449271e+00
5.532567405700682173e+00
5.533123787244157654e+00
5.533683760960897757e+00
5.534263110160829058e+00
5.534825634956362705e+00
5.535348689556123247e+00
5.535900628566743364e+00
5.536471815903979632e+00
5.537025781472522112e+00
5.537973773479464512e+00
5.538156028588609558e+00
5.538766098022463780e+00
5.539234085877737357e+00
5.539834415912629595e+00
5.540362608432772618e+00
5.540996519724529890e+00
5.541475554307304208e+00
5.542012894153593550e+00
5.542573297023771772e+00
5.543163140614829842e+00
5.543750464916229248e+00
5.544233548641201992e+00
5.544790045420327829e+00
5.545356869697570801e+00
5.545992108186084124e+00
5.546475446224214068e+00
5.547077544530232274e+00
5.547650369008380267e+00
5.548118615150450239e+00
5.548681473731996050e+00
5.549237966537475586e+00
5.549821062882742240e+00
5.550356598695117327e+00
5.550910937786099453e+00
5.551580838362376369e+00
5.552101329962411569e+00
5.552571098009742911e+00
5.553127205371858111e+00
5.554044238726298488e+00
5.554413668314616359e+00
5.554871098200479196e+00
5.555356192588803310e+00
5.555926974614457947e+00
5.556460392475131016e+00
5.557014890511830174e+00
5.557566507657369925e+00
5.558152286211651472e+00
5.558806081612907235e+00
5.559266455968220555e+00
5.559930853048960842e+00
5.560366459687550389e+00
5.560947954654693604e+00
5.561504054069516201e+00
5.562095479170480417e+00
5.562573039531706343e+00
5.563153954346972796e+00
5.563780836264292873e+00
5.564234968026475769e+00
5.564805877208712559e+00
5.565376575787858826e+00
5.565905423959094378e+00
5.566455368200941223e+00
5.567009878158572178e+00
5.567568310101826512e+00
5.568157776196798636e+00
5.568713351090750052e+00
5.569260358810424805e+00
5.570075082778927822e+00
5.570351715882615906e+00
5.570905729134878470e+00
5.571513891220092773e+00
5.572016481558485168e+00
5.572576900323234383e+00
5.573121877511340472e+00
5.573678358395895316e+00
5.574234592914578457e+00
5.574794848759971444e+00
5.575366624196369969e+00
5.575985165437060687e+00
5.576459622383119097e+00
5.577069556713105669e+00
5.578026477495832580e+00
5.578164001305900399e+00
5.578753177324934143e+00
5.579232390721635682e+00
5.579811604817706439e+00
5.580428230762478847e+00
5.580909673372907776e+00
5.581499512990312439e+00
5.582013217608135847e+00
5.582565581798554888e+00
5.583215522766110439e+00
5.583682036399842730e+00
5.584240412712098589e+00
5.584788386027021545e+00
5.585344652334846671e+00
5.585927824179329093e+00
5.586457188924150330e+00
5.587050835291542228e+00
5.587577899297080819e+00
5.588306915760043125e+00
5.588786081473031686e+00
5.589241246382393058e+00
5.589788365364071865e+00
5.590344107151032915e+00
5.590904947121934754e+00
5.591454625129699707e+00
5.592050707340241900e+00
5.592569359143574559e+00
5.593152717749276803e+00
5.593682026863099566e+00
5.594237995147707920e+00
5.594790208339688320e+00
5.595343947410583496e+00
5.595904688040413077e+00
5.596460700035095215e+00
5.597012555599214068e+00
5.597567176818849077e+00
5.598123137156171936e+00
5.598679594198863185e+00
5.599443701903027204e+00
5.599845115343732971e+00
5.600348579883572597e+00
5.600904619693757525e+00
5.601456634203593410e+00
5.602019051710762199e+00
5.602593998114265617e+00
5.603133579095207040e+00
5.603689821561175677e+00
5.604277233282722648e+00
5.604827169577283996e+00
5.605370986461636562e+00
5.605900180339816075e+00
5.606481496493024963e+00
5.607029179732002433e+00
5.607568744818372863e+00
5.608127152919770708e+00
5.608681476116181841e+00
5.609282581011456159e+00
5.609823075930279401e+00
5.610350243250529445e+00
5.610956168174745073e+00
5.611481078465779149e+00
5.612016908327738918e+00
5.612585262457528756e+00
5.613122554620105120e+00
5.613690117994941886e+00
5.614258344968156678e+00
5.614832897981010262e+00
5.615363852183023141e+00
5.615909826755526524e+00
5.616460438569383484e+00
5.617077239354451024e+00
5.617581164836884966e+00
5.618162214756011963e+00
5.618705892562864790e+00
5.619234975179033142e+00
5.619831081231431824e+00
5.620347269376118504e+00
5.620907572905224470e+00
5.621464761098224017e+00
5.622016346454621782e+00
5.622577083110812168e+00
5.623149696985883850e+00
5.623687175909680036e+00
5.624244980017344631e+00
5.624795317649841309e+00
5.625353606541949603e+00
5.625916711489360011e+00
5.626537009080252005e+00
5.627016127109527588e+00
5.627568022410073922e+00
5.628126605351766898e+00
5.628742007414501813e+00
5.629234604040782131e+00
5.629809852441148621e+00
5.630457667509716657e+00
5.630909355481463763e+00
5.631495153903962603e+00
5.632105795542400983e+00
5.632617994149526908e+00
5.633206117153164882e+00
5.633728281656900094e+00
5.634282203515368792e+00
5.634897013505302255e+00
5.635422031084694083e+00
5.635940965016679627e+00
5.636538326740264893e+00
5.637009084224700928e+00
5.637567452589671291e+00
5.638121763865150626e+00
5.638680350780489903e+00
5.639245220025379979e+00
5.639805726210276760e+00
5.640365676085153268e+00
5.640902646382649266e+00
5.641505332787829730e+00
5.642015552520753374e+00
5.642575943469999800e+00
5.643126368522644043e+00
5.643715639909110848e+00
5.644293534755703945e+00
5.644792409737902972e+00
5.645346518357591492e+00
5.645900392532347212e+00
5.646481692790985107e+00
5.647023407618206647e+00
5.647571698824563668e+00
5.648121468226115383e+00
5.648688149452212315e+00
5.649256960550943063e+00
5.649869418144227495e+00
5.650350654125212202e+00
5.650902672608694388e+00
5.651461044947303947e+00
5.652031707763669033e+00
5.652581691741943359e+00
5.653158903121948242e+00
5.653708922863003750e+00
5.654239968458810495e+00
5.654823450247448591e+00
5.655346425374347064e+00
5.655904237429304260e+00
5.656496016184490827e+00
5.657052608331042620e+00
5.658025320370988709e+00
5.658150490125017029e+00
5.658731174468996983e+00
5.659277673562364441e+00
5.659792721271514893e+00
5.660345915953321594e+00
5.660902281602226083e+00
5.661472876866660897e+00
5.662046051025392046e+00
5.662571016947431701e+00
5.663126095136007621e+00
5.663725284735363630e+00
5.664241743087771397e+00
5.664802380402882420e+00
5.665387626489000183e+00
5.665983390808108311e+00
5.666637802124022016e+00
5.667075125376385358e+00
5.667574818929033142e+00
5.668173003196713466e+00
5.668789549668630912e+00
5.669237124919888515e+00
5.669864221413931205e+00
5.670346252123515285e+00
5.670904131730395648e+00
5.671462245782215916e+00
5.672083715597786124e+00
5.672578843434649798e+00
5.673133440812428319e+00
5.673680889606472988e+00
5.674285169442491394e+00
5.674793454011279437e+00
5.675345162550605949e+00
5.675903681914014953e+00
5.676624667644503575e+00
5.677021157741549473e+00
5.677582951386767718e+00
5.678182848294575535e+00
5.678680531183879054e+00
5.679286670684817295e+00
5.679839018980665344e+00
5.680455772082012800e+00
5.680968459447221619e+00
5.681485017140708749e+00
5.682075043519340340e+00
5.682691276073455811e+00
5.683138918876650791e+00
5.683751877148942810e+00
5.684445019563035828e+00
5.684796082973477382e+00
5.685349376996356341e+00
5.685965863863629011e+00
5.686503279209134121e+00
5.687111588319140765e+00
5.687594095865883048e+00
5.688159863154091056e+00
5.688680462042491115e+00
5.689294115702310251e+00
5.690034874280293309e+00
5.690386752287544425e+00
5.690965553124748055e+00
5.691462671756745806e+00
5.692022506395979065e+00
5.692573547363281250e+00
5.693132336934404236e+00
5.693684355417886422e+00
5.694247257709506016e+00
5.694792926311492920e+00
5.695350933074948330e+00
5.695973849296571245e+00
5.696459603309634190e+00
5.697082173824313145e+00
5.698040604591369629e+00
5.698163557052609463e+00
5.698688960075379839e+00
5.699240497748057521e+00
5.699811450640360988e+00
5.700355009237924264e+00
5.700902402400970459e+00
5.701557707786562901e+00
5.702076196670532227e+00
5.702577483654025059e+00
5.703134441375731001e+00
5.703680992126464844e+00
5.704244275887809579e+00
5.704896457990010106e+00
5.705347323417662153e+00
5.706348407268521328e+00
5.706498118241626116e+00
5.707013412316641165e+00
5.707571454842884862e+00
5.708128901322680804e+00
5.708696222305299273e+00
5.709235525131227007e+00
5.709794350465138280e+00
5.710384027163186715e+00
5.710914838314053554e+00
5.711464548110960493e+00
5.712015314896902396e+00
5.712614961465199315e+00
5.713127481937405605e+00
5.714075585206352059e+00
5.714473903179168701e+00
5.714827402432760550e+00
5.715375343958534415e+00
5.715914519627887103e+00
5.716456234455108643e+00
5.717023261388142430e+00
5.717639422416688433e+00
5.718124985694885254e+00
5.718678951263427734e+00
5.719285364945726258e+00
5.719842882951098773e+00
5.720347678661347857e+00
5.720910425980882508e+00
5.721458927790322946e+00
5.722020753224690282e+00
5.722689787546791251e+00
5.723137509822848301e+00
5.724142475922903373e+00
5.724291475613910052e+00
5.724847861131031834e+00
5.725350201129913330e+00
5.725908346970875584e+00
5.726847827434539795e+00
5.727029053370159772e+00
5.727672708034518223e+00
5.728156197071072597e+00
5.728687175114949071e+00
5.729528975486758213e+00
5.729937767982484331e+00
5.730495631694793701e+00
5.730989297231040780e+00
5.731651743253074471e+00
5.732197149594625785e+00
5.732629247506459080e+00
5.733135124047599618e+00
5.733699484666189505e+00
5.734322877724963519e+00
5.734914473692576564e+00
5.735349341233572318e+00
5.735903632640841465e+00
5.736487201849620021e+00
5.737562028566998151e+00
5.737724320093789743e+00
5.738158897558847116e+00
5.738826950391135995e+00
5.739253516991929871e+00
5.740231402715046727e+00
5.740355471769966300e+00
5.740912051995593401e+00
5.741515711943307565e+00
5.742024083932243173e+00
5.742935458819069083e+00
5.743210589885713091e+00
5.743768068154651019e+00
5.744326591491699219e+00
5.744817630449929879e+00
5.745599301656085345e+00
5.745917753378549264e+00
5.746522200107577305e+00
5.747046983242036333e+00
5.747709858417508144e+00
5.748282547791795594e+00
5.748764336109161377e+00
5.749361423651379255e+00
5.749830555915835362e+00
5.750877587000530866e+00
5.751198800404864642e+00
5.751480635007219178e+00
5.752017533779145708e+00
5.752636535962423636e+00
5.753590826193494934e+00
5.753822628657026428e+00
5.754314728577931248e+00
5.754951079686485116e+00
5.755407500267025966e+00
5.756327311197914298e+00
5.756713485717774859e+00
5.757021832466122646e+00
5.757630042235057033e+00
5.758129974206291024e+00
5.758950297037763733e+00
5.759284134705858094e+00
5.759846520423892002e+00
5.760354944070179783e+00
5.760904804865518258e+00
5.761736094951629639e+00
5.762062168121339312e+00
5.762573524316152884e+00
5.763167488574978847e+00
5.764294453461964451e+00
5.764368967215219186e+00
5.765028818448385550e+00
5.765594355265299953e+00
5.766161044438682381e+00
5.766888177394868364e+00
5.767050413290661481e+00
5.767579690615335153e+00
5.768207307656602723e+00
5.768753755092618007e+00
5.769531671206159729e+00
5.769875204563142290e+00
5.770461392402651768e+00
5.770904099941255083e+00
5.771517121791838179e+00
5.772372019290926914e+00
5.772656714916230669e+00
5.773233826955156189e+00
5.773800118764242484e+00
5.774242345492048401e+00
5.774860950311023089e+00
5.775349867343905430e+00
5.775904134909310983e+00
5.776514736811321882e+00
5.777548082669575535e+00
5.777652430534359951e+00
5.778129446506497402e+00
5.778706570466361825e+00
5.779276919364932041e+00
5.780191648006436367e+00
5.780370771884918213e+00
5.781158320109049953e+00
5.781510440508526472e+00
5.782147785027824227e+00
5.782920726140339696e+00
5.783229601383212071e+00
5.783762315909065421e+00
5.784241410096484515e+00
5.784793639183043013e+00
5.785526772340141122e+00
5.786053872108460894e+00
5.786533351739244324e+00
5.787016352017722909e+00
5.787578872839610256e+00
5.788164011637370265e+00
5.788739303747810538e+00
5.789604389667509565e+00
5.789799805482225281e+00
5.790353584289547939e+00
5.790912258625027675e+00
5.791462103525795158e+00
5.792082917690279942e+00
5.792579603195193272e+00
5.793572493394215428e+00
5.793720054626462002e+00
5.794245239098863465e+00
5.794816223780316022e+00
5.795355788866679347e+00
5.795907648404437396e+00
5.796461836496987985e+00
5.797034831841784808e+00
5.797576379776003819e+00
5.798126471042635899e+00
5.798777417341867135e+00
5.799337220191958409e+00
5.799794848759965760e+00
5.800355490048723084e+00
5.800967983404795802e+00
5.801590804258985656e+00
5.802086369196572946e+00
5.802695020039877249e+00
5.803128321965537850e+00
5.803686666488644619e+00
5.804265952110291948e+00
5.804794828097023185e+00
5.805706079800920349e+00
5.806065769990283343e+00
5.806513794263203465e+00
5.807053093115492004e+00
5.807622305552165187e+00
5.808151014645893895e+00
5.808830122152961906e+00
5.809651104609173444e+00
5.809828142325081046e+00
5.810376246770225350e+00
5.810913459459939645e+00
5.811496404806774763e+00
5.812067786852516349e+00
5.812596563498182434e+00
5.813596455256146101e+00
5.813786745071411133e+00
5.814502521355947806e+00
5.814842625459036185e+00
5.815354975064593646e+00
5.815909111499784956e+00
5.816506040096285801e+00
5.817050766944888096e+00
5.817682186762489494e+00
5.818240376313525530e+00
5.818864425023399178e+00
5.819267261028286953e+00
5.819842143853506400e+00
5.820352542400357265e+00
5.820970511436463823e+00
5.821536791324618321e+00
5.822106679280601327e+00
5.822694031397503522e+00
5.823177369435626360e+00
5.823769172032676522e+00
5.824239961306254543e+00
5.824860537052153120e+00
5.825512293974561828e+00
5.825927706559497210e+00
5.826543768246970956e+00
5.827014609177908255e+00
5.827573088804882673e+00
5.828140064080557181e+00
5.828750451405845467e+00
5.829556898276010202e+00
5.829838669300080767e+00
5.830357031027475045e+00
5.830941490332286037e+00
5.831534302234651079e+00
5.832022734483082615e+00
5.832633062203726126e+00
5.833541631698608398e+00
5.833689431349434074e+00
5.834302794933321934e+00
5.834878929456074559e+00
5.835381122430163714e+00
5.835950605074565090e+00
5.836466491222381592e+00
5.837023417154945548e+00
5.837658600012460397e+00
5.838231452306111180e+00
5.838773262500765782e+00
5.839239152272540423e+00
5.839953804016111860e+00
5.840446317195890913e+00
5.840965116024015913e+00
5.841612295309701608e+00
5.842168649037681405e+00
5.842608563105265773e+00
5.843195633093515085e+00
5.843687121073408264e+00
5.844248890876770020e+00
5.844797646999360552e+00
5.845582731564839207e+00
5.845912563800808925e+00
5.846468599637347552e+00
5.847016215324401855e+00
5.847572267055511475e+00
5.848135169347123963e+00
5.848732721805575352e+00
5.849575122197471444e+00
5.849903734525042864e+00
5.850546511014300677e+00
5.851014419396719290e+00
5.851547420024871826e+00
5.852032840251922607e+00
5.852605581283569336e+00
5.853132641315461626e+00
5.853702306747436523e+00
5.854268201192219578e+00
5.854793095588682661e+00
5.855355473359423968e+00
5.855911910533905029e+00
5.856513361136116202e+00
5.857022213935849209e+00
5.857578424612682966e+00
5.858161699771883946e+00
5.858758374055227591e+00
5.859275122483573739e+00
5.859796977043153277e+00
5.860349782307942235e+00
5.860911941528321734e+00
5.861505484580995073e+00
5.862022054195406895e+00
5.862586124738058402e+00
5.863134332497914158e+00
5.863709616661068935e+00
5.864264170328773673e+00
5.864950927098590228e+00
5.865357506275174160e+00
5.866086383660636727e+00
5.866530485947926365e+00
5.867043165365856794e+00
5.867640499273939270e+00
5.868161376317338807e+00
5.868686163425444136e+00
5.869281470775604248e+00
5.869881931940717834e+00
5.870354982217151019e+00
5.870904628435773986e+00
5.871476046244303859e+00
5.872021599610647513e+00
5.872576228777568019e+00
5.873129852612812840e+00
5.873981837431593078e+00
5.874271591504417245e+00
5.874798715114593506e+00
5.875482022762298584e+00
5.875923967361451616e+00
5.876469389597573922e+00
5.877027551333107169e+00
5.877612205346423480e+00
5.878129458427430620e+00
5.878685684998828265e+00
5.879246294498443604e+00
5.879798146088916155e+00
5.880365045865374896e+00
5.880908795197804295e+00
5.881487735112507664e+00
5.882038259506224165e+00
5.882631818453468497e+00
5.883137742678322013e+00
5.883729469776156407e+00
5.884296111265818752e+00
5.884827299912771537e+00
5.885353354612988142e+00
5.886027475198112313e+00
5.886475372314450283e+00
5.887027736504869324e+00
5.887575034300489563e+00
5.888131455580392526e+00
5.888689676920570548e+00
5.889241671562196245e+00
5.890009160836534363e+00
5.890444223086042541e+00
5.890936247507731593e+00
5.891502050558727888e+00
5.892020507653555228e+00
5.892577234903974670e+00
5.893131164709728864e+00
5.893687367439270020e+00
5.894285353024798724e+00
5.894800345102943595e+00
5.895364749431607265e+00
5.895910286903379927e+00
5.896464415391285740e+00
5.897024989128112793e+00
5.898068364461259705e+00
5.898271151383717381e+00
5.898691372076669381e+00
5.899243426322939854e+00
5.899820597966510149e+00
5.900461494922637939e+00
5.900924797852830750e+00
5.901527440547944536e+00
5.902024662494660845e+00
5.902585395177204930e+00
5.903170398871104396e+00
5.903689205646514893e+00
5.904243008295694040e+00
5.904797355333961661e+00
5.905443461736041399e+00
5.905980602900186227e+00
5.906522230307260202e+00
5.907020350297294442e+00
5.907587269941963370e+00
5.908137039343515085e+00
5.908693468570710650e+00
5.909318061669665667e+00
5.909803326924638611e+00
5.910351117451988046e+00
5.910911544164022757e+00
5.911466014385226231e+00
5.912201730410259870e+00
5.912599436442057765e+00
5.913167742888134626e+00
5.914088769753774955e+00
5.914293710390730041e+00
5.914824171861013724e+00
5.915355499585466248e+00
5.915911869208017038e+00
5.916467718283335842e+00
5.917022041479746974e+00
5.917582813898725647e+00
5.918164145946505528e+00
5.918725963433580262e+00
5.919253114859266418e+00
5.919805053869886535e+00
5.920397178332009958e+00
5.920949085553488089e+00
5.921463088194528268e+00
5.922027643521623474e+00
5.922657155990599165e+00
5.923130106925967198e+00
5.923694646358491411e+00
5.924240394433340384e+00
5.924825680255892735e+00
5.925352934996290344e+00
5.925913337866468567e+00
5.926467434565225290e+00
5.927028497060142342e+00
5.927604977289838928e+00
5.928153415520988290e+00
5.928690079847974914e+00
5.929324523607888864e+00
5.929844415187837114e+00
5.930367656548817479e+00
5.930932021141053667e+00
5.931467537085218567e+00
5.932127769788102967e+00
5.932692567507423576e+00
5.933165395259855757e+00
5.933822035789489746e+00
5.934267195065814349e+00
5.934892125924427830e+00
5.935354590415954590e+00
5.935915331045784171e+00
5.936462509632107754e+00
5.937105385462444929e+00
5.937579830487571542e+00
5.938133513927461138e+00
5.938717210292814741e+00
5.939248073101040859e+00
5.939835449059806649e+00
5.940354605515800301e+00
5.940941961606341692e+00
5.941464440027871774e+00
5.942018489042915519e+00
5.942579062779742571e+00
5.943137701352434021e+00
5.943691023190815770e+00
5.944248092174532871e+00
5.944800086816151463e+00
5.945400575796760734e+00
5.945914681752519471e+00
5.946473415692643982e+00
5.947023105621340733e+00
5.947617030143739214e+00
5.948285714785257028e+00
5.948685216903683681e+00
5.949241538842521493e+00
5.949816672007244733e+00
5.950561936696367127e+00
5.951048469543458452e+00
5.951475512981417637e+00
5.952022429307298523e+00
5.952574745814004586e+00
5.953133138020831439e+00
5.953697828451794294e+00
5.954241053263345407e+00
5.954811052481332467e+00
5.955356013774874668e+00
5.955907686551412894e+00
5.956504066785178964e+00
5.957049385706582711e+00
5.957620386282606262e+00
5.958132950464886335e+00
5.958695598443348729e+00
5.959408203760780509e+00
5.959797203540802002e+00
5.960362120469412162e+00
5.960907864570614834e+00
5.961464067300163094e+00
5.962083065509794721e+00
5.962616145610809326e+00
5.963132794698076111e+00
5.963695947329206604e+00
5.964272352059680316e+00
5.964808106422424316e+00
5.965353369712829590e+00
5.965922367572787266e+00
5.966501045227047939e+00
5.967148180802659851e+00
5.967584792772932190e+00
5.968130282560984767e+00
5.968695716063180612e+00
5.969284439086912641e+00
5.969807179768878314e+00
5.970422085126237732e+00
5.970925728480018790e+00
5.971467932065330331e+00
5.972023765246071036e+00
5.972620364030198914e+00
5.973174337546033996e+00
5.973693048954011431e+00
5.974245007832841736e+00
5.974803765614829842e+00
5.975355176130932477e+00
5.975911355018617144e+00
5.976467514038084516e+00
5.977098929882046718e+00
5.977584564685820112e+00
5.978188721338909772e+00
5.978736364841459761e+00
5.979294908046725254e+00
5.979800951480868321e+00
5.980355111757916120e+00
5.980957301457721087e+00
5.981484460830685634e+00
5.982024053732551749e+00
5.982646568616232230e+00
5.983147446314497131e+00
5.983698825041450675e+00
5.984244358539584141e+00
5.984800688425700343e+00
5.985540250937141593e+00
5.985950557390850690e+00
5.986469992001850926e+00
5.987089884281161289e+00
5.987653311093644959e+00
5.988150576750435050e+00
5.988688071568809335e+00
5.989306783676148882e+00
5.989802555243173288e+00
5.990369156996408151e+00
5.990921501318617004e+00
5.991510554154714896e+00
5.992029778162638820e+00
5.992658646901446673e+00
5.993131494522096148e+00
5.993981591860453761e+00
5.994251457850140241e+00
5.994821218649548200e+00
5.995441591739655962e+00
5.995912826061250200e+00
5.996479264895121730e+00
5.997021106878918317e+00
5.997594149907428118e+00
5.998135511080427307e+00
5.998694050312039394e+00
5.999316747983293396e+00
5.999819576740264893e+00
6.000358708699543797e+00
6.000973192850750593e+00
6.001528648535412458e+00
6.002050173282626133e+00
6.002656833330789254e+00
6.003137449423469718e+00
6.003689726193748299e+00
6.004285351435342477e+00
6.004804138342542785e+00
6.005358417828880135e+00
6.005912431081135594e+00
6.006549417972564697e+00
6.007046945889790379e+00
6.007581289609269959e+00
6.008162808418276768e+00
6.008750096956887887e+00
6.009241743882498099e+00
6.009993533293403800e+00
6.010420684019727844e+00
6.010976445674899082e+00
6.011470389366152745e+00
6.012027291456860212e+00
6.012576683362325980e+00
6.013130950927731533e+00
6.013705519835156110e+00
6.014252130190534729e+00
6.014821215470632865e+00
6.015359052022297703e+00
6.015912079811094770e+00
6.016572447617846819e+00
6.017166344324749616e+00
6.017986865838366839e+00
6.018162067731218201e+00
6.018866030375164655e+00
6.019295414288841073e+00
6.019849435488382028e+00
6.020362385114033543e+00
6.020949463049568351e+00
6.021465937296547111e+00
6.022024166584017735e+00
6.022653504212698294e+00
6.023180826505026175e+00
6.023688793182373047e+00
6.024245127042135550e+00
6.024812066555021772e+00
6.025361597537994385e+00
6.026120106379188712e+00
6.026526518662770115e+00
6.027095011870066799e+00
6.027584445476534825e+00
6.028134655952456455e+00
6.028724233309425529e+00
6.029244792461398106e+00
6.029801146189370797e+00
6.030363623301191467e+00
6.030961640675862157e+00
6.031490679581956726e+00
6.032022265593212751e+00
6.032582910855609271e+00
6.033136316140492283e+00
6.034091452757515128e+00
6.034567892551422119e+00
6.034846929709118513e+00
6.035354836781820609e+00
6.035915458202360639e+00
6.036488378047941694e+00
6.037022074063621346e+00
6.037647827466329886e+00
6.038134372234345904e+00
6.038715593020121730e+00
6.039290583133698931e+00
6.039798724651333828e+00
6.040365509192149318e+00
6.040967130661009321e+00
6.041465004285178964e+00
6.042036195596061532e+00
6.042627998193104588e+00
6.043148652712503122e+00
6.043743904431657654e+00
6.044246828556062212e+00
6.044810243447621190e+00
6.045375772317250096e+00
6.045921480655671587e+00
6.046469767888389413e+00
6.047031144301094230e+00
6.047583802541097953e+00
6.048133850097656250e+00
6.048708943525952009e+00
6.049254393577577105e+00
6.049985484282174752e+00
6.050461260477703718e+00
6.050910743077594134e+00
6.051498595873518127e+00
6.052041868368782218e+00
6.052581604321794373e+00
6.053138005733487148e+00
6.053698404630026175e+00
6.054243898391725054e+00
6.054881620407101650e+00
6.055448281764981289e+00
6.055939443906147801e+00
6.056508648395535488e+00
6.057027093569438136e+00
6.058114751180013968e+00
6.058316739400225970e+00
6.058779080708823983e+00
6.059249627590176601e+00
6.060183199246722552e+00
6.060395773251848084e+00
6.060970771312710781e+00
6.061466713746391122e+00
6.062168828646342433e+00
6.062921504179634269e+00
6.063140102227528416e+00
6.063693646589918274e+00
6.064297453562417672e+00
6.064801931381225586e+00
6.065637576580044765e+00
6.065986120700834761e+00
6.066596190134681876e+00
6.067124704519905265e+00
6.068202042579649458e+00
6.068327542146043641e+00
6.068764261404673732e+00
6.069266319274902344e+00
6.069855900605517718e+00
6.070360457897187700e+00
6.071106739838917576e+00
6.071575852235156390e+00
6.072035157680510054e+00
6.072578628857932870e+00
6.073520561059318368e+00
6.073752093315121670e+00
6.074247459570564445e+00
6.074845369656877381e+00
6.075372000535331551e+00
6.076228380203247070e+00
6.076570018132528617e+00
6.077022405465442034e+00
6.077597769101458880e+00
6.078141776720684675e+00
6.078984995683036630e+00
6.079247291882829529e+00
6.079816063245139901e+00
6.080363869667053223e+00
6.080934886137647766e+00
6.081580122311912362e+00
6.082230428854622062e+00
6.082668058077494777e+00
6.083136693636575387e+00
6.083698729674019035e+00
6.084363714853921579e+00
6.084837504227955662e+00
6.085419770081834656e+00
6.085912350813551086e+00
6.086900822321574367e+00
6.087109720706941118e+00
6.087822119394935783e+00
6.088174084822334464e+00
6.088709886868791443e+00
6.089534441630043204e+00
6.089826051394148010e+00
6.090431356430052290e+00
6.091000600655874564e+00
6.091585902372997907e+00
6.092257038752237008e+00
6.092579778035478455e+00
6.093144555886588876e+00
6.093690951665244881e+00
6.094363061587017683e+00
6.094956493377686968e+00
6.095507625738783020e+00
6.096023849646250881e+00
6.096474262078601214e+00
6.097042632102969151e+00
6.097625617186231750e+00
6.098301911354063520e+00
6.098696708679199219e+00
6.099253002802534240e+00
6.100194311141969195e+00
6.100421778361003078e+00
6.101096363862353655e+00
6.101627655824024998e+00
6.102127246061961330e+00
6.102931821346281538e+00
6.103238876660661560e+00
6.103748623530073303e+00
6.104258811473847857e+00
6.104929677645365871e+00
6.105540335178375244e+00
6.105923064549763524e+00
6.106471554438272165e+00
6.107069094975791756e+00
6.107579445838929644e+00
6.108231151103971968e+00
6.108781580130262512e+00
6.109348503748577741e+00
6.109811031818388471e+00
6.110810895760856454e+00
6.111072528362271328e+00
6.111468605200450099e+00
6.112033633391064313e+00
6.112590018908186096e+00
6.113631363709764344e+00
6.113827315966290143e+00
6.114327073097229004e+00
6.114812763532000872e+00
6.115360486507412929e+00
6.116185251871748108e+00
6.116548629601794573e+00
6.117129345734916512e+00
6.117608880996705523e+00
6.118216800689694423e+00
6.118980995814006008e+00
6.119371163845059414e+00
6.119806261857348773e+00
6.120360342661541608e+00
6.120986719926200692e+00
6.121554398536680708e+00
6.122076952457426557e+00
6.122593589623768651e+00
6.123141849040983686e+00
6.123693716526034336e+00
6.124243199825286865e+00
6.124801452954606873e+00
6.125407358010612313e+00
6.125916385650633345e+00
6.126472938060757656e+00
6.127024638652798672e+00
6.127620490392047259e+00
6.128183043003083696e+00
6.128710520267489414e+00
6.129514372348786821e+00
6.129956086476646249e+00
6.130363980929054435e+00
6.130914191404976066e+00
6.131470191478726406e+00
6.132093564669290231e+00
6.132583185036978080e+00
6.133570365111033595e+00
6.133819417158761667e+00
6.134249369303383048e+00
6.134922345479331796e+00
6.135399234294894200e+00
6.135986157258351170e+00
6.136477096875509574e+00
6.137040932973228280e+00
6.137657622496284660e+00
6.138185429573056240e+00
6.138700870672863630e+00
6.139248836040493984e+00
6.139832433064775330e+00
6.140376500288645900e+00
6.141016054153439541e+00
6.141651260852810879e+00
6.142028347651162790e+00
6.142692883809409921e+00
6.143232806523641898e+00
6.143749268849688860e+00
6.144390130043028364e+00
6.144804914792381112e+00
6.145576075712838815e+00
6.145959715048469718e+00
6.146553254127503862e+00
6.147096892197929208e+00
6.147694869836172415e+00
6.148136293888093462e+00
6.148692699273425433e+00
6.149521330992378410e+00
6.149832407633461173e+00
6.150379963715870701e+00
6.150965523719790440e+00
6.151472322146098293e+00
6.152048726876579110e+00
6.152582935492198146e+00
6.153556831677754246e+00
6.153769743442538243e+00
6.154303002357480068e+00
6.154804897308352452e+00
6.155356840292611764e+00
6.155966957410178964e+00
6.156491450468699611e+00
6.157027721405029297e+00
6.157692436377210754e+00
6.158231818675993452e+00
6.158696480592091405e+00
6.159252587954206604e+00
6.159811035792031930e+00
6.160360693931579590e+00
6.160915116469062980e+00
6.161702708403268502e+00
6.162036669254305821e+00
6.162581864992780822e+00
6.163165239493054059e+00
6.163702579339343401e+00
6.164266892274220311e+00
6.164904681841534284e+00
6.165577594439191955e+00
6.165916903813680960e+00
6.166487924257914699e+00
6.167042175928749259e+00
6.167689967155453701e+00
6.168144079049426409e+00
6.168868923187254438e+00
6.169704377651214600e+00
6.169923305511474609e+00
6.170455666383105608e+00
6.170979515711465524e+00
6.171477286020916608e+00
6.172027238210041844e+00
6.172631577650705026e+00
6.173544955253603916e+00
6.173800110816955566e+00
6.174279153347015381e+00
6.174973046779633989e+00
6.175438360373178170e+00
6.175969374179842930e+00
6.176476852099099801e+00
6.177542142073313869e+00
6.177692985534669390e+00
6.178153892358146493e+00
6.178708036740623299e+00
6.179260798295338475e+00
6.179824809233345206e+00
6.180368343989051994e+00
6.180920692284900042e+00
6.181585037708281050e+00
6.182295441627502441e+00
6.182672933737435983e+00
6.183151904741926330e+00
6.183693528175354004e+00
6.184287198384602391e+00
6.184879549344380223e+00
6.185530936717988482e+00
6.185939109325410357e+00
6.186501900355018790e+00
6.187031181653338763e+00
6.187604085604348825e+00
6.188156231244406058e+00
6.188707923889161577e+00
6.189253234863279829e+00
6.189899607499441458e+00
6.190363899866738961e+00
6.190917805830636667e+00
6.191562016805015389e+00
6.192045128345490923e+00
6.192582623163858102e+00
6.193136656284330854e+00
6.193727385997775059e+00
6.194292922814689462e+00
6.194805423418678458e+00
6.195378478368120057e+00
6.195949304103848476e+00
6.196476376056672564e+00
6.197036675612132228e+00
6.197584927082061768e+00
6.198136226336160348e+00
6.198700352509817435e+00
6.199249132474264457e+00
6.199838984012600918e+00
6.200363643964131199e+00
6.200922214984892378e+00
6.201495206356050005e+00
6.202130691210427926e+00
6.202638570467634338e+00
6.203246804078418108e+00
6.203830413023631252e+00
6.204384565353393555e+00
6.204961272080737444e+00
6.205426192283631792e+00
6.206044403711956647e+00
6.206469742457073835e+00
6.207034297784169041e+00
6.207588585217791888e+00
6.208192733923596052e+00
6.208753005663552926e+00
6.209338347117103751e+00
6.210034318765004002e+00
6.210435394446058410e+00
6.211035970846815246e+00
6.211474184195203918e+00
6.212027923266091989e+00
6.212696452935539071e+00
6.213156791528064105e+00
6.213696388403576520e+00
6.214371534188586566e+00
6.214863069852192723e+00
6.215366081396737741e+00
6.216144998868308846e+00
6.216483378410337934e+00
6.217027306556701660e+00
6.217986265818275626e+00
6.218153337637581046e+00
6.218700853983563093e+00
6.219350794951118644e+00
6.219811062018074210e+00
6.220369120438896005e+00
6.220954434076944040e+00
6.221469167868299621e+00
6.222029928366346496e+00
6.222597293059031642e+00
6.223137394587197946e+00
6.223760914802554112e+00
6.224368731180824454e+00
6.224906861782073975e+00
6.225397928555807425e+00
6.226144468784333696e+00
6.226510373751324323e+00
6.227100177605947806e+00
6.227581087748212951e+00
6.228183488051094230e+00
6.228764832019805908e+00
6.229306316375733843e+00
6.229816667238871730e+00
6.230437644322712742e+00
6.230970887343090681e+00
6.231487814585371154e+00
6.232031357288363438e+00
6.232641839981077680e+00
6.233137154579161177e+00
6.234047524134318508e+00
6.234266543388365278e+00
6.234821561972303527e+00
6.235362545649209665e+00
6.235914762814836365e+00
6.236481086413064645e+00
6.237187421321870318e+00
6.237666539351145900e+00
6.238174808025362950e+00
6.238724756240841884e+00
6.239317548274996739e+00
6.239839267730715733e+00
6.240362211068472220e+00
6.240916502475741368e+00
6.241476742426556257e+00
6.242052253087358338e+00
6.242614066600800982e+00
6.243365712960560643e+00
6.243824434280398350e+00
6.244264082113900827e+00
6.244805685679118312e+00
6.245368651549021877e+00
6.245916028817497079e+00
6.246495246887207031e+00
6.247055435180662641e+00
6.247615957260130415e+00
6.248145067691801557e+00
6.248703487714131199e+00
6.249356079101559658e+00
6.250105782349905326e+00
6.250401353836060991e+00
6.250930937131244036e+00
6.251513810952502581e+00
6.252026224136351118e+00
6.252617605527241551e+00
6.253149100144703709e+00
6.253699183464050293e+00
6.254253562291459900e+00
6.254805382092790467e+00
6.255409709612528957e+00
6.255936618645982605e+00
6.256478218237560895e+00
6.257026338577269087e+00
6.257613186041517395e+00
6.258140941460929696e+00
6.258698956171670602e+00
6.259259549776714948e+00
6.259817783037824768e+00
6.260361103216808942e+00
6.260915350914004307e+00
6.261480100949604832e+00
6.262076079845428467e+00
6.262592514355979745e+00
6.263175920645394967e+00
6.263698728879290911e+00
6.264275924364724801e+00
6.264817925294238421e+00
6.265398446718855041e+00
6.265924123922985700e+00
6.266474080085757237e+00
6.267032313346859951e+00
6.267634320259091396e+00
6.268146649996438668e+00
6.268702979882554871e+00
6.269290371735891654e+00
6.269874080022177054e+00
6.270367256800334133e+00
6.270921484629312204e+00
6.271505045890805263e+00
6.272091531753538618e+00
6.272646292050680472e+00
6.273225629329679975e+00
6.273696343104042228e+00
6.274289369583129883e+00
6.274906786282855364e+00
6.275381704171500985e+00
6.275918785731001037e+00
6.276514836152394139e+00
6.277048194408415327e+00
6.277633595466610927e+00
6.278156582514448303e+00
6.278729875882469003e+00
6.279275333881379595e+00
6.279808747768399257e+00
6.280362931887310651e+00
6.280925305684405657e+00
6.281470934549965079e+00
6.282035668691001717e+00
6.282583407560984767e+00
6.283148189385734383e+00
6.283695975939430411e+00
6.284295960267385794e+00
6.284806211789451424e+00
6.285383613904315325e+00
6.285999091466266009e+00
6.286487543582914839e+00
6.287031269073487749e+00
6.287725102901461582e+00
6.288166729609173444e+00
6.288704093297319275e+00
6.289316848913827585e+00
6.289812624454498291e+00
6.290375057856245178e+00
6.291058305899305481e+00
6.291601502895353804e+00
6.292031085491181841e+00
6.292585118611654593e+00
6.293175709247591953e+00
6.293697555859885995e+00
6.294258570671082964e+00
6.294810454050697501e+00
6.295391718546547111e+00
6.295918528238935608e+00
6.296516545613606297e+00
6.297035133838654986e+00
6.297589306036634582e+00
6.298143494129178066e+00
6.298708383242292541e+00
6.299256944656370649e+00
6.299808613459269679e+00
6.300367470582322937e+00
6.300920534133908291e+00
6.301475083827973833e+00
6.302030837535859575e+00
6.302620621522265765e+00
6.303147419293722464e+00
6.303766993681591657e+00
6.304441014925636466e+00
6.304814084370931937e+00
6.305364127953843933e+00
6.305920147895811567e+00
6.306492996215823155e+00
6.307078778743743896e+00
6.307589093844093497e+00
6.308157618840532166e+00
6.308701479434965620e+00
6.309255154927569720e+00
6.309805321693417568e+00
6.310390953222913879e+00
6.310919960339866464e+00
6.311494978268939349e+00
6.312060749530793657e+00
6.312592736879985011e+00
6.313232453664141985e+00
6.313711273670193691e+00
6.314251112937924404e+00
6.314805249373115714e+00
6.315374183654782314e+00
6.315919792652131548e+00
6.316484455267591613e+00
6.317032309373217913e+00
6.317588690916700500e+00
6.318140721321107378e+00
6.318720308939617780e+00
6.319267189502717486e+00
6.319857366879780614e+00
6.320374067624406678e+00
6.320959119002026227e+00
6.321630068620045506e+00
6.322055141131080802e+00
6.322584092617034912e+00
6.323140462239585702e+00
6.323727619647982578e+00
6.324304862817129447e+00
6.324813834826152004e+00
6.325390883286793553e+00
6.325919512907667297e+00
6.326513222853343166e+00
6.327233882745105120e+00
6.327590243021646188e+00
6.328161060810089111e+00
6.328698444366452236e+00
6.329290000597637800e+00
6.330050579706828273e+00
6.330373239517214756e+00
6.330921832720441955e+00
6.331479656696316738e+00
6.332077483336128410e+00
6.332581448554989834e+00
6.333197100957235648e+00
6.333713221549984951e+00
6.334293703238166984e+00
6.334829346338906930e+00
6.335362641016644147e+00
6.335918776194255031e+00
6.336475320657093846e+00
6.337033669153846915e+00
6.338012421131132612e+00
6.338143920898438921e+00
6.338762807846066494e+00
6.339258360862729091e+00
6.339812771479287790e+00
6.340389962991075379e+00
6.340939426422117720e+00
6.341481133302053763e+00
6.342145800590515137e+00
6.342610502243040571e+00
6.343139572938284232e+00
6.343702288468676898e+00
6.344293765227000392e+00
6.344808284441633361e+00
6.345417726039883632e+00
6.346142164866130031e+00
6.346622780958810495e+00
6.347033345699308882e+00
6.347589564323428135e+00
6.348164188861844082e+00
6.348699959119159075e+00
6.349258029460905561e+00
6.349812547365822013e+00
6.350362002849578857e+00
6.350922576586405910e+00
6.351472334067025827e+00
6.352037533124288871e+00
6.352601762612657410e+00
6.353153673807781843e+00
6.354068255424500933e+00
6.354352132479348825e+00
6.354899835586550694e+00
6.355378508567810059e+00
6.355920322736103856e+00
6.356493914127348432e+00
6.357028337319690081e+00
6.357603875796002058e+00
6.358147855599717957e+00
6.358760329087573382e+00
6.359260626633961522e+00
6.359812200069427490e+00
6.360387039184573155e+00
6.361066110928852879e+00
6.361511659622195225e+00
6.362164016564683777e+00
6.362755759557089164e+00
6.363141274452210894e+00
6.363855592409770168e+00
6.364251164595287946e+00
6.364807868003843794e+00
6.365399857362113778e+00
6.365988643964129778e+00
6.366487034161885106e+00
6.367053290208183114e+00
6.367584574222561855e+00
6.368146983782452253e+00
6.368755288918812596e+00
6.369255459308625689e+00
6.369983994960783491e+00
6.370426197846732919e+00
6.370972204208371181e+00
6.371511391798655666e+00
6.372119780381517273e+00
6.372627826531726214e+00
6.373168178399403416e+00
6.373707218964895560e+00
6.374304294586181641e+00
6.374813552697496277e+00
6.375367784500120649e+00
6.375921618938448887e+00
6.376576260725656198e+00
6.377032144864401175e+00
6.378036097685495065e+00
6.378188586235047808e+00
6.378709348042804095e+00
6.379292277495068220e+00
6.379804619153340184e+00
6.380377407868699891e+00
6.380921061833696228e+00
6.381508739789325091e+00
6.382087747255958732e+00
6.382765273253120597e+00
6.383292416731514152e+00
6.383715220292408787e+00
6.384296194712320016e+00
6.384913229942320356e+00
6.385369356473283631e+00
6.385923405488334481e+00
6.386478996276856890e+00
6.387082080046333488e+00
6.387706859906515433e+00
6.388181698322298985e+00
6.388700461387635698e+00
6.389285997549691842e+00
6.389815306663514605e+00
6.390362775325776568e+00
6.390998387336729536e+00
6.391482826073961121e+00
6.392056500911714068e+00
6.392613677183788923e+00
6.393323735396066354e+00
6.393791921933491551e+00
6.394300262133278068e+00
6.394860359032946917e+00
6.395364884535474914e+00
6.395921154816946341e+00
6.396479225158692827e+00
6.397039310137429879e+00
6.397587470213572658e+00
6.398143895467121922e+00
6.398697761694592145e+00
6.399252100785574271e+00
6.399825485547381732e+00
6.400381386280059814e+00
6.400977087020876866e+00
6.401487620671588274e+00
6.402049120267228943e+00
6.402612864971160889e+00
6.403145730495452881e+00
6.403735574086503846e+00
6.404367280006411534e+00
6.404814616839090036e+00
6.405393691857653948e+00
6.406070586045579773e+00
6.406533066431684631e+00
6.407033526897428999e+00
6.407627062002816842e+00
6.408198082447050581e+00
6.408716400464378182e+00
6.409254082043965184e+00
6.409949652353923000e+00
6.410389145215354745e+00
6.411038005352018843e+00
6.411517381668090820e+00
6.412035512924191494e+00
6.412589152654014413e+00
6.413147544860841265e+00
6.413764170805613674e+00
6.414307912190757577e+00
6.414848872025807225e+00
6.415374608834582659e+00
6.415972598393757664e+00
6.416480859120689217e+00
6.417038691043856602e+00
6.417672268549601711e+00
6.418191059430441214e+00
6.418701708316802979e+00
6.419309306144711513e+00
6.419813982645671047e+00
6.420370463530225891e+00
6.420978709061941458e+00
6.421526189645128113e+00
6.422070737679796082e+00
6.422626487414042629e+00
6.423246705532072554e+00
6.423699462413786421e+00
6.424270355701445112e+00
6.424817824363707075e+00
6.425363624095915327e+00
6.425932391484579398e+00
6.426528819402058446e+00
6.427047884464265337e+00
6.427698894341787650e+00
6.428142889340719535e+00
6.428709300359088274e+00
6.429348949591322082e+00
6.429815316200254927e+00
6.430396382013960022e+00
6.430926394462588291e+00
6.431486753622692731e+00
6.432104802131654253e+00
6.432613492012023926e+00
6.433168208599091997e+00
6.433704177538551505e+00
6.434252508481343114e+00
6.434842642148332459e+00
6.435373898347215516e+00
6.435919185479484383e+00
6.436584166685740627e+00
6.437034209569297616e+00
6.437633955478666792e+00
6.438142502307890425e+00
6.438705376784007228e+00
6.439254879951477051e+00
6.439820647239685059e+00
6.440369403362275591e+00
6.440996380647021624e+00
6.441584102312724269e+00
6.442055153846737880e+00
6.442686156431832956e+00
6.443146109580993652e+00
6.443708793322244333e+00
6.444379635651905858e+00
6.444812925656634661e+00
6.445409826437632717e+00
6.445975569883984235e+00
6.446477202574413923e+00
6.447050245602923724e+00
6.447589933872222900e+00
6.448144054412843218e+00
6.448701139291124207e+00
6.449296152591706743e+00
6.449816970030468610e+00
6.450373089313508501e+00
6.450948206583660749e+00
6.451523216565448138e+00
6.452062626679740731e+00
6.452681767940518398e+00
6.453248596191407671e+00
6.453741908073425293e+00
6.454256379604338179e+00
6.454820915063223197e+00
6.455367231369017134e+00
6.456027332941694397e+00
6.456531453132626552e+00
6.457031055291494681e+00
6.457625552018484427e+00
6.458226013183590908e+00
6.458733324209852356e+00
6.459258345762890485e+00
6.459818665186567443e+00
6.460562463601426941e+00
6.461164359251661438e+00
6.461518665154777352e+00
6.462039367357888864e+00
6.462593662738797207e+00
6.463164647420249764e+00
6.463699821631117004e+00
6.464297676086424360e+00
6.464847604433693107e+00
6.465372653802234026e+00
6.465970575809478760e+00
6.466524716218309266e+00
6.467076730728152256e+00
6.467645410696668762e+00
6.468159019947052002e+00
6.468741722901661717e+00
6.469278836250303755e+00
6.469810028870902840e+00
6.470422037442524754e+00
6.470924707253772112e+00
6.471481513977053623e+00
6.472041237354275722e+00
6.472586758931477391e+00
6.473264014720918169e+00
6.473784728844961478e+00
6.474283838272093305e+00
6.474885038534800685e+00
6.475455820560455322e+00
6.476022704442343070e+00
6.476478584607441746e+00
6.477039742469784755e+00
6.477591192722321978e+00
6.478149481614430272e+00
6.478707500298817479e+00
6.479261696338653564e+00
6.479824264844260995e+00
6.480413953463234122e+00
6.480951348940529044e+00
6.481545293331144819e+00
6.482034794489543117e+00
6.482634413242337246e+00
6.483236710230507072e+00
6.483711425463361877e+00
6.484333713849387948e+00
6.484930435816444572e+00
6.485433121522270028e+00
6.485921645164488325e+00
6.486478555202481289e+00
6.487040392557780422e+00
6.487592562039694144e+00
6.488144417603812997e+00
6.488703334331511030e+00
6.489377999305723677e+00
6.489809056123100106e+00
6.490459255377452052e+00
6.491027959187825047e+00
6.491484093666073818e+00
6.492038305600480896e+00
6.492592489719392290e+00
6.493219745159152012e+00
6.493766129016876221e+00
6.494254521528880275e+00
6.494840319951372010e+00
6.495386385917662153e+00
6.495994583765664743e+00
6.496530489126840280e+00
6.497038539250688416e+00
6.497671020030978184e+00
6.498192703723908892e+00
6.498701179027555952e+00
6.499267220497131348e+00
6.499834581216177298e+00
6.500400320688882516e+00
6.500927714506786970e+00
6.501529725392657610e+00
6.502054723103839251e+00
6.502663818995159772e+00
6.503180309136709525e+00
6.503781509399416905e+00
6.504307357470196393e+00
6.504812765121457119e+00
6.505371157328291076e+00
6.505923263231913722e+00
6.506519110997516009e+00
6.507037893931070016e+00
6.507631719112396240e+00
6.508234095573428135e+00
6.508742145697276271e+00
6.509258993466694676e+00
6.509810435771939297e+00
6.510456728935238857e+00
6.510979036490120109e+00
6.511494024594625785e+00
6.512035477161404629e+00
6.512590154012045218e+00
6.513168891270957772e+00
6.513701748847964268e+00
6.514258360862733355e+00
6.514894783496856689e+00
6.515378026167553571e+00
6.515943833192189061e+00
6.516507514317829930e+00
6.517110427220664803e+00
6.517593268553419250e+00
6.518143514792122062e+00
6.518708439668017718e+00
6.519268580277760350e+00
6.519812238216402989e+00
6.520381069183351030e+00
6.521009782950081046e+00
6.521514185269673192e+00
6.522056357065835641e+00
6.522664034366606245e+00
6.523160012563067767e+00
6.523703730106355181e+00
6.524299697081247018e+00
6.524843649069467233e+00
6.525365984439851275e+00
6.525982920328779358e+00
6.526483611265817331e+00
6.527037020524339539e+00
6.527593163649243024e+00
6.528144975503288094e+00
6.528703582286837559e+00
6.529261668523155038e+00
6.529818145434063581e+00
6.530371228853859122e+00
6.530929803848266602e+00
6.531480602423350490e+00
6.532038887341819589e+00
6.532603474458056780e+00
6.533151435852047939e+00
6.533812280495958191e+00
6.534272837638852138e+00
6.534817965825396868e+00
6.535369880994160496e+00
6.535928599039714015e+00
6.536676454544064541e+00
6.537171884377798392e+00
6.537596881389617920e+00
6.538159743944802926e+00
6.538703155517580967e+00
6.539319010575610491e+00
6.539821803569793701e+00
6.540369808673858643e+00
6.540924068291978699e+00
6.541484848658242868e+00
6.542088607947029288e+00
6.542594850063323975e+00
6.543186259269717198e+00
6.543702956040696961e+00
6.544274767239890878e+00
6.544813454151153564e+00
6.545440260569257873e+00
6.545926086107890285e+00
6.546478013197578605e+00
6.547044769922891305e+00
6.547621468702949699e+00
6.548189401626586914e+00
6.548757362365719814e+00
6.549267454942068412e+00
6.549825473626455619e+00
6.550421468416850246e+00
6.550969791412356358e+00
6.551552776495618957e+00
6.552094431718188616e+00
6.552633905410765180e+00
6.553178071975708008e+00
6.553717486063639797e+00
6.554267374674481061e+00
6.554813019434611476e+00
6.555376803874970904e+00
6.555925889809927298e+00
6.556479601065319684e+00
6.557048579057060067e+00
6.557629569371542289e+00
6.558161004384359671e+00
6.558704745769503575e+00
6.559260861078897165e+00
6.560025445620219386e+00
6.560404229164120693e+00
6.560948403676349017e+00
6.561534051100416320e+00
6.562048272291818307e+00
6.562716952959696926e+00
6.563209060827894348e+00
6.563714551925656338e+00
6.564327283700308158e+00
6.564850203196208156e+00
6.565483653545378218e+00
6.565933569272360160e+00
6.566486056645707947e+00
6.567035396893821542e+00
6.567693833510084289e+00
6.568277100721992667e+00
6.568837734063464495e+00
6.569321020444235160e+00
6.569812353452043396e+00
6.570418751239778032e+00
6.570922668774919373e+00
6.571520698070528965e+00
6.572033278147380031e+00
6.572595759232839896e+00
6.573157397905987409e+00
6.573753949006395203e+00
6.574288229147590812e+00
6.574860290686288522e+00
6.575477921962736616e+00
6.575922540823619045e+00
6.576489249865211661e+00
6.577222641309099060e+00
6.577622640132901211e+00
6.578287339210511675e+00
6.578774905204774370e+00
6.579281059900921491e+00
6.579818288485206779e+00
6.580365939935049369e+00
6.580935458342231925e+00
6.581539181868237165e+00
6.582087099552154541e+00
6.582651905218760646e+00
6.583166150252026227e+00
6.583707869052886963e+00
6.584264218807220459e+00
6.584822364648182713e+00
6.585641169548033247e+00
6.586001368363696429e+00
6.586493245760600246e+00
6.587041672070817810e+00
6.587622284889221191e+00
6.588184797763823042e+00
6.588727112611131531e+00
6.589261849721275155e+00
6.589834825197854684e+00
6.590436979134878470e+00
6.590964210033419590e+00
6.591509779294334237e+00
6.592039267222084220e+00
6.592597560087838815e+00
6.593149109681448294e+00
6.594047363599138123e+00
6.594294877847033831e+00
6.594821910063423331e+00
6.595385762055713030e+00
6.595956917603807312e+00
6.596493073304493748e+00
6.597042783101400687e+00
6.597590406735740487e+00
6.598203150431316999e+00
6.598707214991250680e+00
6.599282030264539856e+00
6.599825851122538722e+00
6.600378096103668213e+00
6.600927615165709028e+00
6.601488498846691755e+00
6.602219943205518859e+00
6.602778530120851030e+00
6.603236540158590628e+00
6.603717589378355513e+00
6.604267712434129578e+00
6.604869699478150835e+00
6.605400832494098040e+00
6.605921634038288914e+00
6.606481977303822362e+00
6.607042598724362392e+00
6.607595078150431789e+00
6.608211986223857082e+00
6.608737937609355129e+00
6.609348622957867292e+00
6.610069441795346279e+00
6.610456919670106402e+00
6.611052159468336242e+00
6.611598118146261527e+00
6.612094974517823687e+00
6.612696405251817566e+00
6.613156783580777187e+00
6.613831957181297128e+00
6.614275634288787842e+00
6.614896579583486869e+00
6.615387602647146537e+00
6.615981682141622855e+00
6.616489978631335589e+00
6.617098736762997646e+00
6.617598251501718210e+00
6.618275849024456647e+00
6.618776059150697222e+00
6.619308586915330750e+00
6.619848402341204974e+00
6.620368719100952148e+00
6.620944265524549621e+00
6.621483755111697178e+00
6.622042592366533142e+00
6.622593291600544774e+00
6.623148091634114110e+00
6.623723800977067810e+00
6.624291809399920794e+00
6.624816862742108015e+00
6.625368388493853899e+00
6.626115032037098729e+00
6.626565206050869961e+00
6.627291818459831063e+00
6.627620871861772400e+00
6.628154059251151864e+00
6.628828978538514605e+00
6.629262336095173680e+00
6.629827507336933934e+00
6.630416699250538670e+00
6.631101922194162057e+00
6.631495825449626125e+00
6.632083475589752197e+00
6.632591382662454293e+00
6.633162136872606141e+00
6.634022716681165832e+00
6.634388430913290335e+00
6.634916536013285793e+00
6.635426795482636919e+00
6.635926981767021005e+00
6.636585064729054295e+00
6.637047608693443124e+00
6.637676660219831604e+00
6.638155929247538722e+00
6.638718354701993007e+00
6.639281225204470616e+00
6.639815978209178127e+00
6.640370011329650879e+00
6.640928979714708191e+00
6.641520682970686096e+00
6.642201340198518267e+00
6.642640205224353167e+00
6.643149296442665275e+00
6.643826687335966596e+00
6.644271822770434710e+00
6.644834482669828901e+00
6.645369780063631993e+00
6.645924071470894035e+00
6.646599336465200736e+00
6.647095048427580366e+00
6.647632245222730774e+00
6.648157672087350534e+00
6.648705506324766645e+00
6.649268023173014797e+00
6.650145129362741159e+00
6.650510601202647365e+00
6.650974361101788190e+00
6.651536560058595171e+00
6.652038641770680272e+00
6.652684481938678118e+00
6.653213195006053127e+00
6.653734401861825631e+00
6.654338653882341248e+00
6.654864382743838291e+00
6.655372186501821830e+00
6.655978572368624668e+00
6.656500486532848981e+00
6.657036228974661185e+00
6.657596917947131487e+00
6.658301043510434170e+00
6.658802962303163042e+00
6.659258985519407759e+00
6.659824752807615766e+00
6.660375944773356593e+00
6.660928002993266261e+00
6.661500755945844787e+00
6.662038151423139709e+00
6.662600910663606157e+00
6.663155579566954145e+00
6.663728276888527091e+00
6.664258678754173104e+00
6.664831463495893615e+00
6.665429727236428903e+00
6.665923710664110047e+00
6.666514551639558306e+00
6.667039815584821838e+00
6.667612493038177490e+00
6.668150667349500793e+00
6.668731574217481750e+00
6.669334387779237261e+00
6.669848422209419425e+00
6.670375442504884234e+00
6.670935706297555612e+00
6.671491142114000183e+00
6.672098656495414559e+00
6.672599788506822449e+00
6.673154636224111869e+00
6.673704604307808097e+00
6.674420273303987017e+00
6.674835824966429243e+00
6.675371034940084769e+00
6.675925056139625724e+00
6.676481115818020839e+00
6.677125493685402091e+00
6.677591486771902396e+00
6.678189977010092093e+00
6.678745440642039455e+00
6.679311354955039803e+00
6.679835907618205226e+00
6.680377423763275146e+00
6.680999847253161761e+00
6.681491883595782610e+00
6.682070974508924621e+00
6.682596039772036534e+00
6.683150351047515869e+00
6.683727121353150835e+00
6.684352107842762791e+00
6.684820882479350246e+00
6.685416853427888384e+00
6.686001765727993984e+00
6.686644713083900626e+00
6.687043670813245910e+00
6.687639470895128113e+00
6.688178265094755659e+00
6.688764437039694144e+00
6.689273973306022469e+00
6.689835309982299805e+00
6.690426989396414115e+00
6.690926682949069004e+00
6.691480811436967713e+00
6.692066899935404933e+00
6.692624684174852234e+00
6.693168536822000192e+00
6.693755960464478960e+00
6.694308284918470520e+00
6.694815798600515677e+00
6.695370121796926810e+00
6.695943395296730216e+00
6.696509885787961025e+00
6.697037299474082772e+00
6.697593204180400051e+00
6.698211892445883109e+00
6.698705335458122079e+00
6.699259531497958164e+00
6.699836552143096924e+00
6.700372278690338135e+00
6.700928485393525591e+00
6.701574067274727042e+00
6.702038522561387879e+00
6.702595182259877049e+00
6.703178497155505511e+00
6.703703439235688677e+00
6.704261779785156250e+00
6.704984005292253357e+00
6.705374181270599365e+00
6.706015920639039507e+00
6.706494987010955811e+00
6.707107472419735927e+00
6.707608397801713807e+00
6.708166245619459289e+00
6.708707269032792908e+00
6.709316122531888027e+00
6.709824105103812997e+00
6.710387456417080898e+00
6.710978015263876273e+00
6.711563495794933942e+00
6.712080264091490278e+00
6.712594683965043885e+00
6.713226091861727696e+00
6.713872261842091405e+00
6.714311424891157287e+00
6.714831745624543657e+00
6.715373591581979440e+00
6.716000946362811419e+00
6.716553095976514953e+00
6.717045386632285897e+00
6.717763475577037013e+00
6.718148605028787301e+00
6.718704771995547276e+00
6.719261320432025286e+00
6.719877668221791112e+00
6.720377926031751770e+00
6.720977703730262931e+00
6.721781857808430516e+00
6.722133994102478027e+00
6.722687991460162493e+00
6.723179650306704502e+00
6.723796518643695208e+00
6.724294288953146292e+00
6.724819779396057129e+00
6.725373442967729432e+00
6.725998580455780029e+00
6.726485498746235692e+00
6.727040163675944484e+00
6.727604568004608154e+00
6.728225596745808446e+00
6.728752450148263620e+00
6.729267104466757132e+00
6.730035869280499128e+00
6.730456566810609331e+00
6.730927940209703308e+00
6.731502457459768607e+00
6.732087810834251229e+00
6.732602918148039350e+00
6.733160603046414394e+00
6.733704062302905413e+00
6.734290222326912101e+00
6.734864834944410461e+00
6.735387953122454974e+00
6.735930955410005083e+00
6.736489502588909772e+00
6.737052150567372166e+00
6.737598025798796186e+00
6.738160371780395508e+00
6.738764516512553371e+00
6.739292764663694868e+00
6.739860522747036953e+00
6.740372876326240714e+00
6.740935762723289315e+00
6.741487733523051418e+00
6.742075359821321001e+00
6.742624990145365871e+00
6.743243793646492179e+00
6.743710390726725734e+00
6.744304303328199524e+00
6.744820412000017029e+00
6.745378772417701896e+00
6.746006147066751168e+00
6.746485674381254682e+00
6.747170011202491935e+00
6.747612063090009826e+00
6.748153626918792725e+00
6.748805054028828465e+00
6.749275485674537833e+00
6.749831720193228080e+00
6.750395441055296430e+00
6.750955677032472124e+00
6.751489186286924848e+00
6.752053741614027160e+00
6.752687152226762635e+00
6.753153737386064392e+00
6.754081459840136858e+00
6.754337914784748875e+00
6.754818101723991219e+00
6.755378429094953674e+00
6.755930415789286769e+00
6.756513822078701992e+00
6.757053709030152788e+00
6.757599365711215000e+00
6.758157559235890233e+00
6.758716221650438172e+00
6.759309625625611773e+00
6.759922615687052883e+00
6.760371816158297520e+00
6.761003267765048008e+00
6.761995697021482954e+00
6.762199902534483442e+00
6.762653013070426766e+00
6.763243718942007376e+00
6.763813944657641741e+00
6.764331209659573574e+00
6.764894882837928947e+00
6.765417857964834525e+00
6.765982333819074768e+00
6.766511809825900059e+00
6.767046984036760193e+00
6.767647075653073330e+00
6.768170146147411970e+00
6.768704887231187683e+00
6.769265337785085990e+00
6.770104829470319885e+00
6.770444909731544669e+00
6.771057180563609279e+00
6.771538599332174613e+00
6.772044746081036237e+00
6.772698775927224801e+00
6.773172271251681309e+00
6.773737009366350037e+00
6.774317963918051078e+00
6.774823915958407383e+00
6.775399084885911805e+00
6.775961021582283195e+00
6.776496442159015032e+00
6.777051361401873919e+00
6.778134099642436183e+00
6.778209050496421639e+00
6.778723482290907043e+00
6.779263178507484611e+00
6.779830106099446141e+00
6.780377678076426662e+00
6.780927292505900539e+00
6.781484007835388184e+00
6.782044430573783700e+00
6.782665189107255799e+00
6.783152210712430019e+00
6.783771443367001552e+00
6.784390258789059658e+00
6.784833443164828282e+00
6.785375050703684963e+00
6.786118996143343907e+00
6.786521081129713195e+00
6.787067524592082179e+00
6.787596130371092329e+00
6.788273517290754455e+00
6.788829640547433542e+00
6.789346814155578613e+00
6.789836275577542324e+00
6.790385651588437099e+00
6.790994362036386178e+00
6.791501565774282767e+00
6.792043626308441162e+00
6.792633855342863569e+00
6.793585503101347456e+00
6.793956430753070208e+00
6.794270924727122463e+00
6.794908785820005903e+00
6.795375065008798288e+00
6.796247621377311532e+00
6.796651852130892735e+00
6.797077020009361092e+00
6.797713085015615775e+00
6.798160990079246346e+00
6.798993682861329546e+00
6.799372474352516349e+00
6.799910155932110456e+00
6.800414375464121974e+00
6.800931100050611633e+00
6.801565853754681257e+00
6.802043489615122951e+00
6.802601730823518267e+00
6.803151893615719814e+00
6.803707925478619245e+00
6.804393347104387146e+00
6.804857945442201128e+00
6.805383074283597011e+00
6.806047626336415135e+00
6.806849435965219186e+00
6.807126458485917908e+00
6.807608588536581351e+00
6.808153827985130135e+00
6.808711111545562744e+00
6.809574723243713379e+00
6.809967462221784729e+00
6.810455417633058062e+00
6.810930510361991708e+00
6.811491191387176514e+00
6.812202219168348449e+00
6.812620349725087010e+00
6.813297251860298331e+00
6.813718795776367188e+00
6.814341425895690918e+00
6.814880911509199279e+00
6.815376190344494489e+00
6.815943431854250889e+00
6.816487014293670654e+00
6.817040936152139352e+00
6.817643733819323870e+00
6.818172097206115723e+00
6.818721302350361668e+00
6.819288869698844735e+00
6.820309623082479789e+00
6.820505408445995954e+00
6.821070218086241255e+00
6.821488869190218907e+00
6.822084617614748936e+00
6.822876377900442435e+00
6.823430228233334560e+00
6.823890670140585257e+00
6.824275751908622567e+00
6.824830400943753261e+00
6.825551223754885655e+00
6.825942969322206011e+00
6.826494510968522889e+00
6.827046891053520028e+00
6.827594701449079651e+00
6.828338511784870946e+00
6.828838547070823495e+00
6.829292682806652692e+00
6.829891888300579694e+00
6.830377860864004447e+00
6.831017804145815830e+00
6.831672779719035304e+00
6.832049397627514509e+00
6.832624157269798104e+00
6.833540904521939297e+00
6.833836082617445129e+00
6.834263173739117292e+00
6.834844374656675825e+00
6.835381865501403809e+00
6.836319327354431152e+00
6.836776971817016602e+00
6.837089800834654341e+00
6.837717099984487845e+00
6.838162279129029741e+00
6.838938164710995693e+00
6.839380506674451965e+00
6.839842243989309623e+00
6.840454332033793605e+00
6.840929428736366447e+00
6.841696071624753017e+00
6.842158961296078701e+00
6.842659048239390529e+00
6.843319670359292672e+00
6.843721373875936820e+00
6.844348307450609070e+00
6.844829547405240078e+00
6.845454565684001125e+00
6.846039807796479693e+00
6.846873533725741368e+00
6.847167030970254586e+00
6.847693785031637503e+00
6.848154246807098389e+00
6.848814809322355757e+00
6.849541894594828761e+00
6.849862845738726946e+00
6.850379371643064985e+00
6.850958514213559170e+00
6.851494451363883798e+00
6.852178819974263035e+00
6.852647813161212298e+00
6.853262754281360003e+00
6.853774992624920515e+00
6.854262177149458068e+00
6.854822830359140085e+00
6.855547018845875584e+00
6.856093561649323931e+00
6.856500347455344979e+00
6.857550358772279253e+00
6.857741681734722761e+00
6.858185593287153381e+00
6.858710285027818543e+00
6.859310205777482849e+00
6.859951766331988665e+00
6.860378825664518843e+00
6.860933049519857718e+00
6.861656777064006008e+00
6.862161314487458696e+00
6.862637178103128122e+00
6.863200000921885646e+00
6.863714182376860151e+00
6.864285167058305603e+00
6.864953970909120073e+00
6.865523266792294521e+00
6.865955495834349165e+00
6.866505773862201067e+00
6.867044015725454642e+00
6.867633136113482806e+00
6.868161948521930071e+00
6.868728701273603576e+00
6.869529294967648525e+00
6.869878705342607361e+00
6.870444977283476362e+00
6.870934752623242048e+00
6.871497329076127869e+00
6.872078545888264500e+00
6.872628577550251805e+00
6.873558330535885830e+00
6.873747452100118949e+00
6.874407068888345407e+00
6.874911590417227103e+00
6.875476137797036813e+00
6.875938725471499424e+00
6.876492957274116691e+00
6.877497160434721479e+00
6.877703436215718114e+00
6.878201667467756408e+00
6.878788677851360944e+00
6.879284628232319676e+00
6.879840679963429295e+00
6.880375814437869053e+00
6.880932319164273281e+00
6.881630130608876073e+00
6.882128572463990679e+00
6.882669695218403660e+00
6.883150959014891157e+00
6.883761453628537197e+00
6.884267719586688372e+00
6.884823866685231053e+00
6.885577734311418396e+00
6.885965522130327088e+00
6.886577904224395752e+00
6.887046702702839696e+00
6.887753335634869245e+00
6.888277983665467730e+00
6.888740376631417917e+00
6.889650889237721287e+00
6.889854975541432225e+00
6.890421315034231498e+00
6.891017532348634234e+00
6.891513172785444397e+00
6.892063228289288190e+00
6.892598176002501020e+00
6.893561466534933402e+00
6.893760255972544826e+00
6.894373726844790440e+00
6.894825522104902404e+00
6.895382515589396633e+00
6.895937923590345520e+00
6.896487975120543013e+00
6.897046339511874180e+00
6.897634522120156930e+00
6.898192083835603228e+00
6.898765226205192391e+00
6.899407442410783631e+00
6.899912830193834168e+00
6.900392194588981454e+00
6.901023240884143206e+00
6.901648279031114441e+00
6.902125350634257472e+00
6.902662809689836365e+00
6.903183209896084804e+00
6.903740366299949471e+00
6.904266969362893747e+00
6.904825063546496722e+00
6.905525624752044678e+00
6.906108486652371425e+00
6.906554504235586478e+00
6.907058640321096732e+00
6.907597827911374111e+00
6.908156530062356637e+00
6.908715403079987993e+00
6.909557195504504534e+00
6.909903955459597569e+00
6.910381380716962951e+00
6.910929234822589251e+00
6.911524323622387556e+00
6.912053894996645909e+00
6.912600020567573722e+00
6.913556555906929191e+00
6.913718708356221043e+00
6.914266475041706883e+00
6.914857995510104161e+00
6.915380072593691807e+00
6.915995478630065918e+00
6.916496781508129743e+00
6.917583950360615574e+00
6.917684912681579590e+00
6.918314421176908979e+00
6.918851947784425249e+00
6.919455842177072213e+00
6.919847607612609863e+00
6.920376801490782270e+00
6.920947456359861860e+00
6.921591162681579590e+00
6.922066239515942243e+00
6.922599470615388384e+00
6.923159893353776795e+00
6.924200093746186724e+00
6.924378716945646772e+00
6.924824555714927499e+00
6.925378564993543762e+00
6.926003722349804548e+00
6.926975425084428650e+00
6.927075481414796343e+00
6.927713950475059335e+00
6.928157603740693560e+00
6.928832880655924953e+00
6.929522804419200099e+00
6.929920180638632132e+00
6.930428636074069004e+00
6.930934532483419730e+00
6.931601552168530134e+00
6.932193311055499407e+00
6.932703467210131976e+00
6.933155230681101955e+00
6.933722341060637007e+00
6.934267421563468758e+00
6.934961827596026751e+00
6.935459474722541984e+00
6.936005294322967529e+00
6.936509513854979048e+00
6.937042482693989598e+00
6.937607852617901472e+00
6.938267680009204241e+00
6.938799162705741708e+00
6.939267472426095651e+00
6.940184164047238369e+00
6.940412358442941354e+00
6.940961623191832075e+00
6.941648765405020072e+00
6.942044552167253357e+00
6.943084172407786525e+00
6.943230028947191101e+00
6.943736239274343802e+00
6.944290268421170254e+00
6.944853238264720119e+00
6.945609521865847569e+00
6.946017225583396737e+00
6.946490271886190726e+00
6.947094392776492100e+00
6.947598334153489930e+00
6.948320841789247027e+00
6.948836040496829014e+00
6.949315015474958557e+00
6.949960291385650635e+00
6.950379737218220555e+00
6.951087824503581203e+00
6.951676352818807914e+00
6.952175601323446585e+00
6.952715969085694780e+00
6.953550545374554304e+00
6.953874890009565490e+00
6.954264616966248980e+00
6.954909555117289699e+00
6.955396179358167785e+00
6.956296463807426278e+00
6.957025492191313276e+00
6.957130189736680848e+00
6.957687115669251909e+00
6.958175293604533351e+00
6.959000945091247559e+00
6.959348924954731785e+00
6.959833252429959316e+00
6.960452353954316607e+00
6.961029291152954102e+00
6.961648503939308341e+00
6.962231636047363281e+00
6.962710706392925886e+00
6.963290242354077009e+00
6.964219073454536613e+00
6.964412351449333016e+00
6.964854419231414795e+00
6.965403862794239842e+00
6.965987575054171543e+00
6.966993641853335362e+00
6.967126353581747367e+00
6.967600003878274606e+00
6.968159949779511919e+00
6.968726797898611380e+00
6.969665654500325047e+00
6.970012323061624215e+00
6.970387423038481245e+00
6.970943582057955723e+00
6.971496077378589007e+00
6.972189557552340489e+00
6.972658201058706595e+00
6.973180619875591901e+00
6.973716346422833112e+00
6.974281350771583732e+00
6.974983382225033779e+00
6.975441539287565718e+00
6.976026916503904829e+00
6.976565730571749668e+00
6.977476950486497742e+00
6.977603403727215436e+00
6.978155875205992231e+00
6.978808252016705183e+00
6.979268380006153905e+00
6.980189009507498099e+00
6.980416202545164595e+00
6.980961163838706796e+00
6.981514279047651428e+00
6.982103510697683646e+00
6.982972327868147033e+00
6.983162037531535304e+00
6.983817565441128750e+00
6.984320096174876369e+00
6.984824093182879778e+00
6.985619703928627189e+00
6.986094717184705871e+00
6.986561695734657462e+00
6.987212852636972116e+00
6.987606028715767081e+00
6.988157363732653948e+00
6.988726548353831447e+00
6.989576303958891401e+00
6.989948721726733538e+00
6.990415914853414847e+00
6.990971775849658343e+00
6.991503143310545454e+00
6.992046948273973328e+00
6.992610124746960309e+00
6.993524229526521196e+00
6.993775796890261631e+00
6.994311896959942487e+00
6.994821707407631095e+00
6.995382618904116612e+00
6.995981740951535244e+00
6.996492946147917280e+00
6.997046621640521380e+00
6.997628482182818743e+00
6.998200996716818167e+00
6.998723554611203213e+00
6.999313267072039935e+00
