5.001102999846139596e+00
5.001521209875743779e+00
5.002102271715799020e+00
5.002698361873626709e+00
5.003187735875446407e+00
5.003835550944010890e+00
5.004747736454010720e+00
5.005154816309609345e+00
5.005535495281218772e+00
5.006083548069000244e+00
5.006726610660553689e+00
5.007133539517720777e+00
5.007648054758707445e+00
5.008221209049224854e+00
5.008794800440469430e+00
5.009300116697946947e+00
5.009856669108071259e+00
5.010550109545388153e+00
5.011004602909089556e+00
5.011533653736115923e+00
5.012199234962462668e+00
5.012842388947806427e+00
5.013356983661651611e+00
5.013771224021912332e+00
5.014487886428831587e+00
5.015141983826953975e+00
5.015627459685006784e+00
5.016174991925556270e+00
5.016593801975250955e+00
5.017108174165091583e+00
5.017631030082704058e+00
5.018256191412607592e+00
5.018812219301860722e+00
5.019374922911325143e+00
5.020035727818807914e+00
5.020485174655913596e+00
5.021201654275259330e+00
5.021582957108815748e+00
5.022095938523609249e+00
5.022928766409556545e+00
5.023341417312622070e+00
5.023830914497374067e+00
5.024333043893179251e+00
5.025159509976706573e+00
5.025514074166615330e+00
5.026112258434295654e+00
5.026757951577504713e+00
5.027367520332337136e+00
5.027836747964222752e+00
5.028193871180217656e+00
5.028826479117075365e+00
5.029343338807425567e+00
5.029888800779978908e+00
5.030411760012309941e+00
5.031028548876445683e+00
5.031593346595762739e+00
5.032143517335256888e+00
5.032693394025166356e+00
5.033330476284028521e+00
5.033760829766592337e+00
5.034307479858398438e+00
5.034895126024881762e+00
5.035413634777068381e+00
5.035990925629935333e+00
5.036620179812114628e+00
5.037187318007152470e+00
5.037634682655333762e+00
5.038219984372457105e+00
5.038880236943562352e+00
5.039347040653229470e+00
5.039965879917144065e+00
5.040449070930481668e+00
5.041371146837871464e+00
5.041610260804493038e+00
5.042340373992921343e+00
5.042844716707865160e+00
5.043337416648864036e+00
5.043784264723459643e+00
5.044298827648162842e+00
5.044915628433226829e+00
5.045409270127613865e+00
5.046098800500235626e+00
5.046559913953146292e+00
5.047126519680023904e+00
5.047652959823608398e+00
5.048193279902140063e+00
5.048742286364237941e+00
5.049371834595998365e+00
5.049902304013571097e+00
5.050571552912394679e+00
5.051020876566568063e+00
5.051521444320677290e+00
5.052108959356942819e+00
5.052636071046194388e+00
5.053210659821829154e+00
5.053923575083413056e+00
5.054638214906056248e+00
5.055042155583699071e+00
5.055577711264291452e+00
5.056065082550048828e+00
5.056617244084677054e+00
5.057286147276560229e+00
5.057696521282196045e+00
5.058368722597759159e+00
5.058923713366191066e+00
5.059611217180886911e+00
5.060000356038411695e+00
5.060689930121103686e+00
5.060968987147013820e+00
5.061879674593608769e+00
5.062194645404815674e+00
5.062675551573434518e+00
5.063200318813322554e+00
5.063756477832793479e+00
5.064444065093994141e+00
5.065450278917946747e+00
5.065612832705181034e+00
5.066847769419350556e+00
5.067156755924223432e+00
5.067373239994047651e+00
5.067719288667042576e+00
5.068298673629762163e+00
5.068835461139677534e+00
5.069360661506653543e+00
5.070022892951964621e+00
5.070531372229257983e+00
5.071047973632811789e+00
5.071569093068440282e+00
5.072200512886048784e+00
5.073249371846518585e+00
5.073653070131936005e+00
5.073879039287568560e+00
5.074339294433592329e+00
5.074999920527140773e+00
5.075808163483937818e+00
5.076328849792481890e+00
5.076610155900318944e+00
5.077374748388926662e+00
5.077683015664419486e+00
5.078193787733713549e+00
5.078749561309813032e+00
5.079483234882353315e+00
5.079895329475402121e+00
5.080432995160421683e+00
5.081297783056893280e+00
5.081582732995350682e+00
5.082124300797779881e+00
5.082692797978719312e+00
5.083193520704906376e+00
5.083751551310221828e+00
5.084728109836579080e+00
5.085149959723153756e+00
5.085551456610360788e+00
5.086011596520741307e+00
5.086524677276610618e+00
5.087086872259774850e+00
5.087697378794352687e+00
5.088221617539723240e+00
5.088870294888813817e+00
5.089563794930775487e+00
5.090091391404470755e+00
5.090633471806842891e+00
5.091070099671682669e+00
5.091586899757384543e+00
5.092114222049712424e+00
5.092926784356436087e+00
5.093263836701712677e+00
5.093778479099274392e+00
5.094305396080017090e+00
5.094924159844715916e+00
5.095490709940591501e+00
5.095999157428742876e+00
5.096784520149231668e+00
5.097140514850615034e+00
5.097713669141132442e+00
5.098243637879690482e+00
5.098842668533325906e+00
5.099424091974892548e+00
5.099951573212941014e+00
5.100820004940032959e+00
5.101219685872397491e+00
5.101609388987224492e+00
5.102342545986175537e+00
5.102751123905182595e+00
5.103415385882058786e+00
5.104017603397370095e+00
5.104913496971128950e+00
5.105126531918845245e+00
5.105478139718375274e+00
5.105984977881114162e+00
5.106552934646607866e+00
5.107155164082843868e+00
5.107717315355937870e+00
5.108320069313048606e+00
5.108877698580425175e+00
5.109317358334859449e+00
5.109919273853300581e+00
5.110419340928395115e+00
5.111017334461212869e+00
5.111767514546713187e+00
5.112184047698974609e+00
5.112979662418364768e+00
5.113316170374552883e+00
5.113769249121347116e+00
5.114300580819449493e+00
5.114884006977082009e+00
5.115431638558707306e+00
5.116090333461762896e+00
5.116771423816679487e+00
5.117142132918040431e+00
5.117634264628090790e+00
5.118227958679199219e+00
5.118743832906087476e+00
5.119306385517120361e+00
5.120083995660145604e+00
5.120835196971892600e+00
5.121066431204479130e+00
5.121562564373014936e+00
5.122233474254606733e+00
5.122660497824352177e+00
5.123250834147135890e+00
5.123879492282867432e+00
5.124746354420981476e+00
5.125040884812673170e+00
5.125796782970429177e+00
5.126208651065827127e+00
5.126758400599161547e+00
5.127500375111896602e+00
5.127842303117116529e+00
5.128281331062318316e+00
5.128962659835814009e+00
5.129470896720885520e+00
5.130093848705293169e+00
5.130414561430612252e+00
5.130968582630156760e+00
5.131533177693686554e+00
5.132118566830953910e+00
5.132847599188487209e+00
5.133287529150646122e+00
5.133780761559805228e+00
5.134364561239877389e+00
5.134906196594236860e+00
5.135475202401480033e+00
5.136131079991660187e+00
5.136779014269510668e+00
5.137105087439220341e+00
5.137760265668234183e+00
5.138421698411306693e+00
5.138808015982309740e+00
5.139308027426402248e+00
5.140024594465891994e+00
5.140939100583395316e+00
5.141315901279448042e+00
5.141674721240995893e+00
5.142228750387825897e+00
5.142636974652607051e+00
5.143205797672273150e+00
5.144150273005166696e+00
5.144822112719218410e+00
5.144974354902903002e+00
5.145568700631461212e+00
5.145999169349671831e+00
5.146682524681089888e+00
5.147141011555991241e+00
5.147780398527782353e+00
5.148784629503886379e+00
5.148830433686573116e+00
5.149414527416229959e+00
5.149952626228333941e+00
5.150413819154103123e+00
5.151124405860901589e+00
5.151763546466828103e+00
5.152387694517770456e+00
5.152823889255522261e+00
5.153263131777446659e+00
5.153750884532929177e+00
5.154363548755647173e+00
5.154867915312447479e+00
5.155488415559133841e+00
5.156092615922293732e+00
5.156532188256580440e+00
5.157144641876222124e+00
5.157644128799439898e+00
5.158238458633423562e+00
5.158763448397319706e+00
5.159356077512104122e+00
5.160117864608764648e+00
5.160517605145773956e+00
5.161023493607839185e+00
5.161555059750874364e+00
5.162157169977824367e+00
5.162665716807048000e+00
5.163219531377155391e+00
5.163907098770142312e+00
5.164376235008241167e+00
5.164993043740590650e+00
5.165452782313028735e+00
5.165972610314685909e+00
5.166536136468252494e+00
5.167167361577352125e+00
5.167727657159169041e+00
5.168276393413542280e+00
5.169344135125477635e+00
5.169454757372538012e+00
5.169863080978394976e+00
5.170479532082875807e+00
5.171004609266915963e+00
5.171533922354381474e+00
5.172152491410574982e+00
5.172638034820558062e+00
5.173302594820658129e+00
5.173758812745411717e+00
5.174492192268370871e+00
5.175156684716544220e+00
5.175463032722472434e+00
5.175973478953043383e+00
5.176589866479236690e+00
5.177366717656454398e+00
5.177825371424358281e+00
5.178529751300811057e+00
5.178806670506794774e+00
5.179421174526215310e+00
5.180000181992848951e+00
5.180560429890949337e+00
5.181158455212912628e+00
5.181723149617514679e+00
5.182079192002614576e+00
5.182687664031981001e+00
5.183212685585022683e+00
5.183822969595592411e+00
5.184485089778899436e+00
5.185272900263466767e+00
5.185612599054973515e+00
5.186415934562681684e+00
5.186724865436552534e+00
5.187081734339397343e+00
5.187635346253713919e+00
5.188194104035694920e+00
5.188803962866465724e+00
5.189366221427917480e+00
5.189918514092763502e+00
5.190416328112284816e+00
5.191001931826274784e+00
5.191637293497720407e+00
5.192222702503205056e+00
5.192744990189869014e+00
5.193456470966339111e+00
5.193955882390341117e+00
5.194404697418214312e+00
5.194945514202117920e+00
5.195434900124869415e+00
5.196068358421324973e+00
5.196550468603771122e+00
5.197080401579537323e+00
5.197641034921009151e+00
5.198191118240355735e+00
5.198774294058480905e+00
5.199307894706727495e+00
5.199861888090769213e+00
5.200470097859700047e+00
5.201324351628620946e+00
5.201738727092742209e+00
5.202161717414856668e+00
5.202653348445892334e+00
5.203276332219441969e+00
5.203786396980284223e+00
5.204307830333711138e+00
5.204909849166870828e+00
5.205436881383260328e+00
5.205986805756886326e+00
5.206545309225717233e+00
5.207230389118194580e+00
5.207638732592265285e+00
5.208261744181314157e+00
5.209212764104208304e+00
5.209722967942557403e+00
5.210159599781036377e+00
5.210440540313719282e+00
5.211011536916096532e+00
5.211588688691456639e+00
5.212215773264567531e+00
5.212647163867949018e+00
5.213207125663757324e+00
5.213746611277262133e+00
5.214440341790517408e+00
5.214869733651479322e+00
5.215461401144661835e+00
5.216017488638559740e+00
5.216569598515828687e+00
5.217288466294608185e+00
5.218053082625072392e+00
5.218273834387460397e+00
5.218773655096690334e+00
5.219434249401093240e+00
5.219893880685170018e+00
5.220875759919483272e+00
5.221280586719512229e+00
5.221802786986032174e+00
5.222271633148192649e+00
5.222750504811603633e+00
5.223336815834045410e+00
5.223823177814484353e+00
5.224890851974485884e+00
5.225035432974497240e+00
5.225473733743033478e+00
5.226301300525665994e+00
5.226802059014637791e+00
5.227260982990266314e+00
5.227693557739257812e+00
5.228277568022409838e+00
5.228838272889454686e+00
5.229371229807536992e+00
5.229861076672872144e+00
5.230532284577687818e+00
5.231005477905274148e+00
5.231631636619567871e+00
5.232135860125222138e+00
5.232983628908794316e+00
5.233812868595123291e+00
5.233888506889343262e+00
5.234319341182708030e+00
5.234930094083150465e+00
5.235414814949034934e+00
5.235983423391978420e+00
5.236856520175933838e+00
5.237229478359221702e+00
5.237681392828623217e+00
5.238302234808603686e+00
5.238746070861814985e+00
5.239379362265268014e+00
5.239920945962271759e+00
5.240873054663339303e+00
5.241002563635507983e+00
5.241541739304860670e+00
5.242170751094818115e+00
5.242712493737538892e+00
5.243243630727132398e+00
5.243760331471762015e+00
5.244881093502044678e+00
5.244978702068330279e+00
5.245489378770191280e+00
5.246031002203622506e+00
5.246614491939546099e+00
5.247180994351705152e+00
5.247725673516590916e+00
5.248207966486614140e+00
5.248826940854389278e+00
5.249387176831564972e+00
5.249873395760854322e+00
5.250448890527088963e+00
5.251280657450358547e+00
5.251610747973124660e+00
5.252170646190641889e+00
5.252949670950570749e+00
5.253249895572661643e+00
5.253839079538980883e+00
5.254306328296660666e+00
5.254922660191855499e+00
5.255420541763307085e+00
5.256068205833436480e+00
5.256860661506653543e+00
5.257086869080861646e+00
5.257799740632375318e+00
5.258213841915129194e+00
5.258786781628927542e+00
5.259370597203574249e+00
5.259949215253193699e+00
5.260884396235148586e+00
5.261039046446480683e+00
5.261657579739889457e+00
5.262152230739594927e+00
5.262788728872934030e+00
5.263274383544921164e+00
5.263776238759358961e+00
5.264741913477578805e+00
5.264938684304556915e+00
5.265555306275686576e+00
5.266026067733765359e+00
5.266817704836526559e+00
5.267355604966482474e+00
5.267760332425435621e+00
5.268212381998697680e+00
5.268790507316587934e+00
5.269376067320504120e+00
5.269876003265380859e+00
5.270430239041647980e+00
5.271009000142417023e+00
5.271623885631562700e+00
5.272130040327706268e+00
5.272926322619120754e+00
5.273348935445149266e+00
5.273766998449961108e+00
5.274373896916706883e+00
5.274875779946643917e+00
5.275436266263326957e+00
5.276223742961882124e+00
5.276892586549124076e+00
5.277188094456992218e+00
5.277763199806212668e+00
5.278242357571919285e+00
5.278912150859831343e+00
5.279304782549541386e+00
5.279902998606363695e+00
5.280792899926503026e+00
5.281156742572783003e+00
5.281740430990854662e+00
5.282223180929818795e+00
5.282912886142732134e+00
5.283286448319753248e+00
5.283852501710256888e+00
5.284948368867237178e+00
5.285110807418824663e+00
5.285598464806874119e+00
5.287297809123991499e+00
5.287562994162239960e+00
5.287879828612009447e+00
5.289283299446104536e+00
5.289581370353698020e+00
5.290084393819174835e+00
5.290792409578958910e+00
5.291074637571970385e+00
5.291374107201892940e+00
5.291837636629740160e+00
5.292810924847920262e+00
5.293075191974640603e+00
5.293598258495329389e+00
5.294796403249105055e+00
5.295107964674631518e+00
5.296020940939584420e+00
5.296254305044808319e+00
5.297197751204173244e+00
5.297498102982839185e+00
5.297815112272896698e+00
5.298279062906900094e+00
5.298810017108916526e+00
5.299308216571809282e+00
5.300022725264231127e+00
5.300933210055031708e+00
5.301257868607837764e+00
5.301579078038532344e+00
5.302105991045632294e+00
5.303261192639670440e+00
5.303698527812958474e+00
5.304292428493500466e+00
5.305803807576499054e+00
5.306010071436563891e+00
5.306320619583129172e+00
5.306961878140768363e+00
5.307394055525460175e+00
5.307911821206410252e+00
5.308267235755920410e+00
5.309113915761312086e+00
5.309500777721403608e+00
5.309926970799764945e+00
5.311013996601104736e+00
5.311337049802144605e+00
5.311747145652770286e+00
5.312095272541046853e+00
5.312931319077808467e+00
5.313549697399139404e+00
5.314086826642355987e+00
5.314813232421876421e+00
5.315074451764424168e+00
5.315568232536314497e+00
5.316107678413391824e+00
5.317070209980009565e+00
5.317422481377921173e+00
5.317797446250914106e+00
5.318824195861814985e+00
5.318949898084003536e+00
5.319305213292441437e+00
5.319870011011758493e+00
5.320994404951729706e+00
5.321338923772177765e+00
5.321786590417225682e+00
5.322284384568533255e+00
5.323049084345498727e+00
5.323239882787067501e+00
5.323824568589529349e+00
5.324807492891945770e+00
5.324953039487201778e+00
5.325484442710877175e+00
5.326009217898050707e+00
5.327057584126791312e+00
5.327398697535198124e+00
5.328112359841664869e+00
5.328800928592681174e+00
5.329070544242860308e+00
5.329412281513214111e+00
5.329934187730152928e+00
5.330905497074127197e+00
5.331098620096842211e+00
5.331717622280120139e+00
5.332136893272398481e+00
5.333053870995840384e+00
5.333610955874124926e+00
5.333927857875824685e+00
5.334304531415302364e+00
5.335032625993093802e+00
5.335594920317330292e+00
5.336163838704425899e+00
5.337167557080586988e+00
5.337421945730845607e+00
5.337653398513793945e+00
5.338751987616220163e+00
5.338905207316081203e+00
5.339332377910615435e+00
5.339997057120005053e+00
5.341000525156655243e+00
5.341281819343567605e+00
5.341636121273040771e+00
5.342217206954956055e+00
5.342976824442544626e+00
5.343302611509958666e+00
5.343763089179994097e+00
5.345060845216114132e+00
5.345375311374663596e+00
5.345794169108071259e+00
5.346075677871702680e+00
5.347560632228852029e+00
5.347767587502797682e+00
5.348089059193927852e+00
5.348302384217578975e+00
5.348958408832551470e+00
5.349555067221324123e+00
5.350066502888996212e+00
5.350498624642689549e+00
5.351016799608867558e+00
5.351710669199626125e+00
5.352295819918314379e+00
5.352654123306272993e+00
5.353283329804739310e+00
5.353754413127898459e+00
5.354310297966001997e+00
5.354868952433267992e+00
5.355491658051807491e+00
5.356020935376484715e+00
5.356564931074778713e+00
5.357093612353008183e+00
5.358081920941671683e+00
5.358381028970082838e+00
5.358968981107075535e+00
5.359646316369374830e+00
5.360087251663209429e+00
5.360908385117848951e+00
5.361148770650228101e+00
5.361664386590323517e+00
5.362118494510649924e+00
5.362670592466990627e+00
5.363567403952281154e+00
5.364253334204356349e+00
5.364455874760945875e+00
5.364960070451100904e+00
5.365424513816833496e+00
5.366160325209300197e+00
5.366668911774954864e+00
5.367153517405192531e+00
5.367649475733440312e+00
5.368224219481149362e+00
5.368878722190856934e+00
5.369522158304850024e+00
5.369888985157011518e+00
5.370422430833180272e+00
5.371397848924001295e+00
5.371749377250672808e+00
5.372105356057485182e+00
5.372676229476930132e+00
5.373197515805561153e+00
5.374234783649445291e+00
5.374360962708792044e+00
5.374975816408792184e+00
5.375687464078268363e+00
5.376117018858590058e+00
5.376982716719307831e+00
5.377241452534992305e+00
5.377718198299408670e+00
5.378234608968099906e+00
5.378830424944560207e+00
5.379513688882191502e+00
5.380026102066040039e+00
5.380698939164478389e+00
5.380984771251679177e+00
5.382207222779591405e+00
5.382482600212096457e+00
5.383061532179514330e+00
5.383625912666321511e+00
5.383892333507539263e+00
5.384817850589751487e+00
5.384940926233927172e+00
5.385482029120126413e+00
5.386040536562600067e+00
5.386567596594492358e+00
5.387617552280424604e+00
5.387719078858694388e+00
5.388273715972900391e+00
5.388765629132588941e+00
5.389490421613057691e+00
5.390413447221121146e+00
5.390689476331075980e+00
5.391217307249704049e+00
5.391627709070842656e+00
5.392224518458046845e+00
5.392781837781271292e+00
5.393274120489756740e+00
5.393756798903147853e+00
5.394510904947917851e+00
5.394911022981009552e+00
5.395884092648824293e+00
5.396187996864320269e+00
5.396889980634053785e+00
5.397309537728627760e+00
5.398255121707915549e+00
5.398554611206055398e+00
5.398842140038809134e+00
5.399333838621775072e+00
5.399960792064668169e+00
5.400812689463297289e+00
5.401185631752014160e+00
5.401556102434792450e+00
5.402087676525116677e+00
5.402673153082528046e+00
5.403502412637074315e+00
5.403790116310119629e+00
5.404402124881745095e+00
5.404912606875100778e+00
5.406148286660513946e+00
5.406407181421915453e+00
5.406733934084574145e+00
5.407274826367697074e+00
5.407674654324850394e+00
5.408195916811624926e+00
5.408875095844269509e+00
5.409424829483032937e+00
5.410156186421712476e+00
5.410531242688495723e+00
5.411475300788879395e+00
5.411900031566620584e+00
5.412131591637930228e+00
5.412793759504953783e+00
5.413206036885579664e+00
5.414156095186868356e+00
5.414416555563608568e+00
5.414905444780984567e+00
5.415504237016040889e+00
5.416003866990408255e+00
5.416573095321655984e+00
5.417353721459708282e+00
5.417714265982308319e+00
5.418324251969654171e+00
5.418801693121590546e+00
5.419307839870452170e+00
5.419864141941069136e+00
5.420766234397888184e+00
5.421082794666290283e+00
5.421533091862997367e+00
5.422097293535866669e+00
5.422641086578369851e+00
5.423258058230082668e+00
5.423853536446888057e+00
5.424815634886424931e+00
5.425157852967579686e+00
5.425665907065074123e+00
5.426036051909129299e+00
5.426625227928163042e+00
5.427183214823404711e+00
5.427768186728158639e+00
5.428211696942646824e+00
5.428828581174215628e+00
5.429357659816741233e+00
5.429892834027608473e+00
5.430563863118489820e+00
5.431105605761210597e+00
5.431688455740609101e+00
5.432144586245218676e+00
5.432824695110319624e+00
5.433307786782581417e+00
5.433759713172911177e+00
5.434367847442626243e+00
5.434880316257476807e+00
5.435430188973743526e+00
5.435998868942260032e+00
5.436878383159637451e+00
5.437253169218699611e+00
5.437642554442088993e+00
5.438273831208547904e+00
5.438750720024110308e+00
5.439315497875213623e+00
5.439954014619193146e+00
5.440865337848663330e+00
5.441184528668721043e+00
5.441577974955240649e+00
5.442113232612609153e+00
5.442682051658628950e+00
5.443215278784432343e+00
5.443946695327760210e+00
5.444932182629901973e+00
5.445061151186624926e+00
5.445623672008515825e+00
5.446015449364981720e+00
5.446631868680317012e+00
5.447163164615631104e+00
5.447923592726390041e+00
5.448323810100553999e+00
5.448904824256896262e+00
5.449308641751606785e+00
5.449885825316112431e+00
5.450423371791838889e+00
5.450975338617961796e+00
5.451612941424052394e+00
5.452186028162639531e+00
5.452837920188905230e+00
5.453198107083640167e+00
5.453805426756542118e+00
5.454377631346385868e+00
5.454867088794706831e+00
5.455423335234325322e+00
5.456137983004250458e+00
5.456798489888509351e+00
5.457287677129109227e+00
5.457641879717510136e+00
5.458214958508808223e+00
5.458756514390309178e+00
5.459344331423441332e+00
5.459867175420125562e+00
5.460820929209390329e+00
5.461027069886526419e+00
5.461535580952961766e+00
5.462335415681202733e+00
5.462792412439981149e+00
5.463202114899953443e+00
5.463769368330638088e+00
5.464770766099295685e+00
5.465048154195148555e+00
5.465458416938780317e+00
5.466037642955779319e+00
5.466683495044708962e+00
5.467275222142536251e+00
5.467712577184041578e+00
5.468885203202564327e+00
5.469154306252796971e+00
5.469595595200857474e+00
5.469945832093557669e+00
5.470589065551756391e+00
5.471020734310151568e+00
5.471658245722451852e+00
5.472099955876668531e+00
5.472814464569090376e+00
5.473197416464486764e+00
5.473786946137746412e+00
5.474312027295429317e+00
5.474864017963408713e+00
5.475518461068471510e+00
5.476089187463124119e+00
5.476895817120869481e+00
5.477243419488271314e+00
5.477713072299955854e+00
5.478243311246234981e+00
5.478891396522520552e+00
5.479413950443266401e+00
5.479943597316740522e+00
5.480807662010192871e+00
5.481005760033927032e+00
5.481534588336945291e+00
5.482086610794066672e+00
5.482661851247151219e+00
5.483622022469837987e+00
5.483942838509879181e+00
5.484528581301372441e+00
5.484990890820821363e+00
5.485461902618407493e+00
5.486105549335480447e+00
5.486947377522785274e+00
5.487508960564930760e+00
5.487868142127990012e+00
5.488232568899789499e+00
5.488907603422799042e+00
5.489432843526206085e+00
5.489920254548390943e+00
5.490681707859039307e+00
5.490984904766083474e+00
5.491623926162720437e+00
5.492356244723001879e+00
5.492661452293397417e+00
5.493284273147583718e+00
5.494219617048898385e+00
5.494482723871865204e+00
5.495003108183542651e+00
5.495453739166258345e+00
5.496060045560202667e+00
5.496955883502959495e+00
5.497103182474770477e+00
5.497882044315339556e+00
5.498492630322775909e+00
5.498851001262664795e+00
5.499480068683624268e+00
5.499956301848094142e+00
5.500452729066214630e+00
5.501184221108754713e+00
5.502163596947987401e+00
5.502267773946126539e+00
5.503092336654663796e+00
5.503492375214893428e+00
5.504092625776927150e+00
5.504950531323750340e+00
5.505223329861959058e+00
5.505638174215953029e+00
5.506414202849068573e+00
5.506617240111033595e+00
5.507750586668649362e+00
5.507910883426667681e+00
5.508415516217549879e+00
5.508996431032816332e+00
5.509589886665345659e+00
5.510205101966857200e+00
5.510550558567047119e+00
5.511230242252349143e+00
5.511819215615592071e+00
5.512204051017761230e+00
5.512937855720519309e+00
5.513623138268787471e+00
5.513769137859345193e+00
5.514385612805686065e+00
5.515533649921415815e+00
5.515846149126687692e+00
5.516124133268991869e+00
5.516587173938752642e+00
5.517137281099955715e+00
5.518262934684752707e+00
5.518641956647236668e+00
5.518917389710743748e+00
5.519433593750001421e+00
5.519941620031993068e+00
5.520818746089936724e+00
5.521325906117755977e+00
5.521608205636344024e+00
5.522142040729523416e+00
5.522737427552542044e+00
5.523445709546408011e+00
5.523759905497232836e+00
5.524372895558673946e+00
5.525110260645547555e+00
5.525518929958344927e+00
5.526251991589862911e+00
5.526656528313953487e+00
5.527166406313579472e+00
5.527676987648010964e+00
5.528199843565623439e+00
5.528795671463011985e+00
5.529325922330219356e+00
5.530064256985983917e+00
5.530489480495454302e+00
5.531530932585397409e+00
5.531835309664408840e+00
5.532237656911213719e+00
5.532828934987385594e+00
5.533259884516397165e+00
5.534118195374805538e+00
5.534576646486918605e+00
5.534889745712280984e+00
5.535691269238789403e+00
5.536035033067069122e+00
5.537043428421021929e+00
5.537460005283357134e+00
5.537680749098459643e+00
5.538289022445678000e+00
5.538795435428617964e+00
5.539568527539572074e+00
5.540159749984741921e+00
5.540480868021646188e+00
5.541099429130554199e+00
5.541602063179016824e+00
5.542149424552917480e+00
5.542645088831584133e+00
5.543233772118885128e+00
5.544149899482725630e+00
5.544780894120535208e+00
5.544928566614785836e+00
5.545520246028900146e+00
5.545995577176412894e+00
5.546632619698844024e+00
5.547617697715757856e+00
5.547855250040690578e+00
5.548262357711791992e+00
5.548892883459725311e+00
5.549440590540566376e+00
5.549953313668570587e+00
5.550428585211435006e+00
5.551159560680389404e+00
5.551540621121723973e+00
5.552111446857452393e+00
5.552830115954080270e+00
5.553348827362061257e+00
5.553761601448059082e+00
5.554311370849610796e+00
5.554867660999299517e+00
5.555469989776611328e+00
5.556063342094422097e+00
5.556880072752633737e+00
5.557288392384847953e+00
5.557675874233247271e+00
5.558421683311461692e+00
5.558888347943625519e+00
5.559386070569356519e+00
5.559888195991515403e+00
5.560771648089090746e+00
5.561144463221232570e+00
5.561550549666087306e+00
5.562145706017812330e+00
5.562777459621429443e+00
5.563400606314342411e+00
5.563796309630074433e+00
5.564821008841196459e+00
5.564952747027078317e+00
5.565454896291097242e+00
5.566017381350199855e+00
5.566542347272235958e+00
5.567104570070902980e+00
5.567760622501374712e+00
5.568250473340352613e+00
5.568908361593880585e+00
5.569608541329703399e+00
5.570008770624795602e+00
5.570691780249276803e+00
5.571148161093393725e+00
5.571546034018197702e+00
5.572109504540762259e+00
5.572891283035279031e+00
5.573441704114276973e+00
5.574389787515006134e+00
5.574687941869100882e+00
5.575072928269705130e+00
5.575566740830740997e+00
5.576154422760009055e+00
5.576910491784413892e+00
5.577348117033640307e+00
5.577654298146565992e+00
5.578233353296916164e+00
5.578841610749563529e+00
5.579327166080474854e+00
5.580150051911672904e+00
5.580920751889546949e+00
5.581201966603597242e+00
5.582214478651682299e+00
5.582356142997742410e+00
5.582796049118041282e+00
5.583687214056649140e+00
5.584282430013022491e+00
5.584967573483783809e+00
5.585194528102874756e+00
5.585544407367706299e+00
5.586147566636402217e+00
5.586576823393503588e+00
5.587141311168672075e+00
5.587666296958921919e+00
5.588279143969216989e+00
5.589006336530051300e+00
5.589449659983316110e+00
5.589903569221498003e+00
5.590489037831623875e+00
5.591245245933532004e+00
5.591735100746156206e+00
5.592151518662770826e+00
5.593014224370321585e+00
5.593280891577403935e+00
5.593895037968952266e+00
5.594318246841432085e+00
5.594887332121530221e+00
5.595443050066631230e+00
5.595985404650370754e+00
5.596872286001840280e+00
5.597143427530923532e+00
5.597776770591735840e+00
5.598282559712728812e+00
5.598828252156575758e+00
5.599430660406749638e+00
5.599878557523091160e+00
5.600832696755727369e+00
5.601022005081176758e+00
5.601636815071106668e+00
5.602095015843708836e+00
5.602674758434297075e+00
5.603226399421693316e+00
5.603757305939993216e+00
5.604753275712329952e+00
5.604963684082029829e+00
5.605534553527832031e+00
5.606115690867106593e+00
5.606557496388752782e+00
5.607113675276437448e+00
5.607688625653583614e+00
5.608203021685280731e+00
5.608823382854460249e+00
5.609450976053874882e+00
5.610357201099397173e+00
5.610596036911012163e+00
5.611080121994017844e+00
5.611609280109405518e+00
5.612117711702982348e+00
5.612828139464060229e+00
5.613242518901824241e+00
5.614152868588764278e+00
5.614480308691661037e+00
5.614944553375245562e+00
5.615598483880361869e+00
5.616002782185873343e+00
5.616878092288970947e+00
5.617399847507478228e+00
5.617746678988137177e+00
5.618248713016509299e+00
5.618819471200307447e+00
5.619535907109579398e+00
5.619970782597860648e+00
5.620604276657104492e+00
5.621158985296883515e+00
5.621625669797261082e+00
5.622294497489928489e+00
5.622763045628865086e+00
5.623398621877033321e+00
5.623946718374888576e+00
5.624819465478260838e+00
5.625023420651753980e+00
5.625462996959686990e+00
5.626048254966736550e+00
5.626533599694571564e+00
5.627481675148011675e+00
5.627956620852152980e+00
5.628631313641864864e+00
5.628902403513588837e+00
5.629528137048087189e+00
5.630443847179414263e+00
5.630650297800698922e+00
5.631018801530203177e+00
5.631554305553436279e+00
5.632147947947185429e+00
5.632879384358723485e+00
5.633248058954873017e+00
5.633956221739449433e+00
5.634660772482554592e+00
5.635472738742826948e+00
5.635618829727171430e+00
5.636006164550781961e+00
5.636562176545460545e+00
5.637250077724456077e+00
5.638091754913329368e+00
5.638562349478402069e+00
5.638824729124703339e+00
5.639376854896546831e+00
5.639876921971637813e+00
5.640877958138784010e+00
5.641194132963814667e+00
5.641833039124808380e+00
5.642162974675496656e+00
5.642774975299836626e+00
5.643565352757772047e+00
5.643881893157960405e+00
5.644328908125558542e+00
5.644906016190848419e+00
5.645424735546111350e+00
5.646156032880146114e+00
5.646624688307444018e+00
5.647118230660755245e+00
5.647647480169933232e+00
5.648799518744151982e+00
5.648999035358428955e+00
5.649398080507914699e+00
5.650068096319834865e+00
5.650580493609108856e+00
5.651669406890867720e+00
5.651970601081849566e+00
5.652289148171742994e+00
5.652754501501718210e+00
5.653373384475706587e+00
5.654128523667655060e+00
5.654418249924976436e+00
5.655033405621846754e+00
5.655557537078856001e+00
5.656223273277284136e+00
5.656810021400453081e+00
5.657584563891091989e+00
5.657912659645081277e+00
5.658295019467672660e+00
5.658807571729024488e+00
5.659687288602192723e+00
5.659961497783662310e+00
5.660680425167083030e+00
5.660993027687073464e+00
5.661584695180255977e+00
5.662336568037670048e+00
5.662715689341226266e+00
5.663228189945222368e+00
5.664059662818907270e+00
5.664895021915434370e+00
5.665110433101652632e+00
5.665566353003182343e+00
5.666238498687743430e+00
5.666642713546753640e+00
5.667467693487804326e+00
5.667800283432008257e+00
5.668250922362009447e+00
5.668875682353974099e+00
5.669521502653758205e+00
5.670150816440582275e+00
5.670551172892253078e+00
5.671198507150013057e+00
5.671752909819286259e+00
5.672317389647165697e+00
5.672946314016979130e+00
5.673438151677448360e+00
5.673823221524557425e+00
5.674334418773650413e+00
5.674958912531533173e+00
5.675773676236470777e+00
5.676164956887564728e+00
5.676572815577188180e+00
5.677210207780202467e+00
5.677664955457050411e+00
5.678241956233978982e+00
5.678761001427968580e+00
5.679417105515799591e+00
5.679879482587178785e+00
5.680931925773620605e+00
5.681273555755616655e+00
5.681752443313598633e+00
5.682209638754525116e+00
5.682717188199362113e+00
5.683434911568959080e+00
5.683883547782897949e+00
5.684898726145426906e+00
5.685025779406227997e+00
5.685564386844635720e+00
5.686033590634664847e+00
5.686558822790782841e+00
5.687260735034943337e+00
5.687710599104562448e+00
5.688208460807800293e+00
5.689116704463959451e+00
5.689487667878470489e+00
5.690214884281157737e+00
5.690555528799691842e+00
5.690994032224018895e+00
5.691539514064789529e+00
5.692139633496601903e+00
5.692845972379050323e+00
5.693235429128012726e+00
5.693760446707408107e+00
5.694314511617026398e+00
5.695122031370797089e+00
5.695595582326252071e+00
5.696179501215617336e+00
5.696822977066041460e+00
5.697149817148844164e+00
5.697737399737039965e+00
5.698229018847147387e+00
5.698922677834829642e+00
5.699378995100655487e+00
5.699872756004332075e+00
5.700981207688649022e+00
5.701276989777884552e+00
5.701699892679851445e+00
5.702378837267556122e+00
5.702699669202168309e+00
5.703355844815572340e+00
5.704029246171316458e+00
5.704822448889412811e+00
5.705203592777252197e+00
5.705432720979054295e+00
5.706282766660056183e+00
5.706802082061766868e+00
5.707116325696308223e+00
5.707698027292888554e+00
5.708247506618498335e+00
5.708809840679169412e+00
5.709520618120830449e+00
5.710093176364900103e+00
5.710605887571968964e+00
5.711128485202788596e+00
5.711559987068177691e+00
5.712826391061145870e+00
5.712938992182412079e+00
5.713258202870687086e+00
5.713807555039725372e+00
5.714595103263853559e+00
5.714926683902739057e+00
5.715574149290720385e+00
5.716149107615152047e+00
5.717030791441597870e+00
5.717136557896932203e+00
5.717707045873005711e+00
5.718234697977703007e+00
5.718863753477730683e+00
5.719322276115416770e+00
5.720080292224885454e+00
5.720773804187775369e+00
5.721130220095314911e+00
5.721786383787790697e+00
5.722167567412057565e+00
5.722742454210916208e+00
5.723220336437226052e+00
5.723786437511442671e+00
5.724771722157797171e+00
5.725107153256733028e+00
5.725603063901264278e+00
5.726142370700834761e+00
5.726582241058348899e+00
5.727090342839559867e+00
5.727825582027435303e+00
5.728229832649230246e+00
5.728934045632680494e+00
5.729546531041464164e+00
5.729940366744994407e+00
5.730471579233803681e+00
5.731088248888649872e+00
5.731690239906310325e+00
5.732150630156198190e+00
5.732856969038646611e+00
5.733362332979837106e+00
5.733854937553406472e+00
5.734435804684956395e+00
5.734895829359690111e+00
5.735427538553874882e+00
5.736000712712606031e+00
5.736817149321236542e+00
5.737110749880471872e+00
5.737677478790281782e+00
5.738233772913613251e+00
5.738775388399758981e+00
5.739375309149423288e+00
5.739894600709281036e+00
5.740896717707315133e+00
5.741314502557120392e+00
5.741538027922313603e+00
5.742185644308726467e+00
5.742771069208782109e+00
5.743210637569426069e+00
5.743868867556255253e+00
5.744789866606392792e+00
5.745081373055775487e+00
5.745623203118643829e+00
5.745998247464498832e+00
5.746556417147317575e+00
5.747097949186962040e+00
5.747696109612782323e+00
5.748225001494088104e+00
5.748864126205443625e+00
5.749422939618430206e+00
5.749897865454354218e+00
5.750561920801796845e+00
5.751187487443289115e+00
5.751543649037678563e+00
5.752237268288929783e+00
5.752825013796488918e+00
5.753214482466379565e+00
5.753762364387512207e+00
5.754404064019521314e+00
5.754976157347361010e+00
5.755518917242685717e+00
5.756045746803284402e+00
5.756570367018380097e+00
5.757162324587504543e+00
5.757655914624532301e+00
5.758216317494710523e+00
5.758762188752491795e+00
5.759362192948660919e+00
5.759972186883292267e+00
5.760458171367645264e+00
5.761282817522683786e+00
5.761635990937552521e+00
5.762191613515216915e+00
5.762682676315307617e+00
5.763247223695120880e+00
5.763840142885843676e+00
5.764492861429850734e+00
5.764987071355182735e+00
5.765482779343923170e+00
5.766138648986817827e+00
5.766579751173654955e+00
5.767157602310181375e+00
5.767663963635762059e+00
5.768215918540953169e+00
5.768773329257964377e+00
5.769369979699451534e+00
5.770074160893759796e+00
5.770428546269734227e+00
5.770988217989604152e+00
5.771546999613445195e+00
5.772168787320456573e+00
5.772805265585581935e+00
5.773209158579508227e+00
5.773763473828633863e+00
5.774380012353262259e+00
5.774886429309844971e+00
5.775522005558013205e+00
5.776251121362051322e+00
5.776638690630594652e+00
5.777373965581258375e+00
5.777753456433615042e+00
5.778359210491181841e+00
5.779148936271667480e+00
5.779444793860118779e+00
5.780036445458730299e+00
5.780686724185944314e+00
5.781263697147370095e+00
5.781825904051462572e+00
5.782315738995869481e+00
5.782945346832274680e+00
5.783211127916970895e+00
5.784015377362567989e+00
5.784406952063243068e+00
5.785485629240671557e+00
5.785742628574372048e+00
5.786038355032601999e+00
5.786559152603150125e+00
5.787283833821614820e+00
5.787652413050334843e+00
5.788275591532389797e+00
5.788794461886087817e+00
5.789329687754314335e+00
5.789877831935882568e+00
5.790529716014862771e+00
5.791135958830516017e+00
5.791796743869781494e+00
5.792214969793956669e+00
5.792716912428538478e+00
5.793336300055184296e+00
5.793758730093639286e+00
5.794315083821615531e+00
5.794894138971965702e+00
5.795446546872458526e+00
5.796034804979960597e+00
5.796573344866434496e+00
5.797402556737264234e+00
5.797729281584420136e+00
5.798329337437948539e+00
5.798843002319337359e+00
5.799391619364421047e+00
5.799875263373056811e+00
5.800468957424165239e+00
5.801358620325725468e+00
5.801741798718769161e+00
5.802189858754477569e+00
5.802654318014781154e+00
5.803298191229501413e+00
5.803883421421051736e+00
5.804518739382427128e+00
5.805064682165781420e+00
5.805558280150094674e+00
5.806054166952769435e+00
5.806614542007444868e+00
5.807343864440916548e+00
5.807808514436086256e+00
5.808387311299643585e+00
5.809265204270680272e+00
5.809589552879334207e+00
5.809972822666168213e+00
5.810449850559233909e+00
5.811022913455964556e+00
5.811587365468344757e+00
5.812278846899669560e+00
5.812766329447427438e+00
5.813212235768634883e+00
5.813929168383278778e+00
5.814348296324411081e+00
5.814945451418559230e+00
5.815497565269470925e+00
5.816179056962329952e+00
5.816557987531027152e+00
5.817368312676748587e+00
5.817666256427763471e+00
5.818299452463786992e+00
5.818874510129294464e+00
5.819395379225412057e+00
5.820041422049204272e+00
5.820899486541748047e+00
5.821117977301280888e+00
5.821776612599691703e+00
5.822253024578095904e+00
5.822830454508462594e+00
5.823357748985291238e+00
5.823770717779794381e+00
5.824772040049236210e+00
5.824909110864002315e+00
5.825469259421030443e+00
5.826162505149842019e+00
5.826576030254365435e+00
5.827196462949117972e+00
5.827661808331807691e+00
5.828205426534015743e+00
5.828817915916442161e+00
5.829317867755889893e+00
5.829994996388752071e+00
5.830688277880351933e+00
5.831067744890848559e+00
5.831542789936065674e+00
5.832226173082986520e+00
5.832866024971007590e+00
5.833496777216591767e+00
5.833898043632508745e+00
5.834530802567801544e+00
5.835023780663807003e+00
5.835540445645651886e+00
5.836073819796244067e+00
5.836950536568959791e+00
5.837432090441385668e+00
5.837790453433989057e+00
5.838567523161568573e+00
5.838913551966349758e+00
5.839530007044473336e+00
5.839896635214486764e+00
5.840957069396971235e+00
5.841223720709482592e+00
5.841563193003334931e+00
5.842244354883828095e+00
5.842765359083809784e+00
5.843417338530223049e+00
5.844820090134938084e+00
5.845348926385245392e+00
5.845794256528218824e+00
5.846245137850441864e+00
5.846685886383056641e+00
5.847213109334308712e+00
5.847668635845185037e+00
5.848221381505329219e+00
5.848787244160970289e+00
5.849394253889720119e+00
5.850179465611777374e+00
5.850613129138945823e+00
5.851079523563385010e+00
5.851682504018146602e+00
5.852204354604086944e+00
5.852806683381398756e+00
5.853269275029500562e+00
5.853985480467478908e+00
5.854385558764139574e+00
5.855050083001454908e+00
5.855746006965638628e+00
5.856241687138876273e+00
5.856887622674307181e+00
5.857527383168537938e+00
5.857727201779685089e+00
5.858512938022613525e+00
5.859012846151987475e+00
5.859333618481954886e+00
5.859977233409882302e+00
5.860952806472777610e+00
5.861198910077412449e+00
5.861627304553984175e+00
5.862289865811664669e+00
5.862716750303903268e+00
5.863414414723713719e+00
5.863791628678640677e+00
5.864766629536948273e+00
5.864922785758970747e+00
5.865715563297271729e+00
5.866083280245462106e+00
5.866567897796631570e+00
5.867393644650778839e+00
5.867747696240744659e+00
5.868751891454060399e+00
5.869030956427256029e+00
5.869818460941313987e+00
5.870141100883483176e+00
5.870751921335855883e+00
5.871216456095378788e+00
5.871643277009329864e+00
5.872152141729991115e+00
5.872916305065153608e+00
5.873290268580117157e+00
5.873841289679209154e+00
5.874338316917420144e+00
5.874899470806120405e+00
5.875514904658000859e+00
5.875995302200315962e+00
5.876888966560365191e+00
5.877105700969696755e+00
5.877728545665739546e+00
5.878205629189810821e+00
5.879024406274158565e+00
5.879389067490894405e+00
5.879961860179900413e+00
5.880776778856912301e+00
5.881093053023018768e+00
5.881727027893067117e+00
5.882189595699308882e+00
5.882849260171255423e+00
5.883400050799050263e+00
5.884020360310874054e+00
5.884841382503509521e+00
5.884974034627280304e+00
5.885568165779112348e+00
5.886260167757669137e+00
5.887260727087657131e+00
5.887445127964021196e+00
5.887961526711780635e+00
5.888895718256630829e+00
5.889040927092235478e+00
5.889324033260344038e+00
5.889873933792113547e+00
5.890890606244404637e+00
5.891066237290701224e+00
5.891607511043549295e+00
5.892807118097941554e+00
5.893059055010478886e+00
5.893438450495402492e+00
5.893856743971507939e+00
5.895071069399516972e+00
5.895315388838451298e+00
5.895628031094869215e+00
5.896209263801573286e+00
5.896807905038198072e+00
5.897598810990650975e+00
5.897746765613554487e+00
5.898227067788443634e+00
5.899151659011842241e+00
5.899415298302969290e+00
5.899917360146840650e+00
5.901269225279488495e+00
5.901486154397328932e+00
5.901679599285124311e+00
5.902195843060813019e+00
5.903133936723072850e+00
5.903584253787993674e+00
5.903932154178619385e+00
5.904859821001689824e+00
5.905073801676433476e+00
5.905579455693562352e+00
5.906014962991079642e+00
5.906835818290709028e+00
5.907237970829008589e+00
5.907746211687722848e+00
5.908267529805502960e+00
5.908829549948375615e+00
5.909420208136239694e+00
5.910142083962757198e+00
5.910845820109049242e+00
5.911085339387259552e+00
5.911637608210245531e+00
5.912948087851205514e+00
5.913206537564594356e+00
5.913350180784860299e+00
5.914014732837678423e+00
5.915340391794838837e+00
5.915444743633269553e+00
5.915631628036500445e+00
5.916121232509613748e+00
5.916843191782632516e+00
5.917133812109629076e+00
5.917689291636147431e+00
5.919158383210501029e+00
5.919318938255308638e+00
5.919623208045958762e+00
5.920206395785012177e+00
5.920963708559671801e+00
5.921214302380878536e+00
5.921773044268288544e+00
5.922151990731556737e+00
5.922962482770284254e+00
5.923261447747549369e+00
5.923779145876565622e+00
5.924798715114594216e+00
5.925054033597309200e+00
5.925681197643278608e+00
5.926091388861337350e+00
5.926949612299601711e+00
5.927334801355996774e+00
5.927778756618501177e+00
5.928293502330781450e+00
5.929013621807097678e+00
5.929509953657785104e+00
5.929997793833415187e+00
5.931196435292562796e+00
5.931430669625601837e+00
5.931680715084077349e+00
5.932278478145597944e+00
5.932934816678365308e+00
5.933414041996002197e+00
5.933886929353079154e+00
5.935382862885791866e+00
5.935480519135793998e+00
5.936055620511371700e+00
5.937283436457317265e+00
5.937773935000102199e+00
5.938038937250773586e+00
5.939060505231221754e+00
5.939647142092386645e+00
5.940149172147116019e+00
5.941082692146302691e+00
5.941149262587227753e+00
5.941913966337839526e+00
5.942255278428394405e+00
5.942940731843311397e+00
5.943246436119078879e+00
5.943838719526926440e+00
5.944737160205839643e+00
5.945055504639942257e+00
5.945469931761422799e+00
5.946105428536732518e+00
5.947463488578797808e+00
5.947526359558104048e+00
5.947821621100107592e+00
5.948397302627562055e+00
5.949038414160408905e+00
5.949486390749612497e+00
5.950130494435629913e+00
5.950527969996134203e+00
5.951012460390725067e+00
5.951682519912719016e+00
5.952275987466176588e+00
5.952742409706115012e+00
5.953277909755705366e+00
5.953779864311218972e+00
5.954340338706970215e+00
5.954938213030498417e+00
5.955507099628448486e+00
5.956017351150514116e+00
5.956542257467905443e+00
5.957227786382038204e+00
5.958096325397491455e+00
5.958259280522664625e+00
5.958802672227225372e+00
5.959369313716887717e+00
5.959948408603668923e+00
5.960846396287283966e+00
5.961084051926931693e+00
5.961578035354612837e+00
5.962106831868489110e+00
5.962675690650939941e+00
5.963540752728778926e+00
5.963883936405181885e+00
5.964344175656638214e+00
5.964919078350067849e+00
5.965444024403890211e+00
5.966167044639586692e+00
5.966619010766347486e+00
5.967160809040070291e+00
5.967654347419738770e+00
5.968238111337026197e+00
5.968911079565682343e+00
5.969325061639150221e+00
5.970181461175283033e+00
5.970537618796029733e+00
5.971448024113971798e+00
5.971745864550271676e+00
5.972135492165882908e+00
5.972802317142487993e+00
5.973310581843058742e+00
5.974166826407113717e+00
5.974454188346861372e+00
5.974983191490174761e+00
5.975447169939677394e+00
5.976024746894836426e+00
5.976922829945880977e+00
5.977145806948342965e+00
5.977725358804068634e+00
5.978233329455058254e+00
5.978862472375233494e+00
5.979468234380085789e+00
5.979891399542491826e+00
5.980523220698039211e+00
5.981122593084972294e+00
5.982220423221587424e+00
5.982516511281332328e+00
5.982770442962646484e+00
5.983366374174753588e+00
5.983889571825663722e+00
5.984943660100302765e+00
5.985169374942778120e+00
5.985547534624735988e+00
5.986176423231761135e+00
5.986610106627146877e+00
5.987512004375457053e+00
5.987891558806101244e+00
5.988248864809673222e+00
5.988816018899282057e+00
5.989446175098418479e+00
5.990149641036985884e+00
5.990672504901887407e+00
5.991097096602121752e+00
5.991584686438240936e+00
5.992185274759929570e+00
5.992920267581940408e+00
5.993297322591146781e+00
5.993890992800395168e+00
5.994353425502776389e+00
5.994983597596487357e+00
5.995679664611817117e+00
5.996091047922771367e+00
5.996704677740734013e+00
5.997186831633250392e+00
5.997660168011982762e+00
5.998517421881356171e+00
5.998799204826354980e+00
5.999617727597556183e+00
6.000224014123279659e+00
6.000934600830078125e+00
6.001033870379128388e+00
6.001571945349375881e+00
6.002228303750356986e+00
6.002695119380952349e+00
6.003486486275992462e+00
6.003855053583780688e+00
6.004463652769725712e+00
6.005065842469534232e+00
6.005440406004588283e+00
6.006219343344369577e+00
6.006740423043570587e+00
6.007284541924793331e+00
6.007727797826131422e+00
6.008228564262388716e+00
6.008775631586711796e+00
6.009557203451791452e+00
6.010032947858174879e+00
6.010544995466869267e+00
6.011399110158283321e+00
6.011769719918568455e+00
6.012156983216602413e+00
6.012784000237783033e+00
6.013338557879130519e+00
6.014213057359061310e+00
6.014396778742472804e+00
6.014887599150338104e+00
6.015438417593639286e+00
6.016063654422758589e+00
6.016552428404491337e+00
6.017100564638774074e+00
6.017721466223399318e+00
6.018217110633848677e+00
6.018957177797954472e+00
6.019381757577260572e+00
6.019885778427124023e+00
6.020831481615701364e+00
6.021141942342122633e+00
6.021548267205556471e+00
6.022144011656443752e+00
6.022687721252442117e+00
6.023217729727427638e+00
6.023796176910401812e+00
6.024740155537923414e+00
6.025101510683693817e+00
6.025502375761668361e+00
6.026194234689075557e+00
6.026693920294444951e+00
6.027127591768898895e+00
6.027685793240866730e+00
6.028768825531006570e+00
6.028922847906748927e+00
6.029608356952667947e+00
6.029954191048940260e+00
6.030442051092784084e+00
6.031089607874552172e+00
6.031670796871186013e+00
6.032166643937429740e+00
6.032828891277311811e+00
6.033283146222434112e+00
6.033898063500721776e+00
6.034323171774545358e+00
6.034899842739104514e+00
6.035437254110970429e+00
6.035993711153665231e+00
6.036908161640166526e+00
6.037231131394705130e+00
6.037729887167611054e+00
6.038485244909921335e+00
6.038936682542164647e+00
6.039445618788402470e+00
6.039910030364989524e+00
6.040905837217966479e+00
6.041164608796439239e+00
6.041604725519814423e+00
6.042145152886707393e+00
6.042803823947906494e+00
6.043225868542990042e+00
6.043766125043234183e+00
6.044757723808288574e+00
6.045003604888915305e+00
6.045570329825082467e+00
6.046054267883299360e+00
6.046580501397450291e+00
6.047108439604439667e+00
6.047655546665190229e+00
6.048224361737570831e+00
6.048879321416219312e+00
6.049551852544148289e+00
6.049913847446440229e+00
6.050522470474241743e+00
6.051262172063193390e+00
6.051586743195851881e+00
6.052207664648690866e+00
6.052843058109282026e+00
6.053220395247141283e+00
6.053899216651917214e+00
6.054532547791797725e+00
6.057890979448952606e+00
6.058285013834634469e+00
6.058862332503000658e+00
6.059645561377205780e+00
6.059968582789103664e+00
6.060780362288156198e+00
6.061224055290221457e+00
6.061634210745491913e+00
6.062349271774291282e+00
6.062863345940908033e+00
6.063265943527220259e+00
6.064099085330962424e+00
6.064833855628968706e+00
6.064914302031198190e+00
6.065451669692993875e+00
6.066067707538604026e+00
6.066656514008840873e+00
6.067215299606324663e+00
6.067663232485454472e+00
6.068216753005980735e+00
6.068911067644755519e+00
6.069513563315073412e+00
6.069939323266346776e+00
6.070438178380332062e+00
6.070990033944447362e+00
6.071544198195137909e+00
6.072223428885141772e+00
6.072969317436218262e+00
6.073383903503419390e+00
6.073898259798685473e+00
6.074427473545075173e+00
6.074986938635507983e+00
6.075472533702850342e+00
6.076126841704049042e+00
6.076844120025633345e+00
6.077142075697580026e+00
6.077708617846170114e+00
6.078318933645885380e+00
6.078894027074177586e+00
6.079325747489928489e+00
6.079879403114318848e+00
6.080798232555387983e+00
6.081186060110727709e+00
6.082023350397744110e+00
6.082214828332265455e+00
6.082864832878112082e+00
6.083473126093547734e+00
6.083877174059548310e+00
6.084489838282266305e+00
6.085125633080799901e+00
6.085489638646443211e+00
6.086195961634317086e+00
6.086600081125894235e+00
6.087298174699146358e+00
6.087702969710033329e+00
6.088835346698761697e+00
6.089124866326649510e+00
6.089593998591105617e+00
6.090072989463806152e+00
6.090723454952239990e+00
6.091445505619049072e+00
6.091791490713756474e+00
6.092245797316234501e+00
6.092685969670615265e+00
6.093247556686399946e+00
6.094155859947203879e+00
6.094395577907562256e+00
6.094905996322630415e+00
6.095474640528362187e+00
6.096001640955606149e+00
6.097084927558899636e+00
6.097372432549793331e+00
6.097816514968872781e+00
6.098502318064372929e+00
6.098824342091877071e+00
6.099753677845001221e+00
6.100034836928049486e+00
6.100580688317617017e+00
6.101268184185027366e+00
6.101653758684793871e+00
6.102265719572702807e+00
6.102747233708701202e+00
6.103455722332000732e+00
6.103851521015165815e+00
6.104893263181050855e+00
6.105067153771717159e+00
6.105628494421640795e+00
6.106378523508706024e+00
6.106812028090157440e+00
6.107568228244780073e+00
6.107808736960091522e+00
6.108469871679940155e+00
6.108788967132568359e+00
6.109336610635121900e+00
6.110312604904173384e+00
6.110604866345724417e+00
6.111151500542959525e+00
6.111682577927908255e+00
6.112178103129068063e+00
6.112784095605213963e+00
6.113415797551471798e+00
6.113856279850004682e+00
6.114332310358683742e+00
6.114936375617979536e+00
6.115557785828908521e+00
6.116146957874299517e+00
6.116574045022328932e+00
6.117103330294291652e+00
6.118067951997122833e+00
6.118561899662019243e+00
6.118913169701894361e+00
6.119484392801918915e+00
6.119884137312570971e+00
6.120840605099996168e+00
6.121057411034900753e+00
6.121746687094368866e+00
6.122292232513427024e+00
6.123405102888742846e+00
6.123629820346831565e+00
6.123959306875864428e+00
6.124520222345989140e+00
6.125232207775116677e+00
6.125531971454620361e+00
6.126201740900675929e+00
6.126613279183704464e+00
6.127154878775279201e+00
6.127683933575948316e+00
6.128254548708596872e+00
6.128946276505789825e+00
6.129548621177672629e+00
6.129959098498027004e+00
6.130815068880718144e+00
6.131561541557310591e+00
6.131848359107969770e+00
6.132248898347217647e+00
6.132700332005818211e+00
6.133492060502369725e+00
6.134158881505332062e+00
6.134429649511972116e+00
6.134890341758726606e+00
6.135439884662627463e+00
6.136229725678763458e+00
6.136979552110037872e+00
6.137135652701058319e+00
6.137696150938669604e+00
6.138271117210386763e+00
6.138782107830046186e+00
6.139532450834909838e+00
6.139898602167765063e+00
6.140551447868347168e+00
6.141121959686280718e+00
6.141550195217131858e+00
6.142275806268056471e+00
6.142900224526723463e+00
6.143512376149494969e+00
6.143929314613341575e+00
6.144773093859352997e+00
6.145135482152301876e+00
6.145589737097420624e+00
6.146141978104910919e+00
6.146641512711841671e+00
6.147548679510752123e+00
6.147548679510752123e+00
6.147726178169250488e+00
6.147726178169250488e+00
6.148227139314016654e+00
6.148799955844879150e+00
6.149889516830445046e+00
6.150618549187978346e+00
6.150996017456055398e+00
6.151574901739756740e+00
6.152124643325805664e+00
6.152660369873046875e+00
6.153230766455333622e+00
6.153784370422364702e+00
6.154479392369587742e+00
6.154937171936033735e+00
6.156009821097054413e+00
6.156322741508482466e+00
6.157010050614676544e+00
6.157254346211750828e+00
6.157880675792693381e+00
6.158423010508219164e+00
6.158822353680928785e+00
6.159480702877043967e+00
6.160228558381398045e+00
6.160949265956880083e+00
6.161197276910147735e+00
6.161789047718048806e+00
6.162205501397451712e+00
6.162723124027252197e+00
6.163243114948272705e+00
6.163909669717153150e+00
6.165022166570029327e+00
6.165345450242359249e+00
6.165578639507295122e+00
6.166070512930552638e+00
6.166605563958487579e+00
6.167169717947640351e+00
6.167721951007841596e+00
6.168316845099131029e+00
6.168849992752075906e+00
6.169409577051798266e+00
6.169915469487509796e+00
6.170684595902759639e+00
6.171117134888966405e+00
6.172006122271220363e+00
6.172203493118285422e+00
6.172896830240883759e+00
6.173416912555694580e+00
6.173846773306529201e+00
6.174445664882661333e+00
6.174957235654193966e+00
6.175546622276307573e+00
6.176225769519806619e+00
6.176911596457163256e+00
6.177132157484688690e+00
6.177659591039020626e+00
6.178257469336191576e+00
6.178784306844075758e+00
6.179328171412148407e+00
6.179984172185260860e+00
6.181173741817474365e+00
6.181556709607441746e+00
6.181629876295726689e+00
6.182163230578105129e+00
6.182748639583586225e+00
6.183301087220510084e+00
6.183783928553264531e+00
6.184769439697266336e+00
6.185117185115814209e+00
6.185466961065927194e+00
6.185994319121043361e+00
6.186570533116658055e+00
6.187174936135608760e+00
6.187716905275980395e+00
6.188261051972705928e+00
6.188885843753816118e+00
6.189525592327118630e+00
6.189902508258818159e+00
6.190563563505808276e+00
6.191006787618000828e+00
6.191623294353483686e+00
6.192162899176278046e+00
6.192941904067993164e+00
6.193214793999988643e+00
6.193821140130360448e+00
6.194391671816507738e+00
6.195135545730590110e+00
6.195535961786905688e+00
6.196008320649465162e+00
6.197022994359333126e+00
6.197162862618764478e+00
6.197921069463095733e+00
6.198286946614583570e+00
6.198941822846730787e+00
6.199423754215239057e+00
6.199918802579244215e+00
6.200826958815255807e+00
6.201106377442677342e+00
6.201634085178376665e+00
6.202125124136607326e+00
6.202698024113974640e+00
6.203245910008750030e+00
6.203791578610736934e+00
6.204860683282216627e+00
6.205225094159445121e+00
6.205724767843882717e+00
6.206215767065682343e+00
6.206579470634459028e+00
6.207183380921680538e+00
6.207910108566284890e+00
6.208763873577119341e+00
6.209089950720468210e+00
6.209506698449452244e+00
6.209891382853189867e+00
6.210630822181702371e+00
6.211414539813993940e+00
6.211839203039804858e+00
6.212270291646323273e+00
6.212813989321389840e+00
6.213251550992328731e+00
6.213882859547933180e+00
6.214547312259675493e+00
6.215005028247833962e+00
6.215443110466004839e+00
6.216090746720631444e+00
6.216849263509114820e+00
6.217416171232859057e+00
6.217805898189546099e+00
6.218338970343271654e+00
6.218777557214099971e+00
6.219360852241514692e+00
6.220159681638083526e+00
6.220463724931082794e+00
6.221103425820668775e+00
6.221553568045298022e+00
6.222159806887308520e+00
6.222686783472695993e+00
6.223263784249624564e+00
6.223828419049581839e+00
6.224338750044505986e+00
6.225219802061715768e+00
6.225726393858590058e+00
6.226047543684639862e+00
6.226686104138693167e+00
6.227459939320883819e+00
6.227667482693991730e+00
6.228298795223235373e+00
6.228986549377442117e+00
6.229489394028981053e+00
6.229942576090493844e+00
6.230830196539560717e+00
6.231053062280018651e+00
6.231554277737934910e+00
6.232134310404457977e+00
6.232671364148458792e+00
6.233498187859854767e+00
6.233830149968465406e+00
6.234350816408792184e+00
6.234894752502441406e+00
6.235467215379077999e+00
6.236083304882050982e+00
6.236594661076864554e+00
6.237209097544351266e+00
6.237746914227802364e+00
6.238240496317544626e+00
6.238844184080758026e+00
6.239411107699076808e+00
6.239902377128601074e+00
6.240490615367889404e+00
6.241368281841278787e+00
6.241692507266996870e+00
6.242163113753001369e+00
6.242669367790220747e+00
6.243305385112762451e+00
6.243779778480529785e+00
6.244377760092415741e+00
6.244885945320127973e+00
6.245444730917611764e+00
6.246000695228577371e+00
6.246579909324644575e+00
6.247113029162090214e+00
6.247783593336741603e+00
6.248219104607901642e+00
6.248779439926146040e+00
6.249625364939372929e+00
6.250075288613636815e+00
6.250503877798717411e+00
6.251275448004403046e+00
6.251648223400117388e+00
6.252166851361593558e+00
6.252741920948029275e+00
6.253235793113709917e+00
6.253802748521170685e+00
6.254469231764474557e+00
6.254910639921824611e+00
6.255458323160805634e+00
6.256065253416696947e+00
6.256547888120014278e+00
6.257387550671897003e+00
6.257847984631855098e+00
6.258374985059102613e+00
6.258885379632314283e+00
6.259373001257579006e+00
6.260014474391937256e+00
6.260441549619038426e+00
6.261037774880726658e+00
6.261566519737243652e+00
6.262202858924865723e+00
6.262670608361563751e+00
6.263274701436362335e+00
6.263826890786489798e+00
6.264385143915813359e+00
6.265249800682067161e+00
6.265478845437367994e+00
6.266030935446419647e+00
6.266560145219166600e+00
6.267147707939148660e+00
6.267710868517557543e+00
6.268274744351703731e+00
6.268807951609293383e+00
6.269337109724681056e+00
6.269899547100067139e+00
6.270548057556151633e+00
6.271015214920044656e+00
6.271558066209156124e+00
6.272122359275819292e+00
6.272753576437633427e+00
6.273816200097403595e+00
6.274109649658203836e+00
6.274700025717418583e+00
6.274959727128347708e+00
6.275557494163514605e+00
6.276240034898123099e+00
6.276588976383209229e+00
6.277165949344635010e+00
6.277672155698141410e+00
6.278228306770323286e+00
6.278811657428740034e+00
6.279484661420188019e+00
6.279937946796415815e+00
6.280438514550528595e+00
6.281263824303945142e+00
6.281824131806690303e+00
6.282304505507152470e+00
6.282694979508718802e+00
6.283234179019927979e+00
6.283780248959860870e+00
6.284819479783376295e+00
6.284942837556204864e+00
6.285444684823353612e+00
6.286036451657611934e+00
6.286615387598672555e+00
6.287117886543274636e+00
6.287763655185699463e+00
6.288234166304270900e+00
6.289204907417296653e+00
6.289511326948801440e+00
6.290213298797606711e+00
6.290610086917876487e+00
6.291032163302102020e+00
6.291642836729685939e+00
6.292123663425446267e+00
6.292838478088377485e+00
6.293301653861998801e+00
6.293798955281577179e+00
6.294367484251658595e+00
6.294953119754790549e+00
6.295559167861938477e+00
6.296004939079285379e+00
6.296818284193673065e+00
6.297308989365895115e+00
6.297767523924509447e+00
6.298250563939411961e+00
6.298775728543599683e+00
6.299365142981212529e+00
6.300027632713316450e+00
6.300869894027709250e+00
6.301280935605365841e+00
6.301667241255440643e+00
6.302217074235279881e+00
6.302859763304393681e+00
6.303373340765634936e+00
6.303875621159871656e+00
6.304886762301126879e+00
6.305118989944457297e+00
6.305510906378426483e+00
6.306031405925750732e+00
6.306777322292326460e+00
6.307135637601216871e+00
6.307723510265351052e+00
6.308229196071625466e+00
6.308910560607909446e+00
6.309560513496400347e+00
6.309990215301514382e+00
6.310736755530040654e+00
6.311058266957601859e+00
6.311837653319042118e+00
6.312173589070638968e+00
6.312927301724752027e+00
6.313391725222270878e+00
6.313824836413065356e+00
6.314347771803536347e+00
6.314885807037352805e+00
6.315456064542136261e+00
6.315995772679645626e+00
6.316949812571206024e+00
6.317222809791566362e+00
6.317784603436788160e+00
6.318233195940653246e+00
6.318872785568238726e+00
6.319362163543701172e+00
6.319897723197936301e+00
6.320793735980988259e+00
6.321080740292867262e+00
6.321564424037934060e+00
6.322307932376862283e+00
6.322705801328023512e+00
6.323220976193745457e+00
6.323783091704051174e+00
6.324882872899372899e+00
6.325223763783771602e+00
6.325882943471274444e+00
6.326301972071330937e+00
6.326622947057089164e+00
6.327170618375141942e+00
6.327801152070364310e+00
6.328810246785483429e+00
6.329045216242473515e+00
6.329376987616221584e+00
6.329977929592132568e+00
6.330791771411895752e+00
6.331429175535838283e+00
6.331624968846639945e+00
6.332143640518189898e+00
6.332770204544068804e+00
6.333430727322895137e+00
6.333849589029949101e+00
6.334527460734047821e+00
6.334944923718769161e+00
6.335467998186746996e+00
6.336019972960155400e+00
6.337084575494131400e+00
6.337216222286222944e+00
6.337878366311390010e+00
6.338266750176746456e+00
6.339028231302897609e+00
6.339495027065275679e+00
6.339901872475941502e+00
6.341019992033640307e+00
6.341267887751261156e+00
6.341738585631052416e+00
6.342477293809256622e+00
6.343023912111917184e+00
6.343291219075521070e+00
6.343788619836171705e+00
6.344826058546701120e+00
6.345005969206493290e+00
6.345615589618681440e+00
6.346005729834239162e+00
6.346559194723763397e+00
6.347286526362101000e+00
6.347757232189177756e+00
6.348780981699626125e+00
6.348871608575183956e+00
6.349358276526132272e+00
6.350094656149547490e+00
6.350442548592884151e+00
6.351050873597461788e+00
6.351552963256835938e+00
6.352124198277792289e+00
6.352926421165467019e+00
6.353229860464733036e+00
6.353881879647573783e+00
6.354329554239907196e+00
6.354951433340708888e+00
6.355486281712849461e+00
6.356092329819997389e+00
6.356656825542451372e+00
6.357116552193961212e+00
6.357844626903535357e+00
6.358226100603740605e+00
6.358777527014414233e+00
6.359334039688111062e+00
6.359944494565329620e+00
6.360481484731039359e+00
6.361018963654835545e+00
6.361581802368164062e+00
6.362117513020834281e+00
6.362688175837199367e+00
6.363219034671782737e+00
6.363779354095459695e+00
6.364329377810161503e+00
6.364887666702269797e+00
6.365747936566670262e+00
6.366137492656708474e+00
6.366909472147622040e+00
6.367348062992096658e+00
6.367758433024089726e+00
6.368345526854195526e+00
6.369218730926512251e+00
6.369479342301687552e+00
6.369943861166635912e+00
6.370558301607768925e+00
6.371089835961658565e+00
6.371770664056143119e+00
6.372149880727132398e+00
6.372803962230683794e+00
6.373313983281452266e+00
6.374106132984159956e+00
6.374529051780701394e+00
6.375018564860024384e+00
6.375531458854673872e+00
6.376055947939555324e+00
6.376631017525991041e+00
6.377351792653403351e+00
6.377822836240131466e+00
6.378285141785941192e+00
6.378776681423186545e+00
6.379335323969524296e+00
6.379972672462464800e+00
6.380443410078683542e+00
6.381020744641620723e+00
6.381597808996836818e+00
6.382224694887796090e+00
6.382668145497639500e+00
6.383257877826689963e+00
6.383778746922811109e+00
6.384496088822682935e+00
6.385287121931710885e+00
6.385682650407154881e+00
6.386136913299559126e+00
6.386737982432048710e+00
6.387239313125611773e+00
6.387797423203785740e+00
6.388334973653158499e+00
6.388993720213573368e+00
6.389613815148670994e+00
6.389982497692109575e+00
6.390482799212136911e+00
6.391107869148253684e+00
6.391826204458872951e+00
6.392279668649038626e+00
6.393280402819314645e+00
6.393403331438701542e+00
6.393828336397806567e+00
6.394378356138865627e+00
6.394901327292124904e+00
6.395453254381816777e+00
6.396011602878569846e+00
6.396581017971037397e+00
6.397151009241738961e+00
6.397724239031472138e+00
6.398258113861082563e+00
6.398807271321615531e+00
6.399348930517831491e+00
6.399888451894124586e+00
6.400455021858213911e+00
6.401326243082682055e+00
6.401569704214733036e+00
6.402173908551535675e+00
6.402680480480192671e+00
6.403242051601409912e+00
6.403986573219299316e+00
6.404394666353862675e+00
6.404888518651326024e+00
6.405453209082285326e+00
6.406223801771798065e+00
6.406607151031494141e+00
6.407225803534188913e+00
6.407667303085325727e+00
6.408313326040904201e+00
6.409422894318897335e+00
6.409592382113139308e+00
6.410056904951730417e+00
6.410590350627899170e+00
6.411361050605773215e+00
6.411592765649160697e+00
6.412169289588927512e+00
6.412679795424143236e+00
6.413244243462880689e+00
6.413800712426503736e+00
6.414490222930908203e+00
6.414933983484903735e+00
6.415604750315349492e+00
6.416098344326019998e+00
6.416592828432719386e+00
6.417294613520304836e+00
6.417712255318960501e+00
6.418252329031627568e+00
6.418948336442312552e+00
6.419369200865428837e+00
6.420046174526213179e+00
6.420842623710633745e+00
6.421025081475576712e+00
6.421674402554831573e+00
6.422214663028718462e+00
6.422729583581290314e+00
6.423221298058827244e+00
6.423777107397715014e+00
6.424762459595999786e+00
6.424935507774353738e+00
6.425454095999398874e+00
6.426004791259764204e+00
6.426597968737283395e+00
6.427120860417684156e+00
6.427689599990845437e+00
6.428229101498921239e+00
6.428849828243254905e+00
6.429418889681496552e+00
6.429899974664053275e+00
6.430460381507874246e+00
6.431054214636485966e+00
6.431574912865958282e+00
6.432167196273802290e+00
6.432831128438312618e+00
6.433310031890869141e+00
6.433778735001883575e+00
6.434420633316040750e+00
6.434972528616587084e+00
6.435476835568746168e+00
6.436020620663960301e+00
6.436797765890755585e+00
6.437124594052633597e+00
6.437834370136261697e+00
6.438313265641529171e+00
6.439055836200715532e+00
6.439439638455709769e+00
6.439916503429412131e+00
6.440790967146554635e+00
6.441072320938111773e+00
6.441693139076232200e+00
6.442203577359517652e+00
6.442768649260202096e+00
6.443347529570260690e+00
6.443787336349487305e+00
6.445011778672537162e+00
6.445401660601298488e+00
6.445568207899729174e+00
6.446199774742126465e+00
6.446703855196634692e+00
6.447138921419778512e+00
6.447694520155589970e+00
6.448284435272217507e+00
6.449014985561369429e+00
6.449339067935945025e+00
6.450080347061156516e+00
6.450457358360289106e+00
6.451028176148732030e+00
6.451761591434479470e+00
6.452192958196004469e+00
6.452822009722392949e+00
6.453244948387144575e+00
6.453782566388447606e+00
6.454653457800546335e+00
6.455096916357675241e+00
6.455530071258543501e+00
6.456162114938098995e+00
6.457136515776316088e+00
6.457372788588205736e+00
6.457721189657846139e+00
6.458282351493835449e+00
6.458909249305726519e+00
6.459361048539481232e+00
6.460007059574127908e+00
6.460893003145852020e+00
6.461095496018728568e+00
6.461586836973825854e+00
6.462198424339295144e+00
6.462896641095479566e+00
6.463267405827838985e+00
6.463829795519512089e+00
6.464744416872658661e+00
6.464924029509226955e+00
6.465766115983328177e+00
6.466152632236479292e+00
6.466605210304258833e+00
6.467346382141112571e+00
6.467677410443624098e+00
6.468803159395854152e+00
6.469040171305337594e+00
6.469655489921571245e+00
6.470000572999317967e+00
6.470450433095297882e+00
6.471044242382049561e+00
6.471617424488066206e+00
6.472176921367644553e+00
6.473094769318898045e+00
6.473951296011605905e+00
6.474491139252979366e+00
6.474940093358359405e+00
6.475175841649374320e+00
6.475872337818145752e+00
6.476171191533406812e+00
6.477337296803792555e+00
6.477567370732625562e+00
6.477859620253244799e+00
6.478317137559255201e+00
6.478788403669991425e+00
6.479383349418640137e+00
6.479889917373657937e+00
6.480814731121064654e+00
6.481108212471006880e+00
6.481570967038472020e+00
6.482174758116403979e+00
6.482943848768869088e+00
6.483399625619252760e+00
6.484277355670929666e+00
6.484996958573660208e+00
6.485255885124207254e+00
6.485492408275604248e+00
6.486079120635984907e+00
6.486914400259653490e+00
6.487152858575186087e+00
6.487774713834127738e+00
6.488281524181367388e+00
6.488935756683350320e+00
6.489341390132903342e+00
6.489889415105185577e+00
6.490810088316600002e+00
6.491162574291230669e+00
6.491749715805053000e+00
6.492148447036743875e+00
6.492982967694601371e+00
6.493422464529672311e+00
6.493968466917674931e+00
6.494801743825277640e+00
6.494949467976887547e+00
6.495557808876036177e+00
6.496197676658631792e+00
6.497042302290598315e+00
6.497173579533896515e+00
6.497885199387869903e+00
6.498996007442475076e+00
6.499274520079293183e+00
6.499609951178232592e+00
6.499989159901936375e+00
6.501127632459006378e+00
6.501434930165608250e+00
6.501826405525207520e+00
6.502813688913981593e+00
6.502889132499696245e+00
6.503324361642203399e+00
6.503884422779083962e+00
6.504904067516328325e+00
6.505057791868846806e+00
6.505505549907685037e+00
6.506092941761018267e+00
6.507074908415475534e+00
6.507209511597952911e+00
6.507795123259224823e+00
6.508227972189583710e+00
6.508842889467874926e+00
6.509394685427349003e+00
6.509998846054077859e+00
6.510948141415912716e+00
6.511196891466777714e+00
6.511744805177052342e+00
6.512839281558989057e+00
6.513117591540019902e+00
6.513411891460417991e+00
6.514007155100504320e+00
6.514904844760895486e+00
6.515246693293253344e+00
6.515545324484506295e+00
6.516110157966615191e+00
6.516890084743501177e+00
6.517303367455799190e+00
6.517859053611754661e+00
6.518304904301960079e+00
6.519108295440673828e+00
6.519424362977346732e+00
6.519894727071125828e+00
6.520823522408804251e+00
6.521121227741240034e+00
6.521561356385550567e+00
6.522255027294157514e+00
6.522905329863231572e+00
6.523412899176278756e+00
6.523810966809591605e+00
6.524885737895964155e+00
6.525148626168569166e+00
6.525569558143615723e+00
6.526015090942383523e+00
6.526904678344727984e+00
6.527394529183705885e+00
6.527796093622843188e+00
6.528300329049429251e+00
6.529150454203286102e+00
6.529429694016773311e+00
6.529898361364999460e+00
6.530906649430594513e+00
6.531163283189137303e+00
6.531702633698781568e+00
6.532219247023263620e+00
6.533014849821725534e+00
6.533243552843728708e+00
6.533927381038665771e+00
6.535145930449168361e+00
6.535240213076274784e+00
6.535617248217263864e+00
6.536004277070365021e+00
6.536893709500631644e+00
6.537144196033477073e+00
6.537672996520996094e+00
6.538279342651367898e+00
6.538997177282968920e+00
6.539478997389476689e+00
6.539918979008991329e+00
6.540931280454000074e+00
6.541116738319395552e+00
6.541593917210896336e+00
6.542109910647074145e+00
6.542843441168468388e+00
6.543229130903878143e+00
6.543826889991759543e+00
6.544840006033577851e+00
6.545054999987282685e+00
6.545449753602344600e+00
6.546285136540731742e+00
6.546928866704305960e+00
6.547495575745902130e+00
6.547977709770201216e+00
6.548228049278257856e+00
6.548897528648375044e+00
6.549431018034617580e+00
6.549891058603922289e+00
6.550524608294168161e+00
6.551002669334412332e+00
6.551557807127633026e+00
6.552112019062043657e+00
6.552772164344787598e+00
6.553282968203227199e+00
6.554028900464377472e+00
6.554546209176383087e+00
6.555692986647287057e+00
6.555841418107352325e+00
6.556090104579926248e+00
6.556974387168885698e+00
6.558084654808045144e+00
6.558253582318624098e+00
6.558751352628071629e+00
6.558953348795572680e+00
6.559553476174674103e+00
6.560132579008737252e+00
6.561134727795920440e+00
6.561548165480296291e+00
6.562062033017475926e+00
6.562532810370125702e+00
6.563614404201508989e+00
6.564002613226573857e+00
6.564154092470804613e+00
6.564415204524994607e+00
6.565080559253694048e+00
6.565624137719471065e+00
6.566486370563506370e+00
6.566682803630829568e+00
6.567180005709328583e+00
6.567768057187397091e+00
6.568231141567231646e+00
6.568959756692251517e+00
6.569417750835420122e+00
6.569946706295013428e+00
6.570794423421222774e+00
6.572346115112303266e+00
6.572632439931233250e+00
6.573088312149046430e+00
6.573502957820892334e+00
6.574254143238068337e+00
6.574528062343595991e+00
6.574995148181915994e+00
6.575551044940947776e+00
6.576113756497701246e+00
6.577088352044423658e+00
6.577147308985392016e+00
6.577740176518759085e+00
6.578493463993073220e+00
6.579482428232829250e+00
6.579694533348082075e+00
6.580065258344014012e+00
6.580577691396076290e+00
6.581152645746865204e+00
6.582090016206105787e+00
6.582264061768849928e+00
6.582708752155305376e+00
6.583229629198708466e+00
6.583902609348296409e+00
6.584806931018828635e+00
6.585127774874369067e+00
6.585483551025390625e+00
6.586014691988626879e+00
6.586688033739726222e+00
6.587489759922029009e+00
6.587686014175414329e+00
6.588238449891409942e+00
6.589091956615447998e+00
6.589558680852253048e+00
6.590250261624653660e+00
6.590839962164562138e+00
6.591227289040883619e+00
6.591833305358886008e+00
6.592788632710774976e+00
6.593238727251687692e+00
6.593558816115059784e+00
6.594037628173829546e+00
6.594468434651691524e+00
6.594889179865518258e+00
6.595610145727793139e+00
6.596024572849273682e+00
6.596630366643271515e+00
6.597424908479055716e+00
6.598529748121897853e+00
6.598743546009064431e+00
6.599418814977010328e+00
6.599870196978251613e+00
6.600020980834962359e+00
6.600816575686135224e+00
6.601061415672301536e+00
6.601570856571196799e+00
6.602114450931548362e+00
6.602687275409699907e+00
6.603872839609781664e+00
6.604265038172403735e+00
6.604704773426057329e+00
6.605190666516623565e+00
6.606218294302621530e+00
6.606468435128530103e+00
6.606760092576344334e+00
6.607384276390074973e+00
6.607687604427336936e+00
6.608291816711425071e+00
6.608996983369191724e+00
6.609368312358856912e+00
6.609970672925314261e+00
6.610489404201508989e+00
6.611444671948749630e+00
6.611954621473948635e+00
6.612285514672596065e+00
6.612851353486380646e+00
6.613253621260323456e+00
6.614143184820811427e+00
6.614407575130464068e+00
6.615028393268584495e+00
6.615572587649026559e+00
6.616155652205147675e+00
6.616986747582753736e+00
6.617247076829276153e+00
6.617674163977305568e+00
6.618226575851441140e+00
6.618780322869618260e+00
6.619357315699257782e+00
6.619918123881021188e+00
6.620512978235879586e+00
6.621099066734313254e+00
6.621557406584422267e+00
6.622126456101735670e+00
6.622834507624308031e+00
6.623274755477904563e+00
6.623784347375234915e+00
6.624815797805787554e+00
6.624965512752531538e+00
6.625468166669211456e+00
6.626119712988536747e+00
6.626681721210481157e+00
6.627290538946787990e+00
6.627688336372376199e+00
6.628235840797422895e+00
6.628915580113730499e+00
6.629394646485646803e+00
6.629896640777587891e+00
6.630482689539590524e+00
6.631300771236418257e+00
6.631632053852079878e+00
6.632173776626586914e+00
6.632838372389475268e+00
6.633267037073771633e+00
6.633957123756410112e+00
6.634434572855631984e+00
6.634934139251708274e+00
6.635462518533071119e+00
6.636056947708130593e+00
6.636844901243843964e+00
6.637186145782472124e+00
6.637740997473397186e+00
6.638238020737965428e+00
6.638790019353230321e+00
6.639417211214702519e+00
6.639990019798279519e+00
6.640790422757465450e+00
6.641273502508798998e+00
6.641706244150796579e+00
6.642250243822733324e+00
6.642783864339193656e+00
6.643302110830941132e+00
6.643835687637327680e+00
6.644796164830527374e+00
6.645136054356893140e+00
6.645735232035317352e+00
6.646284786860146454e+00
6.646635504563651153e+00
6.647259132067361520e+00
6.647670988241831225e+00
6.648312997817992454e+00
6.648883477846780465e+00
6.649577279885608760e+00
6.650150199731189815e+00
6.650566693147023756e+00
6.651025998592377420e+00
6.651609873771668902e+00
6.652116755644481572e+00
6.652881280581155465e+00
6.653239500522612815e+00
6.653781219323477103e+00
6.654341840744017134e+00
6.654964601993562212e+00
6.655525020758311427e+00
6.656156142552692501e+00
6.656866220633187226e+00
6.657252216339109907e+00
6.657801969846090628e+00
6.658423141638436960e+00
6.658859912554422777e+00
6.659492039680479536e+00
6.659895670413970237e+00
6.660987186431885476e+00
6.661314320564269309e+00
6.661601555347441916e+00
6.662218383948008693e+00
6.662675058841706743e+00
6.663226616382598166e+00
6.663985105355582306e+00
6.664931186040242039e+00
6.665270543098451128e+00
6.665522440274557425e+00
6.666018040974936554e+00
6.666768368085225660e+00
6.667227303981782427e+00
6.667672197024028691e+00
6.668833871682483760e+00
6.668982024987538892e+00
6.669378451506297267e+00
6.670016117890675389e+00
6.670540960629782745e+00
6.671014328797657100e+00
6.671570976575214473e+00
6.672178916136424220e+00
6.672860038280486350e+00
6.673536944389343972e+00
6.674003521601360234e+00
6.674420320987699995e+00
6.675014062722524955e+00
6.675447559356690874e+00
6.676122872034707001e+00
6.677047101656594208e+00
6.677311404546102835e+00
6.677786382039389679e+00
6.678333306312559614e+00
6.678808450698852539e+00
6.679417820771536896e+00
6.679896855354307661e+00
6.680823596318564483e+00
6.681138543287911347e+00
6.681626017888387281e+00
6.682117684682211234e+00
6.683090658982596466e+00
6.683447277545930376e+00
6.683846823374430812e+00
6.684466942151388480e+00
6.685059654712677712e+00
6.685465451081594068e+00
6.686084230740863887e+00
6.686571558316547481e+00
6.687230054537455004e+00
6.687676016489664477e+00
6.688246663411458570e+00
6.688794370492299635e+00
6.689385457833608939e+00
6.689988176027934941e+00
6.690542693932851392e+00
6.691017246246339312e+00
6.691644505659738229e+00
6.692183991273243038e+00
6.692779787381489598e+00
6.693242327372232126e+00
6.693827831745146284e+00
6.694342156251270382e+00
6.694902741909025679e+00
6.695448374748231402e+00
6.696025594075521781e+00
6.697248248259224823e+00
6.697571575641632080e+00
6.697888004779816384e+00
6.698364075024922926e+00
6.698783695697784424e+00
6.699366923173268873e+00
6.700030326843261719e+00
6.700583680470785453e+00
6.701041861375173880e+00
6.701594285170237697e+00
6.702116914590199315e+00
6.702681509653725556e+00
6.703373197714487475e+00
6.703879344463349099e+00
6.704415333271025901e+00
6.705483436584472656e+00
6.705862724781034956e+00
6.706081410249073116e+00
6.706620868047078687e+00
6.707202096780140010e+00
6.707819883028665942e+00
6.708406333128611010e+00
6.708883265654247197e+00
6.709456419944764605e+00
6.709895654519399955e+00
6.710514815648398468e+00
6.711414861679077859e+00
6.711620608965557011e+00
6.712168844540915558e+00
6.712697772185006073e+00
6.713558427492777980e+00
6.714216415087381762e+00
6.714835182825723336e+00
6.715000232060749141e+00
6.715593743324280496e+00
6.716010391712188721e+00
6.716618255774179147e+00
6.717229016621907078e+00
6.717885009447734035e+00
6.718231483300527884e+00
6.718801963329315896e+00
6.719480931758880615e+00
6.720006672541298798e+00
6.720478876431783988e+00
6.721378612518311257e+00
6.721687094370523141e+00
6.722179953257242602e+00
6.722804637749991485e+00
6.723241690794626635e+00
6.723834911982219609e+00
6.724341162045796239e+00
6.724949403603872611e+00
6.725534959634146048e+00
6.726154625415802002e+00
6.726651875178017548e+00
6.727257812023161421e+00
6.727670208613076852e+00
6.728421374162039115e+00
6.729311859607697954e+00
6.729457736015319824e+00
6.730111730098723655e+00
6.730626455942790187e+00
6.731151298681893991e+00
6.731617907683055790e+00
6.732122127215067309e+00
6.732705724239348655e+00
6.733230245113372092e+00
6.733799644311268651e+00
6.734396974245708378e+00
6.734965852896372951e+00
6.735520052909851785e+00
6.736011672019959207e+00
6.736571896076203103e+00
6.737300380071005179e+00
6.737782382965086470e+00
6.738269841670991411e+00
6.738885505994161917e+00
6.739347004890440473e+00
6.739961540699006548e+00
6.740496758619944018e+00
6.741073711713156058e+00
6.741782307624816895e+00
6.742145144939421186e+00
6.742702738444009469e+00
6.743227275212607452e+00
6.743788258234658883e+00
6.744346547126770730e+00
6.745330023765564675e+00
6.745680006345114776e+00
6.746048426628114214e+00
6.746594615777333104e+00
6.747294398148856232e+00
6.747752650578817679e+00
6.748227727413176780e+00
6.748825673262278002e+00
6.749342485268911673e+00
6.750011022885640699e+00
6.750531764825186798e+00
6.751123563448587106e+00
6.751587931315103930e+00
6.752143371105194802e+00
6.752733965714771358e+00
6.753329074382783404e+00
6.753783957163491891e+00
6.754360695679981319e+00
6.755081713199615479e+00
6.755617225170134077e+00
6.756081712245940452e+00
6.756728045145671047e+00
6.757279392083486158e+00
6.757725795110065548e+00
6.758228675524392770e+00
6.758825318018594430e+00
6.759362753232320387e+00
6.759895928700764500e+00
6.760455369949340820e+00
6.761006391048432818e+00
6.761567004521687352e+00
6.762229645252226362e+00
6.762877841790515987e+00
6.763316774368284712e+00
6.763937791188556758e+00
6.764356291294099321e+00
6.764895812670388864e+00
6.765566841761270211e+00
6.766095678011577519e+00
6.766620616118114384e+00
6.767291748523710737e+00
6.767827037970224779e+00
6.768475000063578051e+00
6.768879504998526642e+00
6.769339239597321978e+00
6.769897778828937618e+00
6.770449757575988770e+00
6.771116507053374534e+00
6.771572919686636993e+00
6.772123014926911821e+00
6.772793662548064475e+00
6.773252284526826372e+00
6.773784931500753004e+00
6.774389183521272173e+00
6.774966251850127463e+00
6.775476817289987963e+00
6.776008220513663360e+00
6.776693491140999726e+00
6.777224560578662960e+00
6.777714510758716671e+00
6.778241157531738281e+00
6.778803817431132472e+00
6.779372501373291726e+00
6.779899597167968750e+00
6.780468551317849091e+00
6.781030754248302372e+00
6.781747615337373247e+00
6.782155700524647557e+00
6.782676923274994607e+00
6.783317669232687308e+00
6.783880595366159838e+00
6.784397315979003196e+00
6.784918157259621552e+00
6.785450923442841287e+00
6.786043151219686820e+00
6.786709797382354026e+00
6.787120143572490605e+00
6.787720064322154911e+00
6.788230244318643969e+00
6.788853402932485182e+00
6.789515852928161621e+00
6.790101448694866093e+00
6.790601086616515403e+00
6.791078313191732718e+00
6.791567762692768184e+00
6.792167901992797852e+00
6.792705349127452052e+00
6.793311715126037598e+00
6.793927526474000445e+00
6.794353242715200025e+00
6.794913661479949241e+00
6.795559402306874830e+00
6.796042605241140677e+00
6.796571838855744119e+00
6.797224080562592974e+00
6.797746924559273651e+00
6.798326313495635986e+00
6.798846924304960737e+00
6.799359222253162471e+00
6.799927890300750732e+00
6.800463362534841849e+00
6.801009202003477583e+00
6.801634112993877324e+00
6.802130130926766327e+00
6.802723689874014212e+00
6.803476619720459695e+00
6.803942819436390010e+00
6.804373451073963963e+00
6.804994539419809030e+00
6.805561331907906464e+00
6.806006860733031516e+00
6.806565384070079716e+00
6.807125794887543435e+00
6.807697470982869703e+00
6.808263059457143385e+00
6.808825671672821045e+00
6.809342606862387015e+00
6.809904789924623003e+00
6.810456601778664520e+00
6.811054694652558084e+00
6.811569217840830248e+00
6.812177499135334102e+00
6.812792269388832977e+00
6.813259728749592625e+00
6.813788243134816014e+00
6.814385684331259796e+00
6.815104599793752271e+00
6.815688474973043753e+00
6.816089836756386688e+00
6.816668860117594875e+00
6.817272933324179718e+00
6.817904281616211648e+00
6.818233466148377886e+00
6.818795971075694240e+00
6.819460419813790253e+00
6.820045912265776167e+00
6.820464650789897831e+00
6.821129167079924116e+00
6.821568747361499874e+00
6.822224954764049443e+00
6.822765715916951024e+00
6.823337690035501168e+00
6.824223005771635542e+00
6.824531428019206203e+00
6.825395886103311938e+00
6.825635925928750680e+00
6.826127092043559941e+00
6.826854034264883353e+00
6.827166489760081447e+00
6.827674674987793679e+00
6.828249625364939845e+00
6.828854016462962306e+00
6.829390748341879203e+00
6.829949625333149754e+00
6.830595322450001561e+00
6.831031489372254129e+00
6.831580762068430346e+00
6.832249784469603071e+00
6.832699354489644605e+00
6.833351572354633419e+00
6.833889059225718654e+00
6.835037036736807181e+00
6.835551667213440652e+00
6.836133027076719770e+00
6.836572702725728590e+00
6.837164080142976275e+00
6.837928839524586522e+00
6.838288954893748439e+00
6.838811850547791948e+00
6.839343178272248025e+00
6.839955500761668361e+00
6.840530987580617506e+00
6.841310254732768215e+00
6.841624486446381326e+00
6.842145133018494363e+00
6.842691306273142260e+00
6.843268692493438721e+00
6.843976398309070674e+00
6.844484774271645477e+00
6.845038898785908543e+00
6.845694800217945186e+00
6.846238601207733865e+00
6.846680442492168339e+00
6.847182651360828487e+00
6.847703115145364450e+00
6.848372117678323434e+00
6.849376785755158181e+00
6.849494731426240435e+00
6.850245233376821119e+00
6.850619399547575483e+00
6.851072422663371242e+00
6.851568075021109649e+00
6.852120014031729767e+00
6.852688598632813211e+00
6.853326356410981646e+00
6.853861312071483525e+00
6.854363453388213401e+00
6.855019581317900901e+00
6.855461430549620871e+00
6.856034171581267600e+00
6.856580022970835131e+00
6.857269692420960183e+00
6.857815357049307892e+00
6.858278274536132812e+00
6.858817501862844779e+00
6.859356971581778595e+00
6.859917438030244341e+00
6.860567359129586151e+00
6.861181855201721191e+00
6.861705124378204346e+00
6.862196576595305686e+00
6.862927687168120627e+00
6.863481640815734863e+00
6.863812983036041260e+00
6.864452966054280125e+00
6.865381626288094452e+00
6.865812953313191969e+00
6.866116972764334747e+00
6.866880138715107051e+00
6.867187893390656939e+00
6.867756958802541334e+00
6.868368105093637155e+00
6.868877601623534446e+00
6.869385770956675685e+00
6.869908948739368526e+00
6.870565529664357740e+00
6.871014777819315356e+00
6.871569017569225224e+00
6.872169053554536333e+00
6.872769045829773660e+00
6.873449667294821097e+00
6.874033693472544115e+00
6.874456330140432669e+00
6.875024068355561013e+00
6.875685930252075195e+00
6.876049888134001975e+00
6.876570955912271188e+00
6.877127301692961936e+00
6.878014647960661421e+00
6.878316617012025347e+00
6.878791534900663862e+00
6.879431366920471191e+00
6.879901846249897091e+00
6.880481477578481275e+00
6.881348001956940408e+00
6.881818934281668021e+00
6.882124861081440059e+00
6.882879356543224247e+00
6.883650465806326224e+00
6.883804198106130201e+00
6.884345726172128366e+00
6.884929072856902366e+00
6.885574702421823901e+00
6.886278565724690992e+00
6.886894230047861498e+00
6.887153093020121020e+00
6.887699063618978101e+00
6.888753811518352421e+00
6.888951551914214377e+00
6.889485045274099662e+00
6.890044327576955396e+00
6.890499917666115692e+00
6.891559890906016506e+00
6.891885407765705907e+00
6.892137042681376613e+00
6.892780828475952859e+00
6.893237042427063699e+00
6.894303750991820579e+00
6.894697066148122389e+00
6.894955225785572850e+00
6.895453457037607592e+00
6.896022172768912384e+00
6.896780610084533691e+00
6.897232615947721968e+00
6.897801792621613970e+00
6.898240975538890041e+00
6.898822108904521855e+00
6.899489247798918257e+00
6.900045108795165305e+00
6.900543324152629054e+00
6.901194926102956373e+00
6.902151298522948508e+00
6.902387380599975586e+00
6.902678235371908499e+00
6.903286616007488163e+00
6.903801274299620871e+00
6.904790826638539158e+00
6.905072025458018459e+00
6.905695684750874364e+00
6.906051075458528032e+00
6.906809270381927490e+00
6.907583514849346074e+00
6.908057113488514034e+00
6.908564130465190800e+00
6.909045720100401411e+00
6.909350903828940460e+00
6.910235182444253610e+00
6.910552974541982252e+00
6.911011266708374734e+00
6.911623843510945164e+00
6.912215336163839652e+00
6.912883067131041059e+00
6.913240575790403852e+00
6.913813364505767112e+00
6.914421606063843484e+00
6.915550760428111232e+00
6.915803647041322222e+00
6.916304854551949433e+00
6.916710360844930960e+00
6.917211321989693573e+00
6.918404833475747751e+00
6.918540207544960907e+00
6.918957694371542289e+00
6.919550557931263057e+00
6.920217529932656930e+00
6.921100389957427268e+00
6.921710773309072806e+00
6.922273449103037990e+00
6.922754553953804901e+00
6.923500724633534276e+00
6.923879583676654903e+00
6.924236249923705344e+00
6.924539470672606001e+00
6.924897841612498439e+00
6.925535905361176248e+00
6.926156524817148608e+00
6.926645342508951586e+00
6.927225414911905688e+00
6.927731700738270604e+00
6.928865830103557499e+00
6.929164894421894871e+00
6.929365110397338157e+00
6.930133382479350956e+00
6.930560016632078657e+00
6.931604278087615256e+00
6.932105517387391558e+00
6.932445609569548139e+00
6.933175309499105765e+00
6.933340001106262918e+00
6.934125037988028595e+00
6.934380614757536421e+00
6.935106130441031524e+00
6.935585526625313690e+00
6.936025158564248727e+00
6.937214565277098899e+00
6.937290855248768651e+00
6.937823637326559378e+00
6.938437453905741847e+00
6.939401543140412798e+00
6.939608029524485744e+00
6.939924788475035911e+00
6.940473214785257028e+00
6.941216699282328761e+00
6.942245670159657323e+00
6.942339396476747027e+00
6.942987283070880977e+00
6.943257602055869171e+00
6.943849694728850608e+00
6.944816331068675908e+00
6.945110078652700025e+00
6.945764172077179666e+00
6.946422553062440386e+00
6.946613021691639744e+00
6.947523788611093210e+00
6.947779639561971976e+00
6.948621416091917524e+00
6.948901625474295685e+00
6.949638716379801906e+00
6.950125964482626983e+00
6.950476276874542947e+00
6.951026511192321067e+00
6.951816046237944136e+00
6.952268433570861106e+00
6.952851426601409202e+00
6.953272223472595215e+00
6.953826260566710715e+00
6.954415937264759151e+00
6.954938999811808742e+00
6.955557624499004277e+00
6.956078453858694388e+00
6.956997450192769605e+00
6.957340780893961352e+00
6.957697812716165942e+00
6.958432447910308127e+00
6.958957556883493822e+00
6.959728101889293583e+00
6.960003542900086160e+00
6.960949067274729174e+00
6.961209698518118216e+00
6.961615685621897143e+00
6.962142785390216915e+00
6.962682239214579738e+00
6.963236534595488081e+00
6.963788417975106171e+00
6.964795056978861254e+00
6.964988529682159424e+00
6.965900842348734301e+00
6.966126112143196991e+00
6.966682298978170707e+00
6.967287417252858717e+00
6.967803593476613599e+00
6.968274207909903595e+00
6.968934090932211944e+00
6.969419852892556833e+00
6.969929981231690164e+00
6.970582886536917044e+00
6.971061185995736764e+00
6.971575744946797215e+00
6.972200906276704302e+00
6.972903271516162960e+00
6.973375630378722434e+00
6.973795012633004831e+00
6.974458412329354928e+00
6.974917030334474077e+00
6.975456992785137089e+00
6.976018397013344696e+00
6.977015372117360670e+00
6.977362966537477007e+00
6.977809039751686981e+00
6.978267133235931396e+00
6.978799120585122751e+00
6.979365185896554635e+00
6.980100377400717093e+00
6.980851213137309941e+00
6.981128966808320513e+00
6.981606674194335227e+00
6.982126804192862579e+00
6.982679446538288204e+00
6.983243298530577903e+00
6.983792595068614162e+00
6.984756513436636283e+00
6.985205042362213845e+00
6.985475309689839207e+00
6.986014739672341989e+00
6.986626831690468720e+00
6.987158858776091108e+00
6.987701964378356223e+00
6.988321312268574559e+00
6.989216935634612327e+00
6.989873154958090140e+00
6.990033153692881029e+00
6.990729427337647905e+00
6.991128575801848655e+00
6.991570893923441332e+00
6.992122868696849736e+00
6.992943986256918265e+00
6.993245633443198273e+00
6.993789430459340650e+00
6.994347914059957816e+00
6.994964516162873736e+00
6.995497779051461862e+00
6.996066653728483686e+00
6.996839427947996626e+00
6.997205599149069144e+00
6.997781376043956669e+00
6.998413002490998736e+00
6.998987348874411651e+00
6.999383342266082053e+00
