5.001059261957806257e+00
5.001563584804536333e+00
5.002161343892417733e+00
5.002711216608680900e+00
5.003378379344937343e+00
5.003815829753875732e+00
5.004315483570096035e+00
5.004861513773597892e+00
5.005483738581339992e+00
5.006115488211314357e+00
5.006607131163278268e+00
5.007153443495433010e+00
5.007692472139993356e+00
5.008217485745745989e+00
5.008961856365203857e+00
5.009361445903778076e+00
5.009929827849070705e+00
5.010513289769491507e+00
5.011340288321179059e+00
5.011577451229094038e+00
5.012123616536456439e+00
5.012692526976266549e+00
5.013205055395765442e+00
5.013879712422685486e+00
5.014304796854652579e+00
5.015360085169476179e+00
5.015476771195729100e+00
5.016050573190049988e+00
5.016655611991879482e+00
5.017206863562265085e+00
5.017700330416360543e+00
5.018204518159230076e+00
5.018750381469729405e+00
5.019457590579989414e+00
5.020040154457092285e+00
5.020519347985583636e+00
5.021104570229844910e+00
5.021629520257313573e+00
5.022121202945712071e+00
5.022689886887867772e+00
5.023510642846424901e+00
5.023753122488656686e+00
5.024331672986349417e+00
5.024867959817250096e+00
5.025544401009874207e+00
5.025986011823015076e+00
5.026527233918507420e+00
5.027381245295210022e+00
5.027837948004403756e+00
5.028337907791140537e+00
5.028852109114332336e+00
5.029389679431915283e+00
5.029958025614419626e+00
5.030495858192445269e+00
5.031452226638791103e+00
5.031785277525585798e+00
5.032126983006797616e+00
5.032765750090284484e+00
5.033316485087077297e+00
5.033804122606916565e+00
5.034332183996838239e+00
5.035309553146362305e+00
5.035434055328366298e+00
5.036043624083198722e+00
5.036608282725019592e+00
5.037110277016957127e+00
5.037739229202273350e+00
5.038214711348217634e+00
5.038756199677784764e+00
5.039485275745391846e+00
5.039920389652252197e+00
5.040451665719352548e+00
5.041026667753854440e+00
5.041531562805175781e+00
5.042121096452078177e+00
5.042817485332491856e+00
5.043507949511209176e+00
5.043816451231641906e+00
5.044376456737516889e+00
5.044861837228140189e+00
5.045453600088755763e+00
5.045978593826291103e+00
5.046579444408415327e+00
5.047373851140342538e+00
5.047774378458662170e+00
5.048250925540926914e+00
5.048751413822174072e+00
5.049317860603331098e+00
5.049901183446245057e+00
5.050427146752674901e+00
5.051423339049023298e+00
5.051609456539154053e+00
5.052216108640031678e+00
5.052717892328900007e+00
5.053245838483171326e+00
5.053786961237591413e+00
5.054442930221554775e+00
5.054870029290519540e+00
5.055661610762278713e+00
5.056174488862353655e+00
5.056761483351387199e+00
5.057259408632916120e+00
5.057773971557615766e+00
5.058372294902802935e+00
5.058755354086557077e+00
5.059354197978976231e+00
5.059935255845388724e+00
5.060443162918090820e+00
5.060985314846035976e+00
5.061537404855094735e+00
5.062087007363636815e+00
5.062644855181375192e+00
5.063436460494997959e+00
5.063784929116565081e+00
5.064343070983888140e+00
5.065333994229632708e+00
5.065548344453176810e+00
5.065977923075358547e+00
5.066559493541717529e+00
5.067459428310392866e+00
5.067707109451291103e+00
5.068313002586364746e+00
5.068750711282092425e+00
5.069353890419009190e+00
5.069925566514335458e+00
5.070696540673573338e+00
5.071476153532664455e+00
5.071596749623616063e+00
5.072361127535501168e+00
5.072723917166392482e+00
5.073425587018327576e+00
5.073887968063353071e+00
5.074442080656687892e+00
5.075554716587063808e+00
5.075654236475628522e+00
5.076537895202633877e+00
5.076704597473145952e+00
5.077197913328809875e+00
5.077922372023266462e+00
5.078246343135830898e+00
5.078781962394714355e+00
5.079451652367907855e+00
5.079932669798530753e+00
5.080475564797716004e+00
5.081065853436790292e+00
5.081529808044436436e+00
5.082177714506784127e+00
5.082681314150491403e+00
5.083196087678274466e+00
5.083750041325885149e+00
5.084314890702565037e+00
5.085093816121421639e+00
5.085550117492672939e+00
5.086043977737425337e+00
5.086827305952709821e+00
5.087087643146517735e+00
5.087684635321302551e+00
5.088202488422396641e+00
5.088776787122093026e+00
5.089393687248232823e+00
5.089875102043151855e+00
5.090416439374287449e+00
5.090987316767375148e+00
5.091868611176806780e+00
5.092220707734426810e+00
5.092650095621742423e+00
5.093243912855783151e+00
5.093765548865000881e+00
5.094325145085655038e+00
5.094885333379110648e+00
5.095452010631561279e+00
5.095980842908225839e+00
5.096535563468933105e+00
5.097251725196841221e+00
5.097784125804899702e+00
5.098449627558387931e+00
5.098850071430206299e+00
5.099770887692770316e+00
5.099970670541125628e+00
5.100457962354020935e+00
5.101034792264300677e+00
5.101530635356901655e+00
5.102093056837716745e+00
5.102653531233471540e+00
5.103320086002348432e+00
5.103768146038056841e+00
5.104372223218284432e+00
5.105038058757784825e+00
5.105516584714251849e+00
5.106072489420576233e+00
5.106717840830484079e+00
5.107087965806321961e+00
5.107976579666136274e+00
5.108443462848661909e+00
5.108934899171195809e+00
5.109453109900158552e+00
5.110212616125743068e+00
5.110714232921601763e+00
5.111136599381765677e+00
5.111568609873451408e+00
5.112126008669534372e+00
5.112669475873310887e+00
5.113247052828469918e+00
5.113846985499066022e+00
5.114380220572151359e+00
5.114980550607043597e+00
5.115840943654376360e+00
5.116084273656205994e+00
5.116538560390473833e+00
5.117140475908918518e+00
5.117646630605058533e+00
5.118201394875846688e+00
5.118759771188102548e+00
5.119338870048522949e+00
5.120095328489938424e+00
5.120488921801246818e+00
5.121071819464368957e+00
5.121532249450680752e+00
5.122084156672158883e+00
5.122642493247987261e+00
5.123265274365742528e+00
5.123909143606823591e+00
5.124446860949198879e+00
5.124920388062797372e+00
5.125473638375602548e+00
5.125992389520007464e+00
5.126586027940113865e+00
5.127183838685354544e+00
5.127790423234301898e+00
5.128348600864413243e+00
5.128759189446768119e+00
5.129313127199807809e+00
5.130013052622480529e+00
5.130420390764875549e+00
5.131217817465461906e+00
5.131908933321632560e+00
5.132218078772226022e+00
5.132848219076791452e+00
5.133334596951804940e+00
5.133856491247811960e+00
5.134311040242515389e+00
5.134883614381152483e+00
5.135483944416044721e+00
5.135975197950997995e+00
5.136529362201692095e+00
5.137125209967294381e+00
5.137760667006176618e+00
5.138305938243867388e+00
5.138858505090077244e+00
5.139325213432314854e+00
5.140032573541006400e+00
5.140710735321043501e+00
5.140984177589416504e+00
5.141552233695982466e+00
5.142100326220194972e+00
5.142641957600908142e+00
5.143208702405296151e+00
5.143814551830288906e+00
5.144318783283232221e+00
5.144916764895121730e+00
5.145445915063220355e+00
5.145986505349476658e+00
5.146595970789590524e+00
5.147164543469749276e+00
5.147966607411703421e+00
5.148247098922730913e+00
5.148813645044960197e+00
5.149458185831704782e+00
5.149906138579048331e+00
5.150488495826721191e+00
5.151368518670402352e+00
5.151562579472859227e+00
5.152201708157853943e+00
5.152645953496296727e+00
5.153312397003176670e+00
5.153754337628683402e+00
5.154364629586538626e+00
5.155345555146531922e+00
5.155510004361467224e+00
5.156035240491227967e+00
5.156537262598675397e+00
5.157091228167217878e+00
5.157661354541779986e+00
5.158211910724638471e+00
5.158755918343864266e+00
5.159467069307964948e+00
5.160021813710528704e+00
5.160429275035859575e+00
5.161107794443765329e+00
5.161625409126280317e+00
5.162101511160535949e+00
5.162640893459318647e+00
5.163441133499148350e+00
5.163768569628395255e+00
5.164336740970611572e+00
5.164974339803059422e+00
5.165590953826907139e+00
5.166045173009237601e+00
5.166538814703621085e+00
5.167459881305696001e+00
5.167664229869842529e+00
5.168307411670681972e+00
5.168859795729318307e+00
5.169459629058835048e+00
5.170082541306811663e+00
5.170503644148510602e+00
5.171505224704745274e+00
5.171721541881559858e+00
5.172301038106283499e+00
5.172811500231425441e+00
5.173257013161979501e+00
5.173917742570239398e+00
5.174313469727835013e+00
5.174869553248086618e+00
5.175476006666819728e+00
5.176209255059561087e+00
5.176590581734977548e+00
5.177117470900221008e+00
5.177730166912077436e+00
5.178261121114097421e+00
5.179821987946830575e+00
5.179921575387318455e+00
5.180432267983754002e+00
5.180997614065809387e+00
5.181531997521716448e+00
5.182090763250990051e+00
5.182650713125866559e+00
5.183444094657900791e+00
5.183953551451367048e+00
5.184452962875369053e+00
5.185102812449137843e+00
5.185521403948463615e+00
5.186165126164752337e+00
5.186785821119947570e+00
5.187573520342510847e+00
5.188117086887359619e+00
5.188362963994343602e+00
5.189013055960337795e+00
5.189348546663921979e+00
5.189865338802334804e+00
5.190446269512179356e+00
5.191371250152585048e+00
5.191648066043853760e+00
5.192117122809094099e+00
5.192785747845967137e+00
5.193494093418124180e+00
5.193805762132008397e+00
5.194664923350018171e+00
5.195420873165133457e+00
5.195489827791853088e+00
5.196059207121528800e+00
5.196658686796823190e+00
5.197145692507426418e+00
5.197699340184527728e+00
5.198222033182780422e+00
5.198839978377023385e+00
5.199354386329652300e+00
5.199877436955766541e+00
5.200444368521374372e+00
5.201058789094290091e+00
5.201645676294965881e+00
5.202087461948394775e+00
5.202670689423875672e+00
5.203333238760627921e+00
5.203818762302397261e+00
5.204314454396566703e+00
5.204968694845838684e+00
5.205424769719442679e+00
5.205983150005337734e+00
5.206576895713808995e+00
5.207337240378059562e+00
5.207684171199801426e+00
5.208199787139889736e+00
5.208758930365242179e+00
5.209374721844987732e+00
5.210035065809883292e+00
5.210655879974368077e+00
5.211436959107714983e+00
5.211665217081709045e+00
5.212204023202261283e+00
5.212707777818046395e+00
5.213361867268879735e+00
5.213818442821505528e+00
5.214348117510475333e+00
5.215355789661408892e+00
5.215520679950714111e+00
5.216013999780017230e+00
5.216602798302965027e+00
5.217516609032948338e+00
5.217995246251426522e+00
5.218390321731568804e+00
5.219371294975282183e+00
5.219546755154929940e+00
5.219923261801405090e+00
5.220688029130300833e+00
5.221621831258140389e+00
5.221761914094287249e+00
5.222549060980476554e+00
5.222831098238629011e+00
5.223451630274453805e+00
5.223788789908091701e+00
5.224376114209491107e+00
5.225507342815397749e+00
5.225754563013715881e+00
5.226123444239298976e+00
5.226755432287852443e+00
5.227616592248281790e+00
5.227887594699858198e+00
5.228284398714698966e+00
5.229420948028561611e+00
5.229474894205729640e+00
5.229993303616844003e+00
5.230526018142697353e+00
5.231613870461778504e+00
5.231926095485690098e+00
5.232158676783242868e+00
5.232644832134248247e+00
5.233638127644859139e+00
5.233937700589500253e+00
5.234313122431437648e+00
5.234867254892982658e+00
5.235502139727273629e+00
5.235988318920135498e+00
5.236582183837889204e+00
5.237490069866183262e+00
5.237851063410438712e+00
5.238257447878517326e+00
5.238788290818533255e+00
5.239463333288831848e+00
5.239909021059673933e+00
5.240702656904858259e+00
5.241386671861015145e+00
5.241585803031924229e+00
5.242091468969981349e+00
5.242644051710762199e+00
5.243504607677458296e+00
5.243794067700704886e+00
5.244311062494915632e+00
5.245444254080453561e+00
5.245619845390322666e+00
5.246044143040975882e+00
5.246704391638438381e+00
5.247496326764427010e+00
5.247906772295635847e+00
5.248281633853913775e+00
5.249377226829530230e+00
5.249627264340716692e+00
5.249965131282806396e+00
5.250508562723794626e+00
5.251443958282472124e+00
5.251640188693997402e+00
5.252277394135795419e+00
5.252654612064361572e+00
5.253362635771431144e+00
5.253756415843966465e+00
5.254319198926289403e+00
5.254864597320555220e+00
5.255514717102052202e+00
5.256056702136994829e+00
5.256623951594036726e+00
5.257541700204214408e+00
5.257666631539663626e+00
5.258272115389509338e+00
5.258799858887989842e+00
5.259404412905375636e+00
5.259889833132426418e+00
5.260522075494129979e+00
5.261708347002667097e+00
5.261841475963592529e+00
5.262189431985220267e+00
5.262710249423982134e+00
5.263506106535594142e+00
5.263916595776876761e+00
5.264527960618337943e+00
5.265466034412384033e+00
5.265643934408821281e+00
5.266157035032911438e+00
5.266707940896353080e+00
5.267770620187121722e+00
5.267890091737108094e+00
5.268372527758280910e+00
5.269354494412738177e+00
5.269585124651591457e+00
5.269949583212536481e+00
5.270449447631833095e+00
5.271628654003144732e+00
5.271838915348055821e+00
5.272289089361827052e+00
5.272755364576973136e+00
5.273551646868391174e+00
5.273976508776350158e+00
5.274405765533444423e+00
5.275351663430534188e+00
5.275574394067128026e+00
5.276230597496031294e+00
5.276707545916238473e+00
5.277509542306262347e+00
5.277668170134226955e+00
5.278297340869904986e+00
5.278784875075025695e+00
5.279311688741046282e+00
5.279957516988119437e+00
5.280682607491812064e+00
5.281039440631865034e+00
5.281540989875793457e+00
5.282097021738685783e+00
5.282661684354145848e+00
5.283361633618675057e+00
5.283842492103573818e+00
5.284355386098226859e+00
5.284867763519287109e+00
5.285427947839103524e+00
5.286059478918708976e+00
5.286534444491067575e+00
5.287173974514004726e+00
5.287713555494946149e+00
5.288655086358389212e+00
5.288826290766401428e+00
5.289323778947192523e+00
5.289869109789528068e+00
5.290432167053225498e+00
5.291352995236714207e+00
5.291680149237315334e+00
5.292173886299131880e+00
5.292775599161785749e+00
5.293317727247874416e+00
5.294059785207110735e+00
5.294447608788807713e+00
5.294957931836442810e+00
5.295546587308244568e+00
5.296007072925569048e+00
5.296794402599331875e+00
5.297117209434510698e+00
5.297723861535388323e+00
5.298318982124328613e+00
5.298767336209614598e+00
5.299440105756126229e+00
5.299944591522219639e+00
5.300517872969308542e+00
5.301213967800137539e+00
5.301969035466512992e+00
5.302236545085904140e+00
5.302653451760612313e+00
5.303246291478473040e+00
5.303840140501655753e+00
5.304675344626112121e+00
5.305048314730328229e+00
5.305498500665031258e+00
5.305975111325579974e+00
5.306585069497423035e+00
5.307500342528022941e+00
5.307906345526376413e+00
5.308207599322003034e+00
5.308794315656022889e+00
5.309327459335328570e+00
5.310002168019614999e+00
5.310571769873298820e+00
5.310990774631498823e+00
5.311533645788827585e+00
5.312214521567028669e+00
5.312792738278709237e+00
5.313208369414013532e+00
5.313841919104255851e+00
5.314328809579215829e+00
5.314868732293447806e+00
5.315440841515858494e+00
5.316212113698320252e+00
5.316770255565643311e+00
5.317170671621958888e+00
5.318095525105796639e+00
5.318391664822897269e+00
5.318770790100096235e+00
5.319332190354664647e+00
5.319939243793484707e+00
5.320733141899111729e+00
5.321446863810223249e+00
5.321649777889248867e+00
5.322131983439128078e+00
5.322785258293151855e+00
5.323393674691516253e+00
5.323859965801240435e+00
5.324359957377119201e+00
5.324864149093627930e+00
5.325424822171527239e+00
5.326086401939392090e+00
5.326572350660960353e+00
5.327186199029284808e+00
5.327784959475202697e+00
5.328635748227434021e+00
5.329061917463938869e+00
5.329430349667866551e+00
5.330036914348603716e+00
5.330447749296823190e+00
5.331380860010781930e+00
5.331639734903973249e+00
5.332171428203579922e+00
5.332684147357937832e+00
5.333318332831062492e+00
5.334040641784667969e+00
5.334377602736154245e+00
5.334872297445933498e+00
5.335472158590953029e+00
5.336736706892651227e+00
5.336934598286944720e+00
5.337177503108975429e+00
5.337672722339632969e+00
5.338280463218687544e+00
5.338770083586375392e+00
5.339494601885476754e+00
5.339976282914477679e+00
5.340456338723498675e+00
5.341003040472664054e+00
5.341546809673310747e+00
5.342346072196960449e+00
5.342794926961261126e+00
5.343307308355967677e+00
5.344013448556260926e+00
5.344658080736799377e+00
5.344875967502595415e+00
5.345517750581102234e+00
5.346063443024952733e+00
5.346536318461097892e+00
5.347184292475382961e+00
5.347659182548525791e+00
5.348215444882711722e+00
5.348819955190023734e+00
5.349382122357688729e+00
5.349865484237668056e+00
5.350423876444502014e+00
5.351317234834034764e+00
5.351681959629061680e+00
5.352123542626699759e+00
5.352646632989248587e+00
5.353217411041256923e+00
5.353761355082191642e+00
5.354350562890367371e+00
5.355319674809770447e+00
5.355579797426862854e+00
5.356117463111878862e+00
5.356588176886241115e+00
5.357286357879637251e+00
5.357738208770754795e+00
5.358222452799481061e+00
5.358786237239840489e+00
5.359540104866027832e+00
5.359972850481668161e+00
5.360584119955696281e+00
5.361040687561036577e+00
5.361564560731252982e+00
5.362104539076490539e+00
5.362725210189822178e+00
5.363456364472703797e+00
5.363771112759906146e+00
5.364556908607482910e+00
5.365010821819303999e+00
5.365531428654989554e+00
5.365981201330818351e+00
5.366541989644368016e+00
5.367483671506242615e+00
5.367666661739349365e+00
5.368249142169950971e+00
5.368779166539511039e+00
5.369325447082516689e+00
5.369918954372408848e+00
5.370590237776440290e+00
5.371389710903166304e+00
5.371592235565188389e+00
5.372151994705198774e+00
5.372714428106945661e+00
5.373244607448576460e+00
5.373762714862820644e+00
5.374329423904420366e+00
5.374889322121937596e+00
5.375458232561747707e+00
5.375995715459190194e+00
5.376635225613910052e+00
5.377091511090597464e+00
5.377647646268208348e+00
5.378214315573373483e+00
5.378762102127076616e+00
5.379368575414019915e+00
5.380066533883415048e+00
5.380596041679382324e+00
5.380990215142567479e+00
5.381605986754102844e+00
5.382105990250906302e+00
5.382721165815986808e+00
5.383520960807800293e+00
5.383927019437152239e+00
5.384320223331449995e+00
5.384945563475291408e+00
5.385426568984982509e+00
5.386061648527778800e+00
5.386574383576707703e+00
5.387367987632750044e+00
5.387665994962056004e+00
5.388203414281207415e+00
5.388761981328329398e+00
5.389342896143595851e+00
5.390005584557847840e+00
5.390429031848910313e+00
5.391434979438784580e+00
5.391678297519682417e+00
5.392231269677481009e+00
5.392651108900707868e+00
5.393238476912181056e+00
5.393801327546434266e+00
5.394357609748837490e+00
5.395343200365701364e+00
5.395473762353262259e+00
5.395986481507620169e+00
5.396605237325033499e+00
5.397253453731536865e+00
5.397955338160194572e+00
5.398253150780995213e+00
5.398853508631390241e+00
5.399445267518359515e+00
5.399895823001862993e+00
5.400523881117500480e+00
5.401040685176852207e+00
5.401713518301647809e+00
5.402126169204713335e+00
5.402648846308387931e+00
5.403371787071229448e+00
5.403786007563276428e+00
5.404313496748606838e+00
5.405048871040342817e+00
5.405654974778492772e+00
5.406311905384065142e+00
5.406647165616355721e+00
5.407588946819302578e+00
5.407849121093747158e+00
5.408553850650790196e+00
5.408865519364674412e+00
5.409684324264524946e+00
5.410270130634309282e+00
5.410621543725333993e+00
5.411571598052979937e+00
5.411840371290843166e+00
5.412203152974448983e+00
5.412682942549388088e+00
5.413318753242492676e+00
5.413925516605374355e+00
5.414400629202525295e+00
5.414965128898622027e+00
5.415438020229338179e+00
5.415983708699542376e+00
5.416550405820210301e+00
5.417383861541750889e+00
5.417750767866770900e+00
5.418319563070930656e+00
5.419029593467712402e+00
5.419785777727760490e+00
5.420027522246044782e+00
5.420506449540454241e+00
5.420998469988504098e+00
5.421547869841255363e+00
5.422093832492826948e+00
5.422650043169660705e+00
5.423237947622936872e+00
5.423765003681182861e+00
5.424322863419853036e+00
5.424902053674060198e+00
5.425466553370156930e+00
5.426016596953076032e+00
5.426562368869781494e+00
5.427112853527070513e+00
5.427814733982089024e+00
5.428214657306668300e+00
5.428775103886920306e+00
5.429387398560841405e+00
5.429879065354661805e+00
5.430433873335523742e+00
5.430995468298597473e+00
5.431695771217349034e+00
5.432139404614765965e+00
5.432762229442595014e+00
5.433418655395506391e+00
5.433770549297335606e+00
5.434324669837948818e+00
5.434878953297932469e+00
5.435831665992736816e+00
5.436177686850228952e+00
5.436539157231649710e+00
5.437189038594560486e+00
5.437741537888847176e+00
5.438212287425997715e+00
5.438846162954966701e+00
5.439514354864755319e+00
5.439950891335804783e+00
5.440443654855094735e+00
5.440987181663516026e+00
5.441641163825991612e+00
5.442105829715728760e+00
5.442689160505928214e+00
5.443220166365307477e+00
5.443930832544964460e+00
5.444507805506390241e+00
5.444974374771121006e+00
5.445445605119068944e+00
5.446055575211843802e+00
5.446637058258055220e+00
5.447138845920562744e+00
5.447681915760043125e+00
5.448243514696756051e+00
5.449053263664247027e+00
5.449363962809243844e+00
5.449879610538481245e+00
5.450478998819988874e+00
5.451068186759947309e+00
5.451893011728920158e+00
5.452142067750294530e+00
5.452711657683053659e+00
5.453301386038461374e+00
5.453774094581604004e+00
5.454332470893859863e+00
5.454987172285719055e+00
5.455709862709042568e+00
5.456141149997712603e+00
5.456758304437002494e+00
5.457133706410722596e+00
5.458163090546925389e+00
5.458303781350451800e+00
5.458932367960613874e+00
5.459774096806846444e+00
5.460119724273681641e+00
5.460437893867492676e+00
5.461007666587832432e+00
5.461546794573465036e+00
5.462094060579936183e+00
5.462778540452319476e+00
5.463326529661813424e+00
5.463840389251707563e+00
5.464332028230032279e+00
5.464897859096524257e+00
5.465600717067715664e+00
5.465992379188534755e+00
5.466540308793383929e+00
5.467101152737932068e+00
5.467848610877993565e+00
5.468298923969271641e+00
5.468890460332232806e+00
5.469409116109211766e+00
5.469900492827100891e+00
5.470488929748533735e+00
5.471117536226905997e+00
5.471583831310269375e+00
5.472190876801811044e+00
5.472652351856233111e+00
5.473206404844923156e+00
5.473758606115978864e+00
5.474335912863416809e+00
5.474879546960195853e+00
5.475893874963126962e+00
5.476017300287885803e+00
5.476539703210193011e+00
5.477148369948068307e+00
5.477694253126777824e+00
5.478204405307771196e+00
5.478769123554229736e+00
5.479344069957733154e+00
5.479948174953463536e+00
5.480477035045623779e+00
5.481052056948342965e+00
5.481579383214317147e+00
5.482175219058987636e+00
5.482698277632394479e+00
5.483204217751818987e+00
5.483768971761065814e+00
5.484406487147012399e+00
5.484874971707661473e+00
5.485443758964535732e+00
5.485989912350973441e+00
5.486548185348510742e+00
5.487152099609375000e+00
5.487699929873151916e+00
5.488231325149534712e+00
5.488769129912057565e+00
5.489318656921383877e+00
5.489872940381367528e+00
5.490435135364535313e+00
5.491062466303510803e+00
5.491608206431074279e+00
5.492095589637756348e+00
5.492663967609402675e+00
5.493245657285051209e+00
5.493804752826690674e+00
5.494355984528858983e+00
5.495012597242990182e+00
5.495495466391247419e+00
5.496187190214790519e+00
5.496618771553038130e+00
5.497168624401091108e+00
5.497660116354623483e+00
5.498250567913053999e+00
5.498819839954379063e+00
5.499412071704867344e+00
5.499944690863294738e+00
5.500486218929289350e+00
5.501041162014004726e+00
5.501581478118893642e+00
5.502122386296591117e+00
5.502732074260713091e+00
5.503218054771423340e+00
5.503845310211183062e+00
5.504399375120797799e+00
5.504897121588392395e+00
5.505584514141084185e+00
5.506295243899025138e+00
5.506822109222412109e+00
5.507113826274874668e+00
5.507655604680380179e+00
5.508309634526568743e+00
5.508924090862272749e+00
5.509551095962521572e+00
5.510253334045408735e+00
5.510436614354453866e+00
5.510990766684216169e+00
5.511561449368791443e+00
5.512126108010612313e+00
5.512663646539053275e+00
5.513207332293191598e+00
5.513790635267895368e+00
5.514428305625912685e+00
5.515009188652037153e+00
5.515480474630990670e+00
5.515996452172593933e+00
5.516540487607322518e+00
5.517151010036471348e+00
5.517650938034059038e+00
5.518207307656602723e+00
5.518766001860299752e+00
5.519317936897280674e+00
5.519902741909028521e+00
5.520489156246185303e+00
5.520984129110971139e+00
5.521613609790804844e+00
5.522113672892253078e+00
5.522684168815615635e+00
5.523204513390858494e+00
5.523844754695893755e+00
5.524390482902525434e+00
5.525054760773976170e+00
5.525536318620048348e+00
5.526105360190072702e+00
5.526577277978262259e+00
5.527125521500906302e+00
5.527655212084454206e+00
5.528283683458965925e+00
5.528812734285992292e+00
5.529314692815141541e+00
5.529988090197242911e+00
5.530651374657949759e+00
5.531223364671070897e+00
5.531625974178311367e+00
5.532111994425456203e+00
5.532740064462025487e+00
5.533219603697460798e+00
5.533782319227853463e+00
5.534415090084074507e+00
5.534882684548698251e+00
5.535688273111979640e+00
5.536014950275422564e+00
5.536566948890687456e+00
5.537218288580575631e+00
5.537809538841244716e+00
5.538336884975436192e+00
5.538887659708656486e+00
5.539474940299989214e+00
5.539985307057698094e+00
5.540502305825548035e+00
5.541154356797534319e+00
5.541568930943803650e+00
5.542141048113506940e+00
5.542722415924075108e+00
5.543268883228300581e+00
5.543785476684568891e+00
5.544395363330842486e+00
5.544908503691353019e+00
5.545456508795417960e+00
5.545989402135212742e+00
5.546545596917468401e+00
5.547242228190107483e+00
5.547981055577594134e+00
5.548364837964378182e+00
5.548974847793580523e+00
5.549516550699870265e+00
5.550219690799714556e+00
5.550559794902802935e+00
5.551030826568606358e+00
5.551703862349192775e+00
5.552137343088787702e+00
5.552701834837598938e+00
5.553208124637606602e+00
5.553795270125071681e+00
5.554361148675283744e+00
5.554947400093077192e+00
5.555516032377880720e+00
5.555993366241452236e+00
5.556709833939869725e+00
5.557230718930561864e+00
5.557657889525096095e+00
5.558312535285949707e+00
5.558782859643301322e+00
5.559329553445181205e+00
5.559874486923220616e+00
5.560432946681977739e+00
5.560993194580078125e+00
5.561545272668205087e+00
5.562105568250018450e+00
5.562732513745622498e+00
5.563209589322404724e+00
5.563841124375663583e+00
5.564343214035034180e+00
5.564887050787611145e+00
5.565501077969869925e+00
5.566146945953370562e+00
5.566617882251740923e+00
5.567096916834515241e+00
5.567816634972892587e+00
5.568215751647947798e+00
5.568778276443481445e+00
5.569319923718772714e+00
5.569923929373423732e+00
5.570430195331574907e+00
5.571180307865141401e+00
5.571919723351797415e+00
5.572126777966815325e+00
5.572653218110403373e+00
5.573211558659870946e+00
5.573882182439170663e+00
5.574396872520445356e+00
5.574882825215659921e+00
5.575463334719337638e+00
5.576066605250041164e+00
5.576632130146023769e+00
5.577240852514904645e+00
5.577728474140165815e+00
5.578320093949635350e+00
5.579297804832457075e+00
5.579892432689668169e+00
5.580133859316511291e+00
5.580454961458841012e+00
5.581247957547503802e+00
5.581661204497017081e+00
5.582264165083564933e+00
5.582921377817790187e+00
5.583333734671278137e+00
5.583771320184069964e+00
5.584397061665853812e+00
5.585008887449902204e+00
5.585527503490446577e+00
5.586000418663026323e+00
5.586613396803535636e+00
5.587161946296689052e+00
5.587836861610412598e+00
5.588287711143493652e+00
5.588786915938058542e+00
5.589329187075300354e+00
5.589900394280753915e+00
5.590433716773986816e+00
5.591252477963763567e+00
5.591677681605020211e+00
5.592140038808189217e+00
5.592661603291830374e+00
5.593268930912017822e+00
5.593796586990357866e+00
5.594318795204159755e+00
5.594944095611573687e+00
5.595856229464210685e+00
5.596110022068025103e+00
5.597034843762713763e+00
5.597596053282423156e+00
5.597795867919920454e+00
5.598225088914233538e+00
5.598931713898977591e+00
5.599381355444592145e+00
5.599918715159098781e+00
5.600562353928886239e+00
5.601078907648719962e+00
5.601572585105898838e+00
5.602187355359397714e+00
5.602708168824513280e+00
5.603264311949409660e+00
5.603872323036192427e+00
5.604424818356832816e+00
5.604877416292829651e+00
5.605426863829293893e+00
5.606008100509640713e+00
5.606543628374737409e+00
5.607172671953840393e+00
5.607835058371229309e+00
5.608216516176860011e+00
5.608766313393907410e+00
5.609331202507021885e+00
5.609898563226060730e+00
5.610476644833880755e+00
5.611001781622569240e+00
5.611888615290325788e+00
5.612135239442189061e+00
5.612733701864875968e+00
5.613209640979768267e+00
5.614138774077098049e+00
5.614373119672137591e+00
5.614874517917634478e+00
5.615554070472718706e+00
5.615985008080798480e+00
5.616683709621426601e+00
5.617166054248812657e+00
5.617759676774340960e+00
5.618238679567973293e+00
5.618832627932228263e+00
5.619434698422750785e+00
5.619992995262144575e+00
5.620455733935038722e+00
5.620988929271696577e+00
5.621557597319288391e+00
5.622136743863421771e+00
5.622702046235403373e+00
5.623214177290599025e+00
5.623794972896575928e+00
5.624776085217796151e+00
5.624932881196336609e+00
5.625434525807698094e+00
5.625986794630684074e+00
5.626546903451284720e+00
5.627386399110157811e+00
5.627713565031690734e+00
5.628236349423723084e+00
5.628805100917816162e+00
5.629321773846946542e+00
5.630243345101675345e+00
5.630599502722425598e+00
5.631042810281115862e+00
5.631582248210904140e+00
5.632667418320970398e+00
5.632736786206564261e+00
5.633324698607125924e+00
5.633928823471066494e+00
5.634431294600169338e+00
5.635453621546425040e+00
5.635608883698779437e+00
5.636036034425096375e+00
5.636653570334118513e+00
5.637169893582658631e+00
5.638026865323382708e+00
5.638323787848158020e+00
5.638965408007301505e+00
5.639334877332053964e+00
5.639890730381011963e+00
5.640846618016560399e+00
5.641034543514251709e+00
5.641650485992428798e+00
5.642115982373553607e+00
5.642794736226399266e+00
5.643418296178182914e+00
5.644239429632825988e+00
5.644734092553456151e+00
5.644929703076677185e+00
5.645460959275560242e+00
5.646127259731294146e+00
5.646641993522642622e+00
5.647227207819618400e+00
5.647658717632296543e+00
5.648733957608541800e+00
5.648850552241007961e+00
5.649368961652122323e+00
5.650144163767500061e+00
5.650464689731599321e+00
5.651394764582313712e+00
5.651708332697552351e+00
5.652185197671251160e+00
5.652656189600627101e+00
5.653355280558265861e+00
5.654095995426175136e+00
5.654357961813609279e+00
5.654952081044513079e+00
5.655435657501222124e+00
5.655987624327345031e+00
5.656675036748247010e+00
5.657148071130116307e+00
5.657708239555361729e+00
5.658210372924806109e+00
5.658770895004273882e+00
5.659480448563890320e+00
5.660090760389962838e+00
5.660470990339916852e+00
5.660991609096527100e+00
5.662239289283753862e+00
5.662395604451496922e+00
5.662655925750733843e+00
5.663249790668487549e+00
5.663768402735392726e+00
5.664668420950569327e+00
5.665006244182585249e+00
5.665441127618151995e+00
5.665993440151211757e+00
5.666572539011639265e+00
5.667584153016406390e+00
5.668058137098945792e+00
5.668508096536001517e+00
5.669001885255177342e+00
5.669324370225268694e+00
5.670078070958453509e+00
5.670458002885183646e+00
5.671047385533647400e+00
5.671698629856109619e+00
5.672134995460510254e+00
5.672705721855166416e+00
5.673211936155958313e+00
5.673843022187547547e+00
5.674393212795258989e+00
5.675440140565235936e+00
5.675580179691316118e+00
5.676236697038014256e+00
5.676637963453927682e+00
5.677174627780914307e+00
5.677985787391662598e+00
5.678226451079048331e+00
5.678807985782626133e+00
5.679326279958090140e+00
5.679878159364065482e+00
5.680459403991697798e+00
5.681003479162853864e+00
5.681580265363059823e+00
5.682107551892599417e+00
5.682666428883869969e+00
5.683219683170321446e+00
5.683765506744386187e+00
5.684363615512850743e+00
5.684961418310798820e+00
5.685441505908968907e+00
5.685988183816270691e+00
5.686546528339384565e+00
5.687336556116740383e+00
5.687785824139915292e+00
5.688307217756907619e+00
5.688778368632000593e+00
5.689442658424376020e+00
5.689921951293946734e+00
5.690442502498626709e+00
5.691390546162921282e+00
5.691765487194061279e+00
5.692107133070628322e+00
5.692753291130067339e+00
5.693279834588366839e+00
5.693776138623555028e+00
5.694333581129711774e+00
5.694877823193870370e+00
5.695454919338224897e+00
5.696146603425340516e+00
5.696644902229309082e+00
5.697110982735949847e+00
5.697668429215745789e+00
5.698308801651002398e+00
5.699337859948478524e+00
5.699587945143385070e+00
5.700165331363677979e+00
5.700652408599850673e+00
5.701038161913551505e+00
5.701542238394416984e+00
5.702244170506794774e+00
5.702660818894706551e+00
5.703340260187786726e+00
5.703894166151684431e+00
5.704525419076283299e+00
5.704979459444679435e+00
5.705523117383322074e+00
5.705998027324675093e+00
5.706544192632037493e+00
5.707391901810964896e+00
5.707839453220366011e+00
5.708327587445573670e+00
5.708771121501925450e+00
5.709333443641661177e+00
5.709918713569642534e+00
5.710450140635174421e+00
5.711441663901013044e+00
5.711572980880738726e+00
5.712122996648155038e+00
5.712708175182342529e+00
5.713210304578147714e+00
5.713769038518272225e+00
5.714337547620139901e+00
5.715318711598712298e+00
5.715614664554593105e+00
5.716191605726876901e+00
5.716640440622967390e+00
5.717260225613912894e+00
5.717668982346850726e+00
5.718341418107350194e+00
5.719448022047679103e+00
5.719613651434578117e+00
5.719974513848619324e+00
5.720441571871440090e+00
5.721018437544508117e+00
5.721554859479269339e+00
5.722193392117816302e+00
5.722766232490542393e+00
5.723330835501350577e+00
5.723791460196174796e+00
5.724449559052786185e+00
5.724978673458096523e+00
5.725430627663932626e+00
5.726016036669413722e+00
5.726585137844082851e+00
5.727447323004405177e+00
5.727789330482480068e+00
5.728209726015727199e+00
5.728768312931059370e+00
5.729420852661135655e+00
5.729885208606717129e+00
5.730449330806735020e+00
5.731346599260966457e+00
5.731551325321198931e+00
5.732113035519915911e+00
5.732668276627855164e+00
5.733272226651507708e+00
5.733832808335620257e+00
5.734414700667066711e+00
5.734884369373318691e+00
5.735559729735058454e+00
5.736151119073234383e+00
5.736620541413621766e+00
5.737113757928213431e+00
5.737663507461547852e+00
5.738311429818473641e+00
5.738815859953561471e+00
5.739374081293739494e+00
5.740049298604326111e+00
5.740545018513998343e+00
5.741044720013938729e+00
5.741553425788879395e+00
5.742180228233337402e+00
5.742744743824005127e+00
5.743486936887101990e+00
5.743867699305219787e+00
5.744330056508381688e+00
5.745134182771046483e+00
5.745588246981306213e+00
5.745996256669364755e+00
5.746646817525224549e+00
5.747492845853166443e+00
5.747683111826582092e+00
5.748240315914152632e+00
5.748784184455871582e+00
5.749471628665922651e+00
5.750042430559794582e+00
5.750494563579557905e+00
5.751098569234208924e+00
5.751550714174904044e+00
5.752148644129434274e+00
5.752771250406901515e+00
5.753238141536712646e+00
5.753888265291848825e+00
5.754531462987266366e+00
5.755042290687562456e+00
5.755436086654661665e+00
5.756035804748535156e+00
5.756612980365751753e+00
5.757112924257917541e+00
5.757656653722129647e+00
5.758210670948031407e+00
5.758771487077076756e+00
5.759329962730404873e+00
5.759979724884033203e+00
5.760533873240156311e+00
5.760996139049531450e+00
5.761610698699954014e+00
5.762142312526705723e+00
5.762785545984904445e+00
5.763281488418577680e+00
5.763860666751860151e+00
5.764325046539305220e+00
5.764874811967210633e+00
5.765514866511026071e+00
5.766008504231770360e+00
5.766596098740897958e+00
5.767101844151817147e+00
5.767656274636586033e+00
5.768218803405758877e+00
5.768777223428088519e+00
5.769449989000953849e+00
5.769929265975953570e+00
5.770441647370653016e+00
5.770991599559785357e+00
5.771992297967273089e+00
5.772266451517744201e+00
5.772766482830050450e+00
5.773233048121134914e+00
5.773844003677368164e+00
5.774337395032247855e+00
5.774885169665019191e+00
5.775462396939595067e+00
5.776154128710430768e+00
5.776545588175459045e+00
5.777156376838682661e+00
5.777721059322360020e+00
5.778287621339160296e+00
5.778781628608705034e+00
5.779762844244636710e+00
5.779962035020190569e+00
5.780439388751986485e+00
5.781008223692573722e+00
5.781569759051002677e+00
5.782107953230543274e+00
5.782683074474334717e+00
5.783233992258708156e+00
5.783787345886231890e+00
5.784353951613105949e+00
5.785041089852647644e+00
5.785507957140602286e+00
5.786174412568406922e+00
5.786599469184878330e+00
5.787114449342091405e+00
5.787847590446475010e+00
5.788386277357737697e+00
5.788879132270814409e+00
5.789339772860209621e+00
5.789907522996266209e+00
5.790451439221698138e+00
5.790995140870414559e+00
5.791568092505137599e+00
5.792098907629650739e+00
5.792917994658154157e+00
5.793263932069145028e+00
5.793928345044456307e+00
5.794338901837669198e+00
5.794891667366030674e+00
5.795947011311845642e+00
5.796355215708416608e+00
5.796637117862701416e+00
5.797149487336476170e+00
5.797699379920956630e+00
5.798223809401193307e+00
5.798778168360392726e+00
5.799353810151416155e+00
5.799917721748350630e+00
5.800491921106974758e+00
5.800994626681010402e+00
5.801621858278913635e+00
5.802189282576243556e+00
5.802661971251168893e+00
5.803223979473116856e+00
5.803808554013571097e+00
5.804465444882708880e+00
5.805057120323183995e+00
5.805640379587806876e+00
5.806048913796743705e+00
5.806640772024792341e+00
5.807365302244825500e+00
5.807694391409555124e+00
5.808320494492846819e+00
5.808884131908413906e+00
5.809342662493385490e+00
5.809881881872811960e+00
5.810440297921495301e+00
5.811041637261709525e+00
5.811875736713410845e+00
5.812132517496742423e+00
5.812914979457858067e+00
5.813252445061998230e+00
5.813942182064053554e+00
5.814334952831266889e+00
5.815375395615895115e+00
5.815591696898145813e+00
5.816244161128999224e+00
5.816625738143919477e+00
5.817125479380287345e+00
5.817665167649586522e+00
5.818271227677662694e+00
5.818817289670306536e+00
5.819399396578468497e+00
5.819950218995408875e+00
5.820594203472140293e+00
5.821010851860044966e+00
5.821608622868858163e+00
5.822123368581138436e+00
5.822679372628527972e+00
5.823377311229705811e+00
5.823935671647390677e+00
5.824360509713493173e+00
5.824944019317626953e+00
5.825470976034800685e+00
5.826000650723777596e+00
5.826548095544175965e+00
5.827387432257332023e+00
5.827723705768583784e+00
5.828281438350678911e+00
5.828797777493797128e+00
5.829326983292894226e+00
5.829908291498817619e+00
5.830441641807553310e+00
5.831522949536640965e+00
5.831757974624636631e+00
5.832174869378405901e+00
5.832789540290832520e+00
5.833296346664425869e+00
5.833835367361707824e+00
5.834383610884351867e+00
5.835312306880950928e+00
5.835520517826083164e+00
5.836033451557156582e+00
5.836649727821352940e+00
5.837151968479155073e+00
5.837720270951585633e+00
5.838399243354800205e+00
5.838795208930967817e+00
5.839476593335469090e+00
5.839974669615429548e+00
5.840574673811595119e+00
5.841120362281799316e+00
5.841661318143209769e+00
5.842106179396310495e+00
5.842674664656321681e+00
5.843382755915321525e+00
5.843818207581840340e+00
5.844449603557585249e+00
5.845039900143937928e+00
5.845603867371877982e+00
5.845993642012281555e+00
5.846549169222512887e+00
5.847378551959991455e+00
5.847774553298947353e+00
5.848330569267275791e+00
5.848840785026553135e+00
5.849539049466450535e+00
5.849986716111502005e+00
5.850584483146668902e+00
5.851415113608041452e+00
5.851588714122769375e+00
5.852434627215068019e+00
5.852666199207305908e+00
5.853295040130618077e+00
5.853861832618711958e+00
5.854553731282550189e+00
5.855403355757395900e+00
5.855686779816942078e+00
5.856147126356759713e+00
5.856586007277172712e+00
5.857128155231478672e+00
5.857659252484637591e+00
5.858242650826774423e+00
5.858811283111570845e+00
5.859509329001106437e+00
5.859894661108654645e+00
5.860592401027680864e+00
5.861007455984754699e+00
5.861690330505368252e+00
5.862114330132804696e+00
5.862659196058906730e+00
5.863588786125184527e+00
5.863853112856546090e+00
5.864325602849326913e+00
5.864979946613310346e+00
5.865457550684610055e+00
5.866377445061999651e+00
5.866650752226512111e+00
5.867333912849424848e+00
5.867952895164492588e+00
5.868319372336067374e+00
5.868835993607838475e+00
5.869417504469552682e+00
5.869990650812788147e+00
5.870477577050529305e+00
5.871569391091661316e+00
5.871765546003977931e+00
5.872279616196948382e+00
5.872714896996818368e+00
5.873250381151834176e+00
5.873944163322448730e+00
5.874388015270234575e+00
5.875460151831312317e+00
5.875739002227781782e+00
5.876154716809587342e+00
5.876610724131268171e+00
5.877279512087504543e+00
5.877887856960299473e+00
5.878308471043901307e+00
5.878854191303254595e+00
5.879417224725088431e+00
5.879977444807686027e+00
5.880437620480854832e+00
5.881229702631635803e+00
5.881613051891328325e+00
5.882337522506716709e+00
5.882670934995012146e+00
5.883209947745008606e+00
5.883806415398915135e+00
5.884352179368335101e+00
5.884883308410643110e+00
5.885444045066833496e+00
5.885998201370242100e+00
5.886545737584434335e+00
5.887104090054826599e+00
5.887660181522370806e+00
5.888226306438447466e+00
5.888801479339598188e+00
5.889325630664828282e+00
5.889880947271983302e+00
5.890435238679252450e+00
5.890999758243559370e+00
5.891564464569093218e+00
5.892108054955798480e+00
5.892667059103651184e+00
5.893261798222859227e+00
5.893823115030926374e+00
5.894340578715009826e+00
5.894933235645297032e+00
5.895447989304862801e+00
5.896035067240397609e+00
5.896578749020896737e+00
5.897108022371931213e+00
5.897670503457383973e+00
5.898270308971405029e+00
5.898774929841358983e+00
5.899339262644453186e+00
5.899916136264799604e+00
5.900489095846815246e+00
5.901051485538481245e+00
5.901634744803111232e+00
5.902105553944906546e+00
5.903025289376579110e+00
5.903213826815289167e+00
5.903774511814120274e+00
5.904399716854094038e+00
5.904947249094647077e+00
5.905449207623796326e+00
5.906009705861407610e+00
5.906553828716276655e+00
5.907109534740449419e+00
5.907915898164112889e+00
5.908595085144042969e+00
5.909001147747041216e+00
5.909377014636994829e+00
5.909884484608966204e+00
5.910440814495089512e+00
5.910994954903920018e+00
5.911551149686175677e+00
5.912107372283934126e+00
5.912661381562550389e+00
5.913244855403902989e+00
5.913817795117694232e+00
5.914332409699760262e+00
5.914978766441343794e+00
5.915848859151203953e+00
5.916055043538413827e+00
5.916775886217756408e+00
5.917102924982707179e+00
5.917709147930146685e+00
5.918300807476043701e+00
5.918769447008770612e+00
5.919438509146374372e+00
5.919896793365481358e+00
5.920436306794485404e+00
5.921094437440238778e+00
5.921615326404570112e+00
5.922171608606973336e+00
5.922817401091258205e+00
5.923349066575369193e+00
5.923941055933632072e+00
5.924348533153533936e+00
5.925023806095126133e+00
5.925446430842079337e+00
5.925994368394214007e+00
5.926652757326763776e+00
5.927111446857452393e+00
5.927827394008637896e+00
5.928227496147158604e+00
5.928861622015638488e+00
5.929503126939138724e+00
5.929883587360379238e+00
5.930444395542146196e+00
5.931239195664723240e+00
5.931796216964720259e+00
5.932137986024223153e+00
5.932754778861998091e+00
5.933306364218395856e+00
5.933794093132021885e+00
5.934331806500750872e+00
5.934883487224581700e+00
5.935587875048319972e+00
5.936104424794514500e+00
5.936594096819561628e+00
5.937129310766856349e+00
5.937708596388496574e+00
5.938216682275132996e+00
5.938935434818269243e+00
5.939331380526226667e+00
5.940110456943514805e+00
5.940443738301595999e+00
5.941143655776976118e+00
5.941673302650450239e+00
5.942104152838389552e+00
5.942664476235705706e+00
5.943235369523364398e+00
5.943985537687936471e+00
5.944341647624966640e+00
5.944983251889546239e+00
5.945531380176547032e+00
5.946002527077993705e+00
5.946701860427857866e+00
5.947193519274392770e+00
5.947822801272074855e+00
5.948343431949616900e+00
5.948776900768280029e+00
5.949435130755105661e+00
5.949891746044158936e+00
5.950584773222608703e+00
5.951416337490080366e+00
5.951731936136880563e+00
5.952129797140756295e+00
5.952670367558795306e+00
5.953236989180247463e+00
5.953782884279888776e+00
5.954366326332092285e+00
5.955289598306016785e+00
5.955457750956220764e+00
5.956024674574535993e+00
5.956606153647108215e+00
5.957266016801199271e+00
5.957667585213975769e+00
5.958220823605856253e+00
5.958770211537675721e+00
5.959538610776263567e+00
5.959903335571290484e+00
5.960593227545423645e+00
5.961064581076307434e+00
5.961577320098875532e+00
5.962269993623095843e+00
5.962787803014116150e+00
5.963439730803173688e+00
5.963859021663665771e+00
5.964346396923062343e+00
5.965024685859681597e+00
5.965457061926521476e+00
5.966186241308847116e+00
5.966676453749336417e+00
5.967489143212638680e+00
5.967803768316905177e+00
5.968244767189027300e+00
5.968780215581254822e+00
5.969328173001606785e+00
5.970053108533221575e+00
5.970484435558319092e+00
5.971478811899821437e+00
5.971619697411853167e+00
5.972307093938191258e+00
5.972757283846540588e+00
5.973255085945126552e+00
5.973786389827729693e+00
5.974336457252505284e+00
5.975324320793149013e+00
5.975532062848408543e+00
5.976000845432281494e+00
5.976555089155830558e+00
5.977144638697303947e+00
5.977673856417339948e+00
5.978353691101077061e+00
5.978775743643446106e+00
5.979474596182505763e+00
5.979904810587562736e+00
5.980521730581919826e+00
5.981019806861880284e+00
5.981575453281401167e+00
5.982140803337095747e+00
5.982665069897969090e+00
5.983494484424589643e+00
5.983779684702554391e+00
5.984363051255542132e+00
5.984983841578163322e+00
5.985438032944998099e+00
5.985996397336322161e+00
5.986601801713305804e+00
5.987362166245780770e+00
5.987696270147957023e+00
5.988283622264859218e+00
5.988814922173816058e+00
5.989421451091764936e+00
5.989942081769306981e+00
5.990531520048776315e+00
5.991473269462588291e+00
5.991713488101957807e+00
5.992139875888824463e+00
5.992658138275146484e+00
5.993212620417274650e+00
5.993779675165811227e+00
5.994441886742912118e+00
5.995341539382934570e+00
5.995597187678022522e+00
5.996075248718263140e+00
5.996600155035658020e+00
5.997141834100084168e+00
5.997768803437551810e+00
5.998273471991218742e+00
5.998810732364653120e+00
5.999433473745980905e+00
5.999974791208906311e+00
6.000526913007099949e+00
6.001152745882670558e+00
6.001607219378151115e+00
6.002141710122423035e+00
6.002668730417887843e+00
6.003410561879476859e+00
6.003808148701985203e+00
6.004377464453376945e+00
6.004995667934416304e+00
6.005460536479951372e+00
6.006021002928413566e+00
6.006560186545051749e+00
6.007456405957540824e+00
6.007839143276214600e+00
6.008218546708427255e+00
6.008950901031496983e+00
6.009358247121177499e+00
6.009903816382092145e+00
6.010464012622833252e+00
6.011379297574357849e+00
6.011883409818011614e+00
6.012195905049644296e+00
6.012701714038847456e+00
6.013310031096139596e+00
6.013780593872070312e+00
6.014345184961953805e+00
6.014965244134266698e+00
6.015478869279228036e+00
6.016001629829403896e+00
6.016554069519045811e+00
6.017116602261857849e+00
6.017780645688375785e+00
6.018270158767698774e+00
6.018782806396487217e+00
6.019438838958741655e+00
6.019974108537034851e+00
6.020453472932182137e+00
6.021042998631791932e+00
6.021578097343443403e+00
6.022105364004772809e+00
6.022747178872428719e+00
6.023394962151847665e+00
6.023811439673103507e+00
6.024330457051597421e+00
6.024903817971548392e+00
6.025532281398774614e+00
6.025996796290080226e+00
6.026569100220996233e+00
6.027894957860311820e+00
6.028036514918007072e+00
6.028320399920147565e+00
6.028782292207083060e+00
6.029336456457777160e+00
6.029913326104484383e+00
6.030501361687974793e+00
6.031001285711923288e+00
6.031565586725868400e+00
6.032109073797862209e+00
6.032667966683703753e+00
6.033236229419706831e+00
6.033804190158846836e+00
6.034355278809862000e+00
6.034906327724456787e+00
6.036117649078370562e+00
6.036227957407632516e+00
6.036904724438983294e+00
6.037242368857064889e+00
6.037715840339657802e+00
6.038244660695390564e+00
6.038825615247091605e+00
6.039369614919024798e+00
6.039890281359355129e+00
6.040506883462271048e+00
6.040996583302813860e+00
6.041721363862357919e+00
6.042181495825452942e+00
6.042683649063107509e+00
6.043327550093330558e+00
6.043897088368730408e+00
6.044342470169070225e+00
6.044900361696882385e+00
6.045491007963818220e+00
6.046011304855348101e+00
6.046671342849734287e+00
6.047108733654020796e+00
6.047727477550509434e+00
6.048238559563955619e+00
6.048812810579939026e+00
6.049391853809353847e+00
6.049950210253399518e+00
6.050616848468777675e+00
6.050998270511627197e+00
6.051860626538591248e+00
6.052192604541779986e+00
6.052844945589704651e+00
6.053375236193339504e+00
6.053783559799192915e+00
6.054379721482597176e+00
6.054956416289009269e+00
6.055474980672201468e+00
6.056006793181104797e+00
6.056621575355528364e+00
6.057143696149189793e+00
6.057817173004153233e+00
6.058259363969163758e+00
6.058772579828897165e+00
6.059330809116360683e+00
6.060072743892668257e+00
6.060446397463479684e+00
6.060997720559434754e+00
6.061563766002656450e+00
6.062174673875169617e+00
6.062678615252174552e+00
6.063229986031849705e+00
6.063772308826443691e+00
6.064368414878842373e+00
6.064891660213469038e+00
6.065506223837537902e+00
6.066055937608084037e+00
6.066609835624696245e+00
6.067229509353637695e+00
6.067853689193725586e+00
6.068307669957476946e+00
6.068843956788377625e+00
6.069411695003509521e+00
6.069934658209483302e+00
6.070457736651100333e+00
6.070997210343676898e+00
6.071559810638426313e+00
6.072111276785534528e+00
6.072697492440539691e+00
6.073221417268115374e+00
6.073776646455129935e+00
6.074354732036589155e+00
6.074926157792411630e+00
6.075917951265971340e+00
6.076549224058787502e+00
6.076864663759870666e+00
6.077278816699980268e+00
6.077847512563067767e+00
6.078304791450499067e+00
6.078843458493551566e+00
6.079605527718861424e+00
6.079895043373106489e+00
6.080444943904879551e+00
6.081143109003704694e+00
6.081557448705034119e+00
6.082126037279763864e+00
6.082678242524465873e+00
6.083265773455302394e+00
6.083819997310641270e+00
6.084351038932801714e+00
6.084888505935666103e+00
6.085527165730795218e+00
6.086032442251841701e+00
6.086599465211229187e+00
6.087161334355670306e+00
6.087792543570202497e+00
6.088221800327303868e+00
6.088792415459948870e+00
6.089330069224040187e+00
6.089904916286471348e+00
6.090492669741315979e+00
6.091052822271983302e+00
6.091634654998777876e+00
6.092123711109159956e+00
6.092710824807483050e+00
6.093221314748127782e+00
6.093781880537669338e+00
6.094363753000898498e+00
6.094888055324553022e+00
6.095440181096392962e+00
6.096067571640013227e+00
6.096602710088092181e+00
6.097117380301156686e+00
6.097711133956906338e+00
6.098236056168872210e+00
6.098800738652549569e+00
6.099441083272296282e+00
6.099973285198210249e+00
6.100589919090268154e+00
6.100996228059130999e+00
6.101560966173806833e+00
6.102125529448194641e+00
6.102708752950029236e+00
6.103288157780966117e+00
6.103779550393419129e+00
6.104337902863818499e+00
6.104941952228543300e+00
6.105462729930877686e+00
6.106005962689714295e+00
6.106552211443585065e+00
6.107239933808642718e+00
6.107789687315623439e+00
6.108285915851595860e+00
6.108841856320701424e+00
6.109387958049772749e+00
6.109935609499615339e+00
6.110448066393537658e+00
6.111007368564607134e+00
6.111554455757143955e+00
6.112254325548811096e+00
6.112723302841189366e+00
6.113248229026794434e+00
6.113777085145315482e+00
6.114345800876620274e+00
6.114976867039999320e+00
6.115474760532379150e+00
6.116001979509988473e+00
6.116678909460702585e+00
6.117192566394805908e+00
6.117661821842190761e+00
6.118243483702343610e+00
6.118783561388653425e+00
6.119337658087410148e+00
6.119973599910736084e+00
6.120478669802345451e+00
6.121003663539887896e+00
6.121554485956828273e+00
6.122116180260974261e+00
6.122664137681326224e+00
6.123311809698741115e+00
6.123815989494325152e+00
6.124476587772370806e+00
6.124970388412478428e+00
6.125465194384254630e+00
6.126082638899482902e+00
6.126597599188485788e+00
6.127116998036704842e+00
6.127666024367016462e+00
6.128289091587063808e+00
6.128813910484311123e+00
6.129429129759472517e+00
6.130051469802857866e+00
6.130459793408711278e+00
6.131054584185285705e+00
6.131557659308114694e+00
6.132151099046069476e+00
6.132668451468148874e+00
6.133233189582824707e+00
6.133796731630958732e+00
6.134334687391920227e+00
6.134957822163897845e+00
6.135497299830120710e+00
6.136192866166432225e+00
6.136776057879131940e+00
6.137311700979871887e+00
6.137900006771090489e+00
6.138232421875002842e+00
6.138815736770631304e+00
6.139335000514982710e+00
6.139964119593301461e+00
6.140453294912973092e+00
6.141036363442736956e+00
6.141786130269366595e+00
6.142250871658326616e+00
6.142868212858836330e+00
6.143292582035066118e+00
6.143824891249337838e+00
6.144447505474090576e+00
6.144985540707907035e+00
6.145565481980639788e+00
6.146082822481794494e+00
6.146901555856068455e+00
6.147790304819743312e+00
6.148297401269275042e+00
6.148729650179546979e+00
6.149153510729469474e+00
6.149365365505218506e+00
6.149996554851533404e+00
6.150590411822001613e+00
6.151015277703599793e+00
6.151573936144508536e+00
6.152156674861906538e+00
6.152669783433275086e+00
6.153256118297576904e+00
6.153946709632876377e+00
6.154338077704110788e+00
6.154892349243162641e+00
6.155978584289549360e+00
6.156234463055930917e+00
6.156677758693696489e+00
6.157186595598858503e+00
6.157737867037454293e+00
6.158381676673890581e+00
6.158906499544777091e+00
6.159575482209525887e+00
6.159965391953782898e+00
6.160527420043948155e+00
6.161116019884744333e+00
6.161590055624643014e+00
6.162138315041858050e+00
6.162678595383958680e+00
6.163321427504222072e+00
6.164229369163514605e+00
6.164450399080912746e+00
6.165033431847888323e+00
6.165525265534718358e+00
6.166019229094189313e+00
6.166656688849130319e+00
6.167127343018847796e+00
6.167689545949301078e+00
6.168225256601971296e+00
6.168802134195964015e+00
6.169330557187400643e+00
6.169906123479208304e+00
6.170570727189378601e+00
6.171064706643420550e+00
6.171935367584225673e+00
6.172168838977810879e+00
6.172672744592027527e+00
6.173395558198293998e+00
6.173856413364411821e+00
6.174564464886984183e+00
6.175024406115213083e+00
6.175481454531350778e+00
6.176009412606553894e+00
6.176631096998853820e+00
6.177514946460725298e+00
6.177731653054557626e+00
6.178260028362274170e+00
6.178785161177316354e+00
6.179805866877238429e+00
6.179918964703880135e+00
6.180470430850981245e+00
6.180999513467149598e+00
6.181555855274197597e+00
6.182162284851074219e+00
6.182720339298249712e+00
6.183224642276762495e+00
6.183805604775749032e+00
6.184370152155558742e+00
6.184907539685568167e+00
6.185449250539143407e+00
6.186049485206602583e+00
6.186573648452757368e+00
6.187247256437935050e+00
6.187851881980897417e+00
6.188312768936157227e+00
6.188836642106373631e+00
6.189382719993588466e+00
6.189899273713429295e+00
6.190455488363902248e+00
6.191059601306918125e+00
6.191559497515363830e+00
6.192126297950743208e+00
6.192680696646370109e+00
6.193330403168992859e+00
6.193974399566648970e+00
6.194399468104045070e+00
6.195020043849943647e+00
6.195849084854124555e+00
6.196038703123726066e+00
6.196873768170675589e+00
6.197392733891803118e+00
6.197715985774991054e+00
6.198330454031626857e+00
6.198782189687094046e+00
6.199392692248025583e+00
6.199984884262086382e+00
6.200475517908735412e+00
6.201155332724255231e+00
6.201655101776125889e+00
6.202349658807115418e+00
6.202818353970847909e+00
6.203271794319149990e+00
6.203850793838498134e+00
6.204459337393444684e+00
6.204985988140109043e+00
6.205520085493724025e+00
6.206060155232748343e+00
6.206622370084126317e+00
6.207113178571063372e+00
6.207836830615995893e+00
6.208304401238756043e+00
6.208792229493461434e+00
6.209369115034739650e+00
6.209888251622516009e+00
6.210467096169786316e+00
6.211224643389385847e+00
6.211887951691942078e+00
6.212125933170320025e+00
6.212673497200015049e+00
6.213300581773118836e+00
6.214071242014568952e+00
6.214361043771106097e+00
6.214910805225372314e+00
6.215448216597238229e+00
6.216014937559762643e+00
6.216740028063455270e+00
6.217148363590240479e+00
6.217679528395336774e+00
6.218223516146345276e+00
6.218793181578320173e+00
6.219365469614665187e+00
6.220051058133442723e+00
6.220677681763966405e+00
6.221023396650949167e+00
6.222018806139629987e+00
6.222185675303144592e+00
6.222706337769828622e+00
6.223283441861468646e+00
6.223791746298473981e+00
6.224820923805239659e+00
6.224983358383177290e+00
6.225481379032132168e+00
6.226066474119825500e+00
6.226585535208386091e+00
6.227366395791371190e+00
6.227887920538584865e+00
6.228499913215635786e+00
6.229073071479795942e+00
6.229421464602154401e+00
6.230120559533439462e+00
6.230583099524181989e+00
6.231005299091336269e+00
6.231710159778593550e+00
6.232741610209146188e+00
6.232981224854789559e+00
6.233307902018232483e+00
6.233792920907340829e+00
6.234355799357096828e+00
6.235304915904997358e+00
6.235471753279369977e+00
6.236021014054614398e+00
6.236555937925977844e+00
6.237185041109718497e+00
6.238035035133364659e+00
6.238269714514416364e+00
6.238799671332039054e+00
6.239337106545768563e+00
6.239899579683942932e+00
6.240736937522889605e+00
6.241038811206820469e+00
6.241568068663276847e+00
6.242288529872894287e+00
6.242691548665362689e+00
6.243436670303346148e+00
6.243829107284547320e+00
6.244330378373462054e+00
6.244920098781584272e+00
6.245501387119290371e+00
6.246155850092570461e+00
6.246799957752230625e+00
6.247126479943595712e+00
6.247670106093089260e+00
6.248696263631181580e+00
6.248870066801707424e+00
6.249478248755139020e+00
6.249961809317269967e+00
6.250488611062365862e+00
6.251378162701925589e+00
6.251910034815473693e+00
6.252190705140428406e+00
6.252869633833569196e+00
6.253358825047811820e+00
6.254128118356071298e+00
6.254683407147723528e+00
6.255094790458677778e+00
6.255598894755046047e+00
6.256136043866476371e+00
6.256671992937725690e+00
6.257157421112061968e+00
6.257740509510043125e+00
6.258342512448628270e+00
6.259421332677206351e+00
6.259686938921610988e+00
6.260007345676420698e+00
6.260490520795187308e+00
6.261140278975169338e+00
6.262086625893907410e+00
6.262323939800261030e+00
6.262709093093874912e+00
6.263552920023599313e+00
6.263825770219163758e+00
6.264773376782734715e+00
6.265048901240028556e+00
6.265457073847450431e+00
6.266005122661589155e+00
6.266640512148541120e+00
6.267373760541282479e+00
6.267723290125530866e+00
6.268402596314750497e+00
6.269036094347633536e+00
6.269494271278382769e+00
6.270256988207499660e+00
6.270876085758210650e+00
6.271235883235931396e+00
6.271563239892323338e+00
6.272190002600353864e+00
6.272819781303404341e+00
6.273303127288819780e+00
6.273787983258564793e+00
6.274488075574240042e+00
6.275370991230012407e+00
6.275723389784495510e+00
6.276140288511911081e+00
6.276714928944905125e+00
6.277450088659925598e+00
6.278103184700015049e+00
6.278579751650489982e+00
6.278925184408826965e+00
6.279414741198223737e+00
6.279960866769151551e+00
6.280471158027651768e+00
6.281074126561485116e+00
6.281577134132383833e+00
6.282116711139678955e+00
6.282675194740292568e+00
6.283417022228242388e+00
6.283785545825956831e+00
6.284443577130637948e+00
6.284932319323225158e+00
6.285458362102509966e+00
6.286118857065837062e+00
6.286664446194969003e+00
6.287443737188972648e+00
6.287702230612438825e+00
6.288297700881955166e+00
6.288891438643140930e+00
6.289374872048696830e+00
6.289895701408383388e+00
6.290449782212576224e+00
6.291366446018216152e+00
6.291597894827525295e+00
6.292248749732969770e+00
6.292670559883120518e+00
6.293255933125813328e+00
6.293785254160560783e+00
6.294337121645611433e+00
6.295303801695503410e+00
6.295560256640115426e+00
6.296003683408102347e+00
6.296577660242718366e+00
6.297153615951536665e+00
6.297843348979952793e+00
6.298253520329794242e+00
6.298799439271292044e+00
6.299479087193809335e+00
6.299901886781057669e+00
6.300491150220231873e+00
6.301026471455891453e+00
6.301607549190521240e+00
6.302126471201582092e+00
6.302848041057586670e+00
6.303475260734558105e+00
6.303976313273111032e+00
6.304442950089772069e+00
6.304911450544992135e+00
6.305449565251670663e+00
6.306059789657595616e+00
6.306571857134500192e+00
6.307451196511586033e+00
6.307701202233630511e+00
6.308247129122413810e+00
6.308817863464355469e+00
6.309358791510263131e+00
6.309905350208282471e+00
6.310459760824841169e+00
6.311341714859011631e+00
6.311715857187905954e+00
6.312220350901284860e+00
6.312736455599470276e+00
6.313317573070527544e+00
6.313780391216276655e+00
6.314360868930819493e+00
6.314901494979856977e+00
6.315473635991416756e+00
6.316157007217405805e+00
6.316719925403596392e+00
6.317240222295126273e+00
6.317804396152496338e+00
6.318375881512956482e+00
6.318790761629742292e+00
6.319430001576741063e+00
6.319910864035286124e+00
6.320490447680157331e+00
6.321000440915426566e+00
6.321563351154324550e+00
6.322123666604362313e+00
6.322697023550666984e+00
6.323488473892211914e+00
6.323840363820394828e+00
6.324365504582722508e+00
6.325073973337808297e+00
6.325542279084523045e+00
6.326106723149614197e+00
6.326625537872317295e+00
6.327499667803444083e+00
6.327835706869763044e+00
6.328398160139720119e+00
6.328794701894125296e+00
6.329564766089120553e+00
6.329943199952445809e+00
6.330648438135781930e+00
6.331381483872732474e+00
6.331799864768981934e+00
6.332184048493701312e+00
6.332675826549532871e+00
6.333241407076521057e+00
6.333793926239010830e+00
6.334404623508454790e+00
6.335325177510576111e+00
6.335469945271810843e+00
6.336093918482461618e+00
6.336567099889116150e+00
6.337139781316118103e+00
6.337923240661623936e+00
6.338423097133635054e+00
6.338791155815123091e+00
6.339466750621795654e+00
6.339945932229362313e+00
6.340485477447508345e+00
6.341043512026466544e+00
6.341690166791281058e+00
6.342166268825529585e+00
6.342699996630351222e+00
6.343374788761138916e+00
6.343879290421803319e+00
6.344708442687988281e+00
6.345102369785308838e+00
6.345737155278520447e+00
6.346095677216844422e+00
6.346634836991626116e+00
6.347383538881935294e+00
6.347825034459432914e+00
6.348258574803672616e+00
6.348783250649766785e+00
6.349341336886091369e+00
6.350057335694629046e+00
6.350470268726347456e+00
6.351027095317839155e+00
6.351672669251762215e+00
6.352126904328663670e+00
6.352720431486766017e+00
6.353226661682128906e+00
6.353816147645311219e+00
6.354437144597369524e+00
6.355312041441600002e+00
6.355472274621327244e+00
6.356045114994046230e+00
6.356684859593705994e+00
6.357282801469168021e+00
6.358107856909434474e+00
6.358276454607647565e+00
6.358785629272460938e+00
6.359510576725007525e+00
6.360080464680990531e+00
6.360761054356892430e+00
6.361168189843496634e+00
6.361574180920918309e+00
6.362123847007751465e+00
6.362676417827607622e+00
6.363432800769807329e+00
6.364078358809152292e+00
6.364373099803927403e+00
6.364905949433641297e+00
6.365451169013979893e+00
6.366234230995175380e+00
6.366627689202623230e+00
6.367130398750305176e+00
6.367756617069247227e+00
6.368767579396568124e+00
6.368851494789126377e+00
6.369398919741314558e+00
6.369899034500122070e+00
6.370477108160656599e+00
6.371432336171466204e+00
6.371707431475321926e+00
6.372126293182375889e+00
6.372842995325726179e+00
6.373249022165936140e+00
6.374103343486787310e+00
6.374413351217903312e+00
6.374894475936891070e+00
6.375527850786845363e+00
6.376098891099296395e+00
6.376766912142436183e+00
6.377130273977918762e+00
6.377727806568145752e+00
6.378254624207812640e+00
6.378802386919659284e+00
6.379744450251259025e+00
6.380221752325695661e+00
6.380623610814410540e+00
6.381110183397929347e+00
6.381969861189524806e+00
6.382146581013998343e+00
6.382684179147084080e+00
6.383227717876437168e+00
6.383849461873374764e+00
6.384754161039985831e+00
6.385235786437988281e+00
6.385646653175356846e+00
6.386240196228030186e+00
6.386643433570860395e+00
6.387408129374186672e+00
6.387689308325448678e+00
6.388267338275909424e+00
6.388922305901843401e+00
6.389373298486070496e+00
6.390033896764116150e+00
6.390575289726257324e+00
6.391039844353990418e+00
6.391619674364726222e+00
6.392123401165008545e+00
6.392854392528533936e+00
6.393292256196339451e+00
6.393981341520948547e+00
6.394401335716246138e+00
6.395386330286662258e+00
6.395987713336943159e+00
6.396162899335223528e+00
6.396824816862739738e+00
6.397488224506375332e+00
6.398587139447528216e+00
6.399278573195140041e+00
6.399968485037483390e+00
6.400018350283303903e+00
6.400888840357460197e+00
6.401072839895881827e+00
6.401568480332691990e+00
6.402227210998532314e+00
6.402714610099792480e+00
6.403360140323641758e+00
6.403862194220224069e+00
6.404343581199647417e+00
6.404904441038766549e+00
6.405449465910592721e+00
6.406016333897909476e+00
6.406576863924662746e+00
6.407174432277678022e+00
6.407774786154426749e+00
6.408670155207317976e+00
6.408905589580534468e+00
6.409380650520326128e+00
6.409945146242776559e+00
6.410516107082365522e+00
6.411480724811553955e+00
6.411717859903973249e+00
6.412181019783020020e+00
6.412707694371540867e+00
6.413232564926147461e+00
6.413790873686473049e+00
6.414348248640699524e+00
6.415312174956007141e+00
6.415478495756786970e+00
6.416111671924589643e+00
6.416687762737275591e+00
6.417143003145852731e+00
6.417784579594929539e+00
6.418349643548332040e+00
6.418817961215971479e+00
6.419473330179847892e+00
6.419970174630485360e+00
6.420530486106869716e+00
6.421036628882092145e+00
6.421583843231204014e+00
6.422180386384326312e+00
6.422687403361003078e+00
6.423380982875826817e+00
6.423834613958995021e+00
6.424571863810221828e+00
6.425108285744983050e+00
6.425622018178302142e+00
6.426042409737902972e+00
6.426714134216311436e+00
6.427479783693947013e+00
6.427850747108458052e+00
6.428461293379463370e+00
6.428859194119773690e+00
6.429380389054614398e+00
6.429931910832721087e+00
6.430450983842213475e+00
6.431338592370352103e+00
6.431708860397336025e+00
6.432245961825053371e+00
6.432734004656474269e+00
6.433236153920489642e+00
6.433858994642896789e+00
6.434342185656227286e+00
6.434896079699200300e+00
6.435700833797454834e+00
6.436248505115507612e+00
6.436574208736416836e+00
6.437177932262422075e+00
6.437719440460206499e+00
6.438315300146740583e+00
6.438872893651328866e+00
6.439573140939074847e+00
6.440302209059396432e+00
6.440798377990724077e+00
6.441308848063151515e+00
6.441795241832735996e+00
6.442131475607553170e+00
6.442683831850686715e+00
6.443444172541298087e+00
6.443802730242410348e+00
6.444641896088917576e+00
6.445181183020274318e+00
6.445524398485822815e+00
6.446008479595185747e+00
6.446598112583160400e+00
6.447380252679188573e+00
6.447776246070858974e+00
6.448356429735817130e+00
6.448918994267778260e+00
6.449456342061360203e+00
6.449979420502977234e+00
6.450462683041891410e+00
6.451444836457568499e+00
6.451709838708239886e+00
6.452145687739054836e+00
6.452774882316589355e+00
6.453231366475421282e+00
6.453795794645948547e+00
6.454341570536293204e+00
6.455407571792605381e+00
6.455504906177523594e+00
6.456116580963133345e+00
6.456676085790000741e+00
6.457164684931434806e+00
6.457680944601698059e+00
6.458226943016050825e+00
6.458782955010732962e+00
6.459358731905616935e+00
6.459961370627084420e+00
6.460466333230336033e+00
6.461007908980050729e+00
6.461645706494650199e+00
6.462276943524678074e+00
6.462705874443052778e+00
6.463480269908906450e+00
6.463891700903573678e+00
6.464445487658181833e+00
6.464907666047416512e+00
6.465457872549691842e+00
6.466168844699858198e+00
6.466570071379344142e+00
6.467464371522268607e+00
6.467764989535012887e+00
6.468242816130320705e+00
6.468791151046751509e+00
6.469338782628376805e+00
6.470014051596322702e+00
6.470565891265870562e+00
6.471485090255740147e+00
6.471724402904513340e+00
6.472132531801861433e+00
6.472803938388821621e+00
6.473238873481747646e+00
6.473792854944868225e+00
6.474347039063772513e+00
6.475348146756488177e+00
6.475624811649325352e+00
6.476110021273292716e+00
6.476582527160644531e+00
6.477150591214495989e+00
6.477704791227978376e+00
6.478381295998893563e+00
6.478800678253172407e+00
6.479349044958752302e+00
6.479917796452838274e+00
6.480605959892272949e+00
6.481115639209747314e+00
6.481588351726529140e+00
6.482128266493482727e+00
6.482717573642730713e+00
6.483264656861621233e+00
6.483859384059904585e+00
6.484350740909576416e+00
6.484987739721937317e+00
6.485484278202058306e+00
6.486107210318245109e+00
6.486596842606864755e+00
6.487119527657824847e+00
6.487673723697660932e+00
6.488234575589494568e+00
6.488863348960876465e+00
6.489400676886241115e+00
6.490042312939962699e+00
6.490511226654049892e+00
6.491131695111590716e+00
6.491844117641448975e+00
6.492191143830616795e+00
6.492715553442636178e+00
6.493295085430148106e+00
6.493796360492709141e+00
6.494511385758720223e+00
6.495197653770446777e+00
6.495602687199912850e+00
6.496173278490701364e+00
6.496785871187846340e+00
6.497152694066365086e+00
6.497748458385466108e+00
6.498440062999726763e+00
6.498790029684705871e+00
6.499940113226571725e+00
6.500173342227938633e+00
6.500470670064288470e+00
6.501318943500521641e+00
6.501650027434031642e+00
6.502189600467680464e+00
6.502780210971835118e+00
6.503238658110298331e+00
6.503869112332658631e+00
6.504385526974992615e+00
6.504918952782951180e+00
6.505576483408610500e+00
6.506123232841488857e+00
6.506675322850547616e+00
6.507189659277599958e+00
6.507796053091688293e+00
6.508231373627978655e+00
6.508816659450531006e+00
6.509466445446015825e+00
6.509897665182748483e+00
6.510458485285440133e+00
6.511045046647389256e+00
6.511566563447317435e+00
6.512191398938497855e+00
6.512674780686694476e+00
6.513323450088499555e+00
6.513895901044207903e+00
6.514368617534636030e+00
6.514922666549679775e+00
6.515999821821850446e+00
6.516212248802183638e+00
6.516798114776612749e+00
6.517456026871997210e+00
6.517785247166948182e+00
6.518247838815049988e+00
6.518889355659482021e+00
6.519349809487657410e+00
6.519897727171581892e+00
6.520597600936888227e+00
6.521007994810737785e+00
6.521568135420480417e+00
6.522228988011676165e+00
6.522774748007456935e+00
6.523243248462677002e+00
6.523983081181846444e+00
6.524599464734393450e+00
6.525092415014903224e+00
6.525643547375999276e+00
6.526141055425007664e+00
6.526614332199095259e+00
6.527349412441253662e+00
6.527857601642608643e+00
6.528272151947021484e+00
6.528897404670715332e+00
6.529386397202806336e+00
6.529905541737875296e+00
6.530457731087999207e+00
6.531012264887493757e+00
6.531980494658149894e+00
6.532374107837675581e+00
6.532711565494537354e+00
6.533293326695762460e+00
6.533796584606172075e+00
6.534372138977047939e+00
6.534958283106483634e+00
6.535470060507456935e+00
6.536055282751718210e+00
6.536628270149229536e+00
6.537222063541413775e+00
6.537909479935962054e+00
6.538240702946978899e+00
6.538788354396821489e+00
6.539838445186617832e+00
6.539909390608471540e+00
6.540522166093190037e+00
6.541059239705404593e+00
6.541765864690141541e+00
6.542170306046806161e+00
6.542678292592363221e+00
6.543296639124555725e+00
6.543798923492431641e+00
6.544340415795645072e+00
6.544896801312766854e+00
6.545471068223314148e+00
6.546036740144096200e+00
6.546602849165601867e+00
6.547121516863505519e+00
6.547757009665168937e+00
6.548288512229916591e+00
6.548946491877238429e+00
6.549344595273332459e+00
6.549971838792167489e+00
6.550523471832278233e+00
6.551127711931862052e+00
6.551594559351606506e+00
6.552244857947030710e+00
6.552828967571258545e+00
6.553255236148835650e+00
6.553823649883270264e+00
6.554348496596020368e+00
6.554913938045501709e+00
6.555459896723426994e+00
6.556013019879657122e+00
6.556625719865159851e+00
6.557150447368620405e+00
6.557708636919656442e+00
6.558235847949980268e+00
6.558796131610868940e+00
6.559389475981397766e+00
6.559987795352938633e+00
6.560527523358665292e+00
6.561017115910850350e+00
6.561770757039390389e+00
6.562260627746582031e+00
6.562713293234509138e+00
6.563266797860464408e+00
6.563802138964334176e+00
6.564358870188392814e+00
6.564906561374662886e+00
6.565479123592375288e+00
6.566048002243043413e+00
6.566654423872627433e+00
6.567140324910482718e+00
6.567677140235900879e+00
6.568370993932084900e+00
6.568892621994017134e+00
6.569368664423627990e+00
6.569960518678030326e+00
6.570484042167663574e+00
6.571024318536125008e+00
6.571574743588762146e+00
6.572166363398231681e+00
6.572774799664813372e+00
6.573306393623354893e+00
6.573792163530988830e+00
6.574372673034666548e+00
6.575005745887757769e+00
6.575499649842576844e+00
6.576118465264634949e+00
6.576566183567045698e+00
6.577122581005099278e+00
6.577674480279284808e+00
6.578232840696969674e+00
6.578786774476370169e+00
6.579343163967131147e+00
6.579908009370164734e+00
6.580466107527414010e+00
6.581014231840768502e+00
6.581590890884399414e+00
6.582201496760049508e+00
6.582687787214915431e+00
6.583237854639691022e+00
6.583847288290662902e+00
6.584384818871818368e+00
6.584970510005952349e+00
6.585470036665597604e+00
6.586111811796826032e+00
6.586582557360330270e+00
6.587122193972270168e+00
6.587716126441954145e+00
6.588340616226197710e+00
6.588828623294830322e+00
6.589353982607526916e+00
6.589953899383544922e+00
6.590451025962828169e+00
6.591026186943054199e+00
6.591676374276481454e+00
6.592194883028668073e+00
6.592719972133636475e+00
6.593234634399415484e+00
6.593806668122610404e+00
6.594451355934140224e+00
6.595034432411196690e+00
6.595580303668974409e+00
6.596011531352999668e+00
6.596578192710879307e+00
6.597124648094180088e+00
6.597746988137565438e+00
6.598259437084195156e+00
6.598792668183641297e+00
6.599355300267539803e+00
6.599909389019011030e+00
6.600592307249705470e+00
6.601072442531588536e+00
6.601623737812040815e+00
6.602180198828378366e+00
6.602730031808214051e+00
6.603311077753701852e+00
6.603888523578646641e+00
6.604469462235769583e+00
6.604989516735074062e+00
6.605608848730724958e+00
6.606013103326162650e+00
6.606775665283201704e+00
6.607123716672262503e+00
6.607682156562802334e+00
6.608323935667677063e+00
6.608790040016174316e+00
6.609341979026794434e+00
6.609902600447334464e+00
6.610452890396118164e+00
6.611383748054507237e+00
6.611713039875027675e+00
6.612131722768147313e+00
6.612677474816642587e+00
6.613454524676008361e+00
6.613902541001635882e+00
6.614450208346049465e+00
6.614900326728822222e+00
6.615456744035085990e+00
6.616010924180351083e+00
6.616648375988006592e+00
6.617160713672639361e+00
6.617679572105409136e+00
6.618235754966732998e+00
6.618795271714525086e+00
6.619759480158485587e+00
6.620118168989819196e+00
6.620794010162356358e+00
6.621052853266398586e+00
6.621592334906260646e+00
6.622175101439161438e+00
6.622792120774583680e+00
6.623489061991371329e+00
6.623868894577029209e+00
6.624414388338728088e+00
6.624929042657214495e+00
6.625507990519203361e+00
6.626058252652484271e+00
6.626576030254362593e+00
6.627149633566538967e+00
6.627874807516732858e+00
6.628322958946228027e+00
6.628819362322488473e+00
6.629351810614267038e+00
6.629977126916251962e+00
6.630486989021299848e+00
6.631012268861134373e+00
6.631720638275147905e+00
6.632131028175351162e+00
6.632691836357118120e+00
6.633274956544241263e+00
6.633892575899757560e+00
6.634368451436358782e+00
6.634945392608642578e+00
6.635855992635093514e+00
6.636162535349527047e+00
6.636718348662057565e+00
6.637283372879025478e+00
6.637736944357556013e+00
6.638237134615579293e+00
6.638845705986021528e+00
6.639502652486164891e+00
6.639980518817900190e+00
6.640655485788983015e+00
6.641116730372111476e+00
6.641617989540101519e+00
6.642197183767954982e+00
6.642713057994839687e+00
6.643811730543774274e+00
6.643877498308818019e+00
6.644459823767341788e+00
6.644970651467637879e+00
6.645619630813598633e+00
6.646305354436236712e+00
6.646715839703880135e+00
6.647282489140827977e+00
6.647888620694480721e+00
6.648302757740019331e+00
6.648794623215991351e+00
6.649365595976512111e+00
6.649997544288638096e+00
6.650457282861076180e+00
6.651034160455068900e+00
6.651888696352642683e+00
6.652157620588937448e+00
6.652789088090258929e+00
6.653260024388629290e+00
6.653796994686125288e+00
6.654442787170410156e+00
6.654907341798143250e+00
6.655467744668321473e+00
6.656044650077816982e+00
6.656567486127215716e+00
6.657121356328325135e+00
6.657679979006452697e+00
6.658234190940859776e+00
6.658794832229617100e+00
6.659780025482177734e+00
6.660091455777482849e+00
6.660705101490023594e+00
6.661154798666636623e+00
6.661723979314167821e+00
6.662273673216503767e+00
6.662689165274301217e+00
6.663233868281047023e+00
6.663817747433981253e+00
6.664342351754505955e+00
6.664948467413587707e+00
6.665461150805157331e+00
6.666008675098417768e+00
6.666569018363951216e+00
6.667121259371441511e+00
6.667846063772834952e+00
6.668489030996958888e+00
6.668882405757905474e+00
6.669460757573446585e+00
6.669910816351574567e+00
6.670562787850698783e+00
6.671048390865323086e+00
6.671591174602511387e+00
6.672145315011341893e+00
6.672675160566967634e+00
6.673322546482083339e+00
6.673983625570933498e+00
6.674398310979206883e+00
6.674950226147970511e+00
6.675812804698942671e+00
6.676083497206370510e+00
6.676573820908863865e+00
6.677136564254759321e+00
6.677677321434018154e+00
6.678270745277401943e+00
6.678910454114280526e+00
6.679474977652233747e+00
6.679965651035310259e+00
6.680586783091229108e+00
6.681064863999687020e+00
6.681578870614366394e+00
6.682157258192695792e+00
6.682779677708943211e+00
6.683322755495709089e+00
6.683962150414785697e+00
6.684460381666816886e+00
6.684899516900379979e+00
6.685571269194284127e+00
6.686047716935476615e+00
6.686678779125216465e+00
6.687128957112626892e+00
6.687728079160052630e+00
6.688257789611817827e+00
6.688949302832284616e+00
6.689432839552559074e+00
6.689912017186479432e+00
6.690608008702596976e+00
6.691061818599699507e+00
6.691638811429342582e+00
6.692124652862545986e+00
6.692768283685047948e+00
6.693334905306500104e+00
6.693795522054038827e+00
6.694387118021644767e+00
6.694913872083027684e+00
6.695455511411033456e+00
6.696057887872058245e+00
6.696577163537341448e+00
6.697219800949099522e+00
6.697740979989369237e+00
6.698234772682191362e+00
6.698791186014808829e+00
6.699411781628924700e+00
6.699911852677665536e+00
6.700470324357347351e+00
6.701024285952250636e+00
6.701614097754159616e+00
6.702126093705494725e+00
6.702733055750528024e+00
6.703240990638732910e+00
6.703850833574932722e+00
6.704397082328796387e+00
6.704936516284945469e+00
6.705487048625947466e+00
6.706028846899670270e+00
6.706736667950949027e+00
6.707126303513845755e+00
6.707736857732136571e+00
6.708253391583760106e+00
6.708887497584022697e+00
6.709361759821575788e+00
6.709911874930064357e+00
6.710459538300831639e+00
6.711017549037933350e+00
6.711592725912730373e+00
6.712140707174938825e+00
6.712740902105970520e+00
6.713334294160205218e+00
6.713913702964781294e+00
6.714436364173892002e+00
6.714911464850111145e+00
6.715474581718446245e+00
6.716042669614154192e+00
6.716578034559887556e+00
6.717136327425642151e+00
6.717685059706369088e+00
6.718233887354536193e+00
6.718790086110431048e+00
6.719367369016012503e+00
6.720002714792890686e+00
6.720494989554090637e+00
6.721138099829353507e+00
6.721642092863717721e+00
6.722136278947196786e+00
6.722756954034167620e+00
6.723450374603274327e+00
6.723804628849030962e+00
6.724369128545127694e+00
6.724915019671122707e+00
6.725479873021441790e+00
6.726066168149309021e+00
6.726627786954246346e+00
6.727177278200784372e+00
6.727798302968345467e+00
6.728256769975025975e+00
6.728857012589770648e+00
6.729365134239195356e+00
6.729905521869660845e+00
6.730496839682260202e+00
6.731019488970439113e+00
6.731625171502429339e+00
6.732306559880576913e+00
6.732773033777874616e+00
6.733241772651673784e+00
6.733908458550772025e+00
6.734510695934297075e+00
6.735042242209118513e+00
6.735668285687765433e+00
6.736176069577531678e+00
6.736804266770683114e+00
6.737243823210398830e+00
6.737695240974424848e+00
6.738256438573202445e+00
6.738866404692331002e+00
6.739453780651089687e+00
6.739926966031390521e+00
6.740471096833545062e+00
6.741014432907107334e+00
6.741668482621513192e+00
6.742208278179170122e+00
6.742854026953381208e+00
6.743271867434181388e+00
6.743935362497964547e+00
6.744712364673617344e+00
6.745152850945792977e+00
6.745466152826942619e+00
6.746035230159762364e+00
6.746603949864706351e+00
6.747128959496812683e+00
6.747979883352918762e+00
6.748382389545440674e+00
6.748838047186531242e+00
6.749386847019195557e+00
6.750065437952677883e+00
6.750722531477613586e+00
6.751095203558605817e+00
6.751609953244525286e+00
6.752124261856081944e+00
6.752853719393414167e+00
6.753441035747528076e+00
6.753806122144062840e+00
6.754357771078744577e+00
6.754903614521026611e+00
6.755797469615934858e+00
6.756082920233410505e+00
6.756567895412445068e+00
6.757145257790881487e+00
6.757718590895336774e+00
6.758311808109283447e+00
6.758874301115675109e+00
6.759347999095915327e+00
6.759987302621205174e+00
6.760473318894703709e+00
6.761196287473040911e+00
6.761679796377819684e+00
6.762309610843658447e+00
6.762684440612794390e+00
6.763297843933102627e+00
6.763899858792619568e+00
6.764359645048777736e+00
6.764928591251376133e+00
6.765459374586740182e+00
6.766246783733365078e+00
6.766969692707064610e+00
6.767336388429008309e+00
6.767997805277509826e+00
6.768378369013468898e+00
6.768984540303549124e+00
6.769346861044567731e+00
6.770018080870308097e+00
6.770513399442037894e+00
6.771038568019868364e+00
6.771961470444999520e+00
6.772170305252075195e+00
6.772840476036073198e+00
6.773309206962586870e+00
6.773790144920347700e+00
6.774346669514976327e+00
6.774909452597299264e+00
6.775536318620048348e+00
6.776061284542080898e+00
6.776690391699474958e+00
6.777131974697113037e+00
6.777761224905653137e+00
6.778246931234995998e+00
6.778805609544114930e+00
6.779829553763072170e+00
6.780175515015919530e+00
6.780848781267799552e+00
6.781226122379301557e+00
6.781773408253989999e+00
6.782386596997575623e+00
6.782740334669746574e+00
6.783334664503733791e+00
6.783875493208569196e+00
6.784422568480174220e+00
6.785013107458752302e+00
6.785629546642304888e+00
6.786044466495511074e+00
6.786655978361764596e+00
6.787259884675343358e+00
6.788011173407234367e+00
6.788317060470582476e+00
6.788816559314724941e+00
6.789471157391865574e+00
6.789971065521243077e+00
6.790644033749899222e+00
6.791031293074290431e+00
6.791573294003804051e+00
6.792179302374520944e+00
6.792744159698486328e+00
6.793399516741438049e+00
6.793928949038189558e+00
6.794377497831980861e+00
6.794916725158692827e+00
6.795907314618425232e+00
6.796272261937460257e+00
6.796593666076660156e+00
6.797145855426791172e+00
6.797744329770402771e+00
6.798360304037728952e+00
6.799025380611418257e+00
6.799349753061932233e+00
6.800018890698751761e+00
6.800651975472767674e+00
6.801039540767668257e+00
6.801831440130868600e+00
6.802199916044870065e+00
6.802810140450795018e+00
6.803243462244672912e+00
6.804010272026062012e+00
6.804464145501455619e+00
6.804906260967257481e+00
6.805458299318949855e+00
6.806058267752327140e+00
6.806603546937303406e+00
6.807157973448433097e+00
6.807697796821592817e+00
6.808245464166006400e+00
6.808882776896162170e+00
6.809430762132009818e+00
6.809912188847860648e+00
6.810458687941235212e+00
6.811034115155536028e+00
6.811917722225189209e+00
6.812266055742902893e+00
6.812970149517056484e+00
6.813282589117683585e+00
6.814038884639742832e+00
6.814430534839630127e+00
6.815111947059634190e+00
6.815592483679452585e+00
6.816060260931649850e+00
6.816676108042400983e+00
6.817179131507870693e+00
6.817697175343830907e+00
6.818317937850949306e+00
6.818840742111206055e+00
6.819531305631002738e+00
6.820087428887681824e+00
6.820520075162249896e+00
6.821015826861064113e+00
6.822047436237333784e+00
6.822299301624298096e+00
6.822907221317294102e+00
6.823407344023387111e+00
6.823907601833340664e+00
6.824682625134784075e+00
6.824971826871234271e+00
6.825653187433879054e+00
6.826290655136105556e+00
6.826726090908053379e+00
6.827340594927470363e+00
6.827899074554444780e+00
6.828330397605895996e+00
6.828988500436146580e+00
6.829447650909422407e+00
6.830011622111001657e+00
6.830615504582723929e+00
6.831027253468832328e+00
6.831573597590129054e+00
6.832790982723238926e+00
6.833267283439639073e+00
6.833448739846545550e+00
6.833973447481788810e+00
6.834398337205250584e+00
6.835459025700885149e+00
6.835636432965593201e+00
6.836110965410867379e+00
6.836818317572273429e+00
6.837315094470980625e+00
6.838113204638162301e+00
6.838381727536521737e+00
6.839042834440867580e+00
6.839404491583508161e+00
6.839965081214906206e+00
6.840673569838209289e+00
6.841379761695861816e+00
6.841657296816507028e+00
6.842140825589495989e+00
6.842697187264761283e+00
6.843348236878711077e+00
6.843809080123904209e+00
6.844398359457649406e+00
6.844956139723457511e+00
6.845988007386523577e+00
6.846082643667855905e+00
6.846841915448507621e+00
6.847172856330871582e+00
6.847679293155671587e+00
6.848694217205050450e+00
6.848869462807975594e+00
6.849566332499186672e+00
6.850162688891096252e+00
6.850516827901202532e+00
6.851377081871035557e+00
6.851606372992200988e+00
6.852124905586244097e+00
6.852796057860054191e+00
6.853265146414436515e+00
6.854185736179353228e+00
6.854368774096172956e+00
6.854908772309620701e+00
6.855515273412066790e+00
6.856043553352357378e+00
6.856908237934113970e+00
6.857139428456626717e+00
6.857734334468844395e+00
6.858437283833822562e+00
6.858866731325782951e+00
6.859447836875915527e+00
6.860051906108857622e+00
6.860582995414731045e+00
6.861022682984668108e+00
6.862026496728262259e+00
6.862348512808480905e+00
6.862943621476489398e+00
6.863239415486653172e+00
6.863903721173606698e+00
6.864855782190957711e+00
6.865043401718139648e+00
6.865617267290751613e+00
6.866139725844064401e+00
6.866616010665893555e+00
6.867510000864662345e+00
6.867726576328280430e+00
6.868287388483686584e+00
6.868790837128955218e+00
6.869347600142162946e+00
6.870108079910281162e+00
6.870541079839071585e+00
6.871042946974434074e+00
6.871722237269082711e+00
6.872178403536480573e+00
6.872726186116537406e+00
6.873243129253388872e+00
6.873911905288693447e+00
6.874405574798586827e+00
6.875549109776812884e+00
6.875775023301443412e+00
6.876086155573524650e+00
6.876710104942318935e+00
6.877136814594265957e+00
6.878032259146372951e+00
6.878318087259927438e+00
6.878853185971578910e+00
6.879426054159800685e+00
6.879978160063423331e+00
6.880465535322827009e+00
6.881055557727812300e+00
6.881630182266235352e+00
6.882132740815478655e+00
6.882684318224590925e+00
6.883311466375985788e+00
6.883807341257728751e+00
6.884361767768858442e+00
6.884911433855691598e+00
6.885465606053671195e+00
6.886060766379038967e+00
6.886673871676130432e+00
6.887383663654325971e+00
6.887745185693106009e+00
6.888288342952726850e+00
6.888827852408091701e+00
6.889350863297778460e+00
6.889913423856100394e+00
6.890463201204937604e+00
6.891400798161825492e+00
6.891743385791777143e+00
6.892140591144560346e+00
6.892681701978048636e+00
6.893265493710835301e+00
6.893796559174852234e+00
6.894361138343811035e+00
6.895325720310211182e+00
6.895554367701215881e+00
6.896173262596128950e+00
6.896602869033813477e+00
6.897201935450233634e+00
6.897760089238481385e+00
6.898396233717598136e+00
6.899302347501119925e+00
6.899496177832283195e+00
6.900125316778819240e+00
6.900475402673087899e+00
6.901054565111799377e+00
6.901579614480333191e+00
6.902156770229339600e+00
6.902791905403134365e+00
6.903400103251136954e+00
6.903929845492044137e+00
6.904572967688245910e+00
6.904964812596638524e+00
6.905479208628335641e+00
6.906028032302856445e+00
6.906614840030670166e+00
6.907341710726420558e+00
6.907697880268095503e+00
6.908259960015612933e+00
6.908821384112037833e+00
6.909354643026986764e+00
6.909912848472593794e+00
6.910513405005140442e+00
6.911570060253140468e+00
6.911837359269462411e+00
6.912232923507687588e+00
6.912701761722566118e+00
6.913456487655636806e+00
6.914046136538189558e+00
6.914399957656861773e+00
6.915328248341879203e+00
6.915607674916586234e+00
6.916221475601197710e+00
6.916720048586526559e+00
6.917241497834524466e+00
6.917705452442170611e+00
6.918243443965913286e+00
6.918856275081637364e+00
6.919529080390930176e+00
6.919995383421579049e+00
6.920510045687358058e+00
6.921154383818311828e+00
6.921580799420674168e+00
6.922130858898164263e+00
6.922737002372741699e+00
6.923443353176118364e+00
6.923832933108009513e+00
6.924509501457215777e+00
6.924995179971055848e+00
6.925463986396792393e+00
6.926103699207303066e+00
6.926584744453428755e+00
6.927435453732805115e+00
6.927905686696369969e+00
6.928243045012159484e+00
6.928855514526368609e+00
6.929361744721731498e+00
6.930036743481956307e+00
6.930620237191519095e+00
6.931391386191052106e+00
6.931717399756117004e+00
6.932162284851074219e+00
6.932726637522378610e+00
6.933368233839672712e+00
6.933905450503033308e+00
6.934359212716422860e+00
6.935547355810804504e+00
6.935811599095664803e+00
6.936052060127259722e+00
6.936605103810627782e+00
6.937232546011607326e+00
6.937978029251098633e+00
6.938344852129617379e+00
6.939458306630449158e+00
6.939764376481370789e+00
6.940052127838136187e+00
6.940653343995414559e+00
6.941094799836477591e+00
6.941592593987785165e+00
6.942140909035998675e+00
6.942717635631559858e+00
6.943495670954384025e+00
6.944177977244059718e+00
6.944517401854199079e+00
6.945005249977114659e+00
6.945469566186268651e+00
6.946077895164492588e+00
6.946590495109560948e+00
6.947311166922254699e+00
6.947736152013142430e+00
6.948354351520535488e+00
6.948806790510815290e+00
6.949354890982313293e+00
6.949983906745913487e+00
6.950519347190855513e+00
6.951080016295115627e+00
6.951636016368865967e+00
6.952133778731031555e+00
6.952700412273408404e+00
6.953263211250302334e+00
6.953933807214099261e+00
6.954508753617602679e+00
6.954910814762115479e+00
6.955469385782876657e+00
6.956021110216774161e+00
6.956629363695782331e+00
6.957269144058230381e+00
6.957691415150961234e+00
6.958337732156117283e+00
6.958827793598175049e+00
6.959364902973177891e+00
6.959919047355654698e+00
6.960464775562286377e+00
6.961027228832243452e+00
6.961589801311490078e+00
6.962133550643919477e+00
6.962695240974426270e+00
6.963241759936018127e+00
6.963936368624366935e+00
6.964413543542228524e+00
6.964960642655690037e+00
6.965470790863037109e+00
6.966152795155842625e+00
6.966620790958401699e+00
6.967212506135304295e+00
6.967722749710084429e+00
6.968345546722410688e+00
6.968908190727233887e+00
6.969375729560852051e+00
6.969976997375489702e+00
6.970551852385206359e+00
6.971108245849606533e+00
6.971926939487460118e+00
6.972185965379075867e+00
6.972756159305575352e+00
6.973333120346069336e+00
6.973847643534341501e+00
6.974378613630932477e+00
6.974997961521147261e+00
6.975628892580665763e+00
6.976255949338273865e+00
6.976578636964163138e+00
6.977191229661308114e+00
6.977745048205058254e+00
6.978282455603284973e+00
6.978799347082777160e+00
6.979772663116456499e+00
6.980126702785490522e+00
6.980596164862312492e+00
6.981107783317568760e+00
6.981585025787353516e+00
6.982266136010487401e+00
6.982721507549285889e+00
6.983432682355243060e+00
6.983799322446188285e+00
6.984420605500538670e+00
6.985022604465484619e+00
6.985489014784498352e+00
6.986181147893269383e+00
6.986580502986910801e+00
6.987143154939012391e+00
6.987901310125984367e+00
6.988245109717048820e+00
6.988878452777861128e+00
6.989409716924029681e+00
6.989909485975900338e+00
6.990759738286335789e+00
6.991116011142729292e+00
6.991607594490048427e+00
6.992147016525265713e+00
6.992705527941389221e+00
6.993282667795817531e+00
6.993815902868909973e+00
6.994356894493101606e+00
6.995068295796713187e+00
6.996036553382872114e+00
6.996616693337756487e+00
6.996751137574513280e+00
6.997430086135864258e+00
6.997867747147878958e+00
6.998246494928999084e+00
6.998897699515026716e+00
6.999494957923886318e+00
