5.000994769732155731e+00
5.001360305150349461e+00
5.002326643466950884e+00
5.002593668301901886e+00
5.003013737996418797e+00
5.004289102554320579e+00
5.004474826653797948e+00
5.004720123608908722e+00
5.005426843961078731e+00
5.005764063199361402e+00
5.006309862931569654e+00
5.006985970338185155e+00
5.007429118951161939e+00
5.008051764965056663e+00
5.008781250317891676e+00
5.009147751331330056e+00
5.009637081623075971e+00
5.010364051659902174e+00
5.010780886809030221e+00
5.011297309398649702e+00
5.012047712008158129e+00
5.012491631507874246e+00
5.013391625881194358e+00
5.014000066121418797e+00
5.014356867472329782e+00
5.015134497483572318e+00
5.015437388420103559e+00
5.015865361690522661e+00
5.016738228003184474e+00
5.016978649298348358e+00
5.017664031187692331e+00
5.018219800790152618e+00
5.018739032745362039e+00
5.019167824586233451e+00
5.019848926862081839e+00
5.020300304889680376e+00
5.020744999249775020e+00
5.021403308709462721e+00
5.022013795375823264e+00
5.022486444314321119e+00
5.023102935155232984e+00
5.023534429073333030e+00
5.024084377288819070e+00
5.024723974863686493e+00
5.025225778420765010e+00
5.026157259941101074e+00
5.026527674992880890e+00
5.026955091953276167e+00
5.028022988637289359e+00
5.028342771530152078e+00
5.028519491354625615e+00
5.029503381252290239e+00
5.029704995950062596e+00
5.030419496695198944e+00
5.031103074550628662e+00
5.031460956732431100e+00
5.032013213634492388e+00
5.032844408353170707e+00
5.033144577344259574e+00
5.033562727769215428e+00
5.034295578797657100e+00
5.034817119439441768e+00
5.035242211818694358e+00
5.035842180252075195e+00
5.036315417289735308e+00
5.037488853931428423e+00
5.037723020712533639e+00
5.038050067424773459e+00
5.038960790634156695e+00
5.039158809185028787e+00
5.039698549111683690e+00
5.040708537896474439e+00
5.040854465961455588e+00
5.041300177574157715e+00
5.042185684045154659e+00
5.042590037981668161e+00
5.043739966551463283e+00
5.043887595335643681e+00
5.044088983535765180e+00
5.044650137424468994e+00
5.045392171541848825e+00
5.045767112572988822e+00
5.046312034130096436e+00
5.047081681092581817e+00
5.047458585103353101e+00
5.048150038719178667e+00
5.048695917924245435e+00
5.049420829614003736e+00
5.049714593092598847e+00
5.050241700808207668e+00
5.050779175758361106e+00
5.051397184530895146e+00
5.051864524682361690e+00
5.052462776501972286e+00
5.052981491883596021e+00
5.053564635912575653e+00
5.054518540700275508e+00
5.054755830764769087e+00
5.055442472298938839e+00
5.055743316809337529e+00
5.056293527285259159e+00
5.057470512390136008e+00
5.057685526212058136e+00
5.058062636852262983e+00
5.058695805072783713e+00
5.059443569183351030e+00
5.059818462530770944e+00
5.060316419601441851e+00
5.060752312342327031e+00
5.061483542124431523e+00
5.062016268571216671e+00
5.062451736132302926e+00
5.063549522558847826e+00
5.063813404242196725e+00
5.064418359597524955e+00
5.064820651213327807e+00
5.065505321820577223e+00
5.065764602025350172e+00
5.066364037990570779e+00
5.066856201489766676e+00
5.067516160011290793e+00
5.067982530593873491e+00
5.068597968419393140e+00
5.069535974661508959e+00
5.069721126556395063e+00
5.070341714223225438e+00
5.070788991451262717e+00
5.071726500988006592e+00
5.072052208582558563e+00
5.072455465793609619e+00
5.073648444811503566e+00
5.073885321617126465e+00
5.074109101295469770e+00
5.074630288283028534e+00
5.075536612669626635e+00
5.076086429754891327e+00
5.076782715320586448e+00
5.077359573046365426e+00
5.077806289990743238e+00
5.078018816312155792e+00
5.078590440750122781e+00
5.079459913571675145e+00
5.079694628715515137e+00
5.080190602938333910e+00
5.080738381544747995e+00
5.081622429688771092e+00
5.082038700580596924e+00
5.082434829076131422e+00
5.083540519078571407e+00
5.083809244632721658e+00
5.084141314029693604e+00
5.084787273406981001e+00
5.085580122470855002e+00
5.085811312993367750e+00
5.086350818475086299e+00
5.086867165565490012e+00
5.087630748748779297e+00
5.088473761081694136e+00
5.088638242085774976e+00
5.089690295855202606e+00
5.089897596836088667e+00
5.090252621968588187e+00
5.090849057833352731e+00
5.091611043612161325e+00
5.092092339197794360e+00
5.092542298634846532e+00
5.093671437104543287e+00
5.093852643171945971e+00
5.094490261872611114e+00
5.094683007399240182e+00
5.095485651493071089e+00
5.096137682596843632e+00
5.096454898516338261e+00
5.097415391604105395e+00
5.098038534323375615e+00
5.098369081815082637e+00
5.098758757114410400e+00
5.099554574489594927e+00
5.099800336360932107e+00
5.100232088565824995e+00
5.100814819335937500e+00
5.101433479785917768e+00
5.102075084050497367e+00
5.102627201875051810e+00
5.103590750694273481e+00
5.103753598531088898e+00
5.104108941555022483e+00
5.104818701744079590e+00
5.105741890271506378e+00
5.105984810988108080e+00
5.106591999530792236e+00
5.107929368813831417e+00
5.108029051621755912e+00
5.108699886004128388e+00
5.109606023629506666e+00
5.109990259011585323e+00
5.110247985521951364e+00
5.111485290527344461e+00
5.111902145544686249e+00
5.112295989195505541e+00
5.112797721227011039e+00
5.113553706804911059e+00
5.113814862569174835e+00
5.114545536041259055e+00
5.114801990985871072e+00
5.115313736597695282e+00
5.115830508867897919e+00
5.116495450337726680e+00
5.116916561126707563e+00
5.117418499787650177e+00
5.117974730332694122e+00
5.118552068869274052e+00
5.119124384721121857e+00
5.119724861780802883e+00
5.120262193679810281e+00
5.120870327949525347e+00
5.121526428063710057e+00
5.122010040283203836e+00
5.122820258140563965e+00
5.123195362091063743e+00
5.123557563622792799e+00
5.124136773745217255e+00
5.124772441387175803e+00
5.125416163603464526e+00
5.125879740715028277e+00
5.126384047667183808e+00
5.126863805452980927e+00
5.127519094943998823e+00
5.128176335493723315e+00
5.128715888659158395e+00
5.129165820280711330e+00
5.129820402463277418e+00
5.130218064785005083e+00
5.130861735343934527e+00
5.131819895903269924e+00
5.132054654757180145e+00
5.132638116677600948e+00
5.133587988217673370e+00
5.134028247992198146e+00
5.134246997038523830e+00
5.134803104400635476e+00
5.135221481323242188e+00
5.136188582579293893e+00
5.136376074949900783e+00
5.136890757083893533e+00
5.137475991249083052e+00
5.138011395931243896e+00
5.138836777210237017e+00
5.139107195536293915e+00
5.139707163969674752e+00
5.140242723623909882e+00
5.140830111503600364e+00
5.141523651281993068e+00
5.141961141427358939e+00
5.142515496412912057e+00
5.143034183979033003e+00
5.144057015577953251e+00
5.144157286485036451e+00
5.144665471712748683e+00
5.145367860794067383e+00
5.145775640010832319e+00
5.146732576688130223e+00
5.147040100892386505e+00
5.147505235671996360e+00
5.147978130976358813e+00
5.148563027381896973e+00
5.149619213740031398e+00
5.150004736582438625e+00
5.150240914026895211e+00
5.150789976119995117e+00
5.151317115624745924e+00
5.152187999089559156e+00
5.152746617794036865e+00
5.153219155470530666e+00
5.153775612513225468e+00
5.154208401838939579e+00
5.154989989598593780e+00
5.155419369538623897e+00
5.155866857369741041e+00
5.156558489799500933e+00
5.156896130243936227e+00
5.157441592216493120e+00
5.158164735635121900e+00
5.158585866292316524e+00
5.159139736493429496e+00
5.160110942522685207e+00
5.160441851615907183e+00
5.160820857683816598e+00
5.161312826474507176e+00
5.161862774689993216e+00
5.162752223014830832e+00
5.163122685750327179e+00
5.163556218147277832e+00
5.164114578564962699e+00
5.164640001455943263e+00
5.165492733319599239e+00
5.165831267833709717e+00
5.166352125008902618e+00
5.166860453287760890e+00
5.167552113533020020e+00
5.168210597832999298e+00
5.168674953778584324e+00
5.169307756423950906e+00
5.169787359237670188e+00
5.170669205983479344e+00
5.170885034402211033e+00
5.171308199564617070e+00
5.171918718020119599e+00
5.172476979096732208e+00
5.173539408047993504e+00
5.173709976673126931e+00
5.174302736918132695e+00
5.174668208758035348e+00
5.175308124224343942e+00
5.176166228453318752e+00
5.176408068339029001e+00
5.176972512404123705e+00
5.177418239911396824e+00
5.178224444389343262e+00
5.178780814011890499e+00
5.179220561186472338e+00
5.179656902949016484e+00
5.180316178003945282e+00
5.180903458595274458e+00
5.181378297011058010e+00
5.181851494312287087e+00
5.182420210043588327e+00
5.182968159516651241e+00
5.183524445692697213e+00
5.184074262777965458e+00
5.184766248861947702e+00
5.185567824045815399e+00
5.185815954208372602e+00
5.186405336856843462e+00
5.187093273798623727e+00
5.187436600526172725e+00
5.188180172443388471e+00
5.188583739598591649e+00
5.189447001616159127e+00
5.189638797442118090e+00
5.190284466743470659e+00
5.190757314364116581e+00
5.191296815872192383e+00
5.191911486784615448e+00
5.192428310712177364e+00
5.193386201063791674e+00
5.193615746498107200e+00
5.194189735253651463e+00
5.194788591066995309e+00
5.195430318514507206e+00
5.195805128415425855e+00
5.196311287085215724e+00
5.196892563501993578e+00
5.197411374251046823e+00
5.198219672838845895e+00
5.198517990112303977e+00
5.199130252997079538e+00
5.199817697207134159e+00
5.200190420945485670e+00
5.200761135419210035e+00
5.201522187391915963e+00
5.202003196875253366e+00
5.202602843443553837e+00
5.203019404411314497e+00
5.203638116518657597e+00
5.204081869125367632e+00
5.204631900787354937e+00
5.205517184734343772e+00
5.205792204538980172e+00
5.206494450569152832e+00
5.206856878598532745e+00
5.207473532358804391e+00
5.208004872004192265e+00
5.208551712830860936e+00
5.209412888685861276e+00
5.209846949577332964e+00
5.210366630554197798e+00
5.210819137096404319e+00
5.211312957604725682e+00
5.211892108122508915e+00
5.212447384993236454e+00
5.213375409444171993e+00
5.213740019003548554e+00
5.214157454172770656e+00
5.214684518178305694e+00
5.215227468808492972e+00
5.215794042746225045e+00
5.216300221284232208e+00
5.216885983943939209e+00
5.217558213075001561e+00
5.218008283774057787e+00
5.218870834509530710e+00
5.219146076838175219e+00
5.219885428746540157e+00
5.220445891221363155e+00
5.220818928877513088e+00
5.221524552504220651e+00
5.222154227892556122e+00
5.222479303677875606e+00
5.222970759868623247e+00
5.223531619707742379e+00
5.224098030726114672e+00
5.224891551335652196e+00
5.225581236680348240e+00
5.226268041133881326e+00
5.226503916581471287e+00
5.226955548922219918e+00
5.227428499857584399e+00
5.228035108248391793e+00
5.228581051031749638e+00
5.229629075527192583e+00
5.229977154731749067e+00
5.230280868212382472e+00
5.231003379821778765e+00
5.231370667616527470e+00
5.231886967023214652e+00
5.232476854324339399e+00
5.233530918757121952e+00
5.233713082472483791e+00
5.234343298276264989e+00
5.234828964869180368e+00
5.235295307636260276e+00
5.235959835847218358e+00
5.236543063322702807e+00
5.237451489766439039e+00
5.237549384435016719e+00
5.238100365797677682e+00
5.238643558820090362e+00
5.239174195130665623e+00
5.239720265070598515e+00
5.240202049414317997e+00
5.240903898080190970e+00
5.241484880447387695e+00
5.241909801959991455e+00
5.242489441235861136e+00
5.242970569928488089e+00
5.243767917156219482e+00
5.244205764929454006e+00
5.244697153568267822e+00
5.245555766423542821e+00
5.245818205674488865e+00
5.246376260121664359e+00
5.246869965394338919e+00
5.247415749231972626e+00
5.247969011465709599e+00
5.248644800980887482e+00
5.249494810899097530e+00
5.249744856357573042e+00
5.250709712505340576e+00
5.251015734672545676e+00
5.251539639631907619e+00
5.251926012833912694e+00
5.252511318524678785e+00
5.253507169087729523e+00
5.253803908824920654e+00
5.254113086064656102e+00
5.254651037851967743e+00
5.255225988229117462e+00
5.255786482493082445e+00
5.256294659773509181e+00
5.256855257352192723e+00
5.257448359330496146e+00
5.258023631572722678e+00
5.258828087647756888e+00
5.259124227364857518e+00
5.259659047921498853e+00
5.260188361008960811e+00
5.260746546586354100e+00
5.261440197626750859e+00
5.261897035439808690e+00
5.262411304314930760e+00
5.263079746564230277e+00
5.264084021250408085e+00
5.264173523585000680e+00
5.264667236804960737e+00
5.265560988585153979e+00
5.266090424855551788e+00
5.266967995961508109e+00
5.267385903994242113e+00
5.267688453197479248e+00
5.268229373296101414e+00
5.268708741664887896e+00
5.269472070535023533e+00
5.269948959350585938e+00
5.270285550753275317e+00
5.270772349834441428e+00
5.271507517496743844e+00
5.272119418780008004e+00
5.272712047894795973e+00
5.273166882991791482e+00
5.273594864209492528e+00
5.274152453740438062e+00
5.274848039944966871e+00
5.275485603014626435e+00
5.275827705860137939e+00
5.276315089066823560e+00
5.277377812067665985e+00
5.277998884518940059e+00
5.278104448318480024e+00
5.278827023506163840e+00
5.279147930939991795e+00
5.280199996630351222e+00
5.280371018250782811e+00
5.280864282449087455e+00
5.281433478991189645e+00
5.281926941871642356e+00
5.282862675189971213e+00
5.283124728997549369e+00
5.283654328187306959e+00
5.284081375598908892e+00
5.284823417663574219e+00
5.285456232229869045e+00
5.285888536771139457e+00
5.286554034550984937e+00
5.286974569161731807e+00
5.288097659746807011e+00
5.288201701641082053e+00
5.288761973381042480e+00
5.289154040813446755e+00
5.289637196063996072e+00
5.290193315347035963e+00
5.291020405292510276e+00
5.291337192058563232e+00
5.291974651813507791e+00
5.292416282494862401e+00
5.293376763661701290e+00
5.293639187018076342e+00
5.294078377882637909e+00
5.294630463918050367e+00
5.295193286736807892e+00
5.296141060193381378e+00
5.296509913603465236e+00
5.296893429756163840e+00
5.297420620918273926e+00
5.297988998889923806e+00
5.298901998996733198e+00
5.299298985799154593e+00
5.299699465433757695e+00
5.300288899739584281e+00
5.300761663913725386e+00
5.301680183410645952e+00
5.302205431461334939e+00
5.302823392550148895e+00
5.303374131520588008e+00
5.304012306531269871e+00
5.304128162066142238e+00
5.304753402868907841e+00
5.305434461434682447e+00
5.305761571725209791e+00
5.306859362125397439e+00
5.307056546211242676e+00
5.307416395346322702e+00
5.307971835136413574e+00
5.308584475517271528e+00
5.309377924601236032e+00
5.309638992945352243e+00
5.310211416085561353e+00
5.310772105058035208e+00
5.311482191085815430e+00
5.312172671159107296e+00
5.312550874551138946e+00
5.312983878453572117e+00
5.313534633318582223e+00
5.314188226064047171e+00
5.314792513847351074e+00
5.315211105346680398e+00
5.315924012660978804e+00
5.316300805409749586e+00
5.316871619224549761e+00
5.317433865865073273e+00
5.318102737267810909e+00
5.319086098670958052e+00
5.319220209121702680e+00
5.319661033153533225e+00
5.320649095376332127e+00
5.320856408278146432e+00
5.321344339847563276e+00
5.322294608751931833e+00
5.322717197736103856e+00
5.323054937521614960e+00
5.323852658271789551e+00
5.324200777212777069e+00
5.324670592943828495e+00
5.325404584407806396e+00
5.325800975163776485e+00
5.326316225528717752e+00
5.327052223682404275e+00
5.327427359422049591e+00
5.328004447619118622e+00
5.328750308354695875e+00
5.329161548614500532e+00
5.329640622933705885e+00
5.330483535925548466e+00
5.330833534399669560e+00
5.331739640235902300e+00
5.332091836134591034e+00
5.332441961765290728e+00
5.333431629339852265e+00
5.333814827601113251e+00
5.334197314580283233e+00
5.335162834326425241e+00
5.335753341515857784e+00
5.335862878958383959e+00
5.336577165126801248e+00
5.337029039859771729e+00
5.337533350785573560e+00
5.338181253274282057e+00
5.339100571473441192e+00
5.339927442868550145e+00
5.340404093265533447e+00
5.340749867757160985e+00
5.341463394959767186e+00
5.341740874449410370e+00
5.341970725854238822e+00
5.342478720347084931e+00
5.343129289150237327e+00
5.343706031640369503e+00
5.344564199447631836e+00
5.344662666320800781e+00
5.345345397790271846e+00
5.345749123891195609e+00
5.346316345532734715e+00
5.346876760323841182e+00
5.347776583830516017e+00
5.348032844066619163e+00
5.348529060681659786e+00
5.349447572231291304e+00
5.349979253609976837e+00
5.350200279553732230e+00
5.351076694329581329e+00
5.351401452223459643e+00
5.351884361108144361e+00
5.352682522932688869e+00
5.353286902109783085e+00
5.353548216819763894e+00
5.354203303654987423e+00
5.354895138740538130e+00
5.355778404076893651e+00
5.355963826179504395e+00
5.356630444526672363e+00
5.357432909806568944e+00
5.357664497693381378e+00
5.357982591787973092e+00
5.358523774147034402e+00
5.359141719341277366e+00
5.359707474708557129e+00
5.360742815335591160e+00
5.361215643088023342e+00
5.362219858169556375e+00
5.362659219900766772e+00
5.362902033329010720e+00
5.363812287648517696e+00
5.363936316967009788e+00
5.364513615767162236e+00
5.365374068419139775e+00
5.365453259150186227e+00
5.365832233428953657e+00
5.366357306639354618e+00
5.367050917943320343e+00
5.367567753791810503e+00
5.367998798688251583e+00
5.368619485696157767e+00
5.369089142481485055e+00
5.370163464546202192e+00
5.370364526907604130e+00
5.370759316285450780e+00
5.371298416455587699e+00
5.371903196970620797e+00
5.372413067022957733e+00
5.373475869496662227e+00
5.373693406581878662e+00
5.374290359020232444e+00
5.375052726268769732e+00
5.375350658098856371e+00
5.375886046886442671e+00
5.376617825031281939e+00
5.376994363466899074e+00
5.377420039971671173e+00
5.378229860464731615e+00
5.378775803248085907e+00
5.379085350036621804e+00
5.379773283004759321e+00
5.380204991499581979e+00
5.380833566188812256e+00
5.381403199831645168e+00
5.382038009166716819e+00
5.382483752568564483e+00
5.383501032988231572e+00
5.383858577410379098e+00
5.384379502137502271e+00
5.384696634610495636e+00
5.385575032234193316e+00
5.385914925734201830e+00
5.386333620548249712e+00
5.387418933709462010e+00
5.387665299574532440e+00
5.388034617900849810e+00
5.388591762383779127e+00
5.389416857560476615e+00
5.389833382765452541e+00
5.390327286720275168e+00
5.390904132525125902e+00
5.391572852929432003e+00
5.391972545782724779e+00
5.392492143313088349e+00
5.393534441788990108e+00
5.393760275840758567e+00
5.394135324160256317e+00
5.394833167394001094e+00
5.395683209101360234e+00
5.395799899101255903e+00
5.396362340450288286e+00
5.397401789824169072e+00
5.397577162583669264e+00
5.398083607355754765e+00
5.398751874764759151e+00
5.399606351057688158e+00
5.399716711044312945e+00
5.400293838977813010e+00
5.400824630260466108e+00
5.401692259311676736e+00
5.402152884006500955e+00
5.402556093533835480e+00
5.403729204336801928e+00
5.403860700130461936e+00
5.404281234741212359e+00
5.405476597944893768e+00
5.405818152427674050e+00
5.405934953689573774e+00
5.406477661927542755e+00
5.407749458154043509e+00
5.407914006710051069e+00
5.408297149340310028e+00
5.408768161137899710e+00
5.409526888529459399e+00
5.409702801704405317e+00
5.410472937424977147e+00
5.410899416605630563e+00
5.411441238721213409e+00
5.411984543005626591e+00
5.412549440066019457e+00
5.413570443789165409e+00
5.413819988568622676e+00
5.414310952027637569e+00
5.414757605393727857e+00
5.415722397963204315e+00
5.416177169481912301e+00
5.416517933209735958e+00
5.418066577116647409e+00
5.418339629968006221e+00
5.418738810221352509e+00
5.419582362969716627e+00
5.419736512502034032e+00
5.420219679673511592e+00
5.420822453498839621e+00
5.421478076775869681e+00
5.421867473920187308e+00
5.422423982620237837e+00
5.423442669709523045e+00
5.423751087983450958e+00
5.424492637316387089e+00
5.424728198846182181e+00
5.425679953893027374e+00
5.426112306118010764e+00
5.426467422644297045e+00
5.427494827906290453e+00
5.427759146690370073e+00
5.428193318843842263e+00
5.428584202130636527e+00
5.429552753766376583e+00
5.429798603057861328e+00
5.430194489161173976e+00
5.431464163462319306e+00
5.431775653362272749e+00
5.432020052274069144e+00
5.432619345188140159e+00
5.433523670832315133e+00
5.433881235122679954e+00
5.434303768475849949e+00
5.434690427780150657e+00
5.435473640759784786e+00
5.435775601863859663e+00
5.436316851774851244e+00
5.436919172604877559e+00
5.437540213267009648e+00
5.438246337572731903e+00
5.438779787222543405e+00
5.439498198032378440e+00
5.439672124385833030e+00
5.440338118871054007e+00
5.440885750452675751e+00
5.441684484481811523e+00
5.442146182060241699e+00
5.442439858118692797e+00
5.443448126316070557e+00
5.443774354457854514e+00
5.444271051883696089e+00
5.444839711983998853e+00
5.445794121424356149e+00
5.446000945568084006e+00
5.446616721153258567e+00
5.447673014799754299e+00
5.447873111565908033e+00
5.448242982228595821e+00
5.448535521825153438e+00
5.449427278836569855e+00
5.449689749876657885e+00
5.450752079486846924e+00
5.450972553094228346e+00
5.451622788111368578e+00
5.452468566099803127e+00
5.452556407451631060e+00
5.453069821993508981e+00
5.453552345434825810e+00
5.454131023089090036e+00
5.454639565944670920e+00
5.455333987871807011e+00
5.456039619445800071e+00
5.456577761967977835e+00
5.457005993525186227e+00
5.457447818915049709e+00
5.458010164896645477e+00
5.459027898311614280e+00
5.459452895323433808e+00
5.460394195715586818e+00
5.460620101292928297e+00
5.461636734008788352e+00
5.462213675181072148e+00
5.462712534268696629e+00
5.463062918186189165e+00
5.464094094435374416e+00
5.464459880193075492e+00
5.464672998587289499e+00
5.465262802441916534e+00
5.465818262100221148e+00
5.466953512032826978e+00
5.467447431882224151e+00
5.468105494976043701e+00
5.468374248345693189e+00
5.468629332383475372e+00
5.469482851028441672e+00
5.469999388853707956e+00
5.470415667692819284e+00
5.470904930432638480e+00
5.471434358755747240e+00
5.472165755430857814e+00
5.472751331329344993e+00
5.473215858141582402e+00
5.473782519499462040e+00
5.474259682496388280e+00
5.474772524833678489e+00
5.475379141171774933e+00
5.475973129272460938e+00
5.476657386620839674e+00
5.476867938041685591e+00
5.477459398905434540e+00
5.478032290935516357e+00
5.478532238801321341e+00
5.479280134042102901e+00
5.480142847696939157e+00
5.480417764186860552e+00
5.481011529763538448e+00
5.481503033637999067e+00
5.481980284055072872e+00
5.482771782080330780e+00
5.483161302407584259e+00
5.483715502421059540e+00
5.484304161866507599e+00
5.484892364343007642e+00
5.485634203751882154e+00
5.485811074574787227e+00
5.486411440372467752e+00
5.486973722775775997e+00
5.488339213530220917e+00
5.488577830791474099e+00
5.488670106728871900e+00
5.489120658238729078e+00
5.489757200082141964e+00
5.490236016114554474e+00
5.490927684307099099e+00
5.491418031851448944e+00
5.492133959134420707e+00
5.492502633730570238e+00
5.493619755903878854e+00
5.493810617923735151e+00
5.494436502456665039e+00
5.494993662834168902e+00
5.496085842450458614e+00
5.496221236387889064e+00
5.496436365445454442e+00
5.496858628590903351e+00
5.497421149412790697e+00
5.497979474067687278e+00
5.498875399430591671e+00
5.499277432759601680e+00
5.499935682614644605e+00
5.500362884998320823e+00
5.501360932985942753e+00
5.501619219779968262e+00
5.501879330476125318e+00
5.502439582347868452e+00
5.503027947743735382e+00
5.503537821769715066e+00
5.504340676466622284e+00
5.504644052187600778e+00
5.505504270394641964e+00
5.506037636597952201e+00
5.506831300258635764e+00
5.507095829645791696e+00
5.507553239663440792e+00
5.508081376552581787e+00
5.508826875686644087e+00
5.509622609615327349e+00
5.509777704874675663e+00
5.510193546613056270e+00
5.510802074273428275e+00
5.511330926418303022e+00
5.512245643138886209e+00
5.512420499324797163e+00
5.513083040714263916e+00
5.513652038574218039e+00
5.514093593756356881e+00
5.514755694071450165e+00
5.515233838558195600e+00
5.515870332717895508e+00
5.516309273242949729e+00
5.516899812221527810e+00
5.517551803588865766e+00
5.518063159783682892e+00
5.518541248639426300e+00
5.519151473045347700e+00
5.519643410046896292e+00
5.520293414592742920e+00
5.520768686135610892e+00
5.521741433938345267e+00
5.522043402989705640e+00
5.522583027680713741e+00
5.523045623302458296e+00
5.523529422283171897e+00
5.524118145306903926e+00
5.524826403458913404e+00
5.525645053386689654e+00
5.526147921880085079e+00
5.526308631896974077e+00
5.526959737141925899e+00
5.527451348304747825e+00
5.528045384089150360e+00
5.528526230653127982e+00
5.529434684912363451e+00
5.529728408654531080e+00
5.530269002914430132e+00
5.530817401409148459e+00
5.531327716509501613e+00
5.531880168120064667e+00
5.532435067494709813e+00
5.533503146966300079e+00
5.533695089817047830e+00
5.534176127115884469e+00
5.534675804773964813e+00
5.535207915306092019e+00
5.535759250322978886e+00
5.536315389474232518e+00
5.537444508075715532e+00
5.537619694073995902e+00
5.538055129845936619e+00
5.538600957393647661e+00
5.539163629213970097e+00
5.539671707153321023e+00
5.540444632371265499e+00
5.540828979015351763e+00
5.541382428010305006e+00
5.541953051090239057e+00
5.542487386862436693e+00
5.542977861563365138e+00
5.543573574225106881e+00
5.544171714782713423e+00
5.544786254564922245e+00
5.545440272490182565e+00
5.545923578739166970e+00
5.546333952744802787e+00
5.546969604492186789e+00
5.547481803099312714e+00
5.547977550824484183e+00
5.548527626196541718e+00
5.549392533302306418e+00
5.549773569901784498e+00
5.550354135036467795e+00
5.550952466328940460e+00
5.551457528273264330e+00
5.551892145474752738e+00
5.552502489089967241e+00
5.553541886806488748e+00
5.553683706124623143e+00
5.554206653436025931e+00
5.554654538631439209e+00
5.555196416378020530e+00
5.555783581733702903e+00
5.556658490498861624e+00
5.557383600870767992e+00
5.557612435022988961e+00
5.558248166243235033e+00
5.558748181660970289e+00
5.559430738290149776e+00
5.559677179654439527e+00
5.560193808873496124e+00
5.560747961203258427e+00
5.561461822191873239e+00
5.561933620770773246e+00
5.562656295299529319e+00
5.563025005658467137e+00
5.563591818014781865e+00
5.564104469617209503e+00
5.564639604091645708e+00
5.565408265590669146e+00
5.565758454799652810e+00
5.566491738955178903e+00
5.567010843753813276e+00
5.567424758275350882e+00
5.567972572644553253e+00
5.568533154328665802e+00
5.569366617997488333e+00
5.569933223724365945e+00
5.570796163876853058e+00
5.570977580547332053e+00
5.571547790368398978e+00
5.571964307626089408e+00
5.572489094734191184e+00
5.573558151721954346e+00
5.573635097344716627e+00
5.574174837271371530e+00
5.574833063284554413e+00
5.575634948412577785e+00
5.576116506258646410e+00
5.576409228642781102e+00
5.577611974875132717e+00
5.577688896656034956e+00
5.578086868921914743e+00
5.578576385974884033e+00
5.579218276341755711e+00
5.579830455780030007e+00
5.580270274480184867e+00
5.580855719248454250e+00
5.581541140874225704e+00
5.582095170021055708e+00
5.582748425006865745e+00
5.583194462458290985e+00
5.584245665868124320e+00
5.584430579344431322e+00
5.584867183367411059e+00
5.585230469703674316e+00
5.585799272855123121e+00
5.586840832233427534e+00
5.586988822619119333e+00
5.587484407424927468e+00
5.587980413436888227e+00
5.588532336552937352e+00
5.589415820439658233e+00
5.589739235242209503e+00
5.590358614921569824e+00
5.590913701057434793e+00
5.591414256890615775e+00
5.592094866434731415e+00
5.592453050613404031e+00
5.593006122112274880e+00
5.593605395158132154e+00
5.594090644518534106e+00
5.594847083091735840e+00
5.595592610041300929e+00
5.596019593874611786e+00
5.596413711706798466e+00
5.596876116593680450e+00
5.597659186522164987e+00
5.598117927710216435e+00
5.598632136980693730e+00
5.599241062005361869e+00
5.600040217240650264e+00
5.600492588678996242e+00
5.600780971844990574e+00
5.601350756486258575e+00
5.602021479606626997e+00
5.602763100465139701e+00
5.603030149141947192e+00
5.603571589787801344e+00
5.604090491930644902e+00
5.604652484258014766e+00
5.605532085895539751e+00
5.605766399701437308e+00
5.606359020868936227e+00
5.607062359650928585e+00
5.607558878262839386e+00
5.608134003480277130e+00
5.608704614639282937e+00
5.609263126055399340e+00
5.609748446941374311e+00
5.610817249615987379e+00
5.610894262790679932e+00
5.611567040284473507e+00
5.611900540192923614e+00
5.612444158395131666e+00
5.613431525230407004e+00
5.613571449120840384e+00
5.614391116301217011e+00
5.614978277683256636e+00
5.615416073799131880e+00
5.616050322850544063e+00
5.616350456078848197e+00
5.616996280352275051e+00
5.617504294713338453e+00
5.617981016635894775e+00
5.618806314468383079e+00
5.619096648693084006e+00
5.619702064990995893e+00
5.620487729708354863e+00
5.620816727479297725e+00
5.621483337879180198e+00
5.621864485740662332e+00
5.622520784536998661e+00
5.623072759310403512e+00
5.623549930254618801e+00
5.624312297503152536e+00
5.624787553151449515e+00
5.625487228234607784e+00
5.626104334990184697e+00
5.626718481381733028e+00
5.626899170875550027e+00
5.627444390455881518e+00
5.628097689151765337e+00
5.628531030813853420e+00
5.629535162448881636e+00
5.629824721813200483e+00
5.630247922738394806e+00
5.630953911940256518e+00
5.631316665808359545e+00
5.632089404265084198e+00
5.632433394591014775e+00
5.633195543289183149e+00
5.633697231610614864e+00
5.634099769592285867e+00
5.634908254941304762e+00
5.635291135311128130e+00
5.635961910088855831e+00
5.636333493391671112e+00
5.636889040470123291e+00
5.637574450174966501e+00
5.638022347291311576e+00
5.638628594080607570e+00
5.639282568295797660e+00
5.640122242768605076e+00
5.640416097640990500e+00
5.640757807095845067e+00
5.641365202267966339e+00
5.641873137156167672e+00
5.642749345302583208e+00
5.643157478173574049e+00
5.643554417292275360e+00
5.644222513834634469e+00
5.644649084409078199e+00
5.645594974358875362e+00
5.645907417933145211e+00
5.646343000729878270e+00
5.646873962879180198e+00
5.647447729110716352e+00
5.648116827011108398e+00
5.648611780007680494e+00
5.649226192633310717e+00
5.649709610144295624e+00
5.650220970312755497e+00
5.650815622011819528e+00
5.651304936408998003e+00
5.651911242802938773e+00
5.652461608250934688e+00
5.653465652465818891e+00
5.653677924474081351e+00
5.654166976610820683e+00
5.654684197902678733e+00
5.655205055077871634e+00
5.655753064155579324e+00
5.656336184342702467e+00
5.657436203956603293e+00
5.657578007380166696e+00
5.658110666275025125e+00
5.658800840377807617e+00
5.659198729197182587e+00
5.659661034742992314e+00
5.660217316945395538e+00
5.660881745815277810e+00
5.661511139074960397e+00
5.662250574429830152e+00
5.662677689393362357e+00
5.663121982415518119e+00
5.663804868857067021e+00
5.664375515778861114e+00
5.664769279956818337e+00
5.665452671051024680e+00
5.666175727049509447e+00
5.666560709476470947e+00
5.666885924339293723e+00
5.667423109213512333e+00
5.668085829416909860e+00
5.668552569548289455e+00
5.669629450639089185e+00
5.669677650928498736e+00
5.670658659934996848e+00
5.670805652936298458e+00
5.671456543604531220e+00
5.671883372465767792e+00
5.672418987751008501e+00
5.673625234762827318e+00
5.673921418190001731e+00
5.674306563536326564e+00
5.674664779504141165e+00
5.675263090928396537e+00
5.676016596953072479e+00
5.676787368456523097e+00
5.677518705526988896e+00
5.677685499191284180e+00
5.678581420580545824e+00
5.678839751084645115e+00
5.679308180014292162e+00
5.679658150672914019e+00
5.680251999696096732e+00
5.680795780817668117e+00
5.681497903664908478e+00
5.682079025109608494e+00
5.682673327128092922e+00
5.683162486553193560e+00
5.683777562777201808e+00
5.684302115440367231e+00
5.684826838970185037e+00
5.685421450932821585e+00
5.685793542861937055e+00
5.686320642630260380e+00
5.686937097708383959e+00
5.687571060657500510e+00
5.688039227326711966e+00
5.688572589556375902e+00
5.689433932304382324e+00
5.689766462643941480e+00
5.690684759616850386e+00
5.690865890185037301e+00
5.691467920939128788e+00
5.691914625962574803e+00
5.692504779497781442e+00
5.693506157398225298e+00
5.693690506617226532e+00
5.694240371386211308e+00
5.694814296563468048e+00
5.695206332206726785e+00
5.695813981691994599e+00
5.696436850229897431e+00
5.696913770834605373e+00
5.697578608989715576e+00
5.698178724447885202e+00
5.698624002933502908e+00
5.699170108636220533e+00
5.699722226460774976e+00
5.700211811065674539e+00
5.700803458690643311e+00
5.701405763626098633e+00
5.701953510443370732e+00
5.702490826447803585e+00
5.702978281180062226e+00
5.703538608551024680e+00
5.704099015394845651e+00
5.704696897665659350e+00
5.705385319391886867e+00
5.706114359696705662e+00
5.706588844458263310e+00
5.707438814640045877e+00
5.707540865739186842e+00
5.708019912242889404e+00
5.708824491500855913e+00
5.709886880715689728e+00
5.710182817776999542e+00
5.710347270965577593e+00
5.710840757687886793e+00
5.711384324232735565e+00
5.712027974923451268e+00
5.712555710474649828e+00
5.713442695140837913e+00
5.713903570175169477e+00
5.714243928591411503e+00
5.714712377389272291e+00
5.715373555819194706e+00
5.715833548704782885e+00
5.716515179475148756e+00
5.717087940375009225e+00
5.717552769184113259e+00
5.718293682734170602e+00
5.718579713503519457e+00
5.719272156556446163e+00
5.719777675469718048e+00
5.720271428426105587e+00
5.720840160051981371e+00
5.721323450406391231e+00
5.721935947736103145e+00
5.722431763013204886e+00
5.722986018657685747e+00
5.723765079180399340e+00
5.724225421746570674e+00
5.724850622812905243e+00
5.725350232919058868e+00
5.725824109713236965e+00
5.726471058527629054e+00
5.727160894870756636e+00
5.727566889921824611e+00
5.728044819831847434e+00
5.728546114762625763e+00
5.729094064235688677e+00
5.729646007219951542e+00
5.730198144912719727e+00
5.730796515941619873e+00
5.731501094500224269e+00
5.731866888205210842e+00
5.732437833150228812e+00
5.733037614822386274e+00
5.734089656670889212e+00
5.734286332130430708e+00
5.734714615345001931e+00
5.735222788651785919e+00
5.735854188601177128e+00
5.736564656098682491e+00
5.736918485164643755e+00
5.737437502543130563e+00
5.738018572330474854e+00
5.738681125640869851e+00
5.739093375205992942e+00
5.739826806386311375e+00
5.740247865517932979e+00
5.740870678424833784e+00
5.741339659690858355e+00
5.742239042123159720e+00
5.742886837323506910e+00
5.743073133627571991e+00
5.743779480457305908e+00
5.744334216912587721e+00
5.744829726219176536e+00
5.745378033320108102e+00
5.745995974540711870e+00
5.746383023262023215e+00
5.746916266282401153e+00
5.747476843992867401e+00
5.748010087013245339e+00
5.748754664262136771e+00
5.749145603179933062e+00
5.749987324078876583e+00
5.750327217578888650e+00
5.750845030943551706e+00
5.751678844292957393e+00
5.752181911468504438e+00
5.752666068077086692e+00
5.753080654144287820e+00
5.753596345583599003e+00
5.754149393240609811e+00
5.754697144031524658e+00
5.755332056681314867e+00
5.755786975224811641e+00
5.756365803877510956e+00
5.756874318917592603e+00
5.757843140761057299e+00
5.758011873563130933e+00
5.758674256006877101e+00
5.759167742729186301e+00
5.759738759199777292e+00
5.760246872901916504e+00
5.760859394073484907e+00
5.761370189984639012e+00
5.761901124318441703e+00
5.762457458178200653e+00
5.763000023365020041e+00
5.763573880990346510e+00
5.764099077383676217e+00
5.764717769622802024e+00
5.765282487869264116e+00
5.765882337093351850e+00
5.766369855403901568e+00
5.766882117589315015e+00
5.767421547571817797e+00
5.768111093839010550e+00
5.768571345011391571e+00
5.769110512733458762e+00
5.769644518693286983e+00
5.770209093888599483e+00
5.770857775211332807e+00
5.771336392561593698e+00
5.771936313311258004e+00
5.772425814469656302e+00
5.772980010509492388e+00
5.773894437154133641e+00
5.774162518978119607e+00
5.774656871954601201e+00
5.775250804424285178e+00
5.775787961483000998e+00
5.776323461532591352e+00
5.776867274443308276e+00
5.777564513683319802e+00
5.778059105078380497e+00
5.778544127941131592e+00
5.779174383481343824e+00
5.779696234067280614e+00
5.780254713694255031e+00
5.780840098857879639e+00
5.781323488553365308e+00
5.782075603802997676e+00
5.782465410232543235e+00
5.782985774676003388e+00
5.783558861414590524e+00
5.784242014090221318e+00
5.784712660312653298e+00
5.785448026657103782e+00
5.785777338345845067e+00
5.786319192250569898e+00
5.787248440583546483e+00
5.787479805946350808e+00
5.788172988096871308e+00
5.788839670022330353e+00
5.789435784022014531e+00
5.789718941847482370e+00
5.790354422728221095e+00
5.790787617365520390e+00
5.791562445958454930e+00
5.791972541809080610e+00
5.792444252967833052e+00
5.793443906307221170e+00
5.793650837739310333e+00
5.794423766930897557e+00
5.794977235794068093e+00
5.795497866471610138e+00
5.795770490169523725e+00
5.796471540133158129e+00
5.796909983952840406e+00
5.797717682520548976e+00
5.798006113370259840e+00
5.798545567194619110e+00
5.799106864134468964e+00
5.799643806616465724e+00
5.800212275981902366e+00
5.800891768932341819e+00
5.801510524749755149e+00
5.801884571711223515e+00
5.802489201227825077e+00
5.803169198830921971e+00
5.803570373853048636e+00
5.804125146071115182e+00
5.804701721668244829e+00
5.805462519327800663e+00
5.805798351764678955e+00
5.806312032540638768e+00
5.807070354620616826e+00
5.807617978254953073e+00
5.807983529567717795e+00
5.808536998430888332e+00
5.809463890393576690e+00
5.809905469417572021e+00
5.810286700725555420e+00
5.810765945911406050e+00
5.811617827415467730e+00
5.812174705664315155e+00
5.812522244453429465e+00
5.813376609484354418e+00
5.813870020707447850e+00
5.814503312110900879e+00
5.814726316928862104e+00
5.815321060021720001e+00
5.815761542320252886e+00
5.816320228576660867e+00
5.817400463422139012e+00
5.817563573519390019e+00
5.818242883682252398e+00
5.818715870380401611e+00
5.819498968124388938e+00
5.820119980971018236e+00
5.820415965716044582e+00
5.821390922864278394e+00
5.821695077419281716e+00
5.821928286552427778e+00
5.822634764512379490e+00
5.822978095213571237e+00
5.823536400000254076e+00
5.824221762021384308e+00
5.824821746349336138e+00
5.825619244575499067e+00
5.826071500778198242e+00
5.826388657093048096e+00
5.826918160915376177e+00
5.827494684855142992e+00
5.827997223536172555e+00
5.828602798779805028e+00
5.829392294089000615e+00
5.829690452416738111e+00
5.830301086107890995e+00
5.830821494261424931e+00
5.831431714693703583e+00
5.832025599479674582e+00
5.832475117842356838e+00
5.833397181828818390e+00
5.833557208379108516e+00
5.834110844135285134e+00
5.834646320343018999e+00
5.835382441679637822e+00
5.835961019992829790e+00
5.836358789602915209e+00
5.836879718303681130e+00
5.837556747595467499e+00
5.838181789716085035e+00
5.838635794321696437e+00
5.839177453517912397e+00
5.839767022927603080e+00
5.840413502852122463e+00
5.841367264588672725e+00
5.841521199544271070e+00
5.842098168532054103e+00
5.842570952574412502e+00
5.843025223414102243e+00
5.843725597858430376e+00
5.844256854057313433e+00
5.844679284095764871e+00
5.845569789409637451e+00
5.846166312694549561e+00
5.846362602710723166e+00
5.847022954622904223e+00
5.847522894541423710e+00
5.848060532410940482e+00
5.848631397883096383e+00
5.849422923723857082e+00
5.849660499890646292e+00
5.850202031930287205e+00
5.850783467292785645e+00
5.851312438646953495e+00
5.851966754595437692e+00
5.852506148815155740e+00
5.853016638755796919e+00
5.853549905618031346e+00
5.854243485132851532e+00
5.854816408952078888e+00
5.855254248778024362e+00
5.855846305688221065e+00
5.856452361742654489e+00
5.857026835282642452e+00
5.857433036963143991e+00
5.858006254831948922e+00
5.858537284533181122e+00
5.859285251299539254e+00
5.859762120246887918e+00
5.860230910778046365e+00
5.861028730869293213e+00
5.861389180024463741e+00
5.861874647935231053e+00
5.862520440419515921e+00
5.863026738166809082e+00
5.863668247063955619e+00
5.864100944995879416e+00
5.864649383227028778e+00
5.865218285719553393e+00
5.865805689493814867e+00
5.866474409898120967e+00
5.866934967041014914e+00
5.867439019680023904e+00
5.868103651205696991e+00
5.868547264734903735e+00
5.869109714031218061e+00
5.869915938377381792e+00
5.870235558350881178e+00
5.870765753587086522e+00
5.871313770612079708e+00
5.871869913736979640e+00
5.872495281696320291e+00
5.873022123177847220e+00
5.873534468809761933e+00
5.874107499917347042e+00
5.874685108661651611e+00
5.875280245145162894e+00
5.875757487614951202e+00
5.876417839527128706e+00
5.876999771595002642e+00
5.877922117710113525e+00
5.878219862778980342e+00
5.878653287887573242e+00
5.879211099942526886e+00
5.879656585057578155e+00
5.880205249786378374e+00
5.880832207202910666e+00
5.881438748041787790e+00
5.881973866621653002e+00
5.882608238855997485e+00
5.883192217350007525e+00
5.883559223016103346e+00
5.884090423583984375e+00
5.884684288501738081e+00
5.885209389527638280e+00
5.885842541853588017e+00
5.886321469148001029e+00
5.886886302630106371e+00
5.887472029527028639e+00
5.887981983025870392e+00
5.888681972026823530e+00
5.889259449640910304e+00
5.889705097675324907e+00
5.890315103530884500e+00
5.890804727872211544e+00
5.891396749019623513e+00
5.891890287399291992e+00
5.892433834075927024e+00
5.892986098925273808e+00
5.893960881233216043e+00
5.894330020745595533e+00
5.894930561383564083e+00
5.895246179898581573e+00
5.895760718981424731e+00
5.896509011586505977e+00
5.897094043095908233e+00
5.897467072804769117e+00
5.898093986511231179e+00
5.898635844389598759e+00
5.899173120657604130e+00
5.899650104840596043e+00
5.900225182374317257e+00
5.900912642478942871e+00
5.901977630456290314e+00
5.902252658208212210e+00
5.902598440647125244e+00
5.903162650267283595e+00
5.903764879703523150e+00
5.904163436094918893e+00
5.904680752754210005e+00
5.905320898691812204e+00
5.906281316280363569e+00
5.906378118197121552e+00
5.906960606575012207e+00
5.907425026098888310e+00
5.908103911081948212e+00
5.908542040983835619e+00
5.909252274036408181e+00
5.910010492801667681e+00
5.910510404904684378e+00
5.910902118682862749e+00
5.911351799964904785e+00
5.911994127432503632e+00
5.912433242797852984e+00
5.913164424896240945e+00
5.913568484783173318e+00
5.914232957363129373e+00
5.914929501215617336e+00
5.915272875626882865e+00
5.915899733702342900e+00
5.916316326459249098e+00
5.916872537136079302e+00
5.917835120360056322e+00
5.917991387844086404e+00
5.918553729852039424e+00
5.919307768344879150e+00
5.919651734828949685e+00
5.920361924171448464e+00
5.920782820383706735e+00
5.921499772866567923e+00
5.922047686576842551e+00
5.922633008162179635e+00
5.922999457518258737e+00
5.923699323336283129e+00
5.924181624253591849e+00
5.925416143735251495e+00
5.925749631722769806e+00
5.926039437452953251e+00
5.926501564184825099e+00
5.926959780851998261e+00
5.927493254343669804e+00
5.928263954321543849e+00
5.928554010391234641e+00
5.929388670126595429e+00
5.929855306943256466e+00
5.930396870772042917e+00
5.931034560998281080e+00
5.931334777673086478e+00
5.931909791628520168e+00
5.932427994410197414e+00
5.933451267083487579e+00
5.933690814177193573e+00
5.934096876780191820e+00
5.934653258323670855e+00
5.935215683778128692e+00
5.935797023773194070e+00
5.936560173829395382e+00
5.937346235911050485e+00
5.937599535783132154e+00
5.937986147403716330e+00
5.938588825861611298e+00
5.939113525549569061e+00
5.939763510227201948e+00
5.940259460608164233e+00
5.940867789586384617e+00
5.941437005996704102e+00
5.941907147566478642e+00
5.942544504006704642e+00
5.943031994501748017e+00
5.943535904089610966e+00
5.944102652867634617e+00
5.944752987225850660e+00
5.945429670810700173e+00
5.945920419692992454e+00
5.946511026223500807e+00
5.946875560283661599e+00
5.947563791275022993e+00
5.948012987772624882e+00
5.948626665274300507e+00
5.949552456537883671e+00
5.949896228313445334e+00
5.950206800301870658e+00
5.950986448923746508e+00
5.951458748181661207e+00
5.952150380611421099e+00
5.952546326319374970e+00
5.953542315959928999e+00
5.953994985421498853e+00
5.954171240329742432e+00
5.954713209470114066e+00
5.955577675501505297e+00
5.955907495816550323e+00
5.956379199028013716e+00
5.956883947054546269e+00
5.957613734404244354e+00
5.958083399136860692e+00
5.958585874239602731e+00
5.959091567993162641e+00
5.959818903605142992e+00
5.960318899154664507e+00
5.960796463489533181e+00
5.961430251598358154e+00
5.961950163046520146e+00
5.962589609622956033e+00
5.963038579622903512e+00
5.963696340719859990e+00
5.964131045341492410e+00
5.964662826061250200e+00
5.965462744235992432e+00
5.965780949592591753e+00
5.966441492239635380e+00
5.967016613483430376e+00
5.967454059918722464e+00
5.967998437086741603e+00
5.968577392896015965e+00
5.969442021846770530e+00
5.969706122080484789e+00
5.970377020041148342e+00
5.970818503697714164e+00
5.971323088804879831e+00
5.971887461344401515e+00
5.972497506936392142e+00
5.973376790682475956e+00
5.973702458540596893e+00
5.974162228902180516e+00
5.974818205833436480e+00
5.975247295697531769e+00
5.975770489374795602e+00
5.976345137755075143e+00
5.977411989370981615e+00
5.977545475959779253e+00
5.978109685579934052e+00
5.978647200266518524e+00
5.979104002316791622e+00
5.979910647869111529e+00
5.980241461594900443e+00
5.981347950299582550e+00
5.981490973631540697e+00
5.982011858622232836e+00
5.982606474558512133e+00
5.983484554290772195e+00
5.983643066883086448e+00
5.984285644690196193e+00
5.984672057628632302e+00
5.985618023077645233e+00
5.986015725135803933e+00
5.986509486039480521e+00
5.987607538700103760e+00
5.987831008434294944e+00
5.988046622276307573e+00
5.988798999786375532e+00
5.989598325888316310e+00
5.989798001448313869e+00
5.990276928742726881e+00
5.990759384632109885e+00
5.991518119970958622e+00
5.992163721720377367e+00
5.992494829495747410e+00
5.993753027915953879e+00
5.994180989265441184e+00
5.994253472487130807e+00
5.994811328252158233e+00
5.995541067918143341e+00
5.995884601275125902e+00
5.996496669451396144e+00
5.996882971127828199e+00
5.997547121842703888e+00
5.998048615455626731e+00
5.998655287424721649e+00
5.999521676699320238e+00
5.999848496913909202e+00
6.000298678874969482e+00
6.000818351904552372e+00
6.001459292570750392e+00
6.002077802022299124e+00
6.002444688479105395e+00
6.003722087542215036e+00
6.003898449738819920e+00
6.004185815652210323e+00
6.005527412891389361e+00
6.005683640638988408e+00
6.006239982446036407e+00
6.006437551975249534e+00
6.007408527533211640e+00
6.007543512185414158e+00
6.007984403769174975e+00
6.008671251932778290e+00
6.009612886110939911e+00
6.009950371583304474e+00
6.010265012582141964e+00
6.011421275138854270e+00
6.011727503935496486e+00
6.012075555324553733e+00
6.012552364667257621e+00
6.013506158192953421e+00
6.013739426930744258e+00
6.014202372233071969e+00
6.014819133281708474e+00
6.015552262465160283e+00
6.016029874483745488e+00
6.016355756918589037e+00
6.016924953460694780e+00
6.017494177818299761e+00
6.018064800898233813e+00
6.018710605303446926e+00
6.019443241755165985e+00
6.019912612438201194e+00
6.020329209168753692e+00
6.020796453952790728e+00
6.021526296933490841e+00
6.022008311748503928e+00
6.022510472933451098e+00
6.023425773779550241e+00
6.023767924308778277e+00
6.024236571788787131e+00
6.024885380268095503e+00
6.025543793042501761e+00
6.025940076510110543e+00
6.026604088147482940e+00
6.027481067180634255e+00
6.027689282099405688e+00
6.028108080228168575e+00
6.028833357493081024e+00
6.029511952400206098e+00
6.029910357793173858e+00
6.030264302094778373e+00
6.031511497497557883e+00
6.031819307804106245e+00
6.032058076063790963e+00
6.033664453029633279e+00
6.034087240695953369e+00
6.034204423427581787e+00
6.035397831598917406e+00
6.035767571131387399e+00
6.035931607087452022e+00
6.036362497011818817e+00
6.036879070599873387e+00
6.037613928318023682e+00
6.038150282700858185e+00
6.038658344745634565e+00
6.039509777228037279e+00
6.039889268080393947e+00
6.040219370524088305e+00
6.040836811065673828e+00
6.041609895229338889e+00
6.041886691252390307e+00
6.042514161268869088e+00
6.043494085470836552e+00
6.043702669938404881e+00
6.044160183270772535e+00
6.044805475076039158e+00
6.045597565174102073e+00
6.045832522710163914e+00
6.046720139185588039e+00
6.047624119122822606e+00
6.048017919063568115e+00
6.048122457663218654e+00
6.048732014497122833e+00
6.049749159812925825e+00
6.050197823842367484e+00
6.050374186038972368e+00
6.050832327206929762e+00
6.051317687829335767e+00
6.051884082953133515e+00
6.052703162034351436e+00
6.053598574797312892e+00
6.053776621818542480e+00
6.054292694727578805e+00
6.054703128337859397e+00
6.055417545636494481e+00
6.056405107180278691e+00
6.056684319178263110e+00
6.057059057553608739e+00
6.057530188560484419e+00
6.058050966262818804e+00
6.058744557698567235e+00
6.059115715821583592e+00
6.059656747182209813e+00
6.060215175151824951e+00
6.060898518562318316e+00
6.061759134133655635e+00
6.061983740329743853e+00
6.062583390871683520e+00
6.063067320982614916e+00
6.064077715078990849e+00
6.064148847262064379e+00
6.064748469988504809e+00
6.065233647823333740e+00
6.065765078862508375e+00
6.066779975096384447e+00
6.067008757591246138e+00
6.067512969175975712e+00
6.068077981472015381e+00
6.068633929888406442e+00
6.069561258951821969e+00
6.069831812381742964e+00
6.070336918036144169e+00
6.070776259899140825e+00
6.071403547128042533e+00
6.072200858592985639e+00
6.072508994738260668e+00
6.073121209939319698e+00
6.073643445968627930e+00
6.074121125539143407e+00
6.074839754899343802e+00
6.075210158030191820e+00
6.075783391793567745e+00
6.076331492265065748e+00
6.077364559968312818e+00
6.077585383256277396e+00
6.078000374635060155e+00
6.078735701243083156e+00
6.079310417175292969e+00
6.080271009604135912e+00
6.080466401576995139e+00
6.080868172645569558e+00
6.081482462088267482e+00
6.081893622875213623e+00
6.082769060134886274e+00
6.083283249537149828e+00
6.083724864323933446e+00
6.084290969371796365e+00
6.084760022163390403e+00
6.085509375731149362e+00
6.085845681031546661e+00
6.086484348773957720e+00
6.086912190914155474e+00
6.087566328048705344e+00
6.088347450892129586e+00
6.088637073834735958e+00
6.089218743642170750e+00
6.089718075593314239e+00
6.090210052331290314e+00
6.090782566865286185e+00
6.091415532430012547e+00
6.091951557000477635e+00
6.092479042212168849e+00
6.093476490179696725e+00
6.093770237763724396e+00
6.094201592604317597e+00
6.094813986619314505e+00
6.095280611515043745e+00
6.096186939875284594e+00
6.096355700492857466e+00
6.097459371884664137e+00
6.097589266300200705e+00
6.098866260051728716e+00
6.099145396550497367e+00
6.099414424101510690e+00
6.099826367696127960e+00
6.100533350308737113e+00
6.100834619998931174e+00
6.101501258214316437e+00
6.101878607273100386e+00
6.102482330799102073e+00
6.103059466679891187e+00
6.103547509511312086e+00
6.104146842161814135e+00
6.104745066165925493e+00
6.105221645037332223e+00
6.105767738819121604e+00
6.106778196493785060e+00
6.106951244672139012e+00
6.107434956232705048e+00
6.108084901173910453e+00
6.108695419629416534e+00
6.109537041187287798e+00
6.109737956523893843e+00
6.110355687141417746e+00
6.110876238346101275e+00
6.111325840155284794e+00
6.112115693092345481e+00
6.112552873293559230e+00
6.113060800234475067e+00
6.113801912466684030e+00
6.114188325405120139e+00
6.115017950534820557e+00
6.115332762400310429e+00
6.115819370746613970e+00
6.116422514120738896e+00
6.116954926649729174e+00
6.117462265491486306e+00
6.118034251530964696e+00
6.118634029229482962e+00
6.119106694062551810e+00
6.119698294003804051e+00
6.120233881473541970e+00
6.120991055170694750e+00
6.121335434913635964e+00
6.121875353654225194e+00
6.122433757781983843e+00
6.123182841142018162e+00
6.123689047495524562e+00
6.124108703931174347e+00
6.124692106246946821e+00
6.125335232416787790e+00
6.125782640775046417e+00
6.126318983236949123e+00
6.127085634072621190e+00
6.127475412686667511e+00
6.127983462810515647e+00
6.128681369622547948e+00
6.129443947474161547e+00
6.129733435312907375e+00
6.130214675267538382e+00
6.130952107906342263e+00
6.131396436691282759e+00
6.131898550192513397e+00
6.132520941893258026e+00
6.133436369895935769e+00
6.133785883585613163e+00
6.134222865104675293e+00
6.134656643867494097e+00
6.135215175151824241e+00
6.135776952902475045e+00
6.136318616072337306e+00
6.136879730224610086e+00
6.137483370304106955e+00
6.138085738817849801e+00
6.138616494337718166e+00
6.139098397890727199e+00
6.139781260490416059e+00
6.140231327215829538e+00
6.140812400976816576e+00
6.141443455219267378e+00
6.141885042190551758e+00
6.142433015505471161e+00
6.143022771676381666e+00
6.143693502744039137e+00
6.144095460573833378e+00
6.144655954837798362e+00
6.145653800169625924e+00
6.146162192026775273e+00
6.146549697717031080e+00
6.147066497802732954e+00
6.147470609347024606e+00
6.148151608308157989e+00
6.148595452308654785e+00
6.149470357100167206e+00
6.149790676434836456e+00
6.150524342060087690e+00
6.150930746396383597e+00
6.151476271947224461e+00
6.152086933453876583e+00
6.152433145046234841e+00
6.153517858187356637e+00
6.153801798820495605e+00
6.154532734553018969e+00
6.154886925220488081e+00
6.155323795477549709e+00
6.155765966574350045e+00
6.156349281469982060e+00
6.157425240675607370e+00
6.157648070653280570e+00
6.157992982864378462e+00
6.158607459068299761e+00
6.159369293848673266e+00
6.159759684403738333e+00
6.160242736339569092e+00
6.161433915297191533e+00
6.161691141128539329e+00
6.162098968029020796e+00
6.162492752075195312e+00
6.163103346029917162e+00
6.163592724005379608e+00
6.164123773574829102e+00
6.164728283882141113e+00
6.165382122993470659e+00
6.166386516888938019e+00
6.166763949394226785e+00
6.167138445377350564e+00
6.167603468894959917e+00
6.168163657188415527e+00
6.168874748547871434e+00
6.169731275240579293e+00
6.170267633597056545e+00
6.170604976018271515e+00
6.170938611030578613e+00
6.171323784192402684e+00
6.171950884660084569e+00
6.172527694702147016e+00
6.173379647731781716e+00
6.173552759488423192e+00
6.174110964934030221e+00
6.174711012840269575e+00
6.175340322653450897e+00
6.175804575284320919e+00
6.176375663280488482e+00
6.176890031496682809e+00
6.177448713779448042e+00
6.177992363770801632e+00
6.178544259071351519e+00
6.179108909765879787e+00
6.179663161436717900e+00
6.180381691455842486e+00
6.180823059876761505e+00
6.181427447001137665e+00
6.181885814666749468e+00
6.182514874140419892e+00
6.183039983113605587e+00
6.183546229203543021e+00
6.184117690722146676e+00
6.184683684508005541e+00
6.185214889049529319e+00
6.185764761765799591e+00
6.186318409442900901e+00
6.187065394719443390e+00
6.187602217992147047e+00
6.188227188587188010e+00
6.188895865281423880e+00
6.189513572057087742e+00
6.189802245299020456e+00
6.190233357747395360e+00
6.190816493829093048e+00
6.191470885276793013e+00
6.192160586516063603e+00
6.192572923501334259e+00
6.193342280387877707e+00
6.193706258138021781e+00
6.194833179314930049e+00
6.195031130313871870e+00
6.195362253983816458e+00
6.195776931444804347e+00
6.196322687466938817e+00
6.197458151976267260e+00
6.197614769140880497e+00
6.198100213209787768e+00
6.198804330825804954e+00
6.199108239014943678e+00
6.200034646193184784e+00
6.200354186693825653e+00
6.200830960273741255e+00
6.201383038361868216e+00
6.201882199446359323e+00
6.202741765975950727e+00
6.203171348571778765e+00
6.203682847817738377e+00
6.204206391175588919e+00
6.204683152834572724e+00
6.205401782194773119e+00
6.206184792518616433e+00
6.206341620286305982e+00
6.206878618399301217e+00
6.207476512591043161e+00
6.208301488558451098e+00
6.208585401376087276e+00
6.209165859222412820e+00
6.209653317928314209e+00
6.210236740112303977e+00
6.210861305395763310e+00
6.211410081386567583e+00
6.211994914213814667e+00
6.212436719735464408e+00
6.213680422306062212e+00
6.213880467414856668e+00
6.214391251405078975e+00
6.214707609017690260e+00
6.215268075466156006e+00
6.216169881820679421e+00
6.216711755593617994e+00
6.216951501369475608e+00
6.217633672555287205e+00
6.218194099267325470e+00
6.218893663088479684e+00
6.219206396738687914e+00
6.219988640149434644e+00
6.220449125766755571e+00
6.220910346508027544e+00
6.221757177511850756e+00
6.222088881333668553e+00
6.222496934731800877e+00
6.223077360788980883e+00
6.224019976456961700e+00
6.224292743206024880e+00
6.224686479568482866e+00
6.225305573145547555e+00
6.225782100359598559e+00
6.226805027325948316e+00
6.226973839600880467e+00
6.227502727508543501e+00
6.227990420659384796e+00
6.228760894139607984e+00
6.229517483711241255e+00
6.229853181044259003e+00
6.230338247617087433e+00
6.231077837944031472e+00
6.231388330459594727e+00
6.232136158148446015e+00
6.232666730880737305e+00
6.233034352461498173e+00
6.233556791146597220e+00
6.234102610747019213e+00
6.234800585110981785e+00
6.235219570000968048e+00
6.235769251982372197e+00
6.236327437559761933e+00
6.236885913213093602e+00
6.237483859062194824e+00
6.238217067718505149e+00
6.238709906737010868e+00
6.239158046245574241e+00
6.240095802148182713e+00
6.240421791871387569e+00
6.240916891892752005e+00
6.241473249594370998e+00
6.241964968045554230e+00
6.242784444491068285e+00
6.243079598744710523e+00
6.243795835971830854e+00
6.244148290157319536e+00
6.244712595144907397e+00
6.245491377512614406e+00
6.245898155371346405e+00
6.246616733074187522e+00
6.247075009346009011e+00
6.247468074162799923e+00
6.248048289616903617e+00
6.248550156752269658e+00
6.249370880921681248e+00
6.249685649077097338e+00
6.250268801053366019e+00
6.250839662551879172e+00
6.251497813065846287e+00
6.251906200249990775e+00
6.252557019392650517e+00
6.253000235557557573e+00
6.253589944044747995e+00
6.254266703128813276e+00
6.254830884933472390e+00
6.255276926358540379e+00
6.255944804350534127e+00
6.256562117735544604e+00
6.257089622815449559e+00
6.257864288489024318e+00
6.258154265085856593e+00
6.258572777112323848e+00
6.259104669094085693e+00
6.259655940532685037e+00
6.260216136773426143e+00
6.260770459969837276e+00
6.261428515116374882e+00
6.262108246485393437e+00
6.262628634770710079e+00
6.263556106885275199e+00
6.263812259833017038e+00
6.264495642979941437e+00
6.264778844515483058e+00
6.265678624312084111e+00
6.266054987907409668e+00
6.266399916013082105e+00
6.266897169748940399e+00
6.267499192555746390e+00
6.268090967337290209e+00
6.268616151809691672e+00
6.269417810440064187e+00
6.269713838895160762e+00
6.270467801888784720e+00
6.270817927519480861e+00
6.271334445476533404e+00
6.272038936614990234e+00
6.272697031497955322e+00
6.273552978038786421e+00
6.273705375194548850e+00
6.274284704526266410e+00
6.274688808123269013e+00
6.275326172510784062e+00
6.275977977116902196e+00
6.276374387741089578e+00
6.277438243230182735e+00
6.277669803301492379e+00
6.278284184137980617e+00
6.278617759545642940e+00
6.279228385289510328e+00
6.279944888750712551e+00
6.280419747034709843e+00
6.280803199609120924e+00
6.281495618820191140e+00
6.281935163338978612e+00
6.282502992947897269e+00
6.283109176158905740e+00
6.283730240662894317e+00
6.284104931354523416e+00
6.284698601563771803e+00
6.285446508725485160e+00
6.285958790779112348e+00
6.286592451731362274e+00
6.286961833635967167e+00
6.287556982040406695e+00
6.288152794043224247e+00
6.288597814242045558e+00
6.289529339472451852e+00
6.289839875698088889e+00
6.290470067660013598e+00
6.290769477685291378e+00
6.291352574030558031e+00
6.291952474912008597e+00
6.292577131589254691e+00
6.293470299243928423e+00
6.293762814998625998e+00
6.294132308165231393e+00
6.294759110609689401e+00
6.295228707790375466e+00
6.295831505457559985e+00
6.296356383959452074e+00
6.296888005733489280e+00
6.297560799121857400e+00
6.298004055023191938e+00
6.298548173904418235e+00
6.299299772580464918e+00
6.299752322832741669e+00
6.300379614035289677e+00
6.301429152488708496e+00
6.301529391606649710e+00
6.302039599418641558e+00
6.302829249699911429e+00
6.303053911526998121e+00
6.303819108009339089e+00
6.304169563452401093e+00
6.304664667447408277e+00
6.305485665798187256e+00
6.305883085727693071e+00
6.306345605850218305e+00
6.306881078084309422e+00
6.307553990681967093e+00
6.308005324999491847e+00
6.308583327134449803e+00
6.309389515717825248e+00
6.309764568010965746e+00
6.310220984617867401e+00
6.310941525300343358e+00
6.311322625478108961e+00
6.311939247449238621e+00
6.312447647253673466e+00
6.313369977474213357e+00
6.313739359378814697e+00
6.314103531837464089e+00
6.314760069052379521e+00
6.315253877639769087e+00
6.315899554888407152e+00
6.316366374492645264e+00
6.316906853516897513e+00
6.317693229516347486e+00
6.318033015727998247e+00
6.318741710980734894e+00
6.319301283359529009e+00
6.319759972890217625e+00
6.320367042223612231e+00
6.320956802368165484e+00
6.321353773276012333e+00
6.321935005982716405e+00
6.322633210817972582e+00
6.323226539293923310e+00
6.323718424638112623e+00
6.324152334531149222e+00
6.324668018023171356e+00
6.325351667404174094e+00
6.326012059052786185e+00
6.326374216874441458e+00
6.327013874053953657e+00
6.327503414948782989e+00
6.328101348876952414e+00
6.328798246383666282e+00
6.329100966453552246e+00
6.329684615135192871e+00
6.330223977565765381e+00
6.330874288082121382e+00
6.331373985608419019e+00
6.331951403617857466e+00
6.332434451580049029e+00
6.333057479063668893e+00
6.333997213840483198e+00
6.334213662147522683e+00
6.334665779272715014e+00
6.335232480367025687e+00
6.335834737618764478e+00
6.336413288116453657e+00
6.336890522638956469e+00
6.337492835521697288e+00
6.338098518053691066e+00
6.338573896884916792e+00
6.339228252569835576e+00
6.339659392833709717e+00
6.340221659342446969e+00
6.340777913729350956e+00
6.341823979218801810e+00
6.342048621177674761e+00
6.342625737190246582e+00
6.343242621421815386e+00
6.343684065341950173e+00
6.344215452671051025e+00
6.344690227508543501e+00
6.345498514175414329e+00
6.345906869570413278e+00
6.346415944894154393e+00
6.347150540351869097e+00
6.347827796141306322e+00
6.348152542114256391e+00
6.348641224702198826e+00
6.349865019321441650e+00
6.350100656350452510e+00
6.350431887308754852e+00
6.350944364070890913e+00
6.351614697774252249e+00
6.351969079176583932e+00
6.352512935797374638e+00
6.353114827473959281e+00
6.353577633698780147e+00
6.354162589708963083e+00
6.354694076379139744e+00
6.355329445997874416e+00
6.355777164300281612e+00
6.356458314259846532e+00
6.356885623931884055e+00
6.357989803949990915e+00
6.358530950546263938e+00
6.358768876393636305e+00
6.359233450889586692e+00
6.359952104091643577e+00
6.360364703337349823e+00
6.360847938060761209e+00
6.361437404155729780e+00
6.361900031566619873e+00
6.362694088617960375e+00
6.363139470418293087e+00
6.363606019814810111e+00
6.364112714926402958e+00
6.364751827716826682e+00
6.365278927485146454e+00
6.366116825739542406e+00
6.366485333442689409e+00
6.366891396045684104e+00
6.367526841163634543e+00
6.368112325668334961e+00
6.368606472015379438e+00
6.369159924983978982e+00
6.369720979531606986e+00
6.370268611113228729e+00
6.370849414666494681e+00
6.371326772371926239e+00
6.371964089075724758e+00
6.372435057163237104e+00
6.373057973384856467e+00
6.373888556162516039e+00
6.374198202292124193e+00
6.374768006801605935e+00
6.375237230459848803e+00
6.375920120875040453e+00
6.376324466864268459e+00
6.376906597614286909e+00
6.377451483408609789e+00
6.378080689907072554e+00
6.378685172398885328e+00
6.379105695088703953e+00
6.379757885138193529e+00
6.380289431413014967e+00
6.380772419770558201e+00
6.381338878472647025e+00
6.382174527645112505e+00
6.382479763031007280e+00
6.383040992418923310e+00
6.383620186646780326e+00
6.384122105439505646e+00
6.384741671880085789e+00
6.385422039031983132e+00
6.385884439945222368e+00
6.386363820234933542e+00
6.387049456437427608e+00
6.387476344903308956e+00
6.388117579619088104e+00
6.388567570845285815e+00
6.389402953783669403e+00
6.389692608515421313e+00
6.390288448333741655e+00
6.390780210494995117e+00
6.391349864006041770e+00
6.392034685611726275e+00
6.392442973454794952e+00
6.393465312321982452e+00
6.393727962176004809e+00
6.394225958983103197e+00
6.394663592179615108e+00
6.395257071654000924e+00
6.395769691467286577e+00
6.396375699838003470e+00
6.397475639979045781e+00
6.397598727544149710e+00
6.398013548056283639e+00
6.398821643988291896e+00
6.399465441703796387e+00
6.399842067559561087e+00
6.400294693311057159e+00
6.400879863897959154e+00
6.401481767495472042e+00
6.402165885766347486e+00
6.402783922354380763e+00
6.403130046526591457e+00
6.403758851687111786e+00
6.404199484984079760e+00
6.404817378520966997e+00
6.405523304144541186e+00
6.406060731410981646e+00
6.406323381265004002e+00
6.406888218720755646e+00
6.407448383172354767e+00
6.408005114396413404e+00
6.408604578177133249e+00
6.409412821133930294e+00
6.409769030412039825e+00
6.410221783320107392e+00
6.410881984233856912e+00
6.411372323830921260e+00
6.411930330594380223e+00
6.412580736478169285e+00
6.413423120975494385e+00
6.413868455092110565e+00
6.414192036787667917e+00
6.414696168899535422e+00
6.415447986125947466e+00
6.416043798128765019e+00
6.416366875171661377e+00
6.416885685920714621e+00
6.417729334036508249e+00
6.418088293075562945e+00
6.418600022792816162e+00
6.419162698586781346e+00
6.419745739301045973e+00
6.420346494515737135e+00
6.420887577533722634e+00
6.421393589178720163e+00
6.422000559171042511e+00
6.422549955050151027e+00
6.423304474353791704e+00
6.423910729090373195e+00
6.424319982528686523e+00
6.424695777893067117e+00
6.425755325953165453e+00
6.426083091894785326e+00
6.426335434118907841e+00
6.427020613352457445e+00
6.427456482251486136e+00
6.428130996227263694e+00
6.428596285978951386e+00
6.429508058230080536e+00
6.429739797115324507e+00
6.430316654841103485e+00
6.430834933122000052e+00
6.431329190731048584e+00
6.431889017422992794e+00
6.432495363553364598e+00
6.433436989784240723e+00
6.433581622441611358e+00
6.434105539321897993e+00
6.434862494468688965e+00
6.435379528999327192e+00
6.435782730579376221e+00
6.436497430006664189e+00
6.437547123432160845e+00
6.437748825550080767e+00
6.438105408350626391e+00
6.438838958740234375e+00
6.439171874523161421e+00
6.439907666047414381e+00
6.440266768137615117e+00
6.440874842802681854e+00
6.441701809565227421e+00
6.442132945855458814e+00
6.442652817567189771e+00
6.443191337585449929e+00
6.443941056728363037e+00
6.444167927900949167e+00
6.444802892208098655e+00
6.445680304368337943e+00
6.446182449658710567e+00
6.447024055322010838e+00
6.447307201226553985e+00
6.447622927029929230e+00
6.448029398918151855e+00
6.449366470177967159e+00
6.449934868017830780e+00
6.450096861521402047e+00
6.450884350140889012e+00
6.451545099417369755e+00
6.451861127217611624e+00
6.452182221412659402e+00
6.452446822325388354e+00
6.453607257207234937e+00
6.453817431131998461e+00
6.454271058241527470e+00
6.454767358303069358e+00
6.455552649497985129e+00
6.455967517693839142e+00
6.456400720278420380e+00
6.457335130373635934e+00
6.457690417766571045e+00
6.458097179730732051e+00
6.458593193689981860e+00
6.459550702571867475e+00
6.459765398502348432e+00
6.460233918825785793e+00
6.460773599147795920e+00
6.461685951550801832e+00
6.461930263042450662e+00
6.462569228808085597e+00
6.463865776856739132e+00
6.464094297091165231e+00
6.464288286368052638e+00
6.464777596791584813e+00
6.465540146827699175e+00
6.465894003709156124e+00
6.466405983765920240e+00
6.467486977577209473e+00
6.467716467380522971e+00
6.468310741583504608e+00
6.468939761320751103e+00
6.469969038168589037e+00
6.470244765281677246e+00
6.470823880036672193e+00
6.471473062038420210e+00
6.471624847253163892e+00
6.472183934847514308e+00
6.473598114649455226e+00
6.473848096529643215e+00
6.474256765842437034e+00
6.474710281689961988e+00
6.475582917531330196e+00
6.475814604759214888e+00
6.476443604628244088e+00
6.477440500259397993e+00
6.477511620521546831e+00
6.478112598260242549e+00
6.478693576653800079e+00
6.479549876848857082e+00
6.479864366849263035e+00
6.480300533771515603e+00
6.480895511309306301e+00
6.481568694114685059e+00
6.482014505068459442e+00
6.482749859491985234e+00
6.483506162961322872e+00
6.483737262090048858e+00
6.484351809819539625e+00
6.484708277384438446e+00
6.485410288969674752e+00
6.485794929663338593e+00
6.486688872178394405e+00
6.487558054924011941e+00
6.487887080510457594e+00
6.488414216041565652e+00
6.489618376890817331e+00
6.489991386731464473e+00
6.490284939606983272e+00
6.490441056092581817e+00
6.490839739640552608e+00
6.491486831506094290e+00
6.491964570681254543e+00
6.492549630006156036e+00
6.493597908814749076e+00
6.494112992286680708e+00
6.494364158312478708e+00
6.494821349779765995e+00
6.495557026068368600e+00
6.495842909812928667e+00
6.496357484658560111e+00
6.497396826744079590e+00
6.497868382930754194e+00
6.498204493522642622e+00
6.498565582434334686e+00
6.499748285611470777e+00
6.500107169151306152e+00
6.500458494822183297e+00
6.501399898529051313e+00
6.501551441351573146e+00
6.502184677124024148e+00
6.502727480729422638e+00
6.503576072057089874e+00
6.503805398941040039e+00
6.504467165470124712e+00
6.504769897460938921e+00
6.505409570535025665e+00
6.505994836489360722e+00
6.506884459654489916e+00
6.507561993598937278e+00
6.507705187797547808e+00
6.508173898855844186e+00
6.508630275726318359e+00
6.509635345141091989e+00
6.509867572784422407e+00
6.510284384091693966e+00
6.510800445079802046e+00
6.511493122577668657e+00
6.512003950277964748e+00
6.512467503547668457e+00
6.513679905732473685e+00
6.514207140604654001e+00
6.514554866154988133e+00
6.514828002452851763e+00
6.515805065631866455e+00
6.516135128339133331e+00
6.516879769166312286e+00
6.517547074953714770e+00
6.517631423473357444e+00
6.518098449707032671e+00
6.518810983498891432e+00
6.519194114208222146e+00
6.519710985819497040e+00
6.520565370718639286e+00
6.521005646387735055e+00
6.521605360507965798e+00
6.522043303648629831e+00
6.522771680355070600e+00
6.523073502381642186e+00
6.523700380325315962e+00
6.524424684047698264e+00
6.524713063240049848e+00
6.525610876083373313e+00
6.525929880142211204e+00
6.526418948173521528e+00
6.526925142606099683e+00
6.528064990043638716e+00
6.528225251038868748e+00
6.528582767645517038e+00
6.529196075598399318e+00
6.529689764976502886e+00
6.530946036179859249e+00
6.531120765209198709e+00
6.531452091534934112e+00
6.532131226857504913e+00
6.532446006933849247e+00
6.533433413505555620e+00
6.533810492356618482e+00
6.534129544099172904e+00
6.534664694468180102e+00
6.535487552483875362e+00
6.536503950754802617e+00
6.536779713630675559e+00
6.537105782826742484e+00
6.537645558516185673e+00
6.538233311971030304e+00
6.538954019546508789e+00
6.539225351810454612e+00
6.539783088366188935e+00
6.540304573376975128e+00
6.541562283039091596e+00
6.541910270849864872e+00
6.542616279919943878e+00
6.543295474847159454e+00
6.543593823909759521e+00
6.544482986132305058e+00
6.544704687595366721e+00
6.545372581481935015e+00
6.545784974098204145e+00
6.546755945682527056e+00
6.546927094459533691e+00
6.547524495919546439e+00
6.548170705636341182e+00
6.548603804906210968e+00
6.549476595719657013e+00
6.549691355228425493e+00
6.550253689289093018e+00
6.551045227050781961e+00
6.552073800563810835e+00
6.552420306205750222e+00
6.552932194868724025e+00
6.553392171859741211e+00
6.553960831960043976e+00
6.555017518997193093e+00
6.555093232790628832e+00
6.555699372291563520e+00
6.556105812390644161e+00
6.556579375267027388e+00
6.557622158527372846e+00
6.557930338382721658e+00
6.558153482278189728e+00
6.558632612228393555e+00
6.559165994326274784e+00
6.560213692982991063e+00
6.560263804594676174e+00
6.560780588785807055e+00
6.561336640516916674e+00
6.561897003650663862e+00
6.563009182612102421e+00
6.563141047954559326e+00
6.563602896531424591e+00
6.564161316553750680e+00
6.564675998687743430e+00
6.565420250097911747e+00
6.565796883900961944e+00
6.566369760036469216e+00
6.566971794764199899e+00
6.568032050132750044e+00
6.568345336119332245e+00
6.568890285491942649e+00
6.569281971454621782e+00
6.569761276245117188e+00
6.570755016803740745e+00
6.570867538452148438e+00
6.571532495816548192e+00
6.571978831291197309e+00
6.572663700580598345e+00
6.573377764225007525e+00
6.573594415187834272e+00
6.574200820922850852e+00
6.574686487515766231e+00
6.575409090518952837e+00
6.576069303353627049e+00
6.576500594615936279e+00
6.576933876673379586e+00
6.577467314402262843e+00
6.578229765097301396e+00
6.578832320372264064e+00
6.579201594988504098e+00
6.579820267359416164e+00
6.580250517527261422e+00
6.580861020088196511e+00
6.581809067726133833e+00
6.582069603602089813e+00
6.582560288906098123e+00
6.583010443051655614e+00
6.583635894457497528e+00
6.584119160970050899e+00
6.584679512182869843e+00
6.585283700625101488e+00
6.585819045702617558e+00
6.586354569594064401e+00
6.586906544367472804e+00
6.587477179368338653e+00
6.588031446933747759e+00
6.588566807905831268e+00
6.589459057648976881e+00
6.589671007792155422e+00
6.590254326661426632e+00
6.590789477030437382e+00
6.591381394863127241e+00
6.592058551311492209e+00
6.592499935626982221e+00
6.593385569254557765e+00
6.593691213925680472e+00
6.594124527772269317e+00
6.594714657465615915e+00
6.595316584904988844e+00
6.595789440472920262e+00
6.596418535709382525e+00
6.597398527463276707e+00
6.597912061214447732e+00
6.598206432660422394e+00
6.598580781618753832e+00
6.599133165677390167e+00
6.599683018525443146e+00
6.600224594275157841e+00
6.600776616732279223e+00
6.601406133174897661e+00
6.602062241236367868e+00
6.602609610557557573e+00
6.603228819370269065e+00
6.603813354174295824e+00
6.604446156819662406e+00
6.604881441593171587e+00
6.606222208340962965e+00
6.606357725461325714e+00
6.607093211015065748e+00
6.607674475510915357e+00
6.608222870031990936e+00
6.608682958285012177e+00
6.609622708956401027e+00
6.609770119190216064e+00
6.610524308681487327e+00
6.611030217011769849e+00
6.611349264780681523e+00
6.611970178286235011e+00
6.612551299730935028e+00
6.613411720593770582e+00
6.613668104012806026e+00
6.614197425047557033e+00
6.614705240726472368e+00
6.615278013547261082e+00
6.615838817755381740e+00
6.616338523228964874e+00
6.616905562082926906e+00
6.617686716715493134e+00
6.618153333663940430e+00
6.618628350893654755e+00
6.619217761357624852e+00
6.619878447055818071e+00
6.620304302374520944e+00
6.621415603160858865e+00
6.621551414330799190e+00
6.622151029109954123e+00
6.622682174046833126e+00
6.623152987162271188e+00
6.623947159449258493e+00
6.624198826154074737e+00
6.624728147188822192e+00
6.625432153542835323e+00
6.626150886217754277e+00
6.626619601249693403e+00
6.627234073479971954e+00
6.627452766895295611e+00
6.628026024500528024e+00
6.628565045197806427e+00
6.629544341564177046e+00
6.629749047756195779e+00
6.630238835016886156e+00
6.631260959307351044e+00
6.631622362136841531e+00
6.632225732008617314e+00
6.632496309280394797e+00
6.633531753222147387e+00
6.633871662616730447e+00
6.634417168299357570e+00
6.634962995847065059e+00
6.635355142752327851e+00
6.635892120997109345e+00
6.636344329516091989e+00
6.637421834468842263e+00
6.637668089071908639e+00
6.638096308708192339e+00
6.638621020317078347e+00
6.639186644554136763e+00
6.639775212605794508e+00
6.640327715873716841e+00
6.641339719295501709e+00
6.641416966915130615e+00
6.642087868849436916e+00
6.642456599076588475e+00
6.643091984589894139e+00
6.643627536296843772e+00
6.644112678368887970e+00
6.644663143157959695e+00
6.645618812243142770e+00
6.645958832899729885e+00
6.646452621618905710e+00
6.647168866793315090e+00
6.647547924518583784e+00
6.648297774791718240e+00
6.648718698819479300e+00
6.649383199214934592e+00
6.649701662858326756e+00
6.650254297256470437e+00
6.651125125090281642e+00
6.651557544867198857e+00
6.651891458034516091e+00
6.652564712365467869e+00
6.653470687071482814e+00
6.653730650742847530e+00
6.654312431812286377e+00
6.654781214396159328e+00
6.655345487594605203e+00
6.656267344951629639e+00
6.656612432003022661e+00
6.657037158807117549e+00
6.657660102844239702e+00
6.658015120029450173e+00
6.658766174316404829e+00
6.659160149097441916e+00
6.659715008735656028e+00
6.660445459683735692e+00
6.660818183422087202e+00
6.661485934257505903e+00
6.661891567707062478e+00
6.662564929326375562e+00
6.663139792283377716e+00
6.664039011796315748e+00
6.664316169420878566e+00
6.664673368136089238e+00
6.665232805411019257e+00
6.665780480702718336e+00
6.666884724299112719e+00
6.667370303471884085e+00
6.667553444703418819e+00
6.668024524052938773e+00
6.668697110811869777e+00
6.669392995039622463e+00
6.669949285189311183e+00
6.670279467105864057e+00
6.670916604995728250e+00
6.671505633989969652e+00
6.672149769465129054e+00
6.672797763347624311e+00
6.673280413945516187e+00
6.674015752474467433e+00
6.674713754653929243e+00
6.674933334191639034e+00
6.675293882687885372e+00
6.676013143857321808e+00
6.676822980244953243e+00
6.677614227930703805e+00
6.678005286057789647e+00
6.678076517581938987e+00
6.678630042076111550e+00
6.679115494092304317e+00
6.680051084359487135e+00
6.680309355258941650e+00
6.680798331896465214e+00
6.681433852513631422e+00
6.682155001163483377e+00
6.682886036237082550e+00
6.683494349320728389e+00
6.683999188741047703e+00
6.684304825464884914e+00
6.684709274768827925e+00
6.685426147778830597e+00
6.685855515797932469e+00
6.686389819780984567e+00
6.687223649024964800e+00
6.687499113877613865e+00
6.688048807779946259e+00
6.688689935207367654e+00
6.689123547077180376e+00
6.689831848939260084e+00
6.690246466795603197e+00
6.690986073017121782e+00
6.691404712200164084e+00
6.691923407713570526e+00
6.692523650328318752e+00
6.693532911936440399e+00
6.693892073631285911e+00
6.694263414541879342e+00
6.694669644037883671e+00
6.695235812664030561e+00
6.696098124980927935e+00
6.696391876538594801e+00
6.697029654184976977e+00
6.697467581431070016e+00
6.698060142993927712e+00
6.698771190643309836e+00
6.699205191930136749e+00
6.699823701381681929e+00
6.700227224826811323e+00
6.700881632169089386e+00
6.701579471429187862e+00
6.702273273468016157e+00
6.702583579222359589e+00
6.703089916706083784e+00
6.704273283481597900e+00
6.704428195953369141e+00
6.704817688465119829e+00
6.705474805831908469e+00
6.706022961934408499e+00
6.706764821211496752e+00
6.707054591178895464e+00
6.707508567969004076e+00
6.708106342951456469e+00
6.708821455637615117e+00
6.709416536490120819e+00
6.709863336881003448e+00
6.710254307587941724e+00
6.710791456699372048e+00
6.711351919174195046e+00
6.712085056304932351e+00
6.712475903828938328e+00
6.713120921452841117e+00
6.713717309633889130e+00
6.714145962397257250e+00
6.714928233623503218e+00
6.715860493977864110e+00
6.716137262185416290e+00
6.716400035222370946e+00
6.716895703474680346e+00
6.717547464370728250e+00
6.718097492059072806e+00
6.719035041332244163e+00
6.719287184874215058e+00
6.719697542985279881e+00
6.720697228113809985e+00
6.721046634515126073e+00
6.721439027786253462e+00
6.722294529279071895e+00
6.722630544503530814e+00
6.723074356714885624e+00
6.723857692877452052e+00
6.724168117841085035e+00
6.724824217955269745e+00
6.725574330488839792e+00
6.725995481014251709e+00
6.726442956924437055e+00
6.727081135908761667e+00
6.727603288491568634e+00
6.728093020121256984e+00
6.728633006413776485e+00
6.729145050048828125e+00
6.730324176947274140e+00
6.730549192428590288e+00
6.730799619356790942e+00
6.731752423445382050e+00
6.732003335158029955e+00
6.732671813170114206e+00
6.733446935812633427e+00
6.733634523550669826e+00
6.734330952167510986e+00
6.735103174050649955e+00
6.735321636994680006e+00
6.735780151685080597e+00
6.736754894256591797e+00
6.737113118171691895e+00
6.737536327044168161e+00
6.738392519950867410e+00
6.738706910610197554e+00
6.739749407768250933e+00
6.740152819951376273e+00
6.740394667784372018e+00
6.741364991664887896e+00
6.741580593585968728e+00
6.742023909091948042e+00
6.742517312367755977e+00
6.743189032872518140e+00
6.743776826063790253e+00
6.744611167907713423e+00
6.744885933399199729e+00
6.745341571172080108e+00
6.746171247959136252e+00
6.746388141314188402e+00
6.746919580300648533e+00
6.747883113225302765e+00
6.748154723644255171e+00
6.748806830247243482e+00
6.749460283915201586e+00
6.749868063131966522e+00
6.750256788730620627e+00
6.751081295808155858e+00
6.751413706938425463e+00
6.751971169312795951e+00
6.752604997158051958e+00
6.753212710221607296e+00
6.754156366984048532e+00
6.754348309834799835e+00
6.754723163445792267e+00
6.755264997482299805e+00
6.755835926532746782e+00
6.756622648239137163e+00
6.757344194253285252e+00
6.757555365562438965e+00
6.758140718936921587e+00
6.759146010875703325e+00
6.759389726320900849e+00
6.759679269790648704e+00
6.760641805330912746e+00
6.760912565390267304e+00
6.761510483423869289e+00
6.762227133909860299e+00
6.762542414665222879e+00
6.763070829709370457e+00
6.763912419478099736e+00
6.764442312717438455e+00
6.765418656667073094e+00
6.765597935517629224e+00
6.765883771578469208e+00
6.767131356398262909e+00
6.767410600185392866e+00
6.767487259705863067e+00
6.768630472819008759e+00
6.768852909406025020e+00
6.769208180904389138e+00
6.769676713148751190e+00
6.770234926541647269e+00
6.770828862984973995e+00
6.771858183542885712e+00
6.772224128246307373e+00
6.772580941518146602e+00
6.773493397235871072e+00
6.773636992772420484e+00
6.774182367324829812e+00
6.775195638338725956e+00
6.775334974129993526e+00
6.775812224547067331e+00
6.776776520411171845e+00
6.777366205056509330e+00
6.777565165360769583e+00
6.778425407409667258e+00
6.778737131754557055e+00
6.779237508773803711e+00
6.779814004898071289e+00
6.780286931991575727e+00
6.780918006102243822e+00
6.781412275632224151e+00
6.781951065858205396e+00
6.782725791136424931e+00
6.783542970816295536e+00
6.783824161688485788e+00
6.784287047386168723e+00
6.784905513127643673e+00
6.785586555798847286e+00
6.786018149058023141e+00
6.786437793572744681e+00
6.787500409285225800e+00
6.787749028205873003e+00
6.788157498836518755e+00
6.788697159290315142e+00
6.789391032854716457e+00
6.790106165409088845e+00
6.790783258279166290e+00
6.790861674149830662e+00
6.791548971335092943e+00
6.792197008927661983e+00
6.792777959505716723e+00
6.793544836839039647e+00
6.793771680196126539e+00
6.794467206796010572e+00
6.794692520300547045e+00
6.795539422829946830e+00
6.795997071266175027e+00
6.796336154143016728e+00
6.797684073448181152e+00
6.797835262616477081e+00
6.798086984952291800e+00
6.798808566729228176e+00
6.799757877985637577e+00
6.799835173288979462e+00
6.800450662771861943e+00
6.801490330696104536e+00
6.801690375804902544e+00
6.802124488353729959e+00
6.802690315246582742e+00
6.803617370128630881e+00
6.803819394111634722e+00
6.804190750916799146e+00
6.804846270879110648e+00
6.805554902553559771e+00
6.805906637509664847e+00
6.806421720981596479e+00
6.807467194398245880e+00
6.807882420221964992e+00
6.808412889639537724e+00
6.808558380603791704e+00
6.809617769718169455e+00
6.810014915466307883e+00
6.810396615664163988e+00
6.810941970348359575e+00
6.811616937319438847e+00
6.812085696061451756e+00
6.812691966692607792e+00
6.813552316029866773e+00
6.813707343737284816e+00
6.814290901025135128e+00
6.814867361386617972e+00
6.815493639310201246e+00
6.815929845968881295e+00
6.816358550389608695e+00
6.817420963446298998e+00
6.817537558078765159e+00
6.818218783537545846e+00
6.818773206075032789e+00
6.819789381821951935e+00
6.819860466321308934e+00
6.820254210631052416e+00
6.820891551176707424e+00
6.821506035327910666e+00
6.822233422597250296e+00
6.822545762856801588e+00
6.823407916227974823e+00
6.823682983716327755e+00
6.824206066131591086e+00
6.824711275100707297e+00
6.825740035374959547e+00
6.826020820935568167e+00
6.826828412214915431e+00
6.827931479612985299e+00
6.828281792004904815e+00
6.828743890921273874e+00
6.829566490650176291e+00
6.829753772417703317e+00
6.830244207382200727e+00
6.830780812104542576e+00
6.831562825043995701e+00
6.832310461997984419e+00
6.832497282822927787e+00
6.832751580079396092e+00
6.833598323663075291e+00
6.834004898866016475e+00
6.834158734480539010e+00
6.834670209884642134e+00
6.835555541515351052e+00
6.836074407895406324e+00
6.836533645788829716e+00
6.837580490112305398e+00
6.837713686625161102e+00
6.838382748762764862e+00
6.838610132535297481e+00
6.839444959163664350e+00
6.839797361691793753e+00
6.840666143099465302e+00
6.840882289409638162e+00
6.841576325893402810e+00
6.841901230812073464e+00
6.842454926172891305e+00
6.843599768479666778e+00
6.843782277901969024e+00
6.844321739673613791e+00
6.844803241888680390e+00
6.845440725485484990e+00
6.845817510286966723e+00
6.846336245536804199e+00
6.847796758015949337e+00
6.848005481561024510e+00
6.848317348957060346e+00
6.848597856362662384e+00
6.849301151434580959e+00
6.849709224700927024e+00
6.850519597530364990e+00
6.850890123844145307e+00
6.851593248049418605e+00
6.852073756853737763e+00
6.852478937307992624e+00
6.853377898534137813e+00
6.853642487525938520e+00
6.854237000147502812e+00
6.854667417208354152e+00
6.855261119206748077e+00
6.856042301654817095e+00
6.856425905227659712e+00
6.856898657480876125e+00
6.857596906026206085e+00
6.858230618635811737e+00
6.858890215555828007e+00
6.859315276145935059e+00
6.859781018892924465e+00
6.860248470306395063e+00
6.860809989770253026e+00
6.861379818121591256e+00
6.862002754211424360e+00
6.862452526887256710e+00
6.863044850031535304e+00
6.863592251141866996e+00
6.864252038796742283e+00
6.864694023132322798e+00
6.865304593245188158e+00
6.865804104010262421e+00
6.866759550571440940e+00
6.867002479235331691e+00
6.867479598522187700e+00
6.868048532803854300e+00
6.868727910518646951e+00
6.869573489824929879e+00
6.869794444243112252e+00
6.870406540234885284e+00
6.870834477742512547e+00
6.871402382850646973e+00
6.872261639436086256e+00
6.872644360860189039e+00
6.873117526372272579e+00
6.873705422878266802e+00
6.874224972724913840e+00
6.875198030471800337e+00
6.875556087493897905e+00
6.875845781962077297e+00
6.876480185985563764e+00
6.877479028701781516e+00
6.877629963556923798e+00
6.878293438752493216e+00
6.878783150513967826e+00
6.879205910364785126e+00
6.880158364772796631e+00
6.880491606394450343e+00
6.881041856606803009e+00
6.881572711467743630e+00
6.881915064652762482e+00
6.882943423589072296e+00
6.883050338427224801e+00
6.883614488442738377e+00
6.884281007448830536e+00
6.884670511881509469e+00
6.885562487443287694e+00
6.885855921109516942e+00
6.886558401584625955e+00
6.886999793847401463e+00
6.887530636787413840e+00
6.888318804899849823e+00
6.888697838783265581e+00
6.889191083113352931e+00
6.889777747790017060e+00
6.891099651654560176e+00
6.891323872407276951e+00
6.891668963432312722e+00
6.892013967037200928e+00
6.892729047934214037e+00
6.893472015857696533e+00
6.893715496857961256e+00
6.894178521633147483e+00
6.895034682750701194e+00
6.895280500253040401e+00
6.896059628327687818e+00
6.896478700637818093e+00
6.896970268090566236e+00
6.897457599639892578e+00
6.898019500573475682e+00
6.898722183704375510e+00
6.899147983392079908e+00
6.900086685021719290e+00
6.900490546226500044e+00
6.900830348332721798e+00
6.901546792189279245e+00
6.901892435550688987e+00
6.902503856023152196e+00
6.903011492888133205e+00
6.903563328584034764e+00
6.904337771733601414e+00
6.904742654164632398e+00
6.905280001958210789e+00
6.906219629446663788e+00
6.906708983580269745e+00
6.906975809733072680e+00
6.907526171207429400e+00
6.908015592892965628e+00
6.908754932880402322e+00
6.909380122025808646e+00
6.909692819913228590e+00
6.910353803634642134e+00
6.910967195034025679e+00
6.911442625522614236e+00
6.912180101871491900e+00
6.912804965178171557e+00
6.913201411565143673e+00
6.913657120863597072e+00
6.915048956871032715e+00
6.915332158406574337e+00
6.915817236900331011e+00
6.916161410013835109e+00
6.916571410497031280e+00
6.917429828643797407e+00
6.917488610744477739e+00
6.918180696169535793e+00
6.918898447354635550e+00
6.919152613480886060e+00
6.919825514157611934e+00
6.920281779766082053e+00
6.920821213722227583e+00
6.921344586213429295e+00
6.921985745429992676e+00
6.922460695107776729e+00
6.923015006383259617e+00
6.923584063847858516e+00
6.924383882681528490e+00
6.924694017569223092e+00
6.925672562917075226e+00
6.926304399967193604e+00
6.926387914021809422e+00
6.927020891507467582e+00
6.927548098564148660e+00
6.928013165791828243e+00
6.928566952546436397e+00
6.929419791698457232e+00
6.929923657576242846e+00
6.930335509777069802e+00
6.930783541997275421e+00
6.931420671939850564e+00
6.931921088695524702e+00
6.932471513748168945e+00
6.933416672547657811e+00
6.933843747774758981e+00
6.934275035063425463e+00
6.934681093692780962e+00
6.935306183497111476e+00
6.935801927248636645e+00
6.936422812938690896e+00
6.937374695142111136e+00
6.937558297316233080e+00
6.938041539986929962e+00
6.938591416676839430e+00
6.939226929346720141e+00
6.939685066541034786e+00
6.940239306290944654e+00
6.940872649351756962e+00
6.941558265686033735e+00
6.941912261644997528e+00
6.942627040545144013e+00
6.943200902144113229e+00
6.943780767917633767e+00
6.944314332803092071e+00
6.944722708066304762e+00
6.945569308598837921e+00
6.945862352848052979e+00
6.946339082717894797e+00
6.946943167845407885e+00
6.947534946600594452e+00
6.948087422053017548e+00
6.948561982313790963e+00
6.949492426713309357e+00
6.949920547008513694e+00
6.950247371196745405e+00
6.950893068313597212e+00
6.951352250576018577e+00
6.951927498976388620e+00
6.952491017182669708e+00
6.953403711318969727e+00
6.953599405288695579e+00
6.954134794076285431e+00
6.954708520571390551e+00
6.955261739095053741e+00
6.955866241455076704e+00
6.956551273663837520e+00
6.957378331820169848e+00
6.957665868600209080e+00
6.958114242553712359e+00
6.958584419886271633e+00
6.959292431672412960e+00
6.959676158428191428e+00
6.960228359699250689e+00
6.960865445931752049e+00
6.961432437102001103e+00
6.961897023518879735e+00
6.962459325790405273e+00
6.963021802902222390e+00
6.963584752877554962e+00
6.964126026630403032e+00
6.964754939079284668e+00
6.965423850218453339e+00
6.966025936603546853e+00
6.966465477148691576e+00
6.966936576366425271e+00
6.967459630966185813e+00
6.968025894959769317e+00
6.968564351399738399e+00
6.969478023052214866e+00
6.969713882605233835e+00
6.970271384716035357e+00
6.971194855372111476e+00
6.971513223648070579e+00
6.971948651472725800e+00
6.972542929649353738e+00
6.973447008927664115e+00
6.973697272936501435e+00
6.974136006832122092e+00
6.974686308701834037e+00
6.975229648749031952e+00
6.975786193211874320e+00
6.976379772027332393e+00
6.977406748135884129e+00
6.977663660049437055e+00
6.978085843722023895e+00
6.978881684939064911e+00
6.979310286045073752e+00
6.979869643847148808e+00
6.980252635478972678e+00
6.981348462899525487e+00
6.981769227981565962e+00
6.981967755158741795e+00
6.982466145356497123e+00
6.983014996846517164e+00
6.983569260438283521e+00
6.984427324930827297e+00
6.984760582447052002e+00
6.985229321320851170e+00
6.985791722933452519e+00
6.986362814903259277e+00
6.987029353777568730e+00
6.987454295158386230e+00
6.988168958822885912e+00
6.988685599962870754e+00
6.989283617337544996e+00
6.989693776766458200e+00
6.990284017721812404e+00
6.990835309028625488e+00
6.991379559040069580e+00
6.991963783899944218e+00
6.992481283346812404e+00
6.993012404441834917e+00
6.993581207593283722e+00
6.994154230753579782e+00
6.994701679547628004e+00
6.995385205745698443e+00
6.996083426475525613e+00
6.996531573931374481e+00
6.997035165627796260e+00
6.997843631108601414e+00
6.998139572143553977e+00
6.998632987340290157e+00
6.999176867802937352e+00
6.999704249699910008e+00
