7.445098392466342752e-02
7.435008204979132174e-02
7.425628692348462678e-02
7.417240637856381547e-02
7.409985195579626982e-02
7.403899819580028741e-02
7.398948478227795889e-02
7.395046303016084011e-02
7.392079116141525574e-02
7.389918427840935777e-02
7.388432547099554881e-02
7.387494444750797307e-02
7.386986970235365213e-02
7.386805967606568935e-02
7.386861772220765232e-02
7.387079502794247077e-02
7.387398497829167354e-02
7.387771183157965105e-02
7.388161600063125611e-02
7.388543772054090297e-02
7.388900043454782463e-02
7.389219484654363512e-02
7.389496427098030118e-02
7.389729165490899199e-02
7.389918844749732152e-02
7.390068534312965731e-02
7.390182481810603221e-02
7.390265531082329531e-02
7.390322685411532255e-02
7.390358794972740064e-02
7.390378347294146444e-02
7.390385340522476199e-02
6.654649194752360053e-02
6.789241058742567780e-02
6.178446103052581684e-02
5.688961191473174139e-02
5.309865858677698114e-02
5.764915706685780350e-02
5.430519688229074049e-02
5.173125161985581144e-02
4.982952817069996598e-02
5.586987792564590549e-02
5.365557870295267762e-02
5.927359644134488903e-02
5.658817359924661616e-02
5.435251646076899590e-02
5.254808818179124152e-02
5.113920652524583943e-02
5.008013069802608186e-02
4.932053252451873426e-02
4.880955034164347062e-02
4.849864010895399424e-02
4.798917337428232344e-02
4.801519584147873054e-02
4.776875488786735957e-02
4.763692000796804216e-02
4.759063613600700293e-02
4.760565920803183637e-02
4.766222243406459391e-02
4.774459079559378871e-02
4.818667173285762217e-02
4.857475837959168707e-02
4.854955577318786908e-02
4.888238816543832854e-02
4.915694528155500898e-02
4.937593176903098957e-02
4.954422428069094053e-02
4.966799224130169499e-02
4.975398385344509400e-02
4.980898002831479765e-02
4.947326769864512919e-02
5.690027277726206201e-02
6.297757734860720547e-02
6.779131456365816710e-02
7.146890601632205353e-02
7.361730355196893782e-02
7.556549528610068123e-02
7.683839465045627648e-02
7.757237735706357107e-02
7.789120521950976261e-02
7.790333852798347891e-02
7.770080233452958396e-02
7.679365157210793491e-02
6.866198728554029351e-02
6.972061095710757606e-02
7.016732789027457784e-02
7.058095988447088409e-02
7.095011553214658484e-02
7.126928311196301102e-02
7.153722926217831457e-02
7.175571616149012399e-02
7.192848719021704973e-02
7.206047653007940923e-02
7.215720481773191253e-02
7.222432900439534897e-02
7.226731945454334394e-02
7.229124109923024122e-02
7.230061842502100156e-02
7.229936653376234368e-02
7.229077269336348088e-02
7.227751486546329929e-02
7.226170570793200021e-02
7.224495251164109177e-02
7.222842540837204339e-02
7.221292793264044718e-02
6.501555817275295190e-02
5.912749109393233837e-02
5.446341470922755335e-02
5.809603962017861889e-02
6.136659363138674550e-02
5.701999929039125448e-02
6.073727777938775496e-02
6.392694890007888375e-02
5.939092608014706620e-02
5.565593101273269561e-02
5.267616963836307953e-02
5.037978514706997757e-02
4.868058018484888727e-02
4.748694572622658150e-02
4.670836348720586173e-02
4.625987155026689557e-02
4.606487523112345883e-02
5.325687953053170887e-02
5.206272398773070798e-02
5.823872107007299626e-02
5.607805191865922190e-02
6.136655917489952650e-02
6.561570838194019650e-02
6.891754502094693535e-02
6.420131288712105366e-02
6.727569365438790250e-02
6.967270564330596549e-02
6.428718464900917695e-02
5.970182148542590994e-02
5.591601680195901203e-02
5.288708957990673198e-02
5.091213579783704368e-02
4.945325911213727110e-02
4.808454360116121151e-02
4.750255393264635195e-02
4.686266808048489274e-02
4.650623580531632051e-02
4.636439511934953295e-02
4.637833143517089418e-02
4.649928698650396264e-02
4.668798676515861779e-02
4.691373086080852239e-02
4.715332376446546014e-02
4.019190668476313455e-02
3.453318870689559006e-02
3.007864988062336487e-02
2.650569069003183564e-02
2.409752183522195779e-02
2.962210180265167914e-02
3.446814093723449268e-02
3.858597416548481540e-02
4.197885823788682913e-02
4.468710272524401006e-02
4.677491797507116189e-02
4.831988312490165249e-02
4.940483092488578976e-02
5.011187475970024785e-02
5.051826555465677160e-02
5.069375673030185325e-02
5.069916714097777444e-02
5.058585821740213539e-02
5.039587641856835276e-02
5.016255082682619104e-02
4.991137472549511678e-02
4.966103680723832348e-02
4.942450072902482283e-02
5.640951052580689407e-02
5.490546352970371302e-02
6.071470769415365787e-02
5.816900734391339256e-02
6.307818334250203662e-02
6.745840912046108251e-02
7.037018771366354564e-02
7.248589977252462013e-02
7.393735412135638008e-02
7.485117762077209136e-02
7.534356916871143284e-02
7.551732467641936175e-02
7.546053665001317690e-02
7.524648646947462716e-02
7.493434880012284083e-02
7.457041310630763142e-02
7.418959763961407994e-02
7.435156507372364665e-02
7.390409746253023826e-02
7.350055615158690436e-02
7.314890300880039220e-02
7.285188020322275193e-02
7.260848790649765405e-02
7.241519760093972913e-02
7.226691936811846517e-02
7.215774990582390913e-02
7.208153135005335166e-02
7.203225122444023576e-02
7.252576113268793812e-02
7.241814164899640360e-02
7.232935284153674260e-02
7.225833766808165137e-02
7.220341644113736912e-02
7.216257161036754297e-02
7.213366031118484401e-02
7.211456655896131274e-02
7.210330439341583464e-02
7.209808217513291595e-02
7.209733692779107805e-02
7.209974628544246755e-02
6.492362143547403264e-02
5.905681964974340836e-02
5.441206417937638484e-02
5.086392269006023703e-02
4.826701835733060442e-02
4.646978763252906930e-02
5.252320094150420005e-02
5.057682625202830629e-02
4.911083587241660275e-02
4.805678497552268169e-02
4.734524417552155029e-02
4.690976916129119267e-02
4.668950816912054158e-02
4.663072174290516791e-02
4.668746418482472293e-02
4.682164515009445971e-02
4.700265652265933625e-02
4.720671657658326303e-02
4.741605222691691601e-02
4.761801200607118645e-02
5.500320097131328190e-02
5.385236087249811732e-02
5.276768080536942129e-02
5.898221147670357212e-02
5.680958119258372463e-02
5.485730808180644402e-02
5.316148659025743406e-02
5.892963867614109397e-02
6.364113274622162919e-02
6.736882650303632758e-02
7.021538428329310300e-02
7.229870796144810541e-02
7.374104815881765695e-02
7.466123232408361510e-02
6.798842646565939063e-02
6.949698285738992176e-02
6.350170781935160491e-02
5.853269279009576387e-02
5.454119861488537779e-02
5.144150950228310037e-02
4.877520727191808625e-02
4.720277815698592505e-02
4.617230885076040181e-02
4.524961075463362903e-02
4.504601403526620196e-02
4.508381391710658548e-02
4.528870854241362487e-02
4.559977163268946754e-02
4.564038060673669683e-02
4.575984450657211156e-02
4.592708905518438911e-02
3.906330509291167097e-02
3.352185086510450773e-02
2.918484356313566508e-02
2.590902000128503246e-02
2.354076131147886386e-02
2.192689456686403027e-02
2.092215402676678160e-02
2.039401734957824175e-02
2.022549815506868853e-02
2.031637241193551269e-02
2.058323500085057489e-02
2.095871706565533010e-02
2.139013871893813423e-02
1.479704451039887125e-02
9.474879133996472191e-03
5.319308777280928879e-03
2.195901858070392620e-03
-4.360297225569631507e-05
-1.549228215833586830e-03
-2.464264801919080483e-03
-2.919721595174840090e-03
-3.031116501855946055e-03
-2.897066284983207396e-03
4.452078268073478284e-03
1.060975430764998784e-02
1.572342533360049366e-02
1.980090537714596088e-02
2.292893170920096146e-02
2.522038261493930733e-02
1.958482047080511990e-02
1.466075082297613186e-02
1.049900873927445133e-02
7.093149950909927171e-03
4.365448247543257665e-03
2.309392662871445623e-03
8.282765384555190735e-04
-1.981505002401906523e-04
-8.046797187873488966e-03
-1.430105708026685463e-02
-1.911028648186285928e-02
-2.265603471442911854e-02
-2.513254461446701171e-02
-2.673240236363128020e-02
-2.763662179653980644e-02
-2.800838399606675466e-02
-2.798966853370887797e-02
-2.770007659998907634e-02
-3.445479493297076701e-02
-3.979000147131528387e-02
-4.385563092035815735e-02
-4.682330422687930316e-02
-4.887046293512109507e-02
-5.016913096091046853e-02
-5.087845196403550929e-02
-5.114021414476965788e-02
-5.071122251984161444e-02
-5.049271200823191030e-02
-4.977260172570918684e-02
-4.939466775859746583e-02
-4.182686401906021700e-02
-4.270131503316876298e-02
-3.633179829640198477e-02
-3.116795623572521379e-02
-2.712000397178426780e-02
-2.406577724324865386e-02
-2.186692576082638340e-02
-2.038121642848245152e-02
-2.669016563193227221e-02
-3.212877699388716479e-02
-3.667316382601848446e-02
-3.314000478595668930e-02
-3.734699603995217387e-02
-3.354393529143195885e-02
-3.754072519792894802e-02
-3.358229308193561025e-02
-3.746766716920268969e-02
-4.064745524168333901e-02
-4.316838268493183861e-02
-4.509778513601725436e-02
-4.685147526804334106e-02
-4.812802167447882695e-02
-4.899908418810072774e-02
-4.953753124114967932e-02
-4.981312216674704807e-02
-4.988947835806056830e-02
-4.982225038853593801e-02
-4.965829552438871808e-02
-4.943563782373527893e-02
-4.882212087242265852e-02
-4.863110722170671529e-02
-4.844416300459575275e-02
-4.791643582077731445e-02
-4.747698763220253859e-02
-4.712122350180170116e-02
-4.684163675619457123e-02
-4.662916174695053151e-02
-4.647413500078800830e-02
-4.636696280331698006e-02
-4.629856930941200766e-02
-3.908056507307233751e-02
-3.319604804614040283e-02
-2.854805140293970034e-02
-2.500502573633323067e-02
-2.241788187770099583e-02
-2.063285024729277772e-02
-1.950076774659170731e-02
-1.888338562794888986e-02
-1.865725649312932610e-02
-1.871571175510267082e-02
-1.896938656360735997e-02
-1.934569028370614063e-02
-1.978755972830836818e-02
-2.025177199180250298e-02
-2.070703624945946508e-02
-2.113203123365536840e-02
-2.151350868003598649e-02
-2.200333173989510449e-02
-2.225421084588230514e-02
-2.245489222346597202e-02
-2.261008509859152582e-02
-2.289110668137062099e-02
-2.294268303913726825e-02
-2.296839332731837047e-02
-3.021862150576981598e-02
-3.611019080644672918e-02
-3.352766953240182701e-02
-3.116398883011339827e-02
-2.907676764426136984e-02
-2.729151211873825922e-02
-2.562534482717415685e-02
-2.447387492060992820e-02
-2.358008315533610677e-02
-2.274956560111029980e-02
-2.214977885734903396e-02
-2.173977704435814395e-02
-2.873463497601269623e-02
-2.744313054618374714e-02
-2.629213992639023445e-02
-3.246984692011878337e-02
-3.752784519715746114e-02
-4.153389804604334934e-02
-4.459172446625347952e-02
-4.682475620131554273e-02
-4.836352974085289524e-02
-4.969504478666597613e-02
-5.052594907733287677e-02
-5.058597363633143829e-02
-5.810003915752370851e-02
-6.362951094893221082e-02
-6.829580192435469321e-02
-7.123093036093486319e-02
-7.320085570926471163e-02
-7.440138950902341897e-02
-7.500772039920877710e-02
-7.517154414017923614e-02
-7.502052185523999661e-02
-7.465921902270800103e-02
-7.417093771521354739e-02
-7.362003892235668978e-02
-7.305447940543974283e-02
-7.250837537740495442e-02
-7.200446643408797698e-02
-7.155639674137570516e-02
-7.117076249210740890e-02
-7.084889877340927455e-02
-7.058839739499367383e-02
-7.038436116751300986e-02
-7.023041033670684996e-02
-7.011946389565459903e-02
-7.004432275983352163e-02
-6.999808373593330302e-02
-6.997441329292719558e-02
-7.714595220175701762e-02
-8.361255134836031999e-02
-8.881887872165283859e-02
-9.285792138226001136e-02
-9.585863708395070404e-02
-9.796882617450197728e-02
-9.934141703105714427e-02
-1.001242619094355746e-01
-1.004531966338442217e-01
-1.004479018881625496e-01
-1.002100063078257275e-01
-9.982286458787870131e-02
-9.935249562206194263e-02
-1.061877888351883126e-01
-1.116715378598938102e-01
-1.159263998131225826e-01
-1.191029370105562979e-01
-1.213627447013299054e-01
-1.301491236386462802e-01
-1.297140210391631854e-01
-1.361706635956241307e-01
-1.410700004611931124e-01
-1.446299808396027675e-01
-1.470720817327606511e-01
-1.486086209056702856e-01
-1.494345214349397377e-01
-1.497225188980482180e-01
-1.496209687367957564e-01
-1.492535605251665842e-01
-1.487203743324836402e-01
-1.480998240485178474e-01
-1.474511266021694134e-01
-1.540438602347520280e-01
-1.593492551524660072e-01
-1.634806202196357194e-01
-1.665784862884913675e-01
-1.687947746563758233e-01
-1.702813195118102474e-01
-1.783519170889096284e-01
-1.846405401316164596e-01
-1.893614530160387943e-01
-1.927454962789489912e-01
-2.021286919154001716e-01
-2.093007417946877169e-01
-2.145630682098549347e-01
-2.182241593264035995e-01
-2.205812245824649853e-01
-2.289326087049401437e-01
-2.351933131332750726e-01
-2.396762769152505079e-01
-2.426906698540243212e-01
-2.445270711377640627e-01
-2.454483292685760709e-01
-2.526287158135340771e-01
-2.580333512849934952e-01
-2.619231439670812733e-01
-2.645576324207006280e-01
-2.680714109202189110e-01
-2.704815941600704488e-01
-2.769782545311976207e-01
-2.838006335874025954e-01
-2.888963154418078272e-01
-2.925114136910593743e-01
-2.948980420882436615e-01
-3.032305655223337393e-01
-3.095171322664858060e-01
-3.140494776918194564e-01
-3.171237796484318583e-01
-3.190229481894648611e-01
-3.200054405092418452e-01
-3.202990209120772924e-01
-3.200981564535239077e-01
-3.195639969985035744e-01
-3.188261115673851620e-01
-3.179853379546742076e-01
-3.148849157247430863e-01
-3.122523027378394378e-01
-3.100786233221921595e-01
-3.083340119045212546e-01
-3.069760583579559388e-01
-3.059559520287622458e-01
-3.052228812124886392e-01
-3.047271112094707135e-01
-3.044220571905769113e-01
-3.042655889083765164e-01
-3.042207482042442734e-01
-3.042560212637626105e-01
-3.064666988426072436e-01
-3.062002686213212144e-01
-3.059772296083203003e-01
-3.079372365219150698e-01
-3.095622299812492706e-01
-3.108645357041257551e-01
-3.118702268837298952e-01
-3.126138360218406742e-01
-3.131339861666457836e-01
-3.112552891709734482e-01
-3.096530351475159648e-01
-3.083259028958194037e-01
-3.072582097756813013e-01
-3.064255360206715739e-01
-3.057988610628483706e-01
-3.053475326826990965e-01
-3.050413361514132671e-01
-3.048518760699490127e-01
-3.047534368679216676e-01
-3.047234509500589272e-01
-3.047426753783035736e-01
-3.047951568563842528e-01
-3.048680486918156074e-01
-3.049513307505178350e-01
-3.050374730535676537e-01
-3.051210748766597369e-01
-3.051985036063646906e-01
-3.052675510019455807e-01
-3.053271188436377237e-01
-3.053769412005173933e-01
-3.054173467065131042e-01
-2.987107218126980879e-01
-2.932068787846393576e-01
-2.956158769689942734e-01
-2.910415305355296134e-01
-2.874353811563430394e-01
-2.846964048872828723e-01
-2.827077386872522968e-01
-2.881585642204913533e-01
-2.860680975496874279e-01
-2.844597156309824904e-01
-2.832724581852887891e-01
-2.824414677558599873e-01
-2.887108920241545640e-01
-2.871619883640554871e-01
-2.858737085652010013e-01
-2.848350499886624920e-01
-2.840251609191184468e-01
-2.834174168030672014e-01
-2.829825760898201370e-01
-2.826911227572797003e-01
-2.825149147039369701e-01
-2.824282592171527551e-01
-2.824085314028306204e-01
-2.824364412484396958e-01
-2.824960419596367345e-01
-2.825745579871750124e-01
-2.826620969441688835e-01
-2.807838131273705518e-01
-2.792804910540240826e-01
-2.781131746174285713e-01
-2.791554123818158484e-01
-2.800968568946593518e-01
-2.789781144829523996e-01
-2.780900543419497772e-01
-2.774077106433421314e-01
-2.702095547288965172e-01
-2.643813255427014397e-01
-2.598121703178641884e-01
-2.630846868464729038e-01
-2.593692749756539850e-01
-2.565328023031956395e-01
-2.611892863439679857e-01
-2.585319067895015532e-01
-2.632036232220469341e-01
-2.671691543979139993e-01
-2.637300924218421994e-01
-2.675722585481417060e-01
-2.658526326863910327e-01
-2.625340836607452655e-01
-2.598098684443155282e-01
-2.576438193471162208e-01
-2.559808771511018488e-01
-2.547559155144427656e-01
-2.539003677257516411e-01
-2.533469743298244481e-01
-2.530329812612441831e-01
-2.529021019848622931e-01
-2.529055259709847014e-01
-2.530022179060718024e-01
-2.531587125990542031e-01
-2.533485726931183901e-01
-2.535516417234513487e-01
-2.469806952854993742e-01
-2.416201059896339043e-01
-2.373887026585630444e-01
-2.426701498305228188e-01
-2.473269687300883035e-01
-2.443904124579245885e-01
-2.402735449642734444e-01
-2.369981076261975517e-01
-2.344796387884866551e-01
-2.326188508700377522e-01
-2.313119965583734228e-01
-2.304579972648590491e-01
-2.299630524302840318e-01
-2.297433444798706592e-01
-2.297263416830770399e-01
-2.298510978835222041e-01
-2.300678604786314807e-01
-2.303372266726142481e-01
-2.306290309205858424e-01
-2.309211009872751408e-01
-2.311979837194320098e-01
-2.314497125287526824e-01
-2.316706652623676810e-01
-2.318585425688943769e-01
-2.320134822997310664e-01
-2.321373143391716187e-01
-2.322329520479891052e-01
-2.323039107944224746e-01
-2.323539404198067260e-01
-2.323867565489798892e-01
-2.324058550383842903e-01
-2.324143942202501201e-01
-2.324151306525741312e-01
-2.324103955702947477e-01
-2.324021009487362566e-01
-2.323917658775545014e-01
-2.323805556855427223e-01
-2.339980470604094975e-01
-2.353348684089298093e-01
-2.364023334830618328e-01
-2.372229513879029472e-01
-2.378260873795359220e-01
-2.382443559924720677e-01
-2.385108154992590102e-01
-2.316373282119206234e-01
-2.329758705165914101e-01
-2.255077705993053794e-01
-2.264839297095493365e-01
-2.205399567865096166e-01
-2.158551915653033060e-01
-2.122854864618104465e-01
-2.096737272242232830e-01
-2.078620319658304183e-01
-2.066999819556625262e-01
-2.060498580283380843e-01
-2.057896349801979774e-01
-2.058143138386643312e-01
-2.060360427202461153e-01
-2.063833809531681052e-01
-2.067999882644542264e-01
-2.072429632897296869e-01
-2.076810081626518922e-01
-2.080925553677601680e-01
-2.084639578475522281e-01
-2.087878129380469350e-01
-2.090614649114996837e-01
-2.092857096871700850e-01
-2.094637085124115838e-01
-2.096001048479914086e-01
-2.097003298948942884e-01
-2.097700766463890254e-01
-2.112956714459088836e-01
-2.125465111179540845e-01
-2.135366603882076220e-01
-2.142901397540406538e-01
-2.133071421583210281e-01
-2.124358322552690748e-01
-2.116880147875206397e-01
-2.110650623205583276e-01
-2.105612533892282645e-01
-2.032383296314352883e-01
-2.042153079155200057e-01
-1.982575614271648856e-01
-1.935080298052123116e-01
-1.898496958420243796e-01
-1.871439654098110417e-01
-1.852443430153671855e-01
-1.840064186899907916e-01
-1.832947591169513668e-01
-1.829872729060653125e-01
-1.829775767862893421e-01
-1.831758344595153520e-01
-1.835084786135123824e-01
-1.769361710010448618e-01
-1.716588652340040877e-01
-1.675649615743648457e-01
-1.645135465812836983e-01
-1.623507499164447143e-01
-1.609219210082042384e-01
-1.600801805738809591e-01
-1.596919572471648952e-01
-1.596401146845440877e-01
-1.598252307770924308e-01
-1.601655246722977211e-01
-1.605958514252920910e-01
-1.540253729788005899e-01
-1.487358542282219975e-01
-1.446199452327312507e-01
-1.415402888250156810e-01
-1.393459472329596771e-01
-1.369088159680760253e-01
-1.352590967283708867e-01
-1.342355434899311639e-01
-1.336957861635985623e-01
-1.265869707140518940e-01
-1.210179875722434684e-01
-1.168075407120769960e-01
-1.137604225493369370e-01
-1.124646394723944898e-01
-1.118000050339142959e-01
-1.116174193080556876e-01
-1.109950804297521465e-01
-1.115398400164684389e-01
-1.122221041498341343e-01
-1.121641098335177666e-01
-1.130498731481204278e-01
-1.138911482991968871e-01
-1.146566284401258073e-01
-1.153283602633030647e-01
-1.158988041065256436e-01
-1.155403335392619635e-01
-1.152410978636031480e-01
-1.149983374182081963e-01
-1.148071790549418658e-01
-1.154700462331923472e-01
-1.152129753847122018e-01
-1.158120540440317203e-01
-1.084787232577051341e-01
-1.102781625110262897e-01
-1.119060477341107251e-01
-1.062334963380828778e-01
-1.087205298744198245e-01
-1.109086172360447264e-01
-1.127711696209976466e-01
-1.143071524281673579e-01
-1.155334904820461972e-01
-1.093372298735038051e-01
-1.113435406609644129e-01
-1.130524679789637332e-01
-1.073197557289466975e-01
-1.026092743715143474e-01
-9.886088846643947825e-02
-9.598126616275237666e-02
-9.385906718790937298e-02
-9.237646311554148504e-02
-9.141746618173329786e-02
-9.087358996547201251e-02
-9.064735844425109157e-02
-9.065414055897780266e-02
-9.082273094390913570e-02
-9.109503430764598342e-02
-9.142514769206644409e-02
-9.177807543725169381e-02
-9.212825831665605314e-02
-8.529755209877132316e-02
-7.973885656926715804e-02
-7.536055413344211473e-02
-7.203618461680827423e-02
-6.962174744771409962e-02
-6.796870310741187637e-02
-6.693326443078495558e-02
-6.638260288579211910e-02
-6.619857679362417535e-02
-6.627953857527169035e-02
-6.654071149328477652e-02
-6.691355305532176168e-02
-7.452608430591189936e-02
-7.366154746969177936e-02
-7.287482154552060720e-02
-7.218378360149402262e-02
-7.159583595483276497e-02
-7.111069418584947677e-02
-7.072273512642546223e-02
-7.042291433789293897e-02
-7.020028235219721857e-02
-7.004314126199151502e-02
-7.711890450232616878e-02
-7.574642088531580164e-02
-7.449598630016907030e-02
-7.339650651815610161e-02
-7.246015469429178957e-02
-7.168680334313037861e-02
-7.106776234734546449e-02
-7.058883590193532065e-02
-7.023274315723426753e-02
-6.998096739357051455e-02
-6.981510920090472361e-02
-6.971782256701852809e-02
-6.967341097074419842e-02
-6.248167310710717182e-02
-6.381866540615588335e-02
-5.789336717327731030e-02
-5.316367078603412288e-02
-4.951687209272370715e-02
-4.681705487066278870e-02
-4.491939020465074428e-02
-4.368055687707994572e-02
-4.296590174066139411e-02
-4.265395214954903480e-02
-4.263884944299456414e-02
-4.283120975612275672e-02
-4.315784714916892639e-02
-4.356072133463650964e-02
-3.678922275103846395e-02
-3.133226853506099197e-02
-2.707930525089552454e-02
-2.388951263149419191e-02
-2.160853006198792947e-02
-2.008079683896912826e-02
-1.915818154174275811e-02
-1.870557694127228388e-02
-1.860409369718452055e-02
-1.875241926406334692e-02
-1.906683131371811335e-02
-1.948027583479183811e-02
-1.994084389103645272e-02
-2.040991079304443900e-02
-2.086013887673510148e-02
-2.127349102319864294e-02
-2.163935669756700264e-02
-2.195285535337609950e-02
-2.221335292829818009e-02
-2.242320501283523448e-02
-2.258672415566809200e-02
-2.270935769586834851e-02
-2.279705553143052121e-02
-1.564052739183185992e-02
-9.778969568475792684e-03
-1.234623356260677873e-02
-7.465655896683243142e-03
-3.620750462087762855e-03
-6.999328561532180970e-04
1.423340175211507130e-03
2.879299891012987445e-03
3.793844701127202512e-03
4.283199491791123137e-03
4.450716488173078744e-03
4.417214256707158171e-03
1.144626892230959925e-02
1.703240759764201862e-02
2.132077165123758000e-02
2.448142656217289215e-02
3.391656509232587879e-02
4.124177882386725891e-02
4.671527632402217023e-02
5.061401674354559788e-02
5.321307750427739514e-02
6.196336606764973887e-02
6.858525364093415178e-02
7.337910722148488496e-02
7.664965357999808937e-02
7.868856574741678322e-02
7.976320813038628721e-02
8.011013330014038480e-02
7.993215722867397233e-02
7.939805137200917073e-02
8.581170235902013665e-02
8.363532297766473889e-02
8.151403717356275891e-02
7.954292253983386018e-02
7.778034571021286148e-02
8.342771133539805817e-02
8.800658723415333284e-02
8.443855291691693132e-02
8.847122821558572880e-02
9.166095046277833447e-02
8.693692255357499121e-02
8.286599672464678434e-02
8.663342380574134971e-02
8.973576809733430082e-02
8.505016707755852501e-02
8.110552648439739443e-02
7.788543731502972634e-02
8.251332168112246457e-02
7.926314092320518867e-02
7.662422281621728004e-02
7.455043234290181786e-02
7.297975623947872137e-02
7.184240131237129567e-02
7.106685262197420805e-02
7.058418476477723580e-02
7.750950970536085727e-02
8.328943744959049766e-02
8.080092084212986414e-02
7.861162149466127680e-02
8.391769518503822134e-02
8.106693835132561254e-02
7.861121626758627023e-02
8.373191670294977129e-02
8.792847840221584832e-02
9.126076984723696661e-02
8.665673423422215471e-02
8.984864309713969099e-02
8.521970349548935175e-02
8.130563140783197973e-02
7.809629103345128165e-02
8.272022325309502655e-02
7.945665383902955625e-02
8.396960303343892207e-02
8.056414289511337756e-02
8.491869594466461280e-02
8.851989767512691287e-02
8.424454711691464759e-02
8.779528246414147752e-02
9.068553821451796892e-02
8.580333961966846168e-02
8.168191450757888994e-02
7.830819678215905633e-02
8.280630684977974276e-02
7.945070196616499381e-02
8.389990966666172056e-02
8.045368484979986690e-02
7.761534730412988914e-02
8.252338849203821880e-02
8.663602850480134343e-02
8.281405765018523546e-02
8.675750112128577385e-02
8.997567217119839533e-02
8.535846310074224341e-02
8.144525498891530546e-02
7.822915331184621124e-02
7.566852160505144198e-02
7.369969406369092368e-02
7.224702327275589475e-02
7.840814394569828316e-02
8.360946504081456787e-02
8.786854169639957135e-02
9.124746476938572215e-02
9.383589448377205322e-02
9.573786764334024646e-02
9.706191135097008704e-02
9.791395901619126541e-02
9.839257255068800667e-02
9.858600931228811426e-02
9.928269189511040871e-02
9.971024256726135349e-02
1.071945981649509161e-01
1.132269289015741531e-01
1.179166992749136611e-01
1.214146320721338768e-01
1.238918541595899203e-01
1.255239555194127554e-01
1.264796029909429631e-01
1.269130790713524082e-01
1.269600049422248134e-01
1.340294115055913338e-01
1.395730745353274127e-01
1.437640439532137382e-01
1.467943909305977623e-01
1.477803841888043479e-01
1.481795703585302437e-01
1.552590769915094260e-01
1.606918675842683442e-01
1.647116944656661364e-01
1.675498317711394680e-01
1.694245843519908146e-01
1.775100175102468647e-01
1.837126318350572607e-01
1.882881787715646738e-01
1.914963891743275415e-01
2.005039610610941381e-01
2.004443251368632772e-01
1.997910835084713010e-01
1.987579574713507213e-01
1.975138889300829259e-01
1.961878929644309544e-01
1.948743987929029142e-01
1.936387235947050200e-01
1.925223976120564728e-01
1.915481308841648911e-01
1.907242796961787779e-01
1.900487313126615341e-01
1.895121763752229960e-01
1.891007782448113073e-01
1.887982775343644004e-01
1.885875890154951051e-01
1.884519584817352378e-01
1.883757507518921681e-01
1.883449385457169889e-01
1.883473570473392922e-01
1.883727819314888752e-01
1.884128805298472820e-01
1.954168261648925320e-01
1.941973332724946655e-01
1.930632070525541977e-01
1.920483289409933292e-01
1.911700341625486299e-01
1.904332044319907435e-01
1.898337800455323077e-01
1.893616821789749771e-01
1.890031692234943606e-01
1.900822112893394422e-01
1.910101129962284983e-01
1.917819227350265887e-01
1.924024851154222393e-01
1.928834620872912353e-01
1.918543147552767003e-01
1.923551563834795530e-01
1.927540766841815412e-01
1.930604303869356553e-01
1.932857706210044935e-01
1.934425548909233239e-01
1.935431825289035679e-01
1.922100213955055814e-01
1.924847397878879374e-01
1.913418495934098296e-01
1.904193685743460485e-01
1.910494774429367659e-01
1.916074744698612609e-01
1.920856859522743765e-01
1.924828357399970269e-01
1.928022766936341448e-01
1.930504713392759975e-01
1.932357357414589139e-01
1.933672441208309500e-01
1.934542774512579832e-01
1.949125525488277777e-01
1.961017459869807134e-01
1.970370927542393069e-01
1.962958444152078652e-01
2.028144884518370272e-01
2.080479618860680002e-01
2.121187161777318142e-01
2.151728428559709361e-01
2.102847379333165900e-01
2.130723202984148301e-01
2.151930647227162652e-01
2.167404040439686597e-01
2.178087517487572455e-01
2.184883949143989756e-01
2.204382059867764365e-01
2.202904821454905182e-01
2.215843404557273910e-01
2.225081524180740900e-01
2.302838899361039360e-01
2.365182897845374832e-01
2.413416898146560907e-01
2.449222027896524878e-01
2.474447977911373719e-01
2.562257136649914724e-01
2.629837514494954842e-01
2.679808226118183256e-01
2.714923834819975568e-01
2.737879532831963836e-01
2.751184159360253734e-01
2.827262807015942236e-01
2.884785438337604813e-01
2.947550599663839588e-01
2.972287923309053781e-01
2.986560858645115335e-01
2.992840096029480979e-01
3.084508844044926423e-01
3.155861958989834015e-01
3.186206891710976485e-01
3.204982844369101969e-01
3.306762649407735122e-01
3.385286026018794470e-01
3.443427110941226221e-01
3.484269839858524787e-01
3.510882764564380309e-01
3.526161600999189183e-01
3.601141156600822235e-01
3.656974407913282654e-01
3.696595252929164577e-01
3.722888091148430778e-01
3.738549282217047409e-01
3.746003996969882177e-01
3.747363884888930130e-01
3.744414144546350798e-01
3.738621162062598646e-01
3.731153901437176401e-01
3.817148341265810263e-01
3.858853619123105982e-01
3.917201147288493779e-01
3.961733164909468918e-01
3.994204576847992794e-01
4.083828795642827636e-01
4.152643059392400193e-01
4.203348168419174247e-01
4.238789000412186425e-01
4.261752091342372317e-01
4.305248406509836201e-01
4.335968643306533643e-01
4.356037307489450949e-01
4.434609878994473231e-01
4.494211164827244254e-01
4.537432277461710406e-01
4.566962884869230077e-01
4.585408401556019253e-01
4.661125572663171734e-01
4.717826257406751989e-01
4.758414852981283083e-01
4.785736500177151242e-01
4.802444032879911173e-01
4.810920643499219107e-01
4.813242041993495146e-01
4.909607174554317943e-01
4.985398708853066019e-01
5.007621589492885494e-01
5.020130268449349842e-01
5.025291435580592214e-01
5.060083658139615803e-01
5.049724544140807847e-01
5.037494541601845732e-01
5.059574439396719026e-01
5.075593065730583664e-01
5.086501152516842428e-01
5.093240560016552010e-01
5.096697657874948995e-01
5.097671898119044975e-01
5.096857789911033443e-01
5.094837887751733074e-01
5.092084192665307096e-01
5.088965462089440894e-01
5.085758224223027035e-01
5.082659696278848394e-01
5.079801234312686375e-01
5.077261341985004339e-01
5.075077607525619872e-01
5.073257211326027694e-01
5.071785852033849906e-01
5.070635084541252890e-01
5.069768159441321309e-01
5.169532400730998400e-01
5.251530068379646199e-01
5.316742064595105788e-01
5.366754817041665682e-01
5.403494268787183419e-01
5.492392868306250620e-01
5.560090818031124815e-01
5.609559125616236930e-01
5.643811732227803635e-01
5.727408779551874662e-01
5.789456502773601132e-01
5.833438328128399686e-01
5.902953803608272931e-01
6.014046683471774291e-01
6.098038247936090617e-01
6.158794974594875571e-01
6.200212442268865365e-01
6.226004135406274509e-01
6.298289635246462348e-01
6.350225529218487264e-01
6.385407044236478535e-01
6.407172515208487962e-01
6.418513781028225562e-01
6.422034369788407471e-01
6.419940133297072915e-01
6.414051650899871282e-01
6.405830862234745959e-01
6.439420448916062245e-01
6.421730415134334624e-01
6.404886332254076109e-01
6.432646868095301951e-01
6.411115239518474507e-01
6.435443268613335599e-01
6.411233075481466148e-01
6.390439959171203554e-01
6.373116380277398241e-01
6.359113358536817584e-01
6.348152029931872775e-01
6.339879118321818385e-01
6.333908642412597878e-01
6.329852170376800702e-01
6.327339760379582234e-01
6.368712061028690696e-01
6.360467476328000025e-01
6.396425574579137630e-01
6.382641624235586564e-01
6.370591157989166087e-01
6.360381108629835634e-01
6.394955338449808124e-01
6.423600736800610944e-01
6.402999247386192971e-01
6.428506780640896867e-01
6.448995782713975444e-01
6.421109227371257777e-01
6.440773691901504616e-01
6.456507833864354451e-01
6.468655748980595144e-01
6.477650535539111187e-01
6.483964589525992306e-01
6.488072133425671906e-01
6.490422722655666554e-01
6.491424093707236498e-01
6.536023861872555241e-01
6.572152682389887923e-01
6.658876051099147375e-01
6.727551320082103548e-01
6.780026655077751041e-01
6.818463383681563350e-01
6.845114785993406947e-01
6.918906688611630162e-01
6.974214598290802147e-01
7.013906485856037376e-01
6.985209135812316950e-01
7.059292957258774814e-01
7.116347246457368492e-01
7.158470280764798188e-01
7.187920449825009328e-01
7.206951625813809992e-01
7.217695414137441645e-01
7.271087191918240711e-01
7.311299311707182280e-01
7.340062407373951769e-01
7.414552041431046181e-01
7.470848476245224301e-01
7.511539797884538849e-01
7.644210029210851687e-01
7.693733410917404925e-01
7.780502631510509692e-01
7.844140053216139830e-01
7.888385932771040387e-01
7.916855477040689593e-01
7.984499640002853393e-01
8.085648105581151324e-01
8.161559213507373345e-01
8.215916340429403331e-01
8.252407674323318787e-01
8.274534542244562640e-01
8.285487723963828044e-01
8.288076735398196560e-01
8.388871234656519738e-01
8.466622441623662398e-01
8.524233756209070867e-01
8.564790845384592233e-01
8.591340371071211068e-01
8.710586042443710930e-01
8.802124256647341216e-01
8.869581549458406267e-01
8.916749733382215437e-01
8.947329988801018263e-01
9.010371533415035827e-01
9.054539614894574484e-01
9.140796549409360150e-01
9.160421826101776688e-01
9.213820904224158115e-01
9.250971652536341683e-01
9.274857182301289305e-01
9.244165110224542570e-01
9.257678289540116623e-01
9.264731872020638415e-01
9.281699717081255407e-01
9.337128276617965295e-01
9.335331834702980114e-01
9.374739625873240723e-01
9.403935878796447767e-01
9.380281837667381328e-01
9.401917614131339862e-01
9.372935086558933371e-01
9.346736932379157148e-01
9.368770276000646380e-01
9.341489841813823691e-01
9.318183240231195930e-01
9.343947113416321004e-01
9.320424869314754002e-01
9.300876321574642613e-01
9.224778409831358994e-01
9.163627068198866299e-01
9.116042130623449591e-01
9.080351251389469081e-01
9.054774306627300096e-01
9.083476672022172682e-01
9.110132903731789078e-01
9.133990140891978804e-01
9.154679679127296632e-01
9.114322980437857824e-01
9.081793688919198582e-01
9.056317540112085451e-01
8.992236388906067468e-01
8.986412418819326176e-01
8.984377654825967952e-01
8.940007737034890711e-01
8.905439647732987796e-01
8.879575072036041128e-01
8.861186570965716713e-01
8.849015424636298421e-01
8.841845849053330264e-01
8.838557019589919905e-01
8.838155493457806600e-01
8.886196546035900479e-01
8.983709292770238886e-01
9.063759851726954642e-01
9.127412366523514065e-01
9.176280559059716291e-01
9.270849119185431420e-01
9.344426306729723963e-01
9.399339562898758604e-01
9.438234289783841158e-01
9.463836187980811943e-01
9.478776526886800724e-01
9.485473887179490804e-01
9.486063464884187946e-01
9.482364186325830113e-01
9.475874168341591464e-01
9.511031260306769264e-01
9.597602265521387732e-01
9.665722978367879969e-01
9.758826046706867707e-01
9.788679061061802411e-01
9.848017167306318820e-01
9.890731174484314048e-01
9.980736255105846499e-01
9.987608084212182824e-01
1.004791847810452055e+00
1.013045063383921196e+00
1.019163351528253880e+00
1.029656189767994334e+00
1.037591025578009196e+00
1.043325622288664434e+00
1.050822235538575455e+00
1.056119912937924621e+00
1.065880338662979376e+00
1.076501045200298989e+00
1.084265122932593250e+00
1.089662240841031249e+00
1.089886100929143176e+00
1.095539276513339599e+00
1.099493967534716621e+00
1.102038907425181957e+00
1.103454059102336959e+00
1.103998444828093284e+00
1.110430048823025206e+00
1.118480002984953536e+00
1.124508744949431760e+00
1.135401156419687307e+00
1.143693391077752475e+00
1.149730827532594368e+00
1.153876007044170704e+00
1.156483121635034639e+00
1.164581160352771372e+00
1.163835802127537900e+00
1.169235279876438494e+00
1.173085329490032747e+00
1.182449397850765305e+00
1.189580820586958243e+00
1.204339437951749359e+00
1.215646183140603576e+00
1.223957885930241130e+00
1.236691314152657650e+00
1.246130268970914168e+00
1.252771452548666620e+00
1.266356042813205240e+00
1.276333337941216062e+00
1.283299154652346452e+00
1.294818914370481577e+00
1.303141011681467898e+00
1.308802142447837547e+00
1.312314181977370930e+00
1.314145271292907591e+00
1.314709077695239925e+00
1.321431168792766675e+00
1.326263149231493355e+00
1.327752328509492763e+00
1.330066140389261742e+00
1.331353136685984762e+00
1.331857232189435969e+00
1.338971344826233700e+00
1.344389295146318775e+00
1.348335560380500286e+00
1.358284969063568326e+00
1.367430082628247279e+00
1.374196462720209233e+00
1.386157284419356595e+00
1.387980764520372112e+00
1.388619278236849386e+00
1.395557446894309495e+00
1.400603917270206278e+00
1.404071075445022965e+00
1.406257717270210428e+00
1.407438124268434176e+00
1.407855621635155430e+00
1.413769932407575647e+00
1.412139537213497720e+00
1.417587780815857013e+00
1.420596356636773194e+00
1.422680951307093489e+00
1.424000300470383173e+00
1.424709006456566396e+00
1.424950080669318053e+00
1.424850123793840018e+00
1.424516845884456817e+00
1.424038474472303140e+00
1.423484549587756387e+00
1.430366598055203387e+00
1.435905820417999745e+00
1.447702921429367962e+00
1.457057930836370474e+00
1.472477962926729722e+00
1.476887354231154470e+00
1.479635558983636967e+00
1.487860699860613867e+00
1.487107272162278226e+00
1.492557616397643061e+00
1.496448563161293155e+00
1.499037523943144379e+00
1.500574915369191631e+00
1.501293141633269546e+00
1.501399440544265662e+00
1.494106208676698078e+00
1.494758488423546527e+00
1.495163670698800074e+00
1.487851763432321839e+00
1.482426059193671097e+00
1.484895089511115041e+00
1.487088936674066941e+00
1.488974652021582079e+00
1.490545280917643378e+00
1.491812619871016876e+00
1.485265303193177289e+00
1.487380272739064146e+00
1.489192929775491558e+00
1.490698794488502177e+00
1.491911100695263892e+00
1.492854714407768180e+00
1.486016696534695480e+00
1.480363060628427707e+00
1.484017324780660285e+00
1.486520810871533538e+00
1.488650596893276612e+00
1.490407512406648705e+00
1.491811563903072901e+00
1.485371155910316210e+00
1.480022820233663161e+00
1.483237526032984421e+00
1.486035231692686587e+00
1.488394298867122156e+00
1.482787648910031564e+00
1.486327251695159779e+00
1.489257727342223392e+00
1.491616772257571277e+00
1.493459831737452559e+00
1.502718722108830729e+00
1.510037498553484792e+00
1.515654567853191637e+00
1.519816697162610142e+00
1.522764179484453972e+00
1.524721716982412101e+00
1.533058177787007592e+00
1.532311394570217145e+00
1.531205722963405957e+00
1.529907410965261727e+00
1.528542279121562597e+00
1.527201675591655317e+00
1.525948223821638638e+00
1.524821223049568353e+00
1.523841589474723479e+00
1.523016257118614547e+00
1.515146199150374962e+00
1.508731825375033031e+00
1.503669913476628706e+00
1.499816960928755494e+00
1.497009114875394786e+00
1.495077083572650567e+00
1.493856766768023370e+00
1.493196356372432199e+00
1.492960617361498210e+00
1.493032988244809678e+00
1.493316057221162785e+00
1.493730884037783202e+00
1.487034229442884214e+00
1.481679547012632270e+00
1.477540557575846902e+00
1.474465263372997104e+00
1.472291933081574911e+00
1.478020388384684525e+00
1.483036080211055374e+00
1.487290360928240629e+00
1.490789488886898884e+00
1.493577732579758344e+00
1.495723530555096881e+00
1.490125322110088968e+00
1.485370357695053212e+00
1.481453016990260441e+00
1.478325057841580970e+00
1.468755073197305583e+00
1.461130400942531882e+00
1.455259442776364764e+00
1.450916518646649944e+00
1.440753450007997705e+00
1.425883022561478919e+00
1.414399161933020954e+00
1.405866418501863446e+00
1.399828078689015154e+00
1.395837565556166338e+00
1.393478731503685175e+00
1.392377925800382332e+00
1.392210073232616585e+00
1.392700453677122141e+00
1.393623459033654033e+00
1.394799304207125612e+00
1.396089449558773676e+00
1.397391324481173314e+00
1.391627429299896246e+00
1.394038890851658552e+00
1.396230379289612022e+00
1.398153089058421505e+00
1.399787117468046516e+00
1.401133799142867398e+00
1.402209224706190804e+00
1.403038930458362366e+00
1.403653689343290045e+00
1.404086296036703319e+00
1.404369217855408358e+00
1.404532975153524488e+00
1.404605116671675091e+00
1.404609663950298959e+00
1.404566911865203771e+00
1.404493487549431929e+00
1.404402585877220222e+00
1.397285072432375985e+00
1.398469387260439456e+00
1.399572153082027315e+00
1.400559979134222477e+00
1.401415649068883162e+00
1.402134132801484245e+00
1.402719161882253207e+00
1.403180378153735530e+00
1.403531033026785835e+00
1.403786192703773139e+00
1.403961391403285797e+00
1.404071668339485601e+00
1.404130923206356574e+00
1.404151527708064728e+00
1.404144135977877239e+00
1.404117643493989487e+00
1.404079251517187599e+00
1.404034601539454030e+00
1.403987951323485195e+00
1.403942370560135267e+00
1.403899939822706777e+00
1.403861941293202298e+00
1.403829033680880078e+00
1.403801406897591919e+00
1.403778914474778983e+00
1.403761183496509801e+00
1.403747703079224696e+00
1.403737893248185209e+00
1.403731156532965985e+00
1.403726914810346615e+00
1.403724633933014942e+00
1.403723838555518855e+00
1.403724119353365829e+00
1.403725134565336319e+00
1.403726607502199242e+00
1.403728321378622690e+00
1.403730112554137932e+00
1.403731863023124138e+00
1.403733492778179714e+00
1.403734952488346233e+00
1.396718343488732250e+00
1.398001484857226195e+00
1.399197766213242211e+00
1.400270481685906843e+00
1.401200555456675989e+00
1.401982212648293036e+00
1.402619257619797555e+00
1.403121971794858869e+00
1.403504607717109387e+00
1.403783431847682284e+00
1.403975253919167443e+00
1.404096373566766864e+00
1.404161873666312621e+00
1.404185192687487538e+00
1.404177914019957063e+00
1.404149717506517847e+00
1.404108446428639301e+00
1.397041596263351781e+00
1.391268969975594239e+00
1.386699526520752013e+00
1.383206590877118725e+00
1.380645621887636176e+00
1.371913674213854684e+00
1.365111423970141402e+00
1.360005315251847202e+00
1.356344652600654843e+00
1.353880122704317568e+00
1.352376317743111844e+00
1.351619607595446526e+00
1.351422473744151143e+00
1.351625207648899263e+00
1.352095701192488120e+00
1.352727913911564217e+00
1.353439484287799033e+00
1.354168853970965758e+00
1.354872189903354895e+00
1.355520317291338817e+00
1.356095814916222553e+00
1.356590372750000162e+00
1.357002469779732268e+00
1.357335396787326287e+00
1.357595623819978226e+00
1.357791494270234489e+00
1.357932215788092867e+00
1.358027111552292387e+00
1.358085092647819625e+00
1.358114312434004933e+00
1.358121965969916856e+00
1.358114201060576232e+00
1.358096111712591147e+00
1.358071789291297460e+00
1.358044411124597950e+00
1.358016350476165979e+00
1.357989295571600197e+00
1.357964368630723895e+00
1.357942238612644736e+00
1.357923223628161757e+00
1.357907380751446347e+00
1.357894582318798893e+00
1.357884578793589814e+00
1.357877048961815492e+00
1.357871638659118307e+00
1.357867989470438408e+00
1.357865758934591049e+00
1.357864633768686158e+00
1.357864337535279020e+00
1.357864634036018314e+00
1.357865327551018186e+00
1.357866260869563302e+00
1.357867311887027917e+00
1.357868389383146024e+00
1.357869428453091887e+00
1.357870385937925750e+00
1.357871236095740786e+00
1.357871966668789954e+00
1.357872575433855422e+00
1.357873067271083700e+00
1.357873451748442539e+00
1.357873741192650696e+00
1.357873949200570918e+00
1.357874089535817008e+00
1.357874175351765578e+00
1.357874218682837641e+00
1.357874230149355377e+00
1.357874218826706558e+00
1.357874192235778210e+00
1.357874156418325873e+00
1.357874116067506964e+00
1.357874074689924715e+00
1.357874034781053174e+00
1.357873998000733051e+00
1.357873965339449374e+00
1.357873937269406417e+00
1.357873913877067906e+00
1.357873894975782925e+00
1.357873880198605665e+00
1.357873869072437012e+00
1.357873861075236332e+00
1.357873855678441322e+00
1.357873852376841661e+00
1.357873850708141594e+00
1.357873850264325055e+00
1.357873850696690088e+00
1.357873851716237867e+00
1.356370960997436814e+00
1.356647354400418060e+00
1.356904322406770724e+00
1.348659722955091844e+00
1.341882016265011579e+00
1.336495545146257680e+00
1.325403591503786283e+00
1.316700205288424463e+00
1.310124300029988476e+00
1.305378622470074079e+00
1.300243533246612460e+00
1.289680071622997914e+00
1.281646283218690341e+00
1.275815406795082874e+00
1.271837567852553530e+00
1.269366731475544352e+00
1.268079208773270850e+00
1.267685118656816545e+00
1.267934289939802506e+00
1.268618000940604507e+00
1.269567779116366646e+00
1.270652274778458324e+00
1.271773012364002087e+00
1.272859628168675483e+00
1.273865034212491532e+00
1.274760807589121248e+00
1.275532993073921650e+00
1.276178421494777560e+00
1.276701583788518279e+00
1.268012102686788101e+00
1.260825775936394333e+00
1.255077951962493277e+00
1.243670485777088386e+00
1.234714560758766178e+00
1.227941792242268182e+00
1.216164964077531385e+00
1.207260091846038552e+00
1.194037254334467946e+00
1.184162160982898060e+00
1.174324508993188410e+00
1.160558737662043427e+00
1.150341418145483408e+00
1.143133130167407030e+00
1.138399683843542842e+00
1.129066451720352138e+00
1.115991900284934557e+00
1.103197461650589961e+00
1.093823418364902045e+00
1.087333935867523582e+00
1.076811532592413911e+00
1.069356255158019575e+00
1.064418387264506549e+00
1.061485753100717799e+00
1.056556661167515898e+00
1.053388572778936716e+00
1.045306051995364971e+00
1.039469415404292718e+00
1.035506614861022578e+00
1.033058341225655319e+00
1.031793824520654823e+00
1.031420021954711608e+00
1.031685830076341404e+00
1.032382691813705122e+00
1.033342713192131779e+00
1.034435175811920127e+00
1.041844901591745476e+00
1.041786817639793750e+00
1.041724881027285665e+00
1.041663548017727425e+00
1.041605878170362320e+00
1.035291317926539723e+00
1.030167240388120575e+00
1.026133986818132948e+00
1.023065954569693847e+00
1.020826493771812560e+00
1.009380636987524671e+00
1.000280190916889911e+00
9.872782904809327409e-01
9.772836351425631118e-01
9.658269129450574031e-01
9.572234315391927595e-01
9.510779009222085634e-01
9.411184615012997412e-01
9.296075349036180269e-01
9.153327348542050768e-01
9.047348490233687590e-01
8.972510044453618772e-01
8.923244288445020267e-01
8.792689344983639632e-01
8.696310526563016952e-01
8.628827167876639281e-01
8.530555930341732207e-01
8.461629450198189240e-01
8.416537907733534496e-01
8.342333640116224025e-01
8.290919151509590357e-01
8.205449288639974359e-01
8.144793238018211978e-01
8.104501702475029878e-01
8.030846327652099159e-01
7.978360790376289868e-01
7.943518311171176016e-01
7.922899689818786451e-01
7.862023857533508853e-01
7.819057016016693895e-01
7.790732453675773828e-01
7.774026041109507457e-01
7.766242056677924444e-01
7.815386719111288016e-01
7.809574774465138924e-01
7.807473007525965736e-01
7.858658839942527230e-01
7.902753598268771329e-01
7.888570488672007608e-01
7.927679005787283684e-01
7.908354600411985347e-01
7.891474652930605682e-01
7.877221735482600184e-01
7.813464284185708264e-01
7.709363692347434016e-01
7.625624620246412855e-01
7.560618630979801802e-01
7.407538291757053139e-01
7.287788273814698181e-01
7.149141559365540521e-01
7.045857019940097166e-01
6.972312240091085300e-01
6.866903355069567949e-01
6.745094204321103737e-01
6.656872472255292994e-01
6.495225167382022713e-01
6.375071737266940763e-01
6.289807955029322883e-01
6.233096274257011737e-01
6.199108776588950764e-01
6.182657751957191250e-01
6.179251674490905399e-01
6.185101409757073343e-01
6.197093020493140703e-01
6.212738385762387461e-01
6.230111801750523037e-01
6.247778856256820390e-01
6.264722562055484723e-01
6.280270670997377680e-01
6.294027132090466159e-01
6.305809770113356416e-01
6.315595461154276391e-01
6.323473393571285017e-01
6.329606446104242279e-01
6.376957984798318213e-01
6.415587930723433141e-01
6.344138006640300809e-01
6.283550375878592664e-01
6.233798015758159616e-01
6.194271095369078273e-01
6.163986899632173388e-01
6.040167089399052225e-01
5.942070864470347935e-01
5.867023038409844293e-01
5.811930967350352750e-01
5.773591025314431802e-01
5.748898791471312997e-01
5.673939696653313991e-01
5.618020407664656712e-01
5.640129280783172661e-01
5.664496902473474815e-01
5.689140459471615507e-01
5.612726351278432002e-01
5.552959142041309359e-01
5.507841332291525394e-01
5.475229621533943547e-01
5.452993473790399559e-01
5.377501715781694003e-01
5.283085339271180736e-01
5.211294330811313547e-01
5.158893617474664683e-01
5.060326552332483629e-01
4.985909899300320358e-01
4.898542058725694481e-01
4.868553293196824505e-01
4.852072159009903629e-01
4.782251784710855880e-01
4.795245680485178408e-01
4.748603943163238750e-01
4.715612733837866166e-01
4.693966015733717079e-01
4.681427537796010174e-01
4.675933495827593323e-01
4.610273294974500669e-01
4.559869293905005616e-01
4.522877126320705710e-01
4.497265269883274907e-01
4.414221588786002570e-01
4.350337012889733401e-01
4.303338312282305456e-01
4.240006361869350648e-01
4.127026123264734281e-01
4.041149125329144276e-01
3.910432564923191912e-01
3.783975833941553013e-01
3.690981050526542795e-01
3.557527106958053853e-01
3.459098962499846941e-01
3.321152413084618171e-01
3.219514457539145447e-01
3.126035920574492533e-01
2.993337022198792052e-01
2.897368283604464523e-01
2.762146020362228338e-01
2.644974232421848370e-01
2.493701805823764772e-01
2.383875827819821325e-01
2.308418196060528782e-01
2.190846895839946296e-01
2.107597483063765598e-01
1.982258074623444166e-01
1.892039034188781610e-01
1.831134671388019441e-01
1.710449427367457531e-01
1.553590277066403402e-01
1.438120247067107282e-01
1.357362109196367239e-01
1.304887833357708526e-01
1.204019689842614760e-01
1.133138626694523143e-01
1.086862458366282258e-01
1.060159930376454174e-01
9.773747420838252431e-02
9.185585909291993367e-02
8.795763849902105136e-02
8.564927861911875162e-02
8.457199487771815960e-02
8.441024780968375829e-02
8.489541039679626699e-02
8.580585814680885548e-02
8.696454071994552670e-02
8.823491204129663146e-02
8.887793192714088519e-02
9.020752389603736709e-02
8.429693032908658346e-02
8.667336563889360690e-02
8.880854447811104002e-02
9.066277336560046862e-02
9.222314408444809430e-02
9.349618721977126512e-02
9.450167755447180795e-02
8.810875809923057744e-02
8.280982983262452635e-02
7.855438889957655491e-02
7.525162953175978942e-02
6.560031365529117586e-02
5.076991905527084015e-02
3.905880073449363721e-02
2.292884456389709946e-02
1.053531595677781318e-02
1.402570580454565174e-03
-4.976293905078810198e-03
-1.631913560834097332e-02
-2.437655693125528877e-02
-2.979658380358163328e-02
-3.312783234571714530e-02
-4.190827719294065723e-02
-5.519520201991201525e-02
-6.509668966101100906e-02
-7.214352153300063186e-02
-7.684727416999526106e-02
-8.665502461916929633e-02
-9.373151911625998700e-02
-9.854179024449627455e-02
-1.015250718940052810e-01
-1.100313129189571804e-01
-1.100104272410458162e-01
-1.153725446610027738e-01
-1.190524089403457442e-01
-1.222262249263150746e-01
-1.242002803088486651e-01
-1.252224500518015482e-01
-1.246309739550284235e-01
-1.245641652903979324e-01
-1.232544438535605469e-01
-1.218864873300888885e-01
-1.135490285577780423e-01
-1.073601410955784541e-01
-1.022986716083840175e-01
-9.829893411976065032e-02
-9.525797345903663782e-02
-9.305163114771475286e-02
-9.154747203298141400e-02
-9.061455727731626553e-02
-9.013029946841766282e-02
-8.998479596349340248e-02
-8.290260398151283461e-02
-7.729306840117833310e-02
-7.300844709861586956e-02
-6.987440214405893357e-02
-6.770778523778053781e-02
-6.632939290323447423e-02
-6.557252256629864107e-02
-6.528816508223500570e-02
-7.253593556075021986e-02
-7.926687878345672900e-02
-8.427147113878774576e-02
-8.888786952349825299e-02
-9.978164838915626333e-02
-1.076970536327352956e-01
-1.136714981908772959e-01
-1.251554418462665907e-01
-1.339107049660963611e-01
-1.403234112067814898e-01
-1.447818152670712344e-01
-1.547129495841350622e-01
-1.620764464475283884e-01
-1.742818791163751602e-01
-1.821199260022998700e-01
-1.943763202482047259e-01
-2.033455881915187113e-01
-2.096059850470275432e-01
-2.136854070014708729e-01
-2.227486904045528071e-01
-2.292491379853280886e-01
-2.352360389816694486e-01
-2.392939454788560738e-01
-2.417806985041321965e-01
-2.430305277047235535e-01
-2.433444281559693501e-01
-2.497652316612171131e-01
-2.545007521545867846e-01
-2.578101538412795879e-01
-2.666954684589846192e-01
-2.733976260970316652e-01
-2.782314252106312669e-01
-2.815139948489886468e-01
-2.902041388851646087e-01
-2.966713954345776560e-01
-3.012609262618690664e-01
-3.063896250896760431e-01
-3.165767644144443782e-01
-3.286211828037146621e-01
-3.398770752440096743e-01
-3.482108948971323059e-01
-3.540683886998909902e-01
-3.513833929318395111e-01
-3.482481265381547342e-01
-3.449621613980020651e-01
-3.351432259078852560e-01
-3.267004082777245078e-01
-3.196734016022428904e-01
-3.140133513360796602e-01
-3.096115807538482034e-01
-3.063235477843611054e-01
-3.039877989632764343e-01
-3.024401692857172641e-01
-3.015237738857852179e-01
-3.010954782531991558e-01
-3.010295619760967600e-01
-3.012192481934585775e-01
-3.015766895976947914e-01
-3.020319047807316082e-01
-3.025310605756601490e-01
-3.030344052683400236e-01
-3.035140783419325583e-01
-3.106682506697051593e-01
-3.165174351913755402e-01
-3.211544014239213762e-01
-3.247071034343653739e-01
-3.273208696887381919e-01
-3.225100709127226573e-01
-3.182559265829141282e-01
-3.235150058628104563e-01
-3.278174380984992808e-01
-3.312172745499923909e-01
-3.405325697419867570e-01
-3.478997798704854816e-01
-3.535164822722507427e-01
-3.576154782822968947e-01
-3.604406771788679631e-01
-3.555586429589541186e-01
-3.486251136068159173e-01
-3.427156030160096734e-01
-3.378235056504805822e-01
-3.338903334468930062e-01
-3.308257717420242106e-01
-3.285225866578111997e-01
-3.202315977850984652e-01
-3.136720845490443832e-01
-3.086653626481001833e-01
-3.050056264512297499e-01
-3.113291479653805816e-01
-3.102570632265306827e-01
-3.164219945477864115e-01
-3.217195361517692920e-01
-3.261261055188873215e-01
-3.296737820154809206e-01
-3.347899217582446241e-01
-3.456660134456273070e-01
-3.543283045856913116e-01
-3.635607147185411225e-01
-3.679888439747220907e-01
-3.709340605121698164e-01
-3.726902462998580301e-01
-3.735266817497793213e-01
-3.736800755697713416e-01
-3.801213307470296954e-01
-3.849718718694969954e-01
-3.884681619993528567e-01
-3.974963470809727006e-01
-4.043544113232873105e-01
-4.093588948699624641e-01
-4.193347927736124081e-01
-4.268162045003611738e-01
-4.321913640275234503e-01
-4.358338147763798354e-01
-4.444422991696828085e-01
-4.507666383281940803e-01
-4.551876854091487790e-01
-4.580636509385236366e-01
-4.659398817029130058e-01
-4.717090747019139219e-01
-4.757245714842859297e-01
-4.783184767850654495e-01
-4.891149990060299491e-01
-4.973901610768509673e-01
-5.034683562079600438e-01
-5.137441253759544857e-01
-5.213613734336164374e-01
-5.302292674112925042e-01
-5.426609897890306566e-01
-5.519351077227325764e-01
-5.585183244480449449e-01
-5.628791287210899164e-01
-5.713176542997423502e-01
-5.772711287239820077e-01
-5.811956367765355180e-01
-5.835112963562438804e-01
-5.845915237406815734e-01
-5.847584635954079513e-01
-5.842825418291015538e-01
-5.833847197195078937e-01
-5.822404520450555898e-01
-5.809846366474931134e-01
-5.797170368208671709e-01
-5.785077961118112455e-01
-5.774027695073341571e-01
-5.764284779876642784e-01
-5.755965613314824036e-01
-5.691163414029747347e-01
-5.637932746312712684e-01
-5.595647242375707542e-01
-5.622118766281003488e-01
-5.683722173916112563e-01
-5.736225206073070071e-01
-5.779540527385621518e-01
-5.911420494900980760e-01
-6.018132222018264255e-01
-6.101456497974021564e-01
-6.262655559132536132e-01
-6.388380635711023992e-01
-6.482510341331793047e-01
-6.605650421687693230e-01
-6.739364035113759588e-01
-6.892765215492259179e-01
-7.005492197601030924e-01
-7.084121638225234774e-01
-7.187904096032886603e-01
-7.305838341493584576e-01
-7.389838602177645210e-01
-7.445808314814382767e-01
-7.479317105729085258e-01
-7.498932125300538099e-01
-7.504818183390761233e-01
-7.547960536053913705e-01
-7.576003619576853199e-01
-7.592091611817902708e-01
-7.599018963874166754e-01
-7.599201134405967339e-01
-7.594670214657210927e-01
-7.634770865096209835e-01
-7.664750203528376549e-01
-7.637654667465653135e-01
-7.612099065285423682e-01
-7.588968920317352707e-01
-7.616613715842626142e-01
-7.638736250774406100e-01
-7.655805155658426120e-01
-7.767813655208868351e-01
-7.858140096321764023e-01
-7.977687824521896287e-01
-8.120433243180397165e-01
-8.230729269220673494e-01
-8.312516858751397564e-01
-8.370085774737883177e-01
-8.454388652195207188e-01
-8.513723525526308844e-01
-8.605406593053475106e-01
-8.671711172685371283e-01
-8.716812749710293184e-01
-8.744741195225004260e-01
-8.759214155226667797e-01
-8.763536430986631487e-01
-8.814640416957025826e-01
-8.851251864602233121e-01
-8.875714273069901239e-01
-8.990239077941607482e-01
-9.078957172378346874e-01
-9.144922397212795762e-01
-9.191507583971992856e-01
-9.222113452448633675e-01
-9.296955083315272539e-01
-9.394242174021351088e-01
-9.466356106075624055e-01
-9.517224015878110732e-01
-9.608739286755497711e-01
-9.676177522152960009e-01
-9.723194483354165030e-01
-9.852478076758719450e-01
-9.851371236674957288e-01
-9.841261833505945411e-01
-9.825399792738537252e-01
-9.806362710214722167e-01
-9.726946982990570811e-01
-9.659056551018674330e-01
-9.602715600381251937e-01
-9.557327700186627473e-01
-9.480689900736615217e-01
-9.419805676474019007e-01
-9.373203722119471948e-01
-9.339091520081566067e-01
-9.258136801425018714e-01
-9.196666317326116502e-01
-9.151938135681303432e-01
-9.121167434472411406e-01
-9.101692512634779186e-01
-9.047220483304267979e-01
-9.051379112254408499e-01
-9.059851260911834236e-01
-9.070866244249330412e-01
-9.027317607864122628e-01
-8.994472023720607723e-01
-8.970711297463411782e-01
-8.910454613065507123e-01
-8.809525180062904859e-01
-8.785058927019047115e-01
-8.716094001910569267e-01
-8.718510122852899391e-01
-8.725952275190763663e-01
-8.736530492860102859e-01
-8.648599941821366599e-01
-8.579136134707645578e-01
-8.526292879389698598e-01
-8.494343810275948314e-01
-8.466645170633436690e-01
-8.401004707400905325e-01
-8.351729076992151501e-01
-8.263091233954340531e-01
-8.196482560179950694e-01
-8.148664084545444997e-01
-8.116384683840430769e-01
-8.096570454421093688e-01
-8.086437976873597222e-01
-8.033844190069662217e-01
-7.995231922293817295e-01
-7.968487122456089367e-01
-7.900407653029705157e-01
-7.848762842589054323e-01
-7.811512387691967874e-01
-7.734738203971439630e-01
-7.677635964309451611e-01
-7.584007846068988590e-01
-7.463203766354821189e-01
-7.317685546886885106e-01
-7.206816428722606638e-01
-7.078096488938699915e-01
-6.928132307591602368e-01
-6.816918582698409113e-01
-6.738611641693467158e-01
-6.687377174139702563e-01
-6.657710966252741169e-01
-6.644636350352285392e-01
-6.643809459597952438e-01
-6.548357727651656912e-01
-6.522060104656957069e-01
-6.463546560856624490e-01
-6.422879908233997126e-01
-6.396731721200928922e-01
-6.382031060013542145e-01
-6.376048798974950360e-01
-6.317271909525876694e-01
-6.273422123713074949e-01
-6.199350283227244018e-01
-6.083996078134592533e-01
-5.934076552841731633e-01
-5.777035105586173502e-01
-5.658321665784891152e-01
-5.572448841120356544e-01
-5.513863141864114858e-01
-5.477280459792552847e-01
-5.394922702451807606e-01
-5.336701929680558454e-01
-5.298472239359184321e-01
-5.276262644085967235e-01
-5.165233767045309676e-01
-5.118333260218317360e-01
-5.051992320295692895e-01
-4.940758689776156842e-01
-4.857640408278145472e-01
-4.798566959468972826e-01
-4.659338146116438484e-01
-4.554930084887984787e-01
-4.480133184301553495e-01
-4.362851417870716730e-01
-4.277053760363913604e-01
-4.187581376952689283e-01
-4.029661786742573248e-01
-3.913194527627563701e-01
-3.763919743908412663e-01
-3.654717298735516984e-01
-3.553786315745097735e-01
-3.418232150311497630e-01
-3.320882260863751156e-01
-3.254943726709544904e-01
-3.191844133219425839e-01
-3.085965236053189731e-01
-3.011063749730495953e-01
-2.961422403509266221e-01
-2.911728917924063520e-01
-2.881542359454778435e-01
-2.866264927120918404e-01
-2.862024930086326524e-01
-2.865621822620403325e-01
-2.874460596131627188e-01
-2.886482883014440670e-01
-2.900098318532136066e-01
-2.914117973876406698e-01
-2.927690977085135593e-01
-2.874401382260936000e-01
-2.831543046835862665e-01
-2.798244380348431370e-01
-2.773392728503427662e-01
-2.755761926063671208e-01
-2.677211860619128636e-01
-2.615389851809866162e-01
-2.568571618221449082e-01
-2.466997618256214775e-01
-2.388338598396892998e-01
-2.261475606137031136e-01
-2.163999763634651963e-01
-2.009028578009919297e-01
-1.892192174929365756e-01
-1.807877906253525513e-01
-1.750474272476032489e-01
-1.646153828292271637e-01
-1.571243044275536516e-01
-1.520704476921770354e-01
-1.489765295575904425e-01
-1.463950859882836575e-01
-1.451587569605155004e-01
-1.381399405510548295e-01
-1.339910483321453682e-01
-1.303593233107123162e-01
-1.289316386950469795e-01
-1.283709673157187314e-01
-1.284504897523446321e-01
-1.220758065934530734e-01
-1.164032841604099033e-01
-1.130271467314907241e-01
-1.099771153608675167e-01
-1.011107622730194056e-01
-9.500910818131425017e-02
-9.054653963790082472e-02
-8.051025849425763603e-02
-7.284779670585650457e-02
-6.725948833406025784e-02
-5.639797645436717133e-02
-4.823090852460754085e-02
-4.238326072536069411e-02
-3.141274851951769698e-02
-1.622034277501893662e-02
-4.727610005764271150e-03
1.063787003942429088e-02
2.910285095963449642e-02
4.290710038570177964e-02
5.273940937398102768e-02
5.929193652041808704e-02
6.321946922595178542e-02
6.511512948054920535e-02
7.251785050661330168e-02
7.755821989459077415e-02
8.069116096598172305e-02
8.933231620962267527e-02
9.556115588473823586e-02
9.978597592795801496e-02
1.093669477024348247e-01
1.164004393353754718e-01
1.212947132704740305e-01
1.244452253334411562e-01
1.331498163201154661e-01
1.395231254850874958e-01
1.439425993839649198e-01
1.536644977417624958e-01
1.608552384531698465e-01
1.727618508162840349e-01
1.829033173241647603e-01
1.972170138554150132e-01
2.079927987654088817e-01
2.225779905773799250e-01
2.333510412854920002e-01
2.408973405330778750e-01
2.475184210578214028e-01
2.517765573826098446e-01
2.610369657003892563e-01
2.694929501074527778e-01
2.754352439879972358e-01
2.862565978858251370e-01
2.941251419526424993e-01
2.994992528282081068e-01
3.097879125734082084e-01
3.171800000466329372e-01
3.221683928102030414e-01
3.320735088475512686e-01
3.391778331454311513e-01
3.507215405523351759e-01
3.591210956161370316e-01
3.649170751723187500e-01
3.686149758183017155e-01
3.706700855602755862e-01
3.806804715417739793e-01
3.881456761594594962e-01
3.934357278459494900e-01
3.969240721962450369e-01
4.083889087921757088e-01
4.170936759127776838e-01
4.299791600498397148e-01
4.396094056482164891e-01
4.464591471351306851e-01
4.541787804973058673e-01
4.660673487035902340e-01
4.748041800469917639e-01
4.808726253686042007e-01
4.911932404232948191e-01
5.020544636817734219e-01
5.099230590412269226e-01
5.152726126816797869e-01
5.212870651129648536e-01
5.251309793723943908e-01
5.309312788347977374e-01
5.348139940639677903e-01
5.371557415580328065e-01
5.382996400544051152e-01
5.385478167543504835e-01
5.381581482542607819e-01
5.373441703110957146e-01
5.400130747514031437e-01
5.481770996221859704e-01
5.545472974263252475e-01
5.593252170182692051e-01
5.728874130076703208e-01
5.835068407077868002e-01
5.914991542167898908e-01
6.075152627642083081e-01
6.198171105288042826e-01
6.348418324759650400e-01
6.459324447696187521e-01
6.537149550366002648e-01
6.587984834101370257e-01
6.720494626801096771e-01
6.874527266178668272e-01
6.987598757908901614e-01
7.066544425050210743e-01
7.172368412663100434e-01
7.245631591122954074e-01
7.292786473129073688e-01
7.372215881058475917e-01
7.473761744038895927e-01
7.597801960222353435e-01
7.687907886588876138e-01
7.749988995135839165e-01
7.789506248042455949e-01
7.811352643379705363e-01
7.819800125444564820e-01
7.818489770865461042e-01
7.810450862961977325e-01
7.798139533647103772e-01
7.783490431410754473e-01
7.767976385428392305e-01
7.752671948415983394e-01
7.738317394707737717e-01
7.725380401328947322e-01
7.714113299180634931e-01
7.704604435070122603e-01
7.696822796526858745e-01
7.690655584583632187e-01
7.685938851527861493e-01
7.682481642200725824e-01
7.680084292467437290e-01
7.678551659425870701e-01
7.677702101896759501e-01
7.677373015299485681e-01
7.677423669818380647e-01
7.677736020185669252e-01
7.678214061925002776e-01
7.678782211995439644e-01
7.679383098174852318e-01
7.679975055599921330e-01
7.680529553140581500e-01
7.681028707810152456e-01
7.681462992267412693e-01
7.681829198042839923e-01
7.682128684392235396e-01
7.682365918406800498e-01
7.731624891064804439e-01
7.772231341118318593e-01
7.804593475367382904e-01
7.829441213017926948e-01
7.898448417397500032e-01
7.953201816413063563e-01
7.994942433038104701e-01
8.025270286403324294e-01
8.098717536521005123e-01
8.155278278130110303e-01
8.196842733304787743e-01
8.225595783250886361e-01
8.243800607415214809e-01
8.253639003593959966e-01
8.312015261837667479e-01
8.356112978647436407e-01
8.387777058998905355e-01
8.458973445804829350e-01
8.512136324902931372e-01
8.550011908300696462e-01
8.623631749119475831e-01
8.733859041439044901e-01
8.817739106565527507e-01
8.878961276079407883e-01
8.967085503717544537e-01
9.088050181403641847e-01
9.222818947435562631e-01
9.322706232609425658e-01
9.393447307068408803e-01
9.440448730914173803e-01
9.468620974247861088e-01
9.482296772155504039e-01
9.485204240753891680e-01
9.480475256170982634e-01
9.470676766382185585e-01
9.457856910144347706e-01
9.443600202803827948e-01
9.429087434234794118e-01
9.415156825456459933e-01
9.402363692282843521e-01
9.391036496357703101e-01
9.381327764410336556e-01
9.373258918768334613e-01
9.366758564118237151e-01
9.361694196672309953e-01
9.415970398257836882e-01
9.461072037300309878e-01
9.497332105108761136e-01
9.525458955822694307e-01
9.606110203360304078e-01
9.670294397850732748e-01
9.760753116146231312e-01
9.829849871903072467e-01
9.880481772761676718e-01
9.915649092532708986e-01
9.938250028790434065e-01
9.950952577679393896e-01
9.995316135466575380e-01
1.002660835106437442e+00
1.010773160270652449e+00
1.016950739876151477e+00
1.021460915746194242e+00
1.024575198367935869e+00
1.026554508212348171e+00
1.027639340976935323e+00
1.028043816626248219e+00
1.021836023131302618e+00
1.016437739815132302e+00
1.011882820811935479e+00
1.004340469317234863e+00
9.921983664119174984e-01
9.824993277355169585e-01
9.750126760453413644e-01
9.635970084875152830e-01
9.549574043013876468e-01
9.486864400991235069e-01
9.501180605583869898e-01
9.520847066421338489e-01
9.501895205403599887e-01
9.532663768796355575e-01
9.520678882085807926e-01
9.513759648167391392e-01
9.510786647678024508e-01
9.510751455509736108e-01
9.512781281427654667e-01
9.516149013193776485e-01
9.460976094044734053e-01
9.518458075496135651e-01
9.466309306042490768e-01
9.424347301105734376e-01
9.433930400269566752e-01
9.443728012412305750e-01
9.453157198193357091e-01
9.519348298623677707e-01
9.475178419615858383e-01
9.438074229231248058e-01
9.407857449224633628e-01
9.384047643822028828e-01
9.365973427239938642e-01
9.352862565667188210e-01
9.243400711692231209e-01
9.155342787477442901e-01
9.086940123842280892e-01
9.035908725766924610e-01
8.999716158551439582e-01
8.975796412438954430e-01
8.961701259712973044e-01
8.955198518982064870e-01
8.954327910617401187e-01
8.957424492776689950e-01
8.963118475960950571e-01
8.970318824047487372e-01
8.978186642519704330e-01
8.986103035973326270e-01
8.937358728043314215e-01
8.853243016597198700e-01
8.785891381412281875e-01
8.733807615958699699e-01
8.695138433239250064e-01
8.613003943382943062e-01
8.503442771129955391e-01
8.418958474686345506e-01
8.356480598009876637e-01
8.312687540043546264e-01
8.284260787722661501e-01
8.218664211981216994e-01
8.117812091956052578e-01
8.094976246571492506e-01
8.083924424972432909e-01
8.081755680928235375e-01
8.136693728565611572e-01
8.135886081192263974e-01
8.188577656650892767e-01
8.183746486095749839e-01
8.180685967802003855e-01
8.179026951514798416e-01
8.228686423266365901e-01
8.219750002110624010e-01
8.211930551027318836e-01
8.255343396963796820e-01
8.240847890536764364e-01
8.228035936948164819e-01
8.267004901612493573e-01
8.298492261469586628e-01
8.323160632260041547e-01
8.341823197013045199e-01
8.306395937876397406e-01
8.324738437483919506e-01
8.338949597641468481e-01
8.349551448089782557e-01
8.357093315296887370e-01
8.362115007916390841e-01
8.316295288108670469e-01
8.326726599989334732e-01
8.335357219102726978e-01
8.342282250441088731e-01
8.347657536577409720e-01
8.351672701763556139e-01
8.305596635604037825e-01
8.267158767741146219e-01
8.236131660631095253e-01
8.261897732477455625e-01
8.234888725071672910e-01
8.263531390992778780e-01
8.288107500882881951e-01
8.308569682780434507e-01
8.325104652063312072e-01
8.338048529259685093e-01
8.347821950311612449e-01
8.354881727821290571e-01
8.359686030444187788e-01
8.313822996615253258e-01
8.324370713752234918e-01
8.333207424090235405e-01
8.291300797211970108e-01
8.256560132685599740e-01
8.228698457109822062e-01
8.207146459557973506e-01
8.241326283634655692e-01
8.270900061402411962e-01
8.246149999452943025e-01
8.275660608231812931e-01
8.250661086989086179e-01
8.229970081856367026e-01
8.213390376116570524e-01
8.200565431242344827e-01
8.241208659806219528e-01
8.275221795126175284e-01
8.253370241027270238e-01
8.234749703106553076e-01
8.269231440526739751e-01
8.247963766676554842e-01
8.279781337574882993e-01
8.305672821029544961e-01
8.326107110763851793e-01
8.292618476740005740e-01
8.313143396284201625e-01
8.329478847254292440e-01
8.292982402183897150e-01
8.311383523209108226e-01
8.277104297769897201e-01
8.248494898874497716e-01
8.275172751770434321e-01
8.248223077652305779e-01
8.276073560026574460e-01
8.299433616886739973e-01
8.318454114647878539e-01
8.333468666883477871e-01
8.344917911712810277e-01
8.353292868221257050e-01
8.359093870177207730e-01
8.313955864960312914e-01
8.275748796197038848e-01
8.294026772943818848e-01
8.260406627456050588e-01
8.233134293763296752e-01
8.211763785956699424e-01
8.245779105211812343e-01
8.225203522564287217e-01
8.208955251005269904e-01
8.196596126395429005e-01
8.237811505679574209e-01
8.222573734345210994e-01
8.260163733274846765e-01
8.291067536829845874e-01
8.315729252517762848e-01
8.334782293861385805e-01
8.348955298500000399e-01
8.359004417103069740e-01
8.316851087211536431e-01
8.329812417716522255e-01
8.290940809665394706e-01
8.307807975820735713e-01
8.272610065492389531e-01
8.243586607766059116e-01
8.270283220136629421e-01
8.293158184780179409e-01
8.312178047190542651e-01
8.327525052338329292e-01
8.339518812699056038e-01
8.348556217782840960e-01
8.306136796269266709e-01
8.319576004431480376e-01
8.281476292672625972e-01
8.299472408286322489e-01
8.314787237777038209e-01
8.278204848449651765e-01
8.297465462976276740e-01
8.313760862828990517e-01
8.327140355187944154e-01
8.288675554278776003e-01
8.305968188558240373e-01
8.271146560280222548e-01
8.242465129547698055e-01
8.269470182907607825e-01
8.292601056331647680e-01
8.262429043692777197e-01
8.287147480768201069e-01
8.258316737998977475e-01
8.284226555178296758e-01
8.256351592367401349e-01
8.233339944043347458e-01
8.264860963362918866e-01
8.241725743406429494e-01
8.272635785833718503e-01
8.298284739513964725e-01
8.269623517078369401e-01
8.245365079965166766e-01
8.225472339993482596e-01
8.209689062168020746e-01
8.247710007381996444e-01
8.229829235427281731e-01
8.265132308089790936e-01
8.244611837270245935e-01
8.277157839917788085e-01
8.254203802197861428e-01
8.284459840290866461e-01
8.309027945124898284e-01
8.328371843568990185e-01
8.343084713483067683e-01
8.304873852274892165e-01
8.321337824835653985e-01
8.285278820181664061e-01
8.304464711265516774e-01
8.271030237232629423e-01
8.243333795413292364e-01
8.270970341261690839e-01
8.244869527374895091e-01
8.223707341272151750e-01
8.207126045732388020e-01
8.244755135819098468e-01
8.226731011554878625e-01
8.262128826705182894e-01
8.241803984363366142e-01
8.224860572370374934e-01
8.261125058334783944e-01
8.291067966301144398e-01
8.265705662603596293e-01
8.293569314382747137e-01
8.316005632673378889e-01
8.284345605083397457e-01
8.257206877484950525e-01
8.284364351573489937e-01
8.257352241911540824e-01
8.284588788137901005e-01
8.257622059908552581e-01
8.284873351852167778e-01
8.307351204741197925e-01
8.276090582014513641e-01
8.299198251818324934e-01
8.318057168739367846e-01
8.283812144304234515e-01
8.254877411655823227e-01
8.231196741515289794e-01
8.212453232915770673e-01
8.198161063479174615e-01
8.237939980164501463e-01
8.221701861249843812e-01
8.258653339399547599e-01
8.239556717533080832e-01
8.223592838713026376e-01
8.210662689604305564e-01
8.200536550374869504e-01
8.192904736441737334e-01
8.237620407626128349e-01
8.224812745581600026e-01
8.263945338146210240e-01
8.295704669138787013e-01
8.271406169969403033e-01
8.250124829800404846e-01
8.232074416855332810e-01
8.217236591798937617e-01
8.205429252481236668e-01
8.196364189506877285e-01
8.239871914559274702e-01
8.275918182755578334e-01
8.255447838789462534e-01
8.237688565638702221e-01
8.222760481342500372e-01
8.260553321262357196e-01
8.291575404520964421e-01
8.266941721559154521e-01
8.295235261034661356e-01
8.268546408763638444e-01
8.245732688609783700e-01
8.276615540122523873e-01
8.302033243295229292e-01
8.273050069134877393e-01
8.297934795040864397e-01
8.318086395893180551e-01
8.333901887622549021e-01
8.345882523732442992e-01
8.305639721366383510e-01
8.320634208374494412e-01
8.283577561860866467e-01
8.252669402809347243e-01
8.277484392215902487e-01
8.298678017731486722e-01
8.316243759023451698e-01
8.281172752764400791e-01
8.251792377845802440e-01
8.227959351298649304e-01
8.259246853245120201e-01
8.236192356154280469e-01
8.217626494420648964e-01
8.253219768776498544e-01
8.233416379966141951e-01
8.267160764276342277e-01
8.295050455249249888e-01
8.268088458121483075e-01
8.245106394238489456e-01
8.226124131140023499e-01
8.210945264287315970e-01
8.199230265345209823e-01
8.190556665708447204e-01
8.234700564421505442e-01
8.271460029012311921e-01
8.301190060846268537e-01
8.275245207675239190e-01
8.252605906191980978e-01
8.283180478179342776e-01
8.308035902178293464e-01
8.278403657002657567e-01
8.253003593535278570e-01
8.281633621731910866e-01
8.255764018184085229e-01
8.234194188592622865e-01
8.216775837656588033e-01
8.253218312730240536e-01
8.234004100525380565e-01
8.218248846458784396e-01
8.205745767259609025e-01
8.246285896993569287e-01
8.279955829789444888e-01
8.307111089250085456e-01
8.279120569679168096e-01
8.254839585002345936e-01
8.284133345013006133e-01
8.258617830613131927e-01
8.237147891655326459e-01
8.269501481292280687e-01
8.296310378215607795e-01
8.268541823782160627e-01
8.244968370291279047e-01
8.225577811218124369e-01
8.210141274700331060e-01
8.248374029380368677e-01
8.230611260016851283e-01
8.265947181931123655e-01
8.294994740753215412e-01
8.268840907907465398e-01
8.295958315635261204e-01
8.268419696688223963e-01
8.294599224676575400e-01
8.266465864560663679e-01
8.242743888798671481e-01
8.223365508363327248e-01
8.208053798115159116e-01
8.196398117601856326e-01
8.187915477614704507e-01
8.182098178927328380e-01
8.178448822865954648e-01
8.176504303103797611e-01
8.175850638980560747e-01
8.176130548052694680e-01
8.227359304858080646e-01
8.269354401298499857e-01
8.302786166691218384e-01
8.279346205425831551e-01
8.258255155097914413e-01
8.239913476728824016e-01
8.274265542390978334e-01
8.302193027248901958e-01
8.324214754715506537e-01
8.291914847292506385e-01
8.263931256201424436e-01
8.290080748778464459e-01
8.262120714175961167e-01
8.238747643611509242e-01
8.269678769789066131e-01
8.295500262471241504e-01
8.316427057000929102e-01
8.332865875281373347e-01
8.345332538284825352e-01
8.305453557676840681e-01
8.320714281662443534e-01
8.283840451784024728e-01
8.253047771787764830e-01
8.228154093989590301e-01
8.258692002792727971e-01
8.235140532731669571e-01
8.216280722237612189e-01
8.201705426278488309e-01
8.190900093893339617e-01
8.183302325872826577e-01
8.178346790034227709e-01
8.225827390958209140e-01
8.265345617832976499e-01
8.247738911087038050e-01
8.232391654999674513e-01
8.269290640637521062e-01
8.249697757680130028e-01
8.232854865511216591e-01
8.218822577351256875e-01
8.207495795070554045e-01
8.198657892196604680e-01
8.192025232918552780e-01
8.187282313456779592e-01
8.184108257347731952e-01
8.182195697603167339e-01
8.181263236082514378e-01
8.181062705218998810e-01
8.181382400317022130e-01
8.232307425120130029e-01
8.224019295937665675e-01
8.216436430454044926e-01
8.209744331600862255e-01
8.204026027159928569e-01
8.199288341517921852e-01
8.195484361837190868e-01
8.192532052973349188e-01
8.240500403379134031e-01
8.279563059830662430e-01
8.261027521608923507e-01
8.244334774042770819e-01
8.229806320158745692e-01
8.217555307884375493e-01
8.257528220395673468e-01
8.240574569051754006e-01
8.275848036919529749e-01
8.254844428834240411e-01
8.236742297383492506e-01
8.271458950334024118e-01
8.250258182475073143e-01
8.232257368295636812e-01
8.217444720496329680e-01
8.205644063005105293e-01
8.196572352496450664e-01
8.189886403581791985e-01
8.185219249227925209e-01
8.182207053800225616e-01
8.180507808725533403e-01
8.179813187231110838e-01
8.179854944742944722e-01
8.180407163529929138e-01
8.181285491314723712e-01
8.232601249414808198e-01
8.224569874185666540e-01
8.267021131057669114e-01
8.300889906249140360e-01
8.327067733826032381e-01
8.297543962927517169e-01
8.320529393703797183e-01
8.338171854542955064e-01
8.302218882595231442e-01
8.320426345225342413e-01
8.334774457916122037e-01
8.296662015514163491e-01
8.264326862102998605e-01
8.237755893831734122e-01
8.216636084824012753e-01
8.200456651252145956e-01
8.188594010930340117e-01
8.180379017985740520e-01
8.175147275766007082e-01
8.172274289413585802e-01
8.171197773747921334e-01
8.171429630893135565e-01
8.222921944677289430e-01
8.215433801016714943e-01
8.258832967083518106e-01
8.244194940262767890e-01
8.231113443593548462e-01
8.269661844209955648e-01
8.251196628556072277e-01
8.235066518660313362e-01
8.221417760892593130e-01
8.210223035433682481e-01
8.251387021954550427e-01
8.235524278977655044e-01
8.271869948300609732e-01
8.251781918288330075e-01
8.234482570515384570e-01
8.220044982247641796e-01
8.208370200167284247e-01
8.249318494275693636e-01
8.283105380017706798e-01
8.310173072652137227e-01
8.281990508586709598e-01
8.257424937891542083e-01
8.236685334645239553e-01
8.269575072333387178e-01
8.247187048332934589e-01
8.278274807027925508e-01
8.254259216570327684e-01
8.234071713594518505e-01
8.217630051240933931e-01
8.204678672600992373e-01
8.194852953672214779e-01
8.187730980035298201e-01
8.182873393074288071e-01
8.230136068124629389e-01
8.219414258870900714e-01
8.210372348222572114e-01
8.253015494954684117e-01
8.238106117080453705e-01
8.274950959613270873e-01
8.255076323602782429e-01
8.237754593461463770e-01
8.223129800105515308e-01
8.261109580707310940e-01
8.242619698593227628e-01
8.276699705146839392e-01
8.304310388184962255e-01
8.276756929085484771e-01
8.252906739569169092e-01
8.232906214439700276e-01
8.216656909727881875e-01
8.203891495184829630e-01
8.194237374722334044e-01
8.187267800007089757e-01
8.182541061919266223e-01
8.179628916023631291e-01
8.178135748469153032e-01
8.177710134608213721e-01
8.178050426454716026e-01
8.178905876879947190e-01
8.180074614699478497e-01
8.181399563085095528e-01
8.182763171080235098e-01
8.184081621712887555e-01
8.185298999741690285e-01
8.186381751171523113e-01
8.187313645281647512e-01
8.188091355727162846e-01
8.188720706882091083e-01
8.189213581186268742e-01
8.189585449107297244e-01
8.189853462017357977e-01
8.190035036827115755e-01
8.190146857085219834e-01
8.190204216352688915e-01
8.190220634308128522e-01
8.190207682896790686e-01
8.240347850991988077e-01
8.231168796594160453e-01
8.222588524410010535e-01
8.214876650482874076e-01
8.208176433709316600e-01
8.202534964527076200e-01
8.197929427674435221e-01
8.194289248989048424e-01
8.191514176484604448e-01
8.189488534569488998e-01
8.188092022405646375e-01
8.187207505737399416e-01
8.186726283583904973e-01
8.186551306876613809e-01
8.236810049410188128e-01
8.227866472156130095e-01
8.219623860152216466e-01
8.262239026277549137e-01
8.246911216855492555e-01
8.233204485426398600e-01
8.271189063507643491e-01
8.252267069476385553e-01
8.235760585712466053e-01
8.221811706135639941e-01
8.210386204122460674e-01
8.201327066245023278e-01
8.194399106282834744e-01
8.239506774985068116e-01
8.276667244906769083e-01
8.256937557977681585e-01
8.289262919563447074e-01
8.265634471391732907e-01
8.245125066863819852e-01
8.227878199629065081e-01
8.213823938280995218e-01
8.202744716682298654e-01
8.194330274299450600e-01
8.188221740402634730e-01
8.184045457374654609e-01
8.181437582589204949e-01
8.180060774858586292e-01
8.179614376100646789e-01
8.179839475825502193e-01
8.180520134742342853e-01
8.181481880767391690e-01
8.182588405534388931e-01
8.183737203606274990e-01
8.184854723850446545e-01
8.185891450618166809e-01
8.186817204674234905e-01
8.187616850418217851e-01
8.188286515129789001e-01
8.188830365091638308e-01
8.189257939453857826e-01
8.189582012566514191e-01
8.189816936401845826e-01
8.189977404116380866e-01
8.190077571625823394e-01
8.190130474497603341e-01
8.190147681052365458e-01
8.190139128148434811e-01
8.190113092801776240e-01
8.190076259889288446e-01
8.190033853202403069e-01
8.240164673510208537e-01
8.230987120591168882e-01
8.222417418032144099e-01
8.264631470581680350e-01
8.248922658881321368e-01
8.284537611011170144e-01
8.263396807211593753e-01
8.244751866913082594e-01
8.228832766840261659e-01
8.215658823420611823e-01
8.205099162553465275e-01
8.196923826307577210e-01
8.241011085666483105e-01
8.227621514908557421e-01
8.216282441362063871e-01
8.206973529484639096e-01
8.199573544318849994e-01
8.193896740631521070e-01
8.239899753416465300e-01
8.227882967619660759e-01
8.217490775685455384e-01
8.258753673146098651e-01
8.242640428212246739e-01
8.278367433741306014e-01
8.257570005601749807e-01
8.239470266630829487e-01
8.224210096115668334e-01
8.211740437620763666e-01
8.201879719456162121e-01
8.194362563511309316e-01
8.188878858639659919e-01
8.185103775083260036e-01
8.182719660706561093e-01
8.181430974886246821e-01
8.180973496525577593e-01
8.181119017609302935e-01
8.181676635608564618e-01
8.182491616983993410e-01
8.183442644430791724e-01
8.184438100177108266e-01
8.185411888251550305e-01
8.186319166798041724e-01
8.187132250096837982e-01
8.187836849240530679e-01
8.188428749111669180e-01
8.188910965246871676e-01
8.189291384823249587e-01
8.189580868803151281e-01
8.189791774811175928e-01
8.189936850436839721e-01
8.240202897716980557e-01
8.231117003389293307e-01
8.222604550968545256e-01
8.214939217223253820e-01
8.258246995366124166e-01
8.243571081384372112e-01
8.230495684091558850e-01
8.269086979994513253e-01
8.250676310591558149e-01
8.234611657362410631e-01
8.221032608301619415e-01
8.209906911881602598e-01
8.201082639218394421e-01
8.244459919560231942e-01
8.230429488468732346e-01
8.218494487662217907e-01
8.208652505788541776e-01
8.200791616514756521e-01
8.194728783588232091e-01
8.190240806035519183e-01
8.187088272140552458e-01
8.185033246474914259e-01
8.183851564369913900e-01
8.183340664284443067e-01
8.183323870448577786e-01
8.183651968158938139e-01
8.184202812741923072e-01
8.184879597400871454e-01
8.185608287535067751e-01
8.186334618183978007e-01
8.187020952094543613e-01
8.187643210983206465e-01
8.188188022450585413e-01
8.188650169073526941e-01
8.189030383103949040e-01
8.189333498255797483e-01
8.189566947469159031e-01
8.189739580565713606e-01
8.189860766756428267e-01
8.189939742623482122e-01
8.189985165267786860e-01
8.190004831787847106e-01
8.190005529318771238e-01
8.189992983866695164e-01
8.189971880627263667e-01
8.189945933009827872e-01
8.189917981940891822e-01
8.189890111019464403e-01
8.189863766640875786e-01
8.189839875247106882e-01
8.189818952393209672e-01
8.189801200362735178e-01
8.189786592660629472e-01
8.189774944911581978e-01
8.189765972552272011e-01
8.189759336284667679e-01
8.189754676609646289e-01
8.189751638935531819e-01
8.189749890799853382e-01
8.189749132691308553e-01
8.189749103845049838e-01
8.189749584232592916e-01
8.189750393797369243e-01
8.239928817610807643e-01
8.230794355494237546e-01
8.222264869220700101e-01
8.214605465027658981e-01
8.207956145623043209e-01
8.202361798296732287e-01
8.197798261954865051e-01
8.194194290635884448e-01
8.241608678201239879e-01
8.230492886435347710e-01
8.220594036683191996e-01
8.212065454009384036e-01
8.204942626386538818e-01
8.199176388500569734e-01
8.194660787271178526e-01
8.191255710636086151e-01
8.188804601590973231e-01
8.187147749617280645e-01
8.186131752008050100e-01
8.185615776969027424e-01
8.185475251608850256e-01
8.185603554920034552e-01
8.185912231427413532e-01
8.186330166036013267e-01
8.186802082912391088e-01
8.187286656705332621e-01
8.187754456668240310e-01
8.188185885231344940e-01
8.188569222997365005e-01
8.188898851864271355e-01
8.189173696341646158e-01
8.189395899153335545e-01
8.189569729808917620e-01
8.189700712864308452e-01
8.189794955019348288e-01
8.189858646056787927e-01
8.189897707072045785e-01
8.189917559762662780e-01
8.189922992147944392e-01
8.189918098498401022e-01
8.189906274098465166e-01
8.189890248464087863e-01
8.189872143585070763e-01
8.189853546521609351e-01
8.189835588167784231e-01
8.189819022155426786e-01
8.189804299694086742e-01
8.189791637633602184e-01
8.189781078217110988e-01
8.189772539895939785e-01
8.189765859240136781e-01
8.189760824438044873e-01
8.189757201172136458e-01
8.189754751821621825e-01
8.189753249005649050e-01
8.189752484471776173e-01
8.189752274274586519e-01
8.239929877401858116e-01
8.230794802926399978e-01
8.222264865254179655e-01
8.214605145908734363e-01
8.207955623194480577e-01
8.202361161447004889e-01
8.197797578821512943e-01
8.194193611239375397e-01
8.191448828421150630e-01
8.189447744420313979e-01
8.188070495206499766e-01
8.187200532512418638e-01
8.186729813973944170e-01
8.186561964452554463e-01
8.186613852602552255e-01
8.186815979617657613e-01
8.187112021489553193e-01
8.187457808067486464e-01
8.187819966022032991e-01
8.188174401278185410e-01
8.188504751169753959e-01
8.188800898139836359e-01
8.189057605288107000e-01
8.189273309037305992e-01
8.189449085001854201e-01
8.189587789011369967e-01
8.189693365356494059e-01
8.189770307896265811e-01
8.189823255967448867e-01
8.189856705422459138e-01
8.189874815038610256e-01
8.189881289523377461e-01
8.189879322011702767e-01
8.189871581014267488e-01
8.189860229002644543e-01
8.189846962042158784e-01
8.189833061989885143e-01
8.189819454688533895e-01
8.189806769265880471e-01
8.189795395075889495e-01
8.189785533994023980e-01
8.189777246718830117e-01
8.189770492457505435e-01
8.189765161911189972e-01
8.189761103854658053e-01
8.189758145853832660e-01
8.189756109808633555e-01
8.189754823072937784e-01
8.189754125908508264e-01
8.189753875993222021e-01
8.189753950640619173e-01
8.189754247308927981e-01
8.189754682892369519e-01
8.189755192202079481e-01
8.189755725963037136e-01
8.189756248579722619e-01
8.189756735858674253e-01
8.189757172821265918e-01
8.189757551694640814e-01
8.189757870132791107e-01
8.189758129691664390e-01
8.189758334561624276e-01
8.189758490546019676e-01
8.189758604264872899e-01
8.189758682557423120e-01
8.189758732054640555e-01
8.189758758892557999e-01
8.189758768538825118e-01
8.189758765707243482e-01
8.189758754338027913e-01
8.189758737624884821e-01
8.189758718073278931e-01
8.189758697577300683e-01
8.189758677505443174e-01
8.189758658788079959e-01
8.189758642001447875e-01
8.189758627444836403e-01
8.189758615208934112e-01
8.189758605234409572e-01
8.189758597360617953e-01
8.189758591364865170e-01
8.189758586993004519e-01
8.189758583982412743e-01
8.189758582078405791e-01
8.189758581045261110e-01
8.189758580672937827e-01
8.189758580780328590e-01
8.189758581216032285e-01
8.189758581857303765e-01
8.189758582607858939e-01
8.189758583394892710e-01
8.189758584165779398e-01
8.189758584884752057e-01
8.189758585529638424e-01
8.189758586088915493e-01
8.189758586559077180e-01
8.189758586942383900e-01
8.189758587244996280e-01
8.189758587475466367e-01
8.189758587643537480e-01
8.189758587759305986e-01
8.189758587832545178e-01
8.189758587872317808e-01
8.189758587886675212e-01
8.189758587882595142e-01
8.189758587865901829e-01
8.189758587841293735e-01
8.189758587812480117e-01
8.189758587782260957e-01
8.189758587752654639e-01
8.189758587725034511e-01
8.189758587700256554e-01
8.189758587678768187e-01
8.189758587660705969e-01
8.189758587645975529e-01
8.189758587634347053e-01
8.189758587625487474e-01
8.189758587619027086e-01
8.189758587614576202e-01
8.189758587611758456e-01
8.189758587610229679e-01
8.189758587609672347e-01
8.189758587609828888e-01
8.189758587610466156e-01
8.189758587611416507e-01
8.189758587612534502e-01
8.189758587613695795e-01
8.189758587614832663e-01
8.189758587615895147e-01
8.189758587616847718e-01
8.189758587617674834e-01
8.189758587618367613e-01
8.189758587618934937e-01
8.189758587619377916e-01
8.189758587619717645e-01
8.189758587619968555e-01
8.189758587620138419e-01
8.189758587620246111e-01
8.189758587620307173e-01
8.189758587620331598e-01
8.189758587620327157e-01
8.189758587620298291e-01
8.189758587620260544e-01
8.189758587620218355e-01
8.189758587620175057e-01
8.189758587620119545e-01
8.189758587620069585e-01
8.189758587620031838e-01
8.189758587619998531e-01
8.189758587619975216e-01
8.189758587619951902e-01
8.189758587619933028e-01
8.189758587619919705e-01
8.189758587619909713e-01
8.189758587619905272e-01
8.189758587619899721e-01
8.189758587619899721e-01
8.189758587619899721e-01
8.189758587619899721e-01
8.189758587619899721e-01
8.189758587619899721e-01
8.189758587619899721e-01
8.189758587619905272e-01
8.189758587619909713e-01
8.189758587619909713e-01
8.189758587619909713e-01
8.189758587619916375e-01
8.189758587619929697e-01
8.189758587619929697e-01
8.189758587619929697e-01
8.189758587619929697e-01
8.189758587619929697e-01
8.189758587619929697e-01
8.189758587619929697e-01
8.189758587619929697e-01
8.189758587619929697e-01
8.189758587619929697e-01
8.189758587619935248e-01
8.189758587619939689e-01
8.189758587619939689e-01
8.189758587619939689e-01
8.189758587619939689e-01
8.189758587619939689e-01
8.189758587619939689e-01
8.189758587619939689e-01
8.189758587619939689e-01
8.189758587619939689e-01
8.189758587619926367e-01
8.189758587619919705e-01
8.189758587619919705e-01
8.189758587619919705e-01
8.189758587619919705e-01
8.189758587619919705e-01
8.189758587619919705e-01
8.189758587619919705e-01
8.189758587619919705e-01
8.189758587619919705e-01
8.189758587619919705e-01
8.189758587619914154e-01
8.189758587619909713e-01
8.189758587619909713e-01
8.189758587619909713e-01
8.189758587619909713e-01
8.189758587619909713e-01
8.189758587619909713e-01
8.189758587619909713e-01
8.189758587619909713e-01
8.189758587619909713e-01
8.189758587619916375e-01
8.189758587619929697e-01
8.189758587619929697e-01
8.189758587619929697e-01
8.189758587619929697e-01
8.189758587619929697e-01
8.189758587619929697e-01
8.189758587619929697e-01
8.189758587619929697e-01
8.189758587619929697e-01
8.189758587619929697e-01
8.189758587619935248e-01
8.189758587619939689e-01
8.189758587619939689e-01
8.189758587619939689e-01
8.189758587619939689e-01
8.189758587619939689e-01
8.189758587619939689e-01
8.189758587619939689e-01
8.189758587619939689e-01
8.189758587619939689e-01
8.189758587619926367e-01
8.189758587619919705e-01
8.189758587619919705e-01
8.189758587619919705e-01
8.189758587619919705e-01
8.189758587619919705e-01
8.189758587619919705e-01
8.189758587619919705e-01
8.189758587619919705e-01
8.189758587619919705e-01
8.189758587619919705e-01
8.189758587619914154e-01
8.189758587619909713e-01
8.189758587619909713e-01
8.189758587619909713e-01
8.189758587619909713e-01
8.189758587619909713e-01
8.189758587619909713e-01
8.189758587619909713e-01
8.189758587619909713e-01
8.189758587619909713e-01
8.189758587619916375e-01
8.189758587619929697e-01
8.189758587619929697e-01
8.189758587619929697e-01
8.189758587619929697e-01
8.189758587619929697e-01
8.189758587619929697e-01
8.189758587619929697e-01
8.189758587619929697e-01
8.189758587619929697e-01
8.189758587619929697e-01
8.189758587619935248e-01
8.189758587619939689e-01
8.189758587619939689e-01
8.189758587619939689e-01
8.189758587619939689e-01
8.189758587619939689e-01
8.189758587619939689e-01
8.189758587619939689e-01
8.189758587619939689e-01
8.189758587619939689e-01
8.189758587619926367e-01
