-1.159300841614201438e-01
-1.134104923721608316e-01
-1.116616136569388296e-01
-1.105420855878092024e-01
-1.099200598274925333e-01
-1.096773467880134412e-01
-1.097115612878007962e-01
-1.099367646193534220e-01
-1.102830290822143233e-01
-1.106952789306503426e-01
-1.111316921019631643e-01
-1.115618833040155078e-01
-1.119650328804315809e-01
-1.123280781240107995e-01
-1.126440444143024244e-01
-1.129105622503991935e-01
-1.131285921582720899e-01
-1.063700988789677560e-01
-1.008311964726074095e-01
-9.576771635430958440e-02
-9.190396396922140276e-02
-8.906623519607914652e-02
-8.708263222751488897e-02
-8.638078170999574645e-02
-8.611195094810164541e-02
-8.616216092488460099e-02
-8.583848184453146679e-02
-8.635667467513230555e-02
-8.634736027841327655e-02
-8.646260795572136004e-02
-8.665763770754963957e-02
-8.689751518770050254e-02
-8.715583979920982216e-02
-8.741341657172863044e-02
-8.825815626588995322e-02
-8.836973952711946190e-02
-8.846141376419613955e-02
-8.853444767761575740e-02
-8.859069931033092260e-02
-8.863233604545639466e-02
-8.866162657871168307e-02
-8.868079234768622143e-02
-8.869190710044194681e-02
-8.869683463995237105e-02
-8.869719613013793413e-02
-8.869435962604721446e-02
-8.868944567101921805e-02
-8.868334388154486270e-02
-8.867673641532536344e-02
-8.867012508956340078e-02
-8.866385968405987583e-02
-8.865816562698025649e-02
-8.865316982130932999e-02
-8.864892383051614644e-02
-8.864542400873243189e-02
-8.864262844209802594e-02
-8.864047077382153361e-02
-8.863887112696766657e-02
-8.863774442725280700e-02
-8.863700647412975364e-02
-8.182883254939765649e-02
-7.626012427138517680e-02
-7.184969675538344092e-02
-6.847950525739854299e-02
-6.646658357302603903e-02
-6.466529385266905905e-02
-6.393478208447778144e-02
-6.318065755370461112e-02
-6.325418930251647254e-02
-6.354074372161289119e-02
-6.351864981069854643e-02
-6.364652355037869746e-02
-6.431388450692443470e-02
-6.451212354991042730e-02
-6.473908499525538041e-02
-6.497382214574587422e-02
-6.520154243473585964e-02
-6.541242742278385869e-02
-6.560057518602757654e-02
-6.621545817165941372e-02
-6.672720525014130821e-02
-6.713919612351038069e-02
-6.745909011839912317e-02
-6.769723686529949269e-02
-6.786534923665699104e-02
-6.797545952511319101e-02
-6.756546734420854072e-02
-6.767916860420730707e-02
-6.776110681290825610e-02
-6.781650594203902926e-02
-6.785043632774612199e-02
-6.786758765209444100e-02
-6.787212979549073211e-02
-6.834622270678014644e-02
-6.873169102666776276e-02
-6.903392697629384678e-02
-6.876960424791223048e-02
-6.853122969297631428e-02
-6.832352209191050463e-02
-6.814804396571960687e-02
-6.800413903177560115e-02
-6.088607354076147615e-02
-6.208649598287618865e-02
-6.321807396551148983e-02
-5.725588025962835559e-02
-5.244578183267134541e-02
-5.567845161141482535e-02
-5.157743103165479681e-02
-4.835966903504007597e-02
-4.592633808108237403e-02
-4.416746258829928884e-02
-4.297101257018320908e-02
-4.222936882335948106e-02
-4.184361619819676470e-02
-4.872331776175853335e-02
-4.752026328186409465e-02
-4.653409667167007768e-02
-4.575102253697593824e-02
-4.546922509385620259e-02
-4.496678618366578561e-02
-4.492026245288083253e-02
-4.493173837874331333e-02
-4.498356960405280880e-02
-4.506104901587870692e-02
-4.515239150256689094e-02
-4.524855161829299810e-02
-4.534292852664489892e-02
-4.543100929782339925e-02
-4.550999279375411710e-02
-4.557842538630318963e-02
-4.563586900805582935e-02
-4.568261288940123066e-02
-4.571943332074868138e-02
-4.574740088183637532e-02
-4.576773149926927076e-02
-4.578167602088556443e-02
-4.579044232984186280e-02
-4.579514402171169785e-02
-4.579677007164195679e-02
-4.579617053741036337e-02
-4.579405405113323724e-02
-4.579099356701332724e-02
-4.578743750737412910e-02
-4.578372405883568419e-02
-4.578009690355200334e-02
-4.577672112434338914e-02
-4.577369839983913558e-02
-3.860346350859034104e-02
-3.991225123199937386e-02
-4.113218829993958714e-02
-4.222589147414890220e-02
-3.600442844139029042e-02
-3.811283224482342469e-02
-3.998435827597845993e-02
-4.159220637708438417e-02
-4.293164776366453772e-02
-3.684402370499029189e-02
-3.182902051564906465e-02
-2.782603069558198250e-02
-2.473925834323287276e-02
-2.245350813174828986e-02
-2.084620469851228286e-02
-1.979614086015568652e-02
-1.918948468270720298e-02
-1.892356315119503307e-02
-1.890890100790665329e-02
-1.906993952422508798e-02
-1.934479986121440120e-02
-1.968439473456751188e-02
-2.005113385746915000e-02
-2.041741528733487243e-02
-2.076404760886862988e-02
-2.107870742190609548e-02
-2.135450293771290475e-02
-2.158868732642482691e-02
-2.178154425796208216e-02
-2.193545214703007673e-02
-2.205412218854041484e-02
-2.214199758415413832e-02
-2.220379668055616484e-02
-2.224418039687714455e-02
-2.226752372410922831e-02
-2.227777173240319541e-02
-2.227836200861466054e-02
-2.227219743461761325e-02
-2.226165544938729646e-02
-2.224862222285350910e-02
-2.223454237062383321e-02
-2.222047686541928080e-02
-2.220716359952534802e-02
-2.219507659730290960e-02
-2.218448116338778142e-02
-2.217548329121643569e-02
-2.216807246830088118e-02
-2.216215762545203916e-02
-2.215759641573389338e-02
-1.497529860698221249e-02
-1.628586400609544071e-02
-1.032791934143850732e-02
-1.273716280842873694e-02
-1.491136224634281859e-02
-1.680717225787620173e-02
-1.840912145203144057e-02
-1.972195544069021977e-02
-1.358496290188226929e-02
-8.516725120560453277e-03
-4.460349726482126798e-03
-8.503889962748312215e-03
-1.203924300869041453e-02
-7.853723913235244325e-03
-4.446987647836797564e-03
-1.762319317091920468e-03
-6.903391202228048584e-03
-4.136002639939295733e-03
-1.875073968020890547e-03
-1.270776463300204995e-04
1.172213499595953223e-03
2.106432437642080657e-03
2.713685698932044588e-03
3.091670744892249800e-03
3.274831353504925602e-03
3.286767718365668500e-03
3.222149258044870734e-03
3.064736810851620419e-03
2.892629158262716160e-03
2.680121776833077618e-03
2.469550372166784413e-03
2.271482208099584454e-03
2.092492271737356191e-03
1.936100123701267606e-03
1.803557212133544141e-03
1.694493840870725521e-03
1.607440599455056685e-03
1.540240514408708350e-03
1.501126368272043266e-03
1.463739339260916594e-03
1.438696677968032134e-03
1.423543761561063548e-03
1.416056973107204797e-03
1.414290217887081980e-03
1.416591917359433239e-03
1.421601163179797567e-03
1.428229888779330992e-03
1.435636374464754894e-03
1.443194126461655458e-03
1.450459127524617031e-03
1.457137611325931559e-03
1.463055833174298215e-03
1.478747517161815850e-03
1.481043921202518376e-03
1.482646263174736134e-03
1.483681965920080614e-03
8.682731910875096659e-03
1.455461373256872193e-02
1.919434890003035576e-02
2.273312083757117463e-02
2.532008972039467842e-02
2.710896077777302793e-02
2.824850457332450659e-02
2.887627226840061567e-02
2.911482756050420839e-02
2.906990710629142605e-02
2.883001097087967146e-02
2.846700871460683402e-02
3.520908927221766405e-02
4.061434383951412208e-02
4.480408220480880388e-02
4.792690578108205202e-02
5.014248844214841405e-02
5.160976090593316634e-02
5.247876051921895879e-02
5.288544181251708665e-02
5.294880824381409390e-02
5.276980439991851846e-02
5.205832259258280637e-02
5.169727640862964435e-02
5.128888443787071871e-02
5.086880459837206381e-02
5.046262671625378893e-02
5.008753549261535376e-02
4.940013383099506328e-02
4.917888878487053361e-02
4.865306561465554402e-02
4.823444294682888156e-02
4.825066025813073978e-02
4.828654663249953849e-02
5.544772423834376518e-02
5.421421926322156359e-02
6.020160212075742479e-02
6.501722240874485692e-02
6.875907013387116962e-02
7.155310225420885573e-02
7.353797331655398395e-02
7.432121926228552056e-02
7.466142045422574647e-02
7.468042680595821103e-02
8.147668764523929852e-02
8.681220010707368928e-02
9.086191372498841901e-02
9.381182662025699948e-02
9.584629714026116076e-02
9.713954266558877393e-02
9.785026685700892735e-02
9.811862679297056467e-02
9.806494529165243890e-02
9.778970894129446201e-02
9.737448727127651082e-02
9.688347808185260313e-02
9.636543877612235853e-02
9.585581004086152213e-02
9.537887965570979176e-02
9.494987172373181572e-02
9.457688021503574127e-02
9.426259496785305281e-02
9.400579278027842989e-02
9.380258577217048810e-02
9.364743392580110459e-02
9.353393902181728059e-02
9.345544365995217539e-02
9.340546237697244791e-02
9.337797275117076801e-02
9.336759347510481533e-02
9.336967426790354629e-02
9.338031966802939898e-02
9.339636557669361849e-02
1.003657443019425610e-01
1.060577175245096537e-01
1.105612815542660332e-01
1.140010918683449503e-01
1.165198536579816757e-01
1.182652402015162973e-01
1.193806051163381898e-01
1.199987836008897801e-01
1.202383418347872102e-01
1.202017120551861495e-01
1.191468203368561962e-01
1.189517485806896868e-01
1.186806444611154809e-01
1.183706141738751771e-01
1.180496753100050977e-01
1.169266617120008345e-01
1.159857476853614067e-01
1.152193550330065097e-01
1.146132205353111999e-01
1.149304541369324806e-01
1.152289470126817150e-01
1.147077882200611132e-01
1.142978746329692541e-01
1.139863786510126875e-01
1.137593245539021414e-01
1.143799805022329696e-01
1.141363867786828745e-01
1.139484612369989769e-01
1.138090075747197893e-01
1.137105068790775775e-01
1.136456106090444340e-01
1.136074684275811819e-01
1.135899282187613490e-01
1.135876391286010367e-01
1.135960828393667299e-01
1.136115535297204104e-01
1.136311029747794077e-01
1.136524638662188558e-01
1.136739615677615500e-01
1.136944220816757944e-01
1.137130819309222218e-01
1.137295039225008075e-01
1.205047395650740150e-01
1.192812024132972049e-01
1.181387792506807255e-01
1.171131012949255812e-01
1.162228490947394555e-01
1.154738968743194150e-01
1.148628802735611742e-01
1.143801734363074640e-01
1.140122962381244776e-01
1.205076668699127662e-01
1.258418830830305701e-01
1.309755219382227054e-01
1.340949033403384671e-01
1.363606340118430627e-01
1.379145073003456012e-01
1.388924690774022697e-01
1.394191155256037096e-01
1.396045892708310809e-01
1.472615389449036805e-01
1.533977236861969740e-01
1.581376553065787505e-01
1.616440567251067328e-01
1.640981941977197600e-01
1.656845081417186449e-01
1.665794098913275789e-01
1.669438137461329852e-01
1.669188043271254696e-01
1.666237792149170005e-01
1.661564266996173878e-01
1.655939684075080631e-01
1.649951914473568593e-01
1.644028959678185409e-01
1.638464795686358499e-01
1.633444632199592128e-01
1.629068315680244350e-01
1.625371137058682081e-01
1.622341701110758816e-01
1.631185046043084341e-01
1.638622562042371111e-01
1.644672241948719194e-01
1.649421249977947035e-01
1.653001928759039174e-01
1.655571467571608224e-01
1.657295712820534561e-01
1.658337121528916658e-01
1.658846501755339986e-01
1.658957970846830499e-01
1.658786476943705512e-01
1.658427237955937272e-01
1.657956519700838349e-01
1.657433270948456272e-01
1.656901236140315703e-01
1.726279981519960316e-01
1.713024378029692762e-01
1.700696429902239792e-01
1.759406815700483850e-01
1.737124195954673489e-01
1.786883880800356206e-01
1.826554497699284241e-01
1.857127586944413711e-01
1.879769498512970927e-01
1.895706284514917517e-01
1.906141351006824802e-01
1.912199726916812281e-01
1.914893455590380711e-01
1.845808637551473730e-01
1.856959629012884250e-01
1.866111078762715536e-01
1.873388269221274438e-01
1.878977194190183386e-01
1.883096273195405956e-01
1.885974985659712999e-01
1.887838430111095089e-01
1.888896809865754367e-01
1.876182695001293865e-01
1.878564705101779531e-01
1.880476433619182597e-01
1.881959421038279512e-01
1.883065061932172046e-01
1.883849064950895436e-01
1.884367285831067829e-01
1.884672762094321552e-01
1.884813763913624207e-01
1.884832672796454833e-01
1.884765507355512515e-01
1.884641931180968122e-01
1.884485598847620569e-01
1.884314719648707559e-01
1.884142742477268317e-01
1.883979087717253531e-01
1.883829872003575101e-01
1.883698588724576073e-01
1.952809665166455044e-01
1.940069747512163101e-01
1.997298707746215651e-01
2.043031935502364060e-01
2.078372519347679859e-01
2.035848142578486897e-01
1.998163784963058465e-01
1.965840683637407604e-01
2.008014852722348476e-01
2.042739602478624850e-01
2.085003364468478448e-01
2.103827187166928958e-01
2.132163373693869435e-01
2.138400294752065278e-01
2.156357649244995400e-01
2.169152461402079624e-01
2.177634051142762761e-01
2.182634848611557654e-01
2.184929518004823379e-01
2.185208739264374866e-01
2.184065452616519298e-01
2.181990943700564678e-01
2.179378121080453035e-01
2.176529585177944259e-01
2.173668483111801386e-01
2.155548373575431054e-01
2.140687945044303930e-01
2.128842800514998412e-01
2.203864296345838802e-01
2.266001764099860871e-01
2.315884505360381596e-01
2.269240747133660641e-01
2.297282659917170289e-01
2.318652970733012797e-01
2.334311267664601619e-01
2.345209612631429241e-01
2.352247040162005476e-01
2.356241724830696604e-01
2.357915851243417293e-01
2.357889596727240633e-01
2.304794795767486359e-01
2.243984542570729435e-01
2.194578297882721074e-01
2.170861821070935171e-01
2.153569013210936411e-01
2.141740341037068340e-01
2.134397622627881574e-01
2.130603179353727228e-01
2.129501179976416303e-01
2.130342600785399831e-01
2.202880886001417071e-01
2.263198919267384035e-01
2.311809041574623969e-01
2.349703788254224879e-01
2.378148597109215334e-01
2.381625290593971656e-01
2.381536552183569633e-01
2.395707473019228484e-01
2.388509497945101590e-01
2.397385489751975296e-01
2.403196777607508050e-01
2.406554816445740652e-01
2.391168324104828713e-01
2.394268491581794667e-01
2.396198837971621476e-01
2.380426470396503902e-01
2.367141688543696887e-01
2.372764107299512037e-01
2.361012473224815000e-01
2.367985563471488586e-01
2.374012340309854530e-01
2.379057345740143159e-01
2.383147090471207097e-01
2.386350936174435056e-01
2.388764929102871193e-01
2.390498735091188820e-01
2.391665596225405199e-01
2.375530236430760667e-01
2.378942354427302508e-01
2.381890435208520174e-01
2.384358965664654662e-01
2.386362372507973006e-01
2.387935350392449418e-01
2.389124954598120798e-01
2.389984375656473148e-01
2.373754798139318112e-01
2.377169683651090271e-01
2.380212254155491536e-01
2.382834854351600917e-01
2.385026089221673473e-01
2.386800671634652371e-01
2.388190873708848638e-01
2.372447395254333458e-01
2.359633658784048293e-01
2.365977918072204034e-01
2.371659656126579030e-01
2.376579787014867495e-01
2.380708066206349560e-01
2.384064732003323694e-01
2.386704697705519518e-01
2.388704420817120422e-01
2.390151417786012811e-01
2.391136256818442440e-01
2.391746762951860727e-01
2.392064112421097288e-01
2.392160473264557385e-01
2.375266233449668807e-01
2.378158764915829781e-01
2.380784213694966400e-01
2.383085248249159349e-01
2.385038700898718389e-01
2.369889877843505133e-01
2.374204534100281538e-01
2.378032579875144492e-01
2.364635662339567013e-01
2.370374163134265633e-01
2.358798584028036771e-01
2.349560070374809850e-01
2.342415734781133629e-01
2.353393515846986528e-01
2.362997320675817026e-01
2.371131576533667129e-01
2.361169257465118854e-01
2.352908975318688256e-01
2.346258719035467788e-01
2.341070409710301892e-01
2.337165744352609487e-01
2.334354999381345053e-01
2.332450291565419942e-01
2.263305248075699883e-01
2.207029327081098113e-01
2.230949990066208866e-01
2.253089921767992276e-01
2.272826817076230022e-01
2.221749802012273900e-01
2.180240740716166137e-01
2.147602052784334248e-01
2.122878261901701702e-01
2.173505929130263858e-01
2.148844002132281883e-01
2.198097542355212930e-01
2.171224523973684928e-01
2.149283404321831181e-01
2.200430026801452055e-01
2.243099749831105605e-01
2.209367475774521861e-01
2.248984275496963559e-01
2.281081224316341416e-01
2.238084834334128637e-01
2.201370106733200327e-01
2.170975455121531006e-01
2.146594112941961896e-01
2.196207623199308845e-01
2.169646904044968405e-01
2.148011084254224379e-01
2.130950995185081354e-01
2.117981079863553440e-01
2.177114503316595062e-01
2.158132550790134996e-01
2.210855209001425514e-01
2.185726036907760239e-01
2.232640813676425307e-01
2.202382457777758429e-01
2.244803621429893870e-01
2.210810819879309719e-01
2.181820288630447191e-01
2.226265467013290866e-01
2.262913399514443480e-01
2.223997460694986383e-01
2.259191858711049328e-01
2.219449606977461631e-01
2.185989393943781334e-01
2.158677364430472423e-01
2.205576228371086689e-01
2.245022455821366059e-01
2.208948166494411058e-01
2.246956841065343990e-01
2.278043361302046765e-01
2.302680106727683640e-01
2.321535110440582361e-01
2.267299417325219224e-01
2.221192851226636567e-01
2.183194290271082139e-01
2.221294123536692311e-01
2.185469407625737492e-01
2.224956124607462282e-01
2.258233359089760750e-01
2.217203693522120656e-01
2.251303616745763403e-01
2.279446953614050475e-01
2.233782238840331669e-01
2.263732915378005028e-01
2.288337641744935258e-01
2.239763669326515494e-01
2.199063513924555124e-01
2.166007304137997913e-01
2.140030262322072385e-01
2.120362996639157949e-01
2.106134033411617423e-01
2.096447137246220116e-01
2.090436673034059556e-01
2.087304561969831607e-01
2.086342370615994479e-01
2.086941844491811970e-01
2.088596839002889727e-01
2.090899176523361991e-01
2.093530517599588858e-01
2.096251909923909640e-01
2.098892291919565167e-01
2.101336889901026517e-01
2.103516163207472811e-01
2.105395719961953294e-01
2.106967443572231868e-01
2.108241931367045296e-01
2.109242245653923931e-01
2.095392171519998570e-01
2.098592589374437267e-01
2.101445562054136129e-01
2.089390354942313177e-01
2.094065451229809582e-01
2.098189380138861804e-01
2.101711418241192231e-01
2.104627236886413844e-01
2.106965590400440291e-01
2.108777081736248338e-01
2.110125014020873824e-01
2.096462681669413186e-01
2.085278072286260720e-01
2.090724445910820961e-01
2.095565127009542117e-01
2.085264014578325220e-01
2.076973978693936740e-01
2.070504376405666314e-01
2.079826293518858282e-01
2.073659977924153797e-01
2.068827127341092975e-01
2.065170145702448501e-01
2.062519222630365689e-01
2.060704845554885978e-01
2.059566299718589288e-01
2.058957078562824172e-01
2.058747941198666442e-01
2.058828206055076659e-01
2.059105754065295724e-01
2.059506123112164744e-01
2.059971001072535834e-01
2.060456362640510353e-01
2.060930441919088807e-01
2.075510522812937797e-01
2.087611408048399841e-01
2.097317660355675351e-01
2.090284092146934558e-01
2.098412714309449978e-01
2.090207890388557921e-01
2.083089207258321807e-01
2.077098507565937613e-01
2.086490066317012726e-01
2.079941592943790329e-01
2.074511355053163530e-01
2.084398789945036690e-01
2.092701855782712617e-01
2.099451936692631193e-01
2.090220612308850701e-01
2.082397415076104874e-01
2.090296901815416053e-01
2.082461273658113843e-01
2.090349519849727944e-01
2.082502647717348054e-01
2.090381390322355593e-01
2.082525831258197346e-01
2.090397587227639242e-01
2.096963446621522564e-01
2.087766637858825547e-01
2.080098898550448716e-01
2.073890521374228690e-01
2.069016535369776477e-01
2.079513603333034144e-01
2.074188713211213564e-01
2.069907958837635675e-01
2.080784735570293531e-01
2.089976605482584127e-01
2.083062532190576022e-01
2.077213974258107498e-01
2.086700172535909115e-01
2.094599550034339508e-01
2.086483983577684942e-01
2.094014081442261421e-01
2.100150109070528792e-01
2.104982760861413560e-01
2.108645471687276007e-01
2.111294780678112382e-01
2.113094955010998977e-01
2.099545388010357616e-01
2.088271546204640838e-01
2.079155887699442040e-01
2.086287416823020546e-01
2.092544915484964019e-01
2.083421626565757911e-01
2.076036955727378341e-01
2.084498758345276759e-01
2.091788051028264928e-01
2.097870538918575889e-01
2.088279008579621010e-01
2.094710297586759307e-01
2.100035731506857406e-01
2.104304581342619773e-01
2.107607526652737207e-01
2.095454909501157648e-01
2.085353306526429584e-01
2.091549584491187996e-01
2.082448438931898682e-01
2.007452383567751575e-01
1.946628411774109502e-01
1.898818156714687788e-01
1.862542474936561554e-01
1.836177388294728541e-01
1.818081749462734376e-01
1.806686060831994567e-01
1.732739405664616150e-01
1.675039615982347740e-01
1.631720770613411808e-01
1.600722180191282984e-01
1.579954655086268644e-01
1.567419101599918374e-01
1.561285099579956537e-01
1.559937070702119843e-01
1.561995175055206353e-01
1.497832593196719575e-01
1.505639552485726895e-01
1.447270458718201702e-01
1.402344277613492007e-01
1.369031493224708296e-01
1.345476382510579771e-01
1.329900193062503178e-01
1.320665910981169144e-01
1.316315280044688674e-01
1.315585847440077227e-01
1.250213913583189118e-01
1.198714617095830715e-01
1.159596824394393266e-01
1.131173265255975835e-01
1.044083458999200964e-01
9.764776011248876841e-02
9.260494455031631489e-02
8.902752955159454196e-02
8.666146407443897637e-02
8.526513491064302563e-02
7.780905485547062739e-02
7.214716950881028268e-02
6.803632861525521491e-02
6.522424065529808246e-02
5.663291274646886642e-02
5.011237864563033995e-02
4.538048915608805522e-02
3.529727623908174294e-02
2.767562770686637919e-02
2.217252566993388463e-02
1.843601656402316102e-02
1.612713984577585080e-02
1.493423284861972178e-02
7.724418198287619219e-03
2.371574021908129382e-03
-1.405579950139124179e-03
-3.886334527128054717e-03
-5.297323317963176237e-03
-5.911483919373461404e-03
-1.277664589780913573e-02
-1.801607525944937116e-02
-2.184289908267600389e-02
-2.448016452788692732e-02
-2.614660851758277005e-02
-2.704661618411807744e-02
-2.736376433409293263e-02
-2.725731058423219721e-02
-3.371373991011150650e-02
-3.873785374143423610e-02
-4.249827689020113652e-02
-4.517978091175245403e-02
-4.696835410176225523e-02
-4.804082506657225693e-02
-4.855819316450515899e-02
-4.866187252154308140e-02
-4.847214475163830194e-02
-4.808821736685309212e-02
-4.758938771025533754e-02
-4.703690931805648567e-02
-4.647624542731709774e-02
-5.278108968405792467e-02
-5.787610039881596613e-02
-5.540554672373287914e-02
-6.002678974640707210e-02
-6.367927510197723961e-02
-6.645441328464229969e-02
-6.846456494323382991e-02
-6.983072270870227527e-02
-7.018089050803189011e-02
-7.069915227586975881e-02
-6.392526377009333238e-02
-5.818014265601867407e-02
-5.345966070323671104e-02
-4.970566870086434719e-02
-4.682544785554965117e-02
-4.470729700415487784e-02
-4.323245905025085989e-02
-4.228378604075078151e-02
-4.175163885244814743e-02
-4.153754083899374727e-02
-4.155608030596091851e-02
-4.173550474118847831e-02
-4.201738509876107308e-02
-4.235566095496556827e-02
-4.271531306016385088e-02
-5.007293000766099844e-02
-4.912601112350478694e-02
-5.523108505189955331e-02
-6.013808245242691086e-02
-6.395280713279816176e-02
-6.680649967031238035e-02
-6.884109138192973099e-02
-7.019844635011618372e-02
-7.101291695930478376e-02
-7.140657432307251362e-02
-6.495822036126264187e-02
-6.648347426096856694e-02
-6.059597993319565390e-02
-6.237358663287162486e-02
-6.388807689625353170e-02
-6.514015656353167039e-02
-6.614452641131074451e-02
-6.033651189431776807e-02
-6.258553620308937582e-02
-6.406042365297559549e-02
-6.527516305262937024e-02
-6.624600667229030293e-02
-6.699709220730754033e-02
-6.755660771701998968e-02
-6.795402176558673624e-02
-6.869840512357905382e-02
-6.925511381559901203e-02
-6.964991327070202409e-02
-6.990968555136189977e-02
-7.006070259198704520e-02
-7.012737221330866966e-02
-7.013142844403841281e-02
-7.009150567554356392e-02
-7.718644969293309011e-02
-8.295129147385438273e-02
-8.748348465331057255e-02
-9.091744823190239799e-02
-9.340559943504556095e-02
-9.510437549437145144e-02
-1.032876392352073402e-01
-1.096545587654780274e-01
-1.144240627205683758e-01
-1.178325574279188714e-01
-1.201158112537514810e-01
-1.214966617144919159e-01
-1.221772875429700811e-01
-1.223349700067513091e-01
-1.221204510043658598e-01
-1.216581603291650993e-01
-1.210477262992555314e-01
-1.203663042738285505e-01
-1.196713596138834212e-01
-1.190036282732718220e-01
-1.183900514788123193e-01
-1.178465422567607224e-01
-1.173804919036622874e-01
-1.169929647947094420e-01
-1.166805611282046851e-01
-1.164369503693192254e-01
-1.233326057019115130e-01
-1.289771452678409869e-01
-1.334543437693256340e-01
-1.368840635113772741e-01
-1.454109470302760165e-01
-1.519755419960568954e-01
-1.568558597009381828e-01
-1.671725850010430392e-01
-1.750355169731194760e-01
-1.808022181131665462e-01
-1.848235948465528633e-01
-1.941674399060471234e-01
-2.011387167685612098e-01
-2.061050360194294218e-01
-2.094223144820290816e-01
-2.114211166478743298e-01
-2.123983895787064924e-01
-2.192904691257986372e-01
-2.244111797099459515e-01
-2.295861716783440531e-01
-2.317042153464476950e-01
-2.344424542658338773e-01
-2.361735828780857638e-01
-2.371025777228317200e-01
-2.374176491577009163e-01
-2.372848382970771386e-01
-2.368452777123026820e-01
-2.362146418887667298e-01
-2.422897444622402752e-01
-2.470782720375741537e-01
-2.507186835605987874e-01
-2.533688186301514822e-01
-2.619235055640947163e-01
-2.685449158182682261e-01
-2.734792268195496145e-01
-2.769853731281777254e-01
-2.859490462421370172e-01
-2.927295377178877889e-01
-2.976448190145108974e-01
-2.944445376332043285e-01
-2.911931848362232511e-01
-2.880762586681104853e-01
-2.852165578478871311e-01
-2.846229414526808554e-01
-2.840332547692352438e-01
-2.767263387295990640e-01
-2.706401024502365082e-01
-2.657428016831686612e-01
-2.619462658155711221e-01
-2.591270806254413195e-01
-2.571441329624775118e-01
-2.558521840371208445e-01
-2.551116240757216325e-01
-2.530064552558597413e-01
-2.515595661171903252e-01
-2.506399924077999941e-01
-2.501307706628128624e-01
-2.516665366062194042e-01
-2.531193755012062230e-01
-2.544380227348559398e-01
-2.555931870665661965e-01
-2.565728031092808781e-01
-2.573776905974860529e-01
-2.580177402029522060e-01
-2.585086955744702042e-01
-2.588695502223647971e-01
-2.591205348617728887e-01
-2.592816399276298700e-01
-2.593715996454073469e-01
-2.507425686651199026e-01
-2.454397171197002514e-01
-2.395514859371969951e-01
-2.350182084369760727e-01
-2.316565300279165296e-01
-2.292794820039427695e-01
-2.277074634190581204e-01
-2.267750919612361304e-01
-2.263350840611877413e-01
-2.278351834892293759e-01
-2.277289103840249851e-01
-2.294059193901800686e-01
-2.293253228760641083e-01
-2.293434526049140665e-01
-2.310348493397973435e-01
-2.324892269950598056e-01
-2.336996632323056211e-01
-2.346742513991888490e-01
-2.354314142186120229e-01
-2.359958991351034374e-01
-2.363955346434414295e-01
-2.366587487779905352e-01
-2.368127915558699836e-01
-2.368825661722988585e-01
-2.368899571055613773e-01
-2.368535422392168410e-01
-2.367885852970768035e-01
-2.367072196052191213e-01
-2.366187508969790354e-01
-2.365300232173372930e-01
-2.364458066285095583e-01
-2.294003704415881195e-01
-2.236241693803935338e-01
-2.260393023918745303e-01
-2.196950416594196653e-01
-2.216332954709572256e-01
-2.165699960435509830e-01
-2.126253357334917382e-01
-2.111305551773676736e-01
-2.087113779925382495e-01
-2.084647219419020203e-01
-2.070702855623431926e-01
-2.076178669070518623e-01
-2.082890254346170256e-01
-2.090119437362365495e-01
-2.082508235202833458e-01
-2.091956737952145318e-01
-2.100622221431382997e-01
-2.093371208396095362e-01
-2.102572552728592115e-01
-2.110502644207592482e-01
-2.117122927012169420e-01
-2.122475886131907075e-01
-2.126658996720884875e-01
-2.129803138054735534e-01
-2.132055472581315669e-01
-2.133566507652697730e-01
-2.134480867111476776e-01
-2.134931198792429097e-01
-2.135034616388666873e-01
-2.134891099635800593e-01
-2.134583335650279690e-01
-2.134177560142540564e-01
-2.133725038004730123e-01
-2.133263900412452063e-01
-2.132821125397108553e-01
-2.132414508633844186e-01
-2.132054520416943877e-01
-2.131745983949580037e-01
-2.131489540198947541e-01
-2.131282886934851017e-01
-2.116023204223675958e-01
-2.103722624979180722e-01
-2.024876489241360655e-01
-1.961294234444050932e-01
-1.911584489281927812e-01
-1.874076039649361647e-01
-1.846988344501749868e-01
-1.815849175732868748e-01
-1.725843851066342083e-01
-1.656412714132646791e-01
-1.615899861694669593e-01
-1.587949486138198196e-01
-1.570300599930560814e-01
-1.549957420523655482e-01
-1.469025603912841316e-01
-1.476136699593655344e-01
-1.418297766222926803e-01
-1.375168866199685258e-01
-1.344517076528641830e-01
-1.333367239302740703e-01
-1.319448406036090038e-01
-1.312064552169818210e-01
-1.309605199391419283e-01
-1.241662694917247123e-01
-1.197053183708909341e-01
-1.155622344606701546e-01
-1.133678255898928899e-01
-1.119712454130379342e-01
-1.112122080306403582e-01
-1.109425213325525572e-01
-1.110308603999476951e-01
-1.113652711416066587e-01
-1.118538095194898663e-01
-1.124237849596814165e-01
-1.130200650256294459e-01
-1.136028393925812008e-01
-1.141451596468741059e-01
-1.138180084443358719e-01
-1.135777304826424139e-01
-1.134095557839225332e-01
-1.132996765242870740e-01
-1.132356580653028910e-01
-1.132066259843089728e-01
-1.132033091631721167e-01
-1.132179917317748252e-01
-1.132444085920076837e-01
-1.132776076564392387e-01
-1.133137946189464174e-01
-1.133501714217919343e-01
-1.133847765044304623e-01
-1.134163327269692711e-01
-1.134441071591614225e-01
-1.134677855110648448e-01
-1.134873627692489784e-01
-1.135030505707605997e-01
-1.135152009997792977e-01
-1.065966988143183247e-01
-1.009323670376498505e-01
-1.033872331837777381e-01
-9.868908632421247162e-02
-9.499210922460865625e-02
-9.218850231231034975e-02
-9.015568137385421288e-02
-8.876731197101772608e-02
-8.790119902852966405e-02
-8.744455265448958237e-02
-8.729714246599207250e-02
-8.737281450385792070e-02
-8.759979010036067493e-02
-8.792010403373295979e-02
-8.828847627283531452e-02
-8.867085170554389606e-02
-8.904278796357756320e-02
-8.938782413468238097e-02
-8.969592327144737531e-02
-8.996204905354887593e-02
-9.018491123685823396e-02
-9.036589489810875619e-02
-9.050817411664557888e-02
-9.061600075991438352e-02
-9.069415262539393119e-02
-9.074752157726928559e-02
-9.078082082911875794e-02
-9.079839058910521565e-02
-9.080408242295523458e-02
-9.017205681038786835e-02
-9.027781437067905479e-02
-9.037246016009659044e-02
-9.045438215277701310e-02
-8.989744592787096700e-02
-9.006641055576269927e-02
-8.959475419544049579e-02
-8.921861549031384619e-02
-8.892793122824715901e-02
-8.932103771451727070e-02
-8.966765714054347747e-02
-8.248420520530164168e-02
-8.349468509453417120e-02
-8.504874944432505579e-02
-8.643395729132974381e-02
-8.070342255196605308e-02
-7.547953975240528912e-02
-7.137582630750793911e-02
-6.873458344428273747e-02
-6.682919893580563375e-02
-6.554173914760652586e-02
-6.475615269793899564e-02
-6.436391170327482314e-02
-6.426769707180501889e-02
-6.393556927264976153e-02
-6.382807156626091327e-02
-6.432345651783788476e-02
-6.484863391579986924e-02
-6.536711089485591764e-02
-6.585356847021883731e-02
-5.931309007802365585e-02
-6.096632546131774966e-02
-5.548275910763034169e-02
-5.108996551312672274e-02
-4.769123987230972084e-02
-5.217275577773872186e-02
-4.945675684782369075e-02
-4.701396789319267633e-02
-4.519507106446907230e-02
-5.093665199352037654e-02
-4.879260053393918994e-02
-4.708656547296996564e-02
-4.577496042614614957e-02
-4.480665930602900637e-02
-4.412804691230243215e-02
-5.068789385762606514e-02
-4.915333283806799791e-02
-4.785084292252284044e-02
-4.677847096870557664e-02
-4.592277005647638077e-02
-4.526299283354351388e-02
-4.477439232973057237e-02
-4.443073108092954193e-02
-4.420610862177132283e-02
-4.407621863810518015e-02
-4.401914258974826133e-02
-4.401577825947389222e-02
-4.404999093773742658e-02
-4.410856299330689900e-02
-4.418100532323343543e-02
-4.425928230472164771e-02
-4.433749086657412519e-02
-4.441152446504093021e-02
-4.447874425013687016e-02
-4.453767259167307202e-02
-4.458771836161812274e-02
-4.462893884339558248e-02
-4.466183972459392137e-02
-4.468721217304305604e-02
-4.470600433829186038e-02
-4.471922360717006661e-02
-4.472786543137452497e-02
-4.473286441126389512e-02
-4.473506345550770646e-02
-4.473519715182838752e-02
-3.773020257887838014e-02
-3.900901902839093438e-02
-3.319393120076474801e-02
-2.853458317173473979e-02
-2.492629943404178761e-02
-2.224052495250750106e-02
-1.332536027199315853e-02
-6.337743618076485674e-03
-1.061757664925222500e-03
9.759096458687999132e-03
1.807108978734817128e-02
2.419753688598347274e-02
2.847950806386534417e-02
3.125189277631545970e-02
3.983367887570432586e-02
4.621448477975587110e-02
5.037469691641405234e-02
5.302836715064040973e-02
5.451172017575744988e-02
6.196331564966706118e-02
6.795333963289484913e-02
7.229383977218684088e-02
7.524806528837757469e-02
8.400194427123564012e-02
8.999598812135856107e-02
9.485870537498386490e-02
9.819145176203325498e-02
1.071958618397093055e-01
1.131750447056956155e-01
1.181347379616437543e-01
1.215076676492943264e-01
1.235933041787387054e-01
1.246692008704040067e-01
1.249829696918558497e-01
1.247481308898277241e-01
1.232860895897469611e-01
1.226149690229800804e-01
1.218186911214167445e-01
1.201438690153695532e-01
1.194698773258722202e-01
1.180206081341836910e-01
1.167952562370799807e-01
1.165834281523481231e-01
1.156278784822173389e-01
1.148688880710408977e-01
1.150688288639394319e-01
1.144899109191270803e-01
1.140512250087180046e-01
1.137325908958521925e-01
1.142909296444150069e-01
1.140086517815117606e-01
1.138006900624632944e-01
1.136551639283842619e-01
1.135605844167293377e-01
1.135063329384544684e-01
1.134829422560570400e-01
1.142582123318611753e-01
1.141305884110668245e-01
1.140233097072440582e-01
1.139358198893611895e-01
1.138666855551571100e-01
1.205820620311410796e-01
1.193039802307556130e-01
1.248787300958513757e-01
1.293398077306475713e-01
1.260531433606175700e-01
1.239579240528618786e-01
1.280370168837787759e-01
1.245176945690513737e-01
1.215030059512747229e-01
1.189984471717138170e-01
1.237478719534674809e-01
1.209375991389880500e-01
1.186040546581546007e-01
1.167252347099179133e-01
1.152619147676277045e-01
1.141649411437561934e-01
1.133808236107010092e-01
1.204352954478682403e-01
1.263765824162521589e-01
1.312174318206447143e-01
1.350258939485571297e-01
1.447812564945956115e-01
1.524796779162878035e-01
1.514629806720881877e-01
1.569753719768804956e-01
1.610597572798084798e-01
1.639333224570862502e-01
1.658122548014382414e-01
1.669000348018161439e-01
1.673802000502024878e-01
1.674125353426145768e-01
1.671317856724243711e-01
1.666481448418135614e-01
1.660489212548197369e-01
1.654009150015440799e-01
1.647531537026469817e-01
1.641397289132020543e-01
1.635825516910152100e-01
1.630939072197432615e-01
1.626787362435935247e-01
1.623366075402976616e-01
1.620633726005660247e-01
1.618525127814407494e-01
1.616962019562548925e-01
1.615861154099462738e-01
1.615140195650837107e-01
1.614721780463062029e-01
1.614536084205735467e-01
1.614522213671611972e-01
1.614628705839125100e-01
1.614813378565018720e-01
1.615042737326759514e-01
1.615291103905540648e-01
1.615539597297728225e-01
1.615775065446980463e-01
1.627206356073722660e-01
1.705772581083679906e-01
1.770239348213829000e-01
1.821354324561501592e-01
1.847404974678514833e-01
1.878050604599816875e-01
1.899758602464389767e-01
1.914055495756299408e-01
1.977755638618461376e-01
2.026079049594073922e-01
2.075591716350453364e-01
2.112011623222576073e-01
2.137361096538878957e-01
2.221940560750585991e-01
2.286773071700283211e-01
2.334444598607208210e-01
2.367661951231303519e-01
2.389070663029289054e-01
2.401133296539499362e-01
2.406055345578010929e-01
2.405747560631497084e-01
2.401815273056693290e-01
2.463304340056580166e-01
2.510979899568359652e-01
2.546562686315096968e-01
2.571880240507731230e-01
2.588737338718816172e-01
2.598828857440902418e-01
2.603685644078697070e-01
2.604645523029405219e-01
2.602842977758768050e-01
2.666167478129735091e-01
2.716010653401386143e-01
2.753882950854276146e-01
2.781457380690859349e-01
2.800431568448906727e-01
2.812432250901857334e-01
2.818953204016887426e-01
2.821319010216223333e-01
2.820668374296217973e-01
2.817951821390769496e-01
2.813939561806604317e-01
2.875400747072764940e-01
2.924373009918714850e-01
2.962106946949931707e-01
3.010407006968116583e-01
3.113213204745124418e-01
3.193985679728286176e-01
3.255041463081946862e-01
3.299065539145189518e-01
3.394536241735834903e-01
3.466239310456196154e-01
3.582569676808775583e-01
3.669724095387467688e-01
3.732141833650544083e-01
3.799638151075843684e-01
3.846647009746804180e-01
3.876764197957911495e-01
3.893421865015767036e-01
3.834948871708006024e-01
3.845509461409888363e-01
3.850068620658009255e-01
3.850198341369164279e-01
3.847234223086024585e-01
3.868761226549557453e-01
3.884494613191156187e-01
3.868390755534261150e-01
3.879930410152028220e-01
3.821788557012524290e-01
3.772367638106717269e-01
3.731746341967996372e-01
3.699495111842550088e-01
3.674847444862199275e-01
3.656843968001903811e-01
3.644446298533046136e-01
3.636621389686907069e-01
3.632399478316832298e-01
3.630909990912378760e-01
3.698937634964962751e-01
3.729376972946647495e-01
3.779803099382745835e-01
3.820113420154485073e-01
3.851284051408865317e-01
3.874466657852013718e-01
3.890876415245780873e-01
3.901710918325684840e-01
3.908094415370610974e-01
3.911042395728552279e-01
3.911442176824471151e-01
3.910045717767771656e-01
3.841193423097455373e-01
3.783471548239685234e-01
3.736601600769087206e-01
3.699810674987960013e-01
3.672018024790069113e-01
3.651985045951300357e-01
3.638430065183768658e-01
3.604619674717115529e-01
3.579859685511483924e-01
3.562612040446111461e-01
3.551434362377516862e-01
3.545025083986002024e-01
3.542244796844689070e-01
3.542122004896743892e-01
3.477647025840291395e-01
3.492724651573260175e-01
3.441262460340885898e-01
3.400888774329855480e-01
3.370390737285533511e-01
3.348401739205024708e-01
3.310426225368503506e-01
3.282725500623435710e-01
3.263540968347065085e-01
3.251226494592420746e-01
3.178148497634869507e-01
3.187499501856143613e-01
3.132767276672574486e-01
3.090936035859805919e-01
3.060296754754940896e-01
3.039074754696775571e-01
3.025539140140576233e-01
3.018078418290641718e-01
3.015248147345426233e-01
3.015796157021588542e-01
3.018670450183718046e-01
3.023014352426509621e-01
3.028152859803545649e-01
3.033573481492297663e-01
3.038904222629994489e-01
3.043890736920986662e-01
3.048374124725488077e-01
3.052270376225469928e-01
3.055552067594162757e-01
3.058232609857662876e-01
3.060353118861769417e-01
3.061971810707195818e-01
3.063155719021815049e-01
3.063974467243286703e-01
3.064495800223430155e-01
3.064782575747779791e-01
3.064890930272119451e-01
3.064869358074517880e-01
3.064758474237969654e-01
3.064591265751903659e-01
3.064393668905562862e-01
3.064185343231198289e-01
3.063980541392206103e-01
3.063788999966587934e-01
3.063616797799417757e-01
3.042458455344783097e-01
3.046154039575148520e-01
3.049620875467369263e-01
3.052746165191464467e-01
3.055468709682966910e-01
3.036830664704368576e-01
2.955550712832561988e-01
2.889840456960128812e-01
2.838349397074928504e-01
2.799406150624981215e-01
2.771205056705783321e-01
2.751939599046833163e-01
2.673436079503364038e-01
2.612542186703510350e-01
2.567155433995493841e-01
2.534991262403725187e-01
2.446470403763461032e-01
2.378710467835585263e-01
2.329076487149719377e-01
2.226668433096758992e-01
2.148902011712063853e-01
2.092532340403616686e-01
1.985257939617828260e-01
1.904875037788109626e-01
1.847599845708949307e-01
1.809525917500811598e-01
1.786882240866516369e-01
1.776203599935148869e-01
1.774430190432423338e-01
1.778952844911239062e-01
1.787618439217069088e-01
1.798707808882820114e-01
1.810896188064690104e-01
1.823203995216462481e-01
1.834943833628435161e-01
1.845667900813876550e-01
1.855118622556606311e-01
1.932447354780517657e-01
1.926455745875754744e-01
1.920008198043410275e-01
1.913582905818942415e-01
1.907511841643740880e-01
1.902007617543173268e-01
1.897188468754504864e-01
1.893100631838782189e-01
1.889737736447580918e-01
1.887057096171909087e-01
1.884992978827686461e-01
1.883467070264508436e-01
1.882396428870474203e-01
1.881699270699168647e-01
1.881298937137136917e-01
1.881126386743785517e-01
1.881121527545128735e-01
1.881233671545112784e-01
1.799386940240548238e-01
1.733266760836154052e-01
1.681435696654309808e-01
1.642163311580009388e-01
1.613613013238612837e-01
1.525640473271974162e-01
1.457344986666595510e-01
1.406308441137726906e-01
1.369957469019744689e-01
1.345739918378743294e-01
1.331247330175178156e-01
1.324293972141716846e-01
1.322961571410230519e-01
1.248147912450356944e-01
1.198928149113223096e-01
1.093825697766079852e-01
1.011966925794911543e-01
9.441548559727430678e-02
8.957978832530311131e-02
7.949838639760753445e-02
7.196056259121341725e-02
6.657729688552760372e-02
5.614804848095289458e-02
4.156412182310242898e-02
3.048789535023344044e-02
2.243423870059024772e-02
1.690728984750444752e-02
6.593855792597969057e-03
5.975138893188125522e-03
-3.489776798923927004e-04
-1.150560749084039713e-02
-1.978529288428076960e-02
-2.562419581518193823e-02
-2.945520426603143171e-02
-3.168573129279295131e-02
-3.268387614682555231e-02
-3.277097180327159798e-02
-3.906627401735129901e-02
-4.369282935354790176e-02
-4.691373823029798551e-02
-4.898634136219448543e-02
-5.698856533792140411e-02
-6.304198311881226147e-02
-6.742053691310623265e-02
-7.040315239823358162e-02
-7.907615190675976180e-02
-8.561175801025355803e-02
-9.093732488366379485e-02
-9.467484934352832227e-02
-9.709210327899464588e-02
-9.845012037556699624e-02
-9.203759112347720261e-02
-8.626557722988481558e-02
-8.823841503301044220e-02
-8.974289298042092966e-02
-9.084029980342500643e-02
-8.460718058627514360e-02
-7.937147280398315630e-02
-8.210490408166415399e-02
-7.746972217145420281e-02
-7.372827823102912070e-02
-7.080727161309186002e-02
-6.861187712010519135e-02
-6.703750136592101505e-02
-6.597842264032460768e-02
-6.533380832840496311e-02
-6.501160181086818035e-02
-6.493073537569182818e-02
-6.502207316814367921e-02
-6.522842914558046878e-02
-5.851585868553899061e-02
-6.010379824275635663e-02
-6.161144262760198664e-02
-6.298363532182360558e-02
-6.418914356676408417e-02
-6.521502545387081184e-02
-6.606174806083475737e-02
-6.673908508591019917e-02
-6.726277247030720829e-02
-6.765186711556503418e-02
-6.792673360302581287e-02
-6.810757376694254184e-02
-6.821341144312897953e-02
-6.826144752446450248e-02
-6.826670682461011275e-02
-6.824190677186625642e-02
-6.164265886315889453e-02
-5.615672217449474424e-02
-5.175029122533403303e-02
-4.868936508117882589e-02
-4.608641578222827384e-02
-4.425335404965280439e-02
-4.305647187602534842e-02
-4.957937655382638198e-02
-5.516275960866212635e-02
-5.979437643694418547e-02
-6.351784556799300319e-02
-6.641263359747617834e-02
-6.808951374733096529e-02
-6.922073132596007206e-02
-7.041578571226247973e-02
-7.069112555291701128e-02
-7.122440671107277410e-02
-7.149826400268866067e-02
-7.157581313819205704e-02
-7.151169247877264823e-02
-7.791746426663137548e-02
-8.359688610596105462e-02
-8.804976171798695184e-02
-9.141008070947620467e-02
-8.672057149581147151e-02
-8.965048592526736471e-02
-9.185974844861100053e-02
-8.632249838229610894e-02
-8.156342196071153516e-02
-8.535201741046183344e-02
-8.853039762674796975e-02
-9.110790210292774027e-02
-9.244858467742034236e-02
-1.005930699498001069e-01
-1.070497402528838293e-01
-1.119999441583050537e-01
-1.227584406464299338e-01
-1.310861858609699837e-01
-1.372971106781628592e-01
-1.487507320004781697e-01
-1.563120834196427555e-01
-1.616273859813368574e-01
-1.651348466092297240e-01
-1.672225338589810040e-01
-1.750267963544986927e-01
-1.819984256071489614e-01
-1.870708696243015279e-01
-1.973855887095254946e-01
-2.051620011645276520e-01
-2.107542415771854749e-01
-2.145249746868709284e-01
-2.168239962850990743e-01
-2.179737352491593061e-01
-2.251034942432734720e-01
-2.303565608285016442e-01
-2.324157925574192873e-01
-2.350750749733823142e-01
-2.434580279823239657e-01
-2.413823032000874669e-01
-2.407530620887607942e-01
-2.397875458901348455e-01
-2.386369388446623052e-01
-2.374171276767960137e-01
-2.345922232377180006e-01
-2.337623640731019137e-01
-2.330225457308645609e-01
-2.323846419749504566e-01
-2.318516503222065595e-01
-2.330326947799667980e-01
-2.340271286587973787e-01
-2.348364282434916017e-01
-2.354716684759134981e-01
-2.359502630146963487e-01
-2.362931637629932524e-01
-2.365226127306097048e-01
-2.366604621762400384e-01
-2.367270211989889184e-01
-2.367403519994271122e-01
-2.367159243726892903e-01
-2.296762280294082359e-01
-2.238896122333049465e-01
-2.192853956770632884e-01
-2.157504323050176698e-01
-2.131482884992392801e-01
-2.113338726182920624e-01
-2.101640368294168670e-01
-2.095047820556106277e-01
-2.092357158039093168e-01
-2.092523745073977537e-01
-2.094669530999664353e-01
-2.098079027573840349e-01
-2.087283593040059060e-01
-2.094348522298294935e-01
-2.101201602049715955e-01
-2.107547513568091002e-01
-2.113205905092634396e-01
-2.118086587403766874e-01
-2.122167384815569768e-01
-2.125474972853891309e-01
-2.057716328328758060e-01
-2.002004816713713886e-01
-1.957665089290490101e-01
-1.923617672412516466e-01
-1.898558031630463994e-01
-1.881094991355143353e-01
-1.811760688005683573e-01
-1.757133444859888538e-01
-1.715863799321304395e-01
-1.686256846619598182e-01
-1.666463154680986047e-01
-1.654630054767840530e-01
-1.649011382382110646e-01
-1.635878970955499945e-01
-1.700987626498626781e-01
-1.684161932969681086e-01
-1.671477627716406733e-01
-1.662312461402903896e-01
-1.656056493334876478e-01
-1.652139656887428032e-01
-1.650048044827485683e-01
-1.649332149120956714e-01
-1.649609416989472610e-01
-1.650562855641766191e-01
-1.580490154087139665e-01
-1.523561654770908547e-01
-1.478803282183154266e-01
-1.444896474515098284e-01
-1.420349201924611116e-01
-1.403625915043329453e-01
-1.383208849383315009e-01
-1.379644589565844903e-01
-1.379679719510531477e-01
-1.382229889010075929e-01
-1.386403521782346715e-01
-1.381479690279210359e-01
-1.388719061608465477e-01
-1.395824953447022398e-01
-1.392394514621115853e-01
-1.390137151842896213e-01
-1.398764950540785090e-01
-1.396280049908489307e-01
-1.394462730959544761e-01
-1.393201097271337119e-01
-1.392389477749989002e-01
-1.391931832395600921e-01
-1.391743560320535256e-01
-1.391752179809793155e-01
-1.391897222902371833e-01
-1.392129596877955677e-01
-1.392410601515654545e-01
-1.392710745376239956e-01
-1.402933130116641447e-01
-1.401392221413548800e-01
-1.409976793934573092e-01
-1.406823079871970528e-01
-1.403976199572354311e-01
-1.401493201443246850e-01
-1.399393936321038368e-01
-1.397671713693933171e-01
-1.396301973672122720e-01
-1.395249146741699420e-01
-1.394471925477662744e-01
-1.393927185485914766e-01
-1.393572784695549238e-01
-1.393369451493706723e-01
-1.393281949196476521e-01
-1.322836321845934915e-01
-1.265228157849076496e-01
-1.219616620687693498e-01
-1.184780401684728535e-01
-1.159296889706515898e-01
-1.141678513903927605e-01
-1.130471544187758859e-01
-1.124323230566517395e-01
-1.122023189616585537e-01
-1.122524598398595419e-01
-1.053991101279228015e-01
-9.995713427023411590e-02
-9.578725898848317044e-02
-9.272469433893992807e-02
-9.059571241342334602e-02
-8.922967747898291613e-02
-8.133729239135911726e-02
-7.520252003480454306e-02
-7.775993178510143267e-02
-8.033452031307986019e-02
-7.564831069145561138e-02
-7.205001506242592058e-02
-6.939987112817425086e-02
-6.755023336430165948e-02
-6.635584439944475221e-02
-6.568084711649913032e-02
-5.824912525128911334e-02
-5.241252080864167162e-02
-4.799607875203126817e-02
-4.448340760353342027e-02
-4.208076538320515425e-02
-4.056456283217535486e-02
-3.973659587231548329e-02
-3.942598316600065544e-02
-3.948894557594306853e-02
-3.282244101226994282e-02
-2.759969855759991653e-02
-2.348856989481684643e-02
-2.068105404534348324e-02
-1.877124549593967018e-02
-1.758829196755185009e-02
-1.697522448258337313e-02
-9.739418566336421890e-03
-4.160243869723689869e-03
-1.220268343971042668e-05
2.933098417644552924e-03
4.894206238468701287e-03
1.291298129731899280e-02
2.589873304714296331e-02
3.600913590162613254e-02
4.359348288448350317e-02
4.936193418184942061e-02
5.333621628876739074e-02
6.276311909988452342e-02
7.673358412058695066e-02
8.739354389233966458e-02
9.516543389718501444e-02
1.005034112877993824e-01
1.038575307096782918e-01
1.056494152768721051e-01
1.062572805410075816e-01
1.060082065545977503e-01
1.051757790119309810e-01
1.039815107911432612e-01
1.095527826329856236e-01
1.137856390042091270e-01
1.168650780526250266e-01
1.120489318145980739e-01
1.077186497785942443e-01
1.108953848055478364e-01
1.064595776700556495e-01
1.096278751824433240e-01
1.129742411058443086e-01
1.156522598710099103e-01
1.247505143136784511e-01
1.320499002282744527e-01
1.376973127804195229e-01
1.418864084745847798e-01
1.518782613392888337e-01
1.606849709432198736e-01
1.673421730572584032e-01
1.721246822258064579e-01
1.824619097037238902e-01
1.902225611367984737e-01
1.957674218610916395e-01
1.994706243058947948e-01
2.016935609421548481e-01
2.027680272690743912e-01
2.029866164110076809e-01
2.025985382180433003e-01
2.018093026309222271e-01
2.078596456417807214e-01
2.124875824041723149e-01
2.158853336710131465e-01
2.182508437271168944e-01
2.197754333934882620e-01
2.276333872590838858e-01
2.336821148653962510e-01
2.381596172821178747e-01
2.482364226020254971e-01
2.559295121040288112e-01
2.615698511534600978e-01
2.636433612405113536e-01
2.713959173623814447e-01
2.770546443837866857e-01
2.809891984837264989e-01
2.835371824060344270e-01
2.849983937622955210e-01
2.856329196113867042e-01
2.876085118924407436e-01
2.888197669875847140e-01
2.894276350818614230e-01
2.895778412248191103e-01
2.893978328299362524e-01
2.889953005684822163e-01
2.952089407318729819e-01
3.001199625748809385e-01
3.038634821049435164e-01
3.065963231367796471e-01
3.173524105171801057e-01
3.258588356778180373e-01
3.323327463916587732e-01
3.370369801703405610e-01
3.402519963934493852e-01
3.422549504332352832e-01
3.500042048340819001e-01
3.557855080993388430e-01
3.598962203401578908e-01
3.718015048495393327e-01
3.809804734505843893e-01
3.877633261041169010e-01
3.925102456056721589e-01
3.955826511779001464e-01
3.973230063688917291e-01
4.046249879193470900e-01
4.099486919935966256e-01
4.136212056520067737e-01
4.253596862053403704e-01
4.343675623559022370e-01
4.409889899335324159e-01
4.520341311535929218e-01
4.602113662453386489e-01
4.723066125643700097e-01
4.749120786165059727e-01
4.823117522520221634e-01
4.874400232309714642e-01
4.907314460641467591e-01
4.925801575074943983e-01
4.933325393911274226e-01
4.932847246386615758e-01
4.926833299704562741e-01
4.917283005298240806e-01
4.843760480770664678e-01
4.780413671749539350e-01
4.727540780744918791e-01
4.684800935344846096e-01
4.651416720028827001e-01
4.626343682411715452e-01
4.608405927520615730e-01
4.596399342928023657e-01
4.589165712705582933e-01
4.585641958623372094e-01
4.520924699217807596e-01
4.469590297122409961e-01
4.494892334615094853e-01
4.518983904550180064e-01
4.540954616751242678e-01
4.560288081838077545e-01
4.576767202999403317e-01
4.653929190420631468e-01
4.716348048120380110e-01
4.765304726597281437e-01
4.802386181592601666e-01
4.829304058976673364e-01
4.909652848962480221e-01
4.971410291940727699e-01
5.017120856377115246e-01
5.049358832476573689e-01
5.130995240261144730e-01
5.132398848646384515e-01
5.187893501053735257e-01
5.228317981848011886e-01
5.290847523001889208e-01
5.396785409647386622e-01
5.477971054216590474e-01
5.537647411117698759e-01
5.637613185291312501e-01
5.748962780220554514e-01
5.832395198351277843e-01
5.891856825496564198e-01
5.988810916184059696e-01
6.058873782771012628e-01
6.146411882392183168e-01
6.265658799078064334e-01
6.353523143711149457e-01
6.456619870803036454e-01
6.531173538522470068e-01
6.581673162782355480e-01
6.612584766671570913e-01
6.727169281041924798e-01
6.812453709641992372e-01
6.872648718727696338e-01
6.912080582807116347e-01
7.034916490021497770e-01
7.126858143729672967e-01
7.192321336780644891e-01
7.288894917934555240e-01
7.405155369740332727e-01
7.490391125565052377e-01
7.600935022146337872e-01
7.680021576018605245e-01
7.733246565201404854e-01
7.765815241456790474e-01
7.782387733239493066e-01
7.787009408443775760e-01
7.733092665654113240e-01
7.682180205430348963e-01
7.686860357434293078e-01
7.637525744521983517e-01
7.594853806033787791e-01
7.559110779850078954e-01
7.530115751496471166e-01
7.556149834771184182e-01
7.579138922621715402e-01
7.598752447305611168e-01
7.614939250335772680e-01
7.678206181978344258e-01
7.729887936818571337e-01
7.822461057175507104e-01
7.896586464085344481e-01
7.953571652130745351e-01
8.049519864509437905e-01
8.123495257142786530e-01
8.229802296165262820e-01
8.309238381913929272e-01
8.365704912402009974e-01
8.403203716182577887e-01
8.425553703720169985e-01
8.436220329068307988e-01
8.438227791612332718e-01
8.434128950761351495e-01
8.482273772699698844e-01
8.567517830973241377e-01
8.632636238788375938e-01
8.680384123473654512e-01
8.713584094492590193e-01
8.840069055844265167e-01
8.937657858939048738e-01
9.010095048000015261e-01
9.165490111394105632e-01
9.283978641456541725e-01
9.370689272283081461e-01
9.430829564044107549e-01
9.469383476716869419e-01
9.593770536527415072e-01
9.686074283329287882e-01
9.812409425239771998e-01
9.905990277744424199e-01
9.971692258901230232e-01
1.001440805962322766e+00
1.007849227715154061e+00
1.012080529450021693e+00
1.014590478629226133e+00
1.015781436119378656e+00
1.015998411205593532e+00
1.015529595742154623e+00
1.014609617765735772e+00
1.017258547588559825e+00
1.019062271323591506e+00
1.020192459670796081e+00
1.030626154322805021e+00
1.038799598996305029e+00
1.044994081257993424e+00
1.053007531737646829e+00
1.058906467128863937e+00
1.069161216115996904e+00
1.076896259316950211e+00
1.085738463870929982e+00
1.098284371484988586e+00
1.107709583358240657e+00
1.120715867804646493e+00
1.130439886008453021e+00
1.137356148309596193e+00
1.144833571716861842e+00
1.156201951413356355e+00
1.164470966648594175e+00
1.170151554206318556e+00
1.173733653287554413e+00
1.182093009846429732e+00
1.188059094327071907e+00
1.192033700113401595e+00
1.191812939639609992e+00
1.199986967721589082e+00
1.206016221356212670e+00
1.210221743638859149e+00
1.210425084174452603e+00
1.216628476838962136e+00
1.228011054859570628e+00
1.236826667987619199e+00
1.243340145964851207e+00
1.247872046165332538e+00
1.250762840202746196e+00
1.259402757310753351e+00
1.272905498647886269e+00
1.276071047574723227e+00
1.284895150740592129e+00
1.291286477677884292e+00
1.295631376058816731e+00
1.307519915892171980e+00
1.323548098158737085e+00
1.335663722145528309e+00
1.344428868719256931e+00
1.350411683839146670e+00
1.361385912973080092e+00
1.370766476668175304e+00
1.377241376328837141e+00
1.381387420646346564e+00
1.383717271347222333e+00
1.384674181316911890e+00
1.391746827239950024e+00
1.398073374754875253e+00
1.402466162266521987e+00
1.405305983189109709e+00
1.406930715938894849e+00
1.414635632829654766e+00
1.420382815416691757e+00
1.424470704515518715e+00
1.427190914652054721e+00
1.429814623866028533e+00
1.431388635893934058e+00
1.439093797907973205e+00
1.444914641080530471e+00
1.449129356566146720e+00
1.458940711967300796e+00
1.467138915288016987e+00
1.473113561786220105e+00
1.484097081684559338e+00
1.492325801557126574e+00
1.505057073597808603e+00
1.514614903070792273e+00
1.528311617994802862e+00
1.538528687716172572e+00
1.545788521259037207e+00
1.550608089032516013e+00
1.560336543901409634e+00
1.567282686204827469e+00
1.572002166148656066e+00
1.574893609166325259e+00
1.576339332386868408e+00
1.583734068197423239e+00
1.589079180982924555e+00
1.592701711500666750e+00
1.594925695728715453e+00
1.596054358465249123e+00
1.596359056838247303e+00
1.596253795711501500e+00
1.595712994169942167e+00
1.602089377413134175e+00
1.607035762149997327e+00
1.610711714977743458e+00
1.613299998242003319e+00
1.614670996909647327e+00
1.622519599229811371e+00
1.628500680747966944e+00
1.632883481368393008e+00
1.642984538784217019e+00
1.657697858742167352e+00
1.669025494405086851e+00
1.677422563269927558e+00
1.690300164455953880e+00
1.699863978364321015e+00
1.706633346713006594e+00
1.718003548886397169e+00
1.726269570695334821e+00
1.738801161044839061e+00
1.747964407349367422e+00
1.754313410565244924e+00
1.758377233461114741e+00
1.761955549256405407e+00
1.763947269332542866e+00
1.757793072920462274e+00
1.751935493387843490e+00
1.746598549889114560e+00
1.741913064791352106e+00
1.737935750071967211e+00
1.734667529839504230e+00
1.730928678444441537e+00
1.728042082324348527e+00
1.725893464571467861e+00
1.731287701990357197e+00
1.735879163055974228e+00
1.739677124242611894e+00
1.742728916350028801e+00
1.751925745485845454e+00
1.759255146213612786e+00
1.764909789253666039e+00
1.769108684868831771e+00
1.772078056198098439e+00
1.780778084264829086e+00
1.787424230343755527e+00
1.792297693073122922e+00
1.795685067380612177e+00
1.797862111115933414e+00
1.805759270276175554e+00
1.813334727409694036e+00
1.817310882666230754e+00
1.821611201588867690e+00
1.831244968549376129e+00
1.838547057984996069e+00
1.843829764977762187e+00
1.847420445821903012e+00
1.849638970344861022e+00
1.844075086183475154e+00
1.838906595941614874e+00
1.834289397423305878e+00
1.830303082092120670e+00
1.826969272772164699e+00
1.824267859537516578e+00
1.815345662996327825e+00
1.808165669813250442e+00
1.802585186510390569e+00
1.798418071964354326e+00
1.795458194281064790e+00
1.793496903079518923e+00
1.792335278756013617e+00
1.791792047181333558e+00
1.791708052211368196e+00
1.791948109872900208e+00
1.792400963050154505e+00
1.792977937288113388e+00
1.793610781140670074e+00
1.787371544479290808e+00
1.780875564212724971e+00
1.775824648206464573e+00
1.772032444450013511e+00
1.769305738362912050e+00
1.767456903806313484e+00
1.766311703973747260e+00
1.765713795839911171e+00
1.765526912245410696e+00
1.765635417439348265e+00
1.759171749263402917e+00
1.754055435372882776e+00
1.750148635560494714e+00
1.747291809442351962e+00
1.745318357292644063e+00
1.737225754218691742e+00
1.729831647179121301e+00
1.725355381354354067e+00
1.714352538606740417e+00
1.699132730141270198e+00
1.687409910850035111e+00
1.678725567322452816e+00
1.665784158740386323e+00
1.656186047541049033e+00
1.649958758840484929e+00
1.645905659566448076e+00
1.636649241002759991e+00
1.629971119246282463e+00
1.625084044247901982e+00
1.622070412882283819e+00
1.613583882251868440e+00
1.607475298896093197e+00
1.603334322269291956e+00
1.600774063765383115e+00
1.592556041137961342e+00
1.586528585837592598e+00
1.582339936933985669e+00
1.579649766689257717e+00
1.571260686365669290e+00
1.565032662832067878e+00
1.553754142313355402e+00
1.545241562060468699e+00
1.539103020259833920e+00
1.534940482603930789e+00
1.525495989704479527e+00
1.518557363269472882e+00
1.506862081416206589e+00
1.498152609917006384e+00
1.485131810775176087e+00
1.475464849265814893e+00
1.468636888454548650e+00
1.457329573245428112e+00
1.449140279798406317e+00
1.436768350314437948e+00
1.427753357376067456e+00
1.414804597389190510e+00
1.405384478732425446e+00
1.397734087485229093e+00
1.392615800350427646e+00
1.382775773498728045e+00
1.375762276607373158e+00
1.362905744890395843e+00
1.353329887937454901e+00
1.339750511049910608e+00
1.322959845415688118e+00
1.310494470763871933e+00
1.294966564572745282e+00
1.283744178354651932e+00
1.269449094868919881e+00
1.252730599947515788e+00
1.231919839691332230e+00
1.216501065344667731e+00
1.199209479147150592e+00
1.186891462892693871e+00
1.172334804541408815e+00
1.162255868688345961e+00
1.155789768155824460e+00
1.152156955647924974e+00
1.150675685099194823e+00
1.147979796646109829e+00
1.146868161928004781e+00
1.140668050963299596e+00
1.136422944901873677e+00
1.127544772220516744e+00
1.118082649762707437e+00
1.104927292347646750e+00
1.095050250808922154e+00
1.087981804158505650e+00
1.083243790857278954e+00
1.074307761958439800e+00
1.064648522390711616e+00
1.057667992551839964e+00
1.046927573010325130e+00
1.039141894546781408e+00
1.024338685396182003e+00
1.013227272555724756e+00
9.994542091021575425e-01
9.894380543912910664e-01
9.730018375803045627e-01
9.608240656085923481e-01
9.522503423504335984e-01
9.466351857672927750e-01
9.393119581521063299e-01
9.344923015732713445e-01
9.316939875053842357e-01
9.304673413048906161e-01
9.261935898631556974e-01
9.178323226609108598e-01
9.117481360358669074e-01
9.031955510460505376e-01
8.969414546381714315e-01
8.825320817619722868e-01
8.715159178793698835e-01
8.587549273459681443e-01
8.492748287168595533e-01
8.371749666805997636e-01
8.284816340945064805e-01
8.123143557998264708e-01
8.003341862994414191e-01
7.867501025480178045e-01
7.771196786631363596e-01
7.707088180974124292e-01
7.619169787406365746e-01
7.560630559820806784e-01
7.477440346042831809e-01
7.421487629151429788e-01
7.335756950526542974e-01
7.275669815751089065e-01
7.190892808680047210e-01
7.131530182584892019e-01
7.040554916664850671e-01
6.974940203254126336e-01
6.930476662619250439e-01
6.805821306100132695e-01
6.712230400906674666e-01
6.645232767558321152e-01
6.600311630400839125e-01
6.518021911625906384e-01
6.459123373760721210e-01
6.378040736667606181e-01
6.362213036568322710e-01
6.358214968640507614e-01
6.264469688482940946e-01
6.194325763460925005e-01
6.086691965114100489e-01
6.005731141488710456e-01
5.947828295859634018e-01
5.909182665581049765e-01
5.826625790388529902e-01
5.727626261641370897e-01
5.655355060196820549e-01
5.605451603992177567e-01
5.573692883739893578e-01
5.519039854993912364e-01
5.482465532820761656e-01
5.364673473709087315e-01
5.311344361451753038e-01
5.240904512048611963e-01
5.131503800532775106e-01
5.049953340077937280e-01
4.992011731917960216e-01
4.860092193753529077e-01
4.761253824247315691e-01
4.690482270831786149e-01
4.581284327327284078e-01
4.501518753238804571e-01
4.446530413734623988e-01
4.319907489620549157e-01
4.226410567841525356e-01
4.097685676944158306e-01
4.002927572243084597e-01
3.936893202708180439e-01
3.868279022296188252e-01
3.759892764704502177e-01
3.681999028067481916e-01
3.565145372631430831e-01
3.480004342692482044e-01
3.421484005488137914e-01
3.297161344703627428e-01
3.206472626978136287e-01
3.165032856556757590e-01
3.055529080894863192e-01
2.976193133809021951e-01
2.856200706328000383e-01
2.768306484241451759e-01
2.707472570042257498e-01
2.602132992720611604e-01
2.526117795383835407e-01
2.474665176342700779e-01
2.443120909563540888e-01
2.427160737318569961e-01
2.355336267653238558e-01
2.304070949311853855e-01
2.201763612320468688e-01
2.125368048166682566e-01
2.071194997840468677e-01
1.980371154908315834e-01
1.913317259292142136e-01
1.866767969346336820e-01
1.837247707525402340e-01
1.821332198449487905e-01
1.744437664256857090e-01
1.687913188638694439e-01
1.660763549207344703e-01
1.633445365448495945e-01
1.629547872818539744e-01
1.632347454944600429e-01
1.566254928599188911e-01
1.516012580927796893e-01
1.479631348632948207e-01
1.454930567735803759e-01
1.365427517501422994e-01
1.296819746795538908e-01
1.246492685156188607e-01
1.128460653170908490e-01
1.039373088875006346e-01
9.748583640189290023e-02
8.572834707339604954e-02
7.640903457712777680e-02
6.931211342095155992e-02
5.748051210350557660e-02
4.888125937617737726e-02
3.591917308921521723e-02
2.620608420261172355e-02
1.945585378317105096e-02
8.231901157764731636e-03
1.354656548733235155e-04
-5.400067953273079979e-03
-1.566458880957455335e-02
-2.308694915183551188e-02
-2.815405219747413312e-02
-3.132042076241048356e-02
-3.299754803395282821e-02
-4.034429401183947661e-02
-4.564568916778699581e-02
-4.924223628810842079e-02
-5.146013856151476773e-02
-5.259912824187673586e-02
-5.328906636209840286e-02
-5.332883511318242675e-02
-5.985223217927715389e-02
-6.484602399202588074e-02
-7.547647735739770880e-02
-8.370706418645967872e-02
-8.981803143269129208e-02
-1.010998019428150929e-01
-1.096052111722967126e-01
-1.157263940564314808e-01
-1.268028077672129772e-01
-1.349913972147134267e-01
-1.486677800410312056e-01
-1.589958233482478001e-01
-1.733707767198704452e-01
-1.840453813455922294e-01
-1.915662765412120550e-01
-2.034056931174383909e-01
-2.118866836278250343e-01
-2.244510034594797698e-01
-2.334912271154185870e-01
-2.412888472306089493e-01
-2.464980646186230029e-01
-2.496079185847968063e-01
-2.579681809886504862e-01
-2.638448657811112152e-01
-2.676765986392923846e-01
-2.786866677186528030e-01
-2.869078389156922704e-01
-2.996140131858935352e-01
-3.090538429477163174e-01
-3.202769186550489255e-01
-3.282398423845160895e-01
-3.401933675579609240e-01
-3.421845937475693766e-01
-3.492249905476909611e-01
-3.539628552933693495e-01
-3.568722349011470563e-01
-3.583696626102572669e-01
-3.588126260912831711e-01
-3.609304992992663497e-01
-3.621094273053713231e-01
-3.625631653987690939e-01
-3.624814492836754276e-01
-3.620270806921057627e-01
-3.679171265947414060e-01
-3.724730791984232070e-01
-3.823816180731278713e-01
-3.862171009969945779e-01
-3.954159629212024019e-01
-4.024539829182591788e-01
-4.141041555400704066e-01
-4.258568846081600690e-01
-4.347476706984845229e-01
-4.411493388702101281e-01
-4.454610213688730003e-01
-4.480777228224563924e-01
-4.525165728698368195e-01
-4.554228183630464333e-01
-4.570875035208881165e-01
-4.643544942369683959e-01
-4.730327722364398024e-01
-4.761564290926578735e-01
-4.813781291286347574e-01
-4.915451947879858619e-01
-4.991859491609160759e-01
-5.046598133425681532e-01
-5.083353114646016468e-01
-5.169675459952647323e-01
-5.232562537284211057e-01
-5.275979857890102931e-01
-5.340684099373087523e-01
-5.449467578739011220e-01
-5.530963354116016362e-01
-5.650893608160150183e-01
-5.739627142928381831e-01
-5.802191115630273011e-01
-5.903373463965538859e-01
-5.975976270101088783e-01
-6.065820703726475527e-01
-6.188602663675695226e-01
-6.278924597300474808e-01
-6.399320569181986551e-01
-6.486326715231676143e-01
-6.601615325218155306e-01
-6.683777906827165216e-01
-6.836983240752684265e-01
-6.950593548123662480e-01
-7.030952284198411784e-01
-7.084112924881358353e-01
-7.213607029522757230e-01
-7.308654000975922660e-01
-7.374730355862196829e-01
-7.515579976560898823e-01
-7.619931526281853440e-01
-7.743228817145086929e-01
-7.831222889446290969e-01
-7.939521376743771119e-01
-8.016211154918665427e-01
-8.066740605457461966e-01
-8.096302717405026161e-01
-8.160588612994875701e-01
-8.203995847538534392e-01
-8.230350174279318365e-01
-8.243286602021543397e-01
-8.246103545629260845e-01
-8.294347820833842810e-01
-8.328526099325783694e-01
-8.350932776270371116e-01
-8.417981905312250657e-01
-8.468389627015784349e-01
-8.552615839109706242e-01
-8.671213575642388038e-01
-8.761985737956035081e-01
-8.874913680259647331e-01
-8.957898427121239182e-01
-9.015829688449111812e-01
-9.053417341028336951e-01
-9.119277024519181207e-01
-9.164205354856369556e-01
-9.192484907149074402e-01
-9.307019385771506670e-01
-9.393044046800281821e-01
-9.454992168631132232e-01
-9.537706710932107868e-01
-9.653434078364081516e-01
-9.739452243645974061e-01
-9.800417816640918378e-01
-9.802097826142579517e-01
-9.794338445727058806e-01
-9.721969129604741688e-01
-9.656662406128595499e-01
-9.559121643989960670e-01
-9.476970811892689861e-01
-9.410041323665548907e-01
-9.399639878479526534e-01
-9.394571078369516881e-01
-9.393457230676024450e-01
-9.395137669455445595e-01
-9.398663563419351608e-01
-9.403282182114401921e-01
-9.366658388924744560e-01
-9.337510007732031658e-01
-9.315162362662221529e-01
-9.298777624115053264e-01
-9.230263145807133807e-01
-9.176627282835243538e-01
-9.080084985889939064e-01
-9.005796115093190890e-01
-8.950690756557500016e-01
-8.911669024891982760e-01
-8.885776462304505463e-01
-8.870308655899507011e-01
-8.862867238275532467e-01
-8.861382715278446343e-01
-8.918207984263991639e-01
-8.924362747814091890e-01
-8.931044542256119101e-01
-8.882332422521093118e-01
-8.843257069563764672e-01
-8.813001325660991814e-01
-8.735902012687293272e-01
-8.675900020473422680e-01
-8.630866549538648291e-01
-8.545554424298381635e-01
-8.481146794662999255e-01
-8.434428564026148489e-01
-8.402298772806447991e-01
-8.284656268549154268e-01
-8.194169177507920621e-01
-8.127215301954686666e-01
-8.080084628625370247e-01
-7.999917843561905606e-01
-7.894187486086793326e-01
-7.815212118806305064e-01
-7.759043686906246240e-01
-7.624633606475222924e-01
-7.522972794122603224e-01
-7.449513955906930107e-01
-7.446228836971653386e-01
-7.453572841289183293e-01
-7.468035833698407622e-01
-7.486745625453937736e-01
-7.507442847867065172e-01
-7.476936299690475352e-01
-7.406787279868120022e-01
-7.352575300032074823e-01
-7.259663033719068181e-01
-7.141226731249150639e-01
-6.996674679676920805e-01
-6.885333748010602495e-01
-6.803165805165849456e-01
-6.701646781453342028e-01
-6.672740180755404316e-01
-6.659324337080642087e-01
-6.657437990656830396e-01
-6.620114676096805484e-01
-6.596317655462107243e-01
-6.583082248193390384e-01
-6.522334166013448176e-01
-6.435222970188481106e-01
-6.369771897726166365e-01
-6.322693316938950980e-01
-6.290774246678055848e-01
-6.214726053050612098e-01
-6.214766625215931706e-01
-6.164632892387628127e-01
-6.128764063448719490e-01
-6.104782842531729647e-01
-6.090393174704502588e-01
-6.083475866875084348e-01
-6.082148471512494048e-01
-5.987114870397578503e-01
-5.912729718823905856e-01
-5.798039218767263581e-01
-5.709192725282339342e-01
-5.643170346933907844e-01
-5.499416007675945739e-01
-5.389822642294550548e-01
-5.213683883798290175e-01
-5.080655484128828725e-01
-4.922900641434710955e-01
-4.806416414926293346e-01
-4.724844904536464885e-01
-4.577958661613388269e-01
-4.471535512740769658e-01
-4.398705566856007110e-01
-4.323805411331287374e-01
-4.276011216714648011e-01
-4.186732397252146409e-01
-4.124780691227454277e-01
-4.085001451327356925e-01
-4.062695586836078121e-01
-4.053708382892777795e-01
-4.054466392243631923e-01
-4.061977431150707307e-01
-4.073804512742920103e-01
-4.088021951157501110e-01
-4.103160191686359148e-01
-4.054976256263433942e-01
-3.990354901700285950e-01
-3.877032397083626236e-01
-3.787941498188245326e-01
-3.720402070256991767e-01
-3.607241870722126542e-01
-3.520940633084945759e-01
-3.457991113350056267e-01
-3.414693327028042180e-01
-3.387412145542401110e-01
-3.372753984886236456e-01
-3.367676970907009792e-01
-3.369548563856767931e-01
-3.376163367837858864e-01
-3.385732219551047528e-01
-3.396851894357799662e-01
-3.408463021956325001e-01
-3.419802154939539651e-01
-3.430352441297785937e-01
-3.439796056100541399e-01
-3.447970467456467070e-01
-3.454829748078576124e-01
-3.460411482281413598e-01
-3.464809335280811808e-01
-3.468151018857914547e-01
-3.470581175675437891e-01
-3.472248586592765474e-01
-3.473297057354420847e-01
-3.473859343031224789e-01
-3.474053504410781201e-01
-3.473981147480802445e-01
-3.473727065546421411e-01
-3.473359876202455343e-01
-3.407743864151053792e-01
-3.353803213866606292e-01
-3.310886818544163113e-01
-3.277951337210991412e-01
-3.253733428713951881e-01
-3.259211418260374860e-01
-3.266743570990138235e-01
-3.252665455534982097e-01
-3.242996861954561272e-01
-3.236897106282656811e-01
-3.233592997905119226e-01
-3.210327013289888676e-01
-3.127193025413632643e-01
-3.061331906468742758e-01
-3.031349558756240015e-01
-2.990074768043182729e-01
-2.894356901783463609e-01
-2.820182413431000512e-01
-2.764881724335237489e-01
-2.725615479426477528e-01
-2.681303505070506965e-01
-2.669240513862694009e-01
-2.665070516442160642e-01
-2.648629524444734429e-01
-2.591142724957085086e-01
-2.547617332982623495e-01
-2.516194004138685436e-01
-2.494925370050888880e-01
-2.414546945069453443e-01
-2.352583585557876944e-01
-2.238758540327225877e-01
-2.150750203247739911e-01
-2.085564334955880561e-01
-1.970847351335265341e-01
-1.884478043447010975e-01
-1.822580854815030182e-01
-1.781097239515316843e-01
-1.756075888491204218e-01
-1.674070345482221445e-01
-1.614279067017567737e-01
-1.573180210685301006e-01
-1.547304240434164146e-01
-1.533412036131940326e-01
-1.528603916244624106e-01
-1.460135812590783733e-01
-1.408922356481137061e-01
-1.362794737207426721e-01
-1.331053360298557475e-01
-1.310845484850220455e-01
-1.230422273749427475e-01
-1.169654034626386174e-01
-1.125666303333987539e-01
-1.095609957510972343e-01
-1.007656857857457400e-01
-9.410775257487502543e-02
-8.928784733736905288e-02
-7.851288757370955551e-02
-7.092415750502500948e-02
-5.811046730217106493e-02
-4.883423250054774734e-02
-4.212082107283943166e-02
-3.755793119330075314e-02
-3.474273690379758861e-02
-3.330000977836777842e-02
-3.289373789705618556e-02
-3.323338344512594134e-02
-3.407591252940656013e-02
-3.522466672814394961e-02
-3.652603883950100716e-02
-3.786477810550747947e-02
-3.888580170408251213e-02
-3.984469013493696643e-02
-4.099298456204492069e-02
-4.170059721199881331e-02
-4.229510743141906559e-02
-4.278057986666738977e-02
-4.316542858152860873e-02
-4.346060194095646700e-02
-4.367824309419843232e-02
-4.383072240305230238e-02
-4.392996038564400685e-02
-4.428933978508986513e-02
-3.739461001228772119e-02
-3.174342688142117730e-02
-2.744308822714813800e-02
-2.411148187120160102e-02
-2.164071400272882251e-02
-1.990799188637892847e-02
-1.865564519094120577e-02
-1.804985730721231363e-02
-1.081529674279702036e-02
-5.111154493168124091e-03
-7.803196295506298341e-03
-3.386036716822138359e-03
-5.131080921239039583e-05
2.351139290631687473e-03
3.948517545435459297e-03
4.945425271903447495e-03
5.456828238778355100e-03
1.251781921223371619e-02
1.811431077640301979e-02
2.913378779757813675e-02
3.765316963150788787e-02
5.087149227340592716e-02
6.096991521219297105e-02
7.520424283375515273e-02
8.592264989482822912e-02
1.004240211881877176e-01
1.111865728348806481e-01
1.187972415851845653e-01
1.305506269010050513e-01
1.322882465975749877e-01
1.334282496785661465e-01
1.333458584233353506e-01
1.314963707398348891e-01
1.292739891940362096e-01
1.201257916291118555e-01
1.190364829779437805e-01
1.180018785876861820e-01
1.170598084093863456e-01
1.162316326929087040e-01
1.222873062908034214e-01
1.272180070592174861e-01
1.378385071799921313e-01
1.462798422139992560e-01
1.527656703241386804e-01
1.653423847202453167e-01
1.751556795646360687e-01
1.825053583475018115e-01
1.877346807743744961e-01
1.911992416543071283e-01
1.932438971473413591e-01
1.955280350205526041e-01
1.954064132389536912e-01
1.947204381488356617e-01
1.936791389272143338e-01
1.924466474970594199e-01
1.979342452473304981e-01
2.021829087547071246e-01
2.053487083695428872e-01
2.075969274964897249e-01
2.158043524402117885e-01
2.221553186221292275e-01
2.284360143602888193e-01
2.398340316711176090e-01
2.553411016262046029e-01
2.673273581170898527e-01
2.762247593897106945e-01
2.825003919724693446e-01
2.866192858039748881e-01
2.890194986937189014e-01
2.900967571946191370e-01
2.901962986192641036e-01
2.896099846276207757e-01
2.905556257571535461e-01
2.908870611840279619e-01
2.887670725122930548e-01
2.819655766882023240e-01
2.828876765949066563e-01
2.816377686818503090e-01
2.805683847527178365e-01
2.796803935471297020e-01
2.789646038802853223e-01
2.784055534556006961e-01
2.779843544464233318e-01
2.776807718722986706e-01
2.860440354848781119e-01
2.929685841886879860e-01
2.964799442151415665e-01
2.990669125739142675e-01
3.008799485512001493e-01
3.041216587211406086e-01
3.044294531958513517e-01
3.064587143512182976e-01
3.078748971257696532e-01
3.087850262152791458e-01
3.092915421873192461e-01
3.094881905551292167e-01
3.094574847992050959e-01
3.092695025684029098e-01
3.111325738431649501e-01
3.057823170142079938e-01
3.080557968216119935e-01
3.099333532429959792e-01
3.114316981544429375e-01
3.057146550586569145e-01
3.009232278590752152e-01
2.970387147244026860e-01
2.939975709327664610e-01
2.896362362960558379e-01
2.863426015239378675e-01
2.839560043257858268e-01
2.823185422788054844e-01
2.812829333446360547e-01
2.807168908025303722e-01
2.737110409011460632e-01
2.681984950097384690e-01
2.640150174147699591e-01
2.591625210997248185e-01
2.556421018598482586e-01
2.532199474086080926e-01
2.516799542009877655e-01
2.508289301787474113e-01
2.504988325924744075e-01
2.505470717219591137e-01
2.441401286276627669e-01
2.391112136941808686e-01
2.353079081668194572e-01
2.309672775244488996e-01
2.226439030170095368e-01
2.147184344494748043e-01
2.087901360422661501e-01
2.045522410561033677e-01
2.017055355237222791e-01
1.932399704379883509e-01
1.936039590439915248e-01
1.877894276656624228e-01
1.835409472351281490e-01
1.806075841481213917e-01
1.719672774186959963e-01
1.653906433267500198e-01
1.606038130934306363e-01
1.573202432142239982e-01
1.541971703081039813e-01
1.522538903798957843e-01
1.522553937246573508e-01
1.517109550537707463e-01
1.449401579121081252e-01
1.407276916865747296e-01
1.376830245923932328e-01
1.356210652923575122e-01
1.343591174767650998e-01
1.337256786151195254e-01
1.266780878246605013e-01
1.203705598727007331e-01
1.164683673897972671e-01
1.129513999795066503e-01
1.037329830471485081e-01
9.670219208591568361e-02
9.155298770868491864e-02
8.116531743179700165e-02
7.330646410532892787e-02
6.761621340828138926e-02
5.691606646150115800e-02
4.891734234313105389e-02
3.639249063333194201e-02
2.701140463473605813e-02
2.031551519531871186e-02
1.584345421518151831e-02
6.312166045937317449e-03
-5.864401970756549787e-04
-5.286661714971163661e-03
-1.505739863926414124e-02
-2.218302341129541055e-02
-2.709045756098138469e-02
-2.998896225092528844e-02
-3.148686429142810717e-02
-3.216344115426861272e-02
-3.206042779282625155e-02
-3.141635506894746577e-02
-3.042707371282848960e-02
-3.607958060842264558e-02
-4.042495975018800536e-02
-4.362803720766406101e-02
-4.586468253703590570e-02
-4.730905433116983083e-02
-4.812476632119233599e-02
-4.845929506976776047e-02
-4.844096221955873638e-02
-5.502305062222334620e-02
-6.019308027579173270e-02
-6.410750599209125156e-02
-6.694174430500243744e-02
-6.887492831188080089e-02
-7.690277479073470701e-02
-8.310440322847467698e-02
-8.831211733918120643e-02
-9.210336322564716127e-02
-9.469287702914219729e-02
-1.032281469338065527e-01
-1.097400270254642596e-01
-1.214194028412216575e-01
-1.303393701337185462e-01
-1.437647234232919402e-01
-1.538874753502876835e-01
-1.680336885690449922e-01
-1.785406541148728543e-01
-1.927618193317146567e-01
-2.031776233531343845e-01
-2.171311300238236708e-01
-2.272322426076112123e-01
-2.341438199074843407e-01
-2.451089154773786749e-01
-2.528229733921227851e-01
-2.662215282070494737e-01
-2.676608592116371810e-01
-2.759845932210009956e-01
-2.817663580976923487e-01
-2.854603526771011257e-01
-2.874958648801657635e-01
-2.882622302888178112e-01
-2.881000421342971851e-01
-2.872974094878824047e-01
-2.860900958752738976e-01
-2.846644549090404652e-01
-2.831622045878621208e-01
-2.816862353157039145e-01
-2.803068128508003909e-01
-2.790677008282977933e-01
-2.779918758980666205e-01
-2.837286919569139698e-01
-2.903729902697755882e-01
-2.957299979490730646e-01
-2.998969997786207209e-01
-3.030064726722252466e-01
-3.140525392878186217e-01
-3.228207737953399104e-01
-3.295105938901203846e-01
-3.343783281904515459e-01
-3.444292454083608401e-01
-3.519737703831535836e-01
-3.573725387918971208e-01
-3.609932753485030066e-01
-3.631871571293696643e-01
-3.642741456402858180e-01
-3.645350458894944801e-01
-3.642084175245308142e-01
-3.660232721526333055e-01
-3.671526844227335218e-01
-3.744272107016328732e-01
-3.800743295569866120e-01
-3.842841240506083000e-01
-3.938976689539424036e-01
-4.012487663635795343e-01
-4.066440597499789700e-01
-4.169093489259305674e-01
-4.245945702487188278e-01
-4.300980117743897768e-01
-4.338070045435009625e-01
-4.454493367219132249e-01
-4.543008725691799476e-01
-4.607370473991545534e-01
-4.714552556432660690e-01
-4.826088475188508031e-01
-4.908708518561670786e-01
-4.966613197795906043e-01
-5.004087818003899457e-01
-5.087885947328145697e-01
-5.182817005977173874e-01
-5.314162784765412706e-01
-5.412024336871017471e-01
-5.481366934523073109e-01
-5.527187391641137371e-01
-5.554220187437326484e-01
-5.665758976424473126e-01
-5.748726443285536725e-01
-5.807322818036509959e-01
-5.905698324236144936e-01
-5.976580796905369697e-01
-6.083379202657757112e-01
-6.160426409050321350e-01
-6.213022564523041913e-01
-6.287420454013750160e-01
-6.339411115417095122e-01
-6.429870965163368979e-01
-6.494959936681573565e-01
-6.539050059346462884e-01
-6.665327665392373202e-01
-6.760461121070032720e-01
-6.828889155474604511e-01
-6.875107947757346238e-01
-6.957732440282115016e-01
-7.061576207170742192e-01
-7.190975152541557724e-01
-7.286620890585212562e-01
-7.353895809164141539e-01
-7.397998532166061292e-01
-7.522593111258967236e-01
-7.614960951781813980e-01
-7.680075241078783144e-01
-7.722814611593142864e-01
-7.747737562772638586e-01
-7.758945120762589243e-01
-7.809720036138120269e-01
-7.844003084918900193e-01
-7.865129500847782840e-01
-7.925243229387611832e-01
-7.968999326410363127e-01
-7.998997922157006224e-01
-8.017783179140131056e-01
-8.027730117090652318e-01
-7.980826624669848934e-01
-7.938526628030800891e-01
-7.852625683557605818e-01
-7.780910101524656231e-01
-7.722907055029659684e-01
-7.677560009386908968e-01
-7.643456566724801116e-01
-7.619009828962434172e-01
-7.602596046261348439e-01
-7.592653343558668499e-01
-7.587747386039295217e-01
-7.586610155747275375e-01
-7.588157789070499870e-01
-7.591492865617692765e-01
-7.595895799103214996e-01
-7.600809175343584689e-01
-7.605818090788876162e-01
-7.610628817561303494e-01
-7.663711699080476558e-01
-7.658700339906212573e-01
-7.653746046722761376e-01
-7.649094188530205507e-01
-7.693788739577197555e-01
-7.730362592630947161e-01
-7.759289183639046517e-01
-7.781311748039022591e-01
-7.847801543663031065e-01
-7.899625671493359924e-01
-7.938570952244624612e-01
-8.066138916860012831e-01
-8.166089041247492908e-01
-8.241647553492674749e-01
-8.296329684643380942e-01
-8.333659588001721685e-01
-8.403682415874520473e-01
-8.453707712006162112e-01
-8.539453233974466650e-01
-8.648005857942709929e-01
-8.684270542405774229e-01
-8.705688948140922756e-01
-8.715595312823326557e-01
-8.663873406295053980e-01
-8.570774868207110542e-01
-8.490553781659417876e-01
-8.469826158936689664e-01
-8.453745030615720246e-01
-8.441722494272859700e-01
-8.484920560945722334e-01
-8.521673250421721857e-01
-8.597431391326407768e-01
-8.658313591267194909e-01
-8.705702640194927788e-01
-8.838150077971975715e-01
-8.845825776647879835e-01
-8.846460209495753402e-01
-8.895479220926237884e-01
-8.931816632595201977e-01
-8.957330470909815601e-01
-8.930317920984567337e-01
-8.903730395965089306e-01
-8.923203589651297341e-01
-8.893025348468078795e-01
-8.921385625009088383e-01
-8.943916551518796831e-01
-8.961102987747502358e-01
-8.973588306502288114e-01
-8.982091921286926572e-01
-8.987344230137103152e-01
-9.047054646978275327e-01
-9.037365103703889346e-01
-9.026995847000564011e-01
-9.016713371621688511e-01
-9.064158444487722122e-01
-9.102285792304704026e-01
-9.131844583963336648e-01
-9.198227384045570831e-01
-9.205614701975125547e-01
-9.310480324060681490e-01
-9.393129497377261661e-01
-9.455928003490342570e-01
-9.501588428208430637e-01
-9.532912075814812258e-01
-9.552608372225454003e-01
-9.563176836781482892e-01
-9.566837804642660537e-01
-9.565499914531127024e-01
-9.560754357815387516e-01
-9.553887748592251317e-01
-9.605549824604431297e-01
-9.646254104893260406e-01
-9.677102848319576456e-01
-9.699399527869295712e-01
-9.775703688847127149e-01
-9.876545558998647278e-01
-9.954462743309205885e-01
-1.007465877254436482e+00
-1.016697723869515624e+00
-1.033662939040459250e+00
-1.046653759622752755e+00
-1.056196073610634389e+00
-1.062840686693689474e+00
-1.067123637978085293e+00
-1.069541195695279612e+00
-1.070535597865162725e+00
-1.070488443827172897e+00
-1.069719413788307261e+00
-1.068488597363761450e+00
-1.067001155089413622e+00
-1.059001201738211773e+00
-1.048586641189888757e+00
-1.039960824716361865e+00
-1.033045175805954674e+00
-1.021378471729941229e+00
-1.012293261032688685e+00
-1.009391666827790024e+00
-1.003817818333498257e+00
-9.998747313432003736e-01
-9.972734496658989256e-01
-9.957431146624287077e-01
-9.950392645029113581e-01
-9.949483570924936293e-01
-9.891750214447373457e-01
-9.909099571576807097e-01
-9.927362786486509938e-01
-9.945305261576052880e-01
-9.962079954175809826e-01
-9.977155968925501828e-01
-9.928908760013305246e-01
-9.890045691875282152e-01
-9.899534089677916038e-01
-9.869503683752149925e-01
-9.846303399719850136e-01
-9.829063070757442233e-01
-9.816871667380554500e-01
-9.808834571796392066e-01
-9.763714972962932448e-01
-9.728123673586844822e-01
-9.701144524342648623e-01
-9.681668304423396432e-01
-9.608085273332931386e-01
-9.550920132106345273e-01
-9.465414483080333286e-01
-9.442713751518150289e-01
-9.429666413071484676e-01
-9.423990199012325375e-01
-9.423717814150287531e-01
-9.427204369909878423e-01
-9.433114145780968629e-01
-9.440394777002801829e-01
-9.448244619129608779e-01
-9.456077299439269446e-01
-9.463486193790309198e-01
-9.470210642767232789e-01
-9.476105046749077054e-01
-9.481111486100886054e-01
-9.485236151437272945e-01
-9.488529606679589889e-01
-9.491070721663746879e-01
-9.492953985205129230e-01
-9.494279831637004730e-01
-9.495147574112473565e-01
-9.495650528048714678e-01
-9.495872920655116234e-01
-9.495888211053155059e-01
-9.436830860060702042e-01
-9.388823768400094139e-01
-9.350964648877418961e-01
-9.221410536103179512e-01
-9.118029717318997251e-01
-9.038270428176891080e-01
-8.923142032495864351e-01
-8.790917740007704317e-01
-8.690353676499665836e-01
-8.562866444137753330e-01
-8.421463023630740841e-01
-8.316079376867383521e-01
-8.188830113317356885e-01
-8.047755991170292278e-01
-7.944512864363846294e-01
-7.873213899787715464e-01
-7.777296108170418387e-01
-7.762052375166245133e-01
-7.761848759333039860e-01
-7.772182694154119442e-01
-7.789340385044944970e-01
-7.810358991607245782e-01
-7.832960753006757981e-01
-7.855470014748838770e-01
-7.876722324968143951e-01
-7.895972839413679667e-01
-7.912809339950993559e-01
-7.927073383930273165e-01
-7.938791574776060678e-01
-7.948117733479264091e-01
-7.955285860257949038e-01
-7.960573174016755127e-01
-7.964272154759929334e-01
-7.915058024821143290e-01
-7.925821775353045773e-01
-7.935174618030215177e-01
-7.943051667231799673e-01
-7.949484693930980450e-01
-7.954571652743006593e-01
-7.958451768073656618e-01
-7.961285841006092712e-01
-7.963241279294995811e-01
-7.964481252164378189e-01
-7.965157325843517100e-01
-7.913808338257956043e-01
-7.923139119605112635e-01
-7.931635541618047291e-01
-7.939102975526837191e-01
-7.945459217927905993e-01
-7.899247047779083264e-01
-7.912777831227822967e-01
-7.924754015561421561e-01
-7.935014485634743764e-01
-7.943536371911934513e-01
-7.950395228592980201e-01
-7.955731706060918951e-01
-7.959724602250446424e-01
-7.962569883949026650e-01
-7.964465062142692675e-01
-7.965598185368811812e-01
-7.966140670658993228e-01
-7.914626310722414626e-01
-7.923819013929288557e-01
-7.880910051937064509e-01
-7.846609682179469525e-01
-7.870698450371325094e-01
-7.892274911637118251e-01
-7.910961717051990805e-01
-7.875427112431555576e-01
-7.846481520763933792e-01
-7.823611360765023726e-01
-7.806144530419867333e-01
-7.843715204857398815e-01
-7.876190031299210581e-01
-7.903380191250866105e-01
-7.925428843585865524e-01
-7.891330073248022936e-01
-7.862521474154119394e-01
-7.838892411202815769e-01
-7.820091744909060116e-01
-7.856128014825012329e-01
-7.836059658096578007e-01
-7.870518685407528192e-01
-7.899403217840235136e-01
-7.871673582011817771e-01
-7.899239811660707655e-01
-7.921769839836795279e-01
-7.939579946516629461e-01
-7.953143398555940768e-01
-7.963018935499398543e-01
-7.969795110574892094e-01
-7.974049296872266490e-01
-7.976319536780244190e-01
-7.977087092492385345e-01
-7.976767493849317159e-01
-7.923996115816902552e-01
-7.880637972493506060e-01
-7.896960973601474532e-01
-7.911719457518240350e-01
-7.873413987955072413e-01
-7.893554640829094637e-01
-7.860106907080720573e-01
-7.884200788955809669e-01
-7.905076896606025860e-01
-7.922602479511937634e-01
-7.885540156379030607e-01
-7.906012900331726989e-01
-7.872024647101852901e-01
-7.844323695074465475e-01
-7.822425878833617618e-01
-7.805693363466615908e-01
-7.793416791387243192e-01
-7.784874246967253830e-01
-7.829608839167311318e-01
-7.817257086112346931e-01
-7.807403502086536218e-01
-7.799803313746090927e-01
-7.794168477753364854e-01
-7.790196064816806709e-01
-7.787588583882825155e-01
-7.786067760798998094e-01
-7.835681283530316898e-01
-7.877094246394701349e-01
-7.910543842128071601e-01
-7.885304218360867923e-01
-7.914007587222353646e-01
-7.885245840850430010e-01
-7.860435781040984171e-01
-7.890526431600117796e-01
-7.915288513877186682e-01
-7.883705186069475124e-01
-7.857034854958471204e-01
-7.835171718921682960e-01
-7.817787874781879642e-01
-7.804421501467534439e-01
-7.794543240690195995e-01
-7.787604687889281285e-01
-7.783072491159168660e-01
-7.780451057613353427e-01
-7.829532472876099547e-01
-7.820233818908257639e-01
-7.812339758839100812e-01
-7.805838402603068049e-01
-7.800647888608998048e-01
-7.796642275839053005e-01
-7.793671710597926960e-01
-7.791577611005451320e-01
-7.790203636562724743e-01
-7.789403183061055502e-01
-7.789044086554670621e-01
-7.789011148051713240e-01
-7.789207011865423302e-01
-7.789551850882737716e-01
-7.789982235029325741e-01
-7.790449487349150326e-01
-7.790917766923882715e-01
-7.791362060250823784e-01
-7.791766213097831573e-01
-7.792121093274090304e-01
-7.792422940882243187e-01
-7.792671935889358137e-01
-7.792870992533306174e-01
-7.793024775328858400e-01
-7.793138921375105665e-01
-7.793219447428092472e-01
-7.793272316976987968e-01
-7.793303141617798913e-01
-7.793316991718919340e-01
-7.793318293185006462e-01
-7.793310789616509915e-01
-7.793297551993915162e-01
-7.793281020933270353e-01
-7.793263069383131736e-01
-7.793245076239322389e-01
-7.793228003672210136e-01
-7.793212472955426406e-01
-7.793198835247964196e-01
-7.793187235126627366e-01
-7.793177665718407088e-01
-7.793170015075001622e-01
-7.793164104003155179e-01
-7.793159715950335187e-01
-7.793156619782201089e-01
-7.793154586409755114e-01
-7.793153400257071262e-01
-7.793152866532059297e-01
-7.793152815191536353e-01
-7.793153102395815601e-01
-7.793153610138515708e-01
-7.793154244625678517e-01
-7.793154933869617107e-01
-7.793155624862982966e-01
-7.843533727146894119e-01
-7.834283597743537664e-01
-7.825677879885553079e-01
-7.817976041328730252e-01
-7.811309753972974779e-01
-7.805715371757834253e-01
-7.801161404020735546e-01
-7.797571057337583378e-01
-7.794840187221220296e-01
-7.792851147633641506e-01
-7.791483090698640979e-01
-7.790619279824866350e-01
-7.790151956543062139e-01
-7.789985258276610480e-01
-7.790036630153019948e-01
-7.790237115005665958e-01
-7.790530846105067075e-01
-7.790874009746291406e-01
-7.791233491508510189e-01
-7.791585372003769772e-01
-7.791913395917688945e-01
-7.792207502365658955e-01
-7.792462474964771957e-01
-7.792676746221844919e-01
-7.792851372352912476e-01
-7.792989180857120557e-01
-7.793094083391477467e-01
-7.793170540047279493e-01
-7.793223157357039854e-01
-7.793256400659822614e-01
-7.793274401289644882e-01
-7.793280839970690987e-01
-7.793278889428348899e-01
-7.793271201256631864e-01
-7.793259924288291618e-01
-7.793246743925106301e-01
-7.793232933982043864e-01
-7.793219414505258014e-01
-7.793206810695931797e-01
-7.793195509493260342e-01
-7.793185711541033012e-01
-7.793177477197481551e-01
-7.793170765969961167e-01
-7.793165469290994629e-01
-7.793161436929049168e-01
-7.793158497574091959e-01
-7.793156474281494051e-01
-7.793155195521295209e-01
-7.793154502584996868e-01
-7.793154254065480790e-01
-7.793154328063018887e-01
-7.793154622691602640e-01
-7.793155055375389217e-01
-7.793155561339857318e-01
-7.793156091621945558e-01
-7.793156610850349164e-01
-7.742166199701644436e-01
-7.751529537208606824e-01
-7.760240707317777042e-01
-7.768037033200393404e-01
-7.774785187425833355e-01
-7.780448329610979430e-01
-7.785058303581607886e-01
-7.788692821781978415e-01
-7.791457293119513627e-01
-7.793470801753979993e-01
-7.794855678698457968e-01
-7.795730096743086479e-01
-7.745242912390072343e-01
-7.754770290531731725e-01
-7.763423179805198915e-01
-7.771010329548646567e-01
-7.777455827940144006e-01
-7.782767505019815291e-01
-7.787010707416870403e-01
-7.790287170065758326e-01
-7.792718507305967934e-01
-7.794433747151627845e-01
-7.795560302437157807e-01
-7.796217785945477319e-01
-7.796514116422034180e-01
-7.796543417102542728e-01
-7.796385270356528396e-01
-7.796104956115554874e-01
-7.795754364427511796e-01
-7.795373331412449591e-01
-7.794991201565398820e-01
-7.794628466848578796e-01
-7.794298373914757549e-01
-7.794008425063823076e-01
-7.793761726411623236e-01
-7.793558158717436291e-01
-7.793395362995897413e-01
-7.793269545133986176e-01
-7.742185389428586362e-01
-7.751481763161878202e-01
-7.760149014425430369e-01
-7.767919725078022974e-01
-7.774656309519323294e-01
-7.780318234413987621e-01
