-2.721341121700615595e-02
-2.713812593222098002e-02
-2.688508817771162462e-02
-2.652164695127590122e-02
-2.610051637886545706e-02
-2.566144154474470085e-02
-2.523304149468286184e-02
-2.483467889033375009e-02
-2.447824992137959121e-02
-2.416982444770754412e-02
-2.391109540817137891e-02
-2.370061897557107500e-02
-2.353484357364665769e-02
-3.033759888829501428e-02
-3.590565120601452165e-02
-4.032045939915795962e-02
-4.369972728465176814e-02
-4.618005217429455023e-02
-4.790390990645843061e-02
-4.901033029648771411e-02
-4.962861446902677720e-02
-4.987448563994245632e-02
-5.019558977123561583e-02
-5.026590844244793743e-02
-5.015488658329525506e-02
-4.992176573138240592e-02
-4.961517790133473937e-02
-5.636325715011758497e-02
-6.181947254606723341e-02
-6.608142021624119344e-02
-6.218967978224787529e-02
-5.868519216519896275e-02
-6.273434170339298177e-02
-6.596066320865623389e-02
-6.844347349980761663e-02
-7.027775651838807924e-02
-7.156409923575757226e-02
-7.240149742467560934e-02
-7.237018840993347801e-02
-7.267009405521052123e-02
-7.276422480098809764e-02
-7.974241544217108846e-02
-8.474091084551971242e-02
-8.916193204808653405e-02
-9.248609340423197267e-02
-9.486937836295439297e-02
-9.647001228872942313e-02
-9.743972789982402460e-02
-1.049333621172245934e-01
-1.107758689671218821e-01
-1.151599839689203542e-01
-1.182972543636211515e-01
-1.204009353135526705e-01
-1.208245945477945948e-01
-1.216033456154883563e-01
-1.218932304076110196e-01
-1.218264019118877606e-01
-1.215139663338882237e-01
-1.210465193947898310e-01
-1.204955471930446720e-01
-1.199153922750808565e-01
-1.193455307892574702e-01
-1.188129557528270208e-01
-1.183345106931619206e-01
-1.179190638269669300e-01
-1.175694530937039239e-01
-1.172841654537810641e-01
-1.249327069074901431e-01
-1.312649971303330165e-01
-1.363318364822321271e-01
-1.392411541206894920e-01
-1.412781359278745263e-01
-1.426055179379877025e-01
-1.443891751181025640e-01
-1.445425642262585519e-01
-1.443942374387430228e-01
-1.440454544578071427e-01
-1.435764432452921735e-01
-1.430488340102680223e-01
-1.425082899481433518e-01
-1.419871189921193544e-01
-1.484466533200099470e-01
-1.536781765350196949e-01
-1.577828452131799786e-01
-1.608894732343726375e-01
-1.631393946229402481e-01
-1.646753920872925381e-01
-1.656339492747369579e-01
-1.661401711416099491e-01
-1.663048044026178562e-01
-1.662228715993174788e-01
-1.659735061855831528e-01
-1.587125103274598104e-01
-1.526469167869526355e-01
-1.477363803576776657e-01
-1.438914749527195891e-01
-1.409931694368047328e-01
-1.389081114784485038e-01
-1.375001000719282551e-01
-1.366382464964861487e-01
-1.362023705938215645e-01
-1.360861746326138544e-01
-1.361986988470795801e-01
-1.355147423581621879e-01
-1.351024384167929249e-01
-1.348978028059566459e-01
-1.348465162599610245e-01
-1.349035568562659826e-01
-1.350324654545231873e-01
-1.352044345583305329e-01
-1.363276619088540365e-01
-1.372967569490683992e-01
-1.371546829599528117e-01
-1.370268047407385836e-01
-1.378620006911510654e-01
-1.385477851240328739e-01
-1.390920663532941859e-01
-1.385401299404038777e-01
-1.380554855451130436e-01
-1.376429823028102462e-01
-1.304632822393800851e-01
-1.246157973737607172e-01
-1.200001774190471160e-01
-1.172880609931841178e-01
-1.145549719821572499e-01
-1.134179663944707706e-01
-1.197340497926913105e-01
-1.243443406601119072e-01
-1.290747354045178596e-01
-1.329493597396806948e-01
-1.350736350096959359e-01
-1.297424224904657475e-01
-1.330063493829967136e-01
-1.278269424313860370e-01
-1.303827086338795738e-01
-1.256345128111984177e-01
-1.217327502534695238e-01
-1.186225084802539076e-01
-1.162246079756426020e-01
-1.144471731505334322e-01
-1.131942188813950256e-01
-1.123717921777693807e-01
-1.118921409764106478e-01
-1.116763168275523022e-01
-1.116555593388564027e-01
-1.117717580876469441e-01
-1.119772413313351311e-01
-1.122340991034325164e-01
-1.125132103936081762e-01
-1.127931097359557988e-01
-1.130587976642885017e-01
-1.133005722896185397e-01
-1.135129358690989410e-01
-1.136936107244650440e-01
-1.138426831430110475e-01
-1.139618817210747981e-01
-1.140539876361521543e-01
-1.141223681289749159e-01
-1.141706205757921921e-01
-1.142023124702920001e-01
-1.142208019801103092e-01
-1.142291241089308240e-01
-1.142299285533447950e-01
-1.142254568259124525e-01
-1.142175479121674275e-01
-1.142076634820630154e-01
-1.141969253735715117e-01
-1.141861596333093587e-01
-1.141759427919915026e-01
-1.141666472499738294e-01
-1.141584836461964070e-01
-1.141515388902802908e-01
-1.141458091682172604e-01
-1.141412277071682801e-01
-1.141376874267445718e-01
-1.141350588352822992e-01
-1.141332036715636544e-01
-1.141319848648327806e-01
-1.149211741118958408e-01
-1.155744288086928417e-01
-1.152909028661321944e-01
-1.158353531662876801e-01
-1.162670399129999144e-01
-1.157834744181969189e-01
-1.161684809286429587e-01
-1.156589431456775952e-01
-1.083123110054340366e-01
-1.030504475407658660e-01
-9.886638960044891178e-02
-9.566175677945532030e-02
-9.331481976178879201e-02
-9.105152554911510876e-02
-9.014671813287078450e-02
-8.907324682124340143e-02
-8.846480656424282607e-02
-8.820827769405625851e-02
-8.820776782922212789e-02
-8.838410382998551640e-02
-8.867358769057176460e-02
-8.902636725377388593e-02
-9.002409880207062898e-02
-8.338535279737024908e-02
-7.800513494202188092e-02
-7.378288248073139322e-02
-7.058777132426485856e-02
-6.827495925932991483e-02
-5.979595336382392823e-02
-6.007605075565924935e-02
-5.383079292674342042e-02
-5.637246343908564050e-02
-5.890070549662373978e-02
-5.388241696226203636e-02
-4.999096572385552939e-02
-4.708696496653441699e-02
-4.502107696236512524e-02
-4.364543549252197785e-02
-4.282120265721478525e-02
-4.271918285573494956e-02
-4.258308126609566813e-02
-4.267665979157908573e-02
-4.292442000425400472e-02
-4.326599922309681823e-02
-4.365466554067731764e-02
-4.405555478761913335e-02
-4.475367048044476270e-02
-4.537354178833585827e-02
-4.590541356043464916e-02
-4.634701418485831503e-02
-4.670160171596693388e-02
-4.697620657020884494e-02
-4.718013675261834017e-02
-4.732377533437381878e-02
-4.741766828221027907e-02
-4.747187784253226184e-02
-4.749556319741943256e-02
-4.749674469967279933e-02
-4.748220848158068996e-02
-4.745751239817308509e-02
-4.742706027139309555e-02
-4.739421792669462619e-02
-4.736145072874764494e-02
-4.733046778689842249e-02
-3.993262196186053714e-02
-3.396252950614231381e-02
-2.928459020480400632e-02
-2.591921867881441521e-02
-2.329070020280465947e-02
-2.147551026026794929e-02
-1.338267710659502008e-02
-1.401469368938412785e-02
-1.504851001422280454e-02
-9.235465200304604494e-03
-4.661752425513254749e-03
-8.240331073985807109e-03
-4.566744893604424149e-03
-1.803409746400586045e-03
1.835411882746829093e-04
1.527341002145465865e-03
2.353884815775364459e-03
2.777509293638624754e-03
2.898662576802157886e-03
9.726988092823685150e-03
1.514313688513091449e-02
1.929121241671660769e-02
2.233809910457140724e-02
3.137961258606614123e-02
3.839668973761733994e-02
4.363464045679155134e-02
5.464846278579460481e-02
5.618524347588516044e-02
6.332160193978531026e-02
7.598472426557889570e-02
8.513896087831418491e-02
9.175197622569308820e-02
1.031701613875146695e-01
1.115950734271413669e-01
1.183250823272012919e-01
1.298348043750519043e-01
1.305176240256038511e-01
1.369295027036321333e-01
1.412915417178830513e-01
1.440101589413305128e-01
1.454503315760624638e-01
1.459298779579942806e-01
1.457181063208596861e-01
1.450373074107347282e-01
1.440660468819814355e-01
1.429435301806853964e-01
1.417745216601826730e-01
1.406344418604428270e-01
1.395743691988251545e-01
1.395800466274526030e-01
1.395387388641320392e-01
1.394663121396426675e-01
1.393757532960839818e-01
1.462268042186323225e-01
1.448692050203601589e-01
1.505577977776431098e-01
1.481440159040918747e-01
1.529265379323152541e-01
1.497525838117497177e-01
1.539189271553580429e-01
1.572186857090072110e-01
1.597411710974852017e-01
1.615899905204827292e-01
1.640185662214990181e-01
1.657978243847872957e-01
1.670238967974555511e-01
1.748387597117950776e-01
1.810195882205702933e-01
1.857275406700309439e-01
1.891559806404856658e-01
1.985296850879303410e-01
2.071942543828027006e-01
2.208248548247278009e-01
2.313602553890234947e-01
2.391635768365212300e-01
2.446396210735901633e-01
2.481986563566751514e-01
2.572420488449853604e-01
2.638097977406343997e-01
2.683122150634751346e-01
2.711438496013387489e-01
2.726665995235988404e-01
2.732003446580681949e-01
2.730189704914323112e-01
2.723501427625174554e-01
2.782869999800854366e-01
2.827819505533395450e-01
2.860417901091085735e-01
2.882740667697156756e-01
2.896760292740312437e-01
2.904276513487924483e-01
2.975062108650579074e-01
3.029604026060712663e-01
3.091619721574780932e-01
3.138319019014250699e-01
3.240038438830610268e-01
3.318215405630309256e-01
3.375799260364540366e-01
3.415958048725209473e-01
3.441836966129976361e-01
3.456392710598110707e-01
3.462289726636809117e-01
3.461844854146143291e-01
3.457008307176840933e-01
3.449370658679429269e-01
3.440187311870248621e-01
3.430413651604993230e-01
3.420745618517668785e-01
3.411661800626080154e-01
3.471189626726709498e-01
3.544038988082649499e-01
3.534464347811379081e-01
3.523638307774952239e-01
3.512500615945999272e-01
3.501736490212279396e-01
3.491810261057075593e-01
3.483002891915620847e-01
3.544740758105917600e-01
3.594912887457131223e-01
3.634386753713603202e-01
3.664343282271342872e-01
3.686110864027900558e-01
3.701045525578852136e-01
3.778421860713951919e-01
3.838653014833841581e-01
3.883873928690844135e-01
3.916340390420878226e-01
3.938271957257561962e-01
3.951749027958570970e-01
3.958650263726748442e-01
4.027068746917590314e-01
4.079523489348926280e-01
4.118194108488186789e-01
4.145297205752900283e-01
4.162961750583435983e-01
4.173149066315593458e-01
4.177606102139126421e-01
4.177843321759902029e-01
4.175130536733382414e-01
4.170505484654285500e-01
4.164791048192919565e-01
4.158617856928517043e-01
4.152449699594016330e-01
4.211980639421291084e-01
4.259868746338357770e-01
4.267726618724971832e-01
4.271702369761349871e-01
4.272819440130024571e-01
4.271918234857767782e-01
4.269674604668103335e-01
4.266620136232219807e-01
4.291977051496922435e-01
4.283091537444043695e-01
4.274712597386514101e-01
4.296041747953418533e-01
4.313200949936835116e-01
4.297154203735984446e-01
4.375981729951663457e-01
4.440022875654199286e-01
4.490351522826157016e-01
4.528448140560190627e-01
4.555997740231676474e-01
4.574737272049151926e-01
4.617691681277311666e-01
4.617991342265870269e-01
4.709474110802240876e-01
4.748887786100588482e-01
4.808814317846590303e-01
4.853407328999823633e-01
4.851835934688766283e-01
4.878403467146186223e-01
4.896018194279025959e-01
4.906437314832052810e-01
4.911274090642077095e-01
4.911954898954375981e-01
4.972149217502319640e-01
5.018755333444884226e-01
5.053497143118388379e-01
5.078192457446613073e-01
5.094625422621528177e-01
5.104462933342461817e-01
5.205039983893520183e-01
5.284608308854170655e-01
5.284302472003823414e-01
5.339838496241045007e-01
5.417323980650623483e-01
5.476422816536630211e-01
5.457830877873262043e-01
5.436350828091012222e-01
5.413972549629850750e-01
5.392164482708290407e-01
5.371934268812161850e-01
5.416938953525536338e-01
5.390007788397856991e-01
5.366369692231340860e-01
5.346296022592567088e-01
5.329780675967163983e-01
5.316625233426361952e-01
5.306509243587012037e-01
5.336390719449668474e-01
5.387579744461845621e-01
5.429070957928450181e-01
5.461691225224167834e-01
5.486479684366998288e-01
5.542706550319151937e-01
5.524460980923382447e-01
5.506289432935544959e-01
5.450640079634105906e-01
5.403936642047515448e-01
5.365923964967007631e-01
5.398966617513276667e-01
5.364695889870634282e-01
5.337357975293011147e-01
5.316281313019062260e-01
5.300670835747594012e-01
5.289686796049801742e-01
5.282501968815067617e-01
5.278340907629681666e-01
5.213073762973021719e-01
5.160763744537899544e-01
5.120319445937036029e-01
5.090339418662415127e-01
5.069277686475732736e-01
5.055570653543766113e-01
4.982563120765195475e-01
4.925569068888713264e-01
4.882868164382081488e-01
4.852470560508732600e-01
4.832307930828945164e-01
4.820373790920260415e-01
4.814818358579415758e-01
4.814005299974892793e-01
4.816538383112052291e-01
4.821265752867884835e-01
4.792621054297905303e-01
4.805468308120659504e-01
4.817958925965886152e-01
4.795028601087569786e-01
4.777345188935486764e-01
4.698491858540183586e-01
4.635422701897264908e-01
4.586634403167830776e-01
4.550341892558709134e-01
4.524654037706412613e-01
4.440898257172238850e-01
4.375919536802044263e-01
4.327549290678318616e-01
4.225202578750755222e-01
4.215147578755846780e-01
4.145000623922345806e-01
4.093201305615032926e-01
4.057040061786101326e-01
4.033761566950415656e-01
4.020733268702509910e-01
4.015556860294691166e-01
4.016132320482790341e-01
4.020684812967210142e-01
4.027764237973079364e-01
4.006628577900779309e-01
3.991624000862326049e-01
3.912684247402007376e-01
3.878679340463209169e-01
3.853982815965313335e-01
3.837151642691860598e-01
3.826748227231673294e-01
3.793173235771925000e-01
3.698488693513548586e-01
3.624356892417126552e-01
3.568414878248156175e-01
3.528057484422564283e-01
3.500654111626626541e-01
3.483696996877323482e-01
3.474895689883144012e-01
3.472230395275086590e-01
3.402982290912095475e-01
3.349454018450006565e-01
3.309757657777823159e-01
3.281835261079764088e-01
3.263618753321344546e-01
3.253144002875771879e-01
3.248625625269543349e-01
3.176246503527078158e-01
3.119882434055831766e-01
3.077728937905839235e-01
3.024934029143420133e-01
2.986889002673580595e-01
2.888754270255984302e-01
2.813675179829733253e-01
2.758515207225271659e-01
2.720065148304617875e-01
2.695232985156719163e-01
2.681166486652433179e-01
2.675325120438760695e-01
2.675514330431163490e-01
2.607255671157615584e-01
2.554756647609712772e-01
2.497373441682861905e-01
2.455608140601392986e-01
2.426765358878661960e-01
2.336178816833289762e-01
2.250428091861080837e-01
2.115418935522741517e-01
2.012422686656289983e-01
1.950961522363983125e-01
1.895279840680754724e-01
1.872155776406734251e-01
1.861392203186127414e-01
1.859907236523388185e-01
1.865031901765654698e-01
1.874530159019756059e-01
1.799712643644615362e-01
1.828578812887193816e-01
1.783178740140525242e-01
1.822496557004036344e-01
1.784432229763293076e-01
1.681171522613722491e-01
1.673147307099498438e-01
1.670812993585257811e-01
1.660122372653403122e-01
1.581126408053583621e-01
1.519854092760946074e-01
1.400817786812840193e-01
1.308354814579373304e-01
1.239154434937390636e-01
1.116432053922971068e-01
1.104852345768305710e-01
1.021952686622118467e-01
9.616638003495237008e-02
9.202644518822800102e-02
8.941739692891914615e-02
8.062675640230843044e-02
7.409216994452094696e-02
6.947368550679988708e-02
6.643334803366696129e-02
5.724679605621552092e-02
5.037823122499851536e-02
4.548837836624253228e-02
4.223575521372513464e-02
3.286801181378273817e-02
2.586981106610508618e-02
2.089297244992627256e-02
1.758740306575767853e-02
1.562058913283848050e-02
7.195352537883614730e-03
9.937434144704493377e-04
-3.384458783687760430e-03
-1.367978724501694998e-02
-2.147474896620371609e-02
-2.710943340458982220e-02
-3.093608798776337210e-02
-3.329699191136192837e-02
-3.450931239586929600e-02
-4.197483219815079103e-02
-4.744563219831765544e-02
-5.163924524446428244e-02
-5.446269868590403185e-02
-5.576577352287359624e-02
-4.897176320858864784e-02
-5.062272640402998292e-02
-5.172279756213193913e-02
-5.237785593558630381e-02
-5.268594248918856415e-02
-5.273446566177120154e-02
-5.259867855350153221e-02
-5.234121330959995433e-02
-5.201243113785292138e-02
-5.165134818155725505e-02
-5.128692069928830755e-02
-5.056315235002117880e-02
-5.031635282782498386e-02
-4.973363262583441191e-02
-5.656501849780259938e-02
-5.482873581001990182e-02
-6.053829263857335441e-02
-7.233085786509962922e-02
-8.174177206479082969e-02
-8.901492024414037196e-02
-9.442817645653001080e-02
-9.826887139041828867e-02
-1.079780573345558992e-01
-1.153359310368549107e-01
-1.206752692863595211e-01
-1.243316014488873300e-01
-1.337530535064319626e-01
-1.407927861789171065e-01
-1.447723318408709048e-01
-1.553357120521143830e-01
-1.562294725098560821e-01
-1.632145971830247788e-01
-1.682472989935912544e-01
-1.716558264359790975e-01
-1.737536104351913302e-01
-1.748276233415286818e-01
-1.751315646556885763e-01
-1.748827573784985656e-01
-1.742618108815809919e-01
-1.734142579954800478e-01
-1.712331818501091618e-01
-1.704716310849756500e-01
-1.697256873812624800e-01
-1.678370422961044106e-01
-1.674321049627536251e-01
-1.670944405351180162e-01
-1.668215855869104036e-01
-1.666084326860297615e-01
-1.664482628310381962e-01
-1.663335702638475411e-01
-1.580553009097587225e-01
-1.594983774915708086e-01
-1.538111028583823980e-01
-1.482101557660504554e-01
-1.519713641656703640e-01
-1.482975864728168780e-01
-1.454517604813669873e-01
-1.504281448972579760e-01
-1.547394489448019606e-01
-1.583585881737825662e-01
-1.613036454840321987e-01
-1.636231862416994698e-01
-1.642119369312338151e-01
-1.645292335974528619e-01
-1.576835273095957834e-01
-1.519988290689824328e-01
-1.484519840890170528e-01
-1.446535330813163434e-01
-1.417620636668257550e-01
-1.396499289468251526e-01
-1.381885313118185188e-01
-1.372551873985841109e-01
-1.367375160514112675e-01
-1.295825324906356713e-01
-1.239206336978428968e-01
-1.195975763708283512e-01
-1.164356316064405483e-01
-1.142498392232020876e-01
-1.128598150205524231e-01
-1.120978106627414927e-01
-1.118137136463128734e-01
-1.118776308110589479e-01
-1.051729528226188481e-01
-9.989145798391985132e-02
-9.588213987149329931e-02
-9.297197761599096388e-02
-9.098187524456013975e-02
-8.973810947092442092e-02
-8.908000760170642351e-02
-8.886457961749605339e-02
-8.896878131309993165e-02
-8.929001069429554072e-02
-8.974535269711036989e-02
-8.322700162102947274e-02
-7.801222734822621518e-02
-7.398176821877400222e-02
-7.098960493403994043e-02
-6.887889792980561587e-02
-6.749365901644877042e-02
-6.668681602203796466e-02
-6.632533526142747604e-02
-6.629302681219106930e-02
-5.942398853389052604e-02
-5.399379181229413405e-02
-4.985322759162946760e-02
-4.682987734258858836e-02
-4.474440304909155230e-02
-3.633791636295402583e-02
-2.982485705860504765e-02
-2.497524971365083779e-02
-2.154049233390287199e-02
-1.927243402548373119e-02
-1.793652230936082503e-02
-1.732015712422896314e-02
-1.014303509262659553e-02
-4.638327180984447295e-03
-5.889220838817266213e-04
2.233442260286322423e-03
4.052566839965798806e-03
5.077245505930472191e-03
1.258979539217075505e-02
1.126520308798362180e-02
9.720633186891536326e-03
8.104403934732662407e-03
1.361845849417608889e-02
1.794261700706711871e-02
2.121024313272501516e-02
2.357000045573709457e-02
2.517329288067804427e-02
3.325476479604549951e-02
3.955912746649170586e-02
4.398250482572452214e-02
4.708135502003840678e-02
4.911101597210865144e-02
5.723014727973474436e-02
6.340497479201978592e-02
6.791681712514585634e-02
7.104382234378436856e-02
7.304835308854085163e-02
8.103456275153897437e-02
8.708639594896339098e-02
9.832468137385030893e-02
1.069165681938706314e-01
1.132194141340112647e-01
1.176003254460584735e-01
1.204142797447664837e-01
1.219896922883940693e-01
1.226197295446671554e-01
1.225579882639786788e-01
1.220174221268677250e-01
1.279955290123548917e-01
1.334684319560612842e-01
1.375973232521423562e-01
1.405577945962308561e-01
1.425372492258702994e-01
1.506665927865011856e-01
1.499700088217594818e-01
1.488883078124527692e-01
1.545570754690237525e-01
1.588713104418921773e-01
1.620134235693631020e-01
1.653300076227679494e-01
1.676660217363767913e-01
1.679908746877472048e-01
1.748353734673862014e-01
1.800643080475896607e-01
1.839017491919887615e-01
1.878834864512464176e-01
1.907118078920109205e-01
1.995374687419735338e-01
2.063300833230454767e-01
2.113411382254517523e-01
2.148423897008224781e-01
2.171047072938667721e-01
2.253166552686172164e-01
2.314906980700972561e-01
2.342789450953883801e-01
2.443830680131560129e-01
2.520521121583372270e-01
2.508324193298858695e-01
2.559156508091895432e-01
2.613068321976856900e-01
2.651785951635123872e-01
2.677721091604212678e-01
2.762159354134781086e-01
2.825961173686677430e-01
2.940451317015284616e-01
3.027242834132997107e-01
3.090208014549544746e-01
3.223321511634100744e-01
3.301349116586522747e-01
3.421967130056353668e-01
3.534483913409309785e-01
3.616420316373032406e-01
3.672666334134864208e-01
3.774172460129563422e-01
3.846876288256690923e-01
3.895763849212330321e-01
3.925544256174597901e-01
3.940484779871535892e-01
4.037179073784187278e-01
4.043957237622879397e-01
4.107241912683297080e-01
4.152284036245863508e-01
4.182180452593893261e-01
4.199912337418014729e-01
4.208215767985452604e-01
4.274865140870218738e-01
4.324348942401203821e-01
4.389644244445820576e-01
4.437997879261095235e-01
4.536810607201586798e-01
4.611620643328591118e-01
4.729821968048348868e-01
4.818481053911329859e-01
4.915729036731921742e-01
4.986831086183902695e-01
5.035818935320877099e-01
5.066707156869956208e-01
5.146336566936964285e-01
5.203307736947699880e-01
5.241563338520709436e-01
5.264824736671303018e-01
5.276458818948881468e-01
5.315768806224931975e-01
5.342507368814823909e-01
5.358965647898872309e-01
5.367315616026058223e-01
5.369527454255336174e-01
5.367319919094313274e-01
5.362138762816972548e-01
5.355157168087123498e-01
5.410207417844041800e-01
5.453268087879936665e-01
5.485764280854428243e-01
5.509240473823988626e-01
5.525237557991544701e-01
5.596529993016758908e-01
5.690103689906709228e-01
5.763021618444656990e-01
5.778080760546278061e-01
5.784558053039462466e-01
5.884055779333661196e-01
5.960980391801655731e-01
6.018185273283602754e-01
6.058677063022440690e-01
6.085414673618686487e-01
6.101172706491505560e-01
6.108455601039323168e-01
6.109451021644142221e-01
6.106012917440468701e-01
6.099666316886463990e-01
6.091627291337672334e-01
6.082832710001371268e-01
6.073975465223364623e-01
6.065541797215340258e-01
6.116673206987338629e-01
6.099207531389158055e-01
6.083440374620519009e-01
6.069687543430339893e-01
6.116817780864187704e-01
6.155066584890189763e-01
6.185167404195329732e-01
6.208052033891718891e-01
6.224738864650258829e-01
6.236253362053789662e-01
6.243573703145107734e-01
6.247595818172784199e-01
6.249113227382084856e-01
6.248807986924994617e-01
6.247249786884022660e-01
6.286525699991419858e-01
6.375596837582750975e-01
6.489992332679710429e-01
6.581312011355106018e-01
6.651476939832278168e-01
6.703002279114902429e-01
6.795200177779699979e-01
6.863624160293725351e-01
6.911951101055930913e-01
6.943804167535578831e-01
6.962564120244830734e-01
6.971260221070435525e-01
6.972517982891400790e-01
6.968546291330538489e-01
7.015763100051498613e-01
7.050675285878797993e-01
7.075291229765343637e-01
7.091519522296080291e-01
7.101103316775226881e-01
7.105585358787269712e-01
7.106294121551305354e-01
7.050861630319704698e-01
7.003071046685328538e-01
6.963160345631863590e-01
6.930886896969997713e-01
6.960427570870938441e-01
6.986173044494125017e-01
7.007927985893501743e-01
7.025770098835499855e-01
7.039959617540179071e-01
7.050868360420973202e-01
7.005076296860544005e-01
7.020653427909399058e-01
7.025282311438049154e-01
7.028957791381849063e-01
7.031760606840907757e-01
7.042120623344325647e-01
7.096794862332082010e-01
7.141034561428202254e-01
7.175647768210245969e-01
7.201717265945335456e-01
7.220456072916756618e-01
7.233100565924263092e-01
7.240835718183482594e-01
7.244746604622819275e-01
7.191782519121260320e-01
7.146279584528366646e-01
7.108434881716888531e-01
7.077977538225451726e-01
7.054318224450358832e-01
7.036675126824027959e-01
7.024174756116047247e-01
7.015928296003141051e-01
7.011085839629366268e-01
7.056223215927821535e-01
7.095025347238232971e-01
7.127295622828242472e-01
7.208974393162431715e-01
7.274235144973005829e-01
7.324647259251652054e-01
7.411629751799457821e-01
7.479117018273468975e-01
7.529338972661328011e-01
7.618523220781607819e-01
7.736624282190976976e-01
7.826828743555358514e-01
7.892725672227588474e-01
7.989981211909491510e-01
8.009146205724472223e-01
8.015836756840737376e-01
8.064827851673426196e-01
8.046954457615641543e-01
8.025797858036685106e-01
8.054844119681290326e-01
8.074745329045709408e-01
8.087292679336059997e-01
8.096612610959732503e-01
8.101225683993442672e-01
8.153604388528670199e-01
8.194017371060891008e-01
8.223945475524148119e-01
8.295272776960990191e-01
8.349533243998356058e-01
8.389203236520033080e-01
8.416743596856062215e-01
8.434472457732047346e-01
8.444490916744664677e-01
8.448645253097281094e-01
8.503220264489554925e-01
8.538056340247990317e-01
8.562598215958294734e-01
8.531469969666508613e-01
8.502397056799139152e-01
8.476274520846496241e-01
8.405120049322605258e-01
8.345732974656232539e-01
8.297801050538509138e-01
8.260492111834097928e-01
8.127719966143672758e-01
8.021852891950527198e-01
7.940510861320838609e-01
7.880669614026367675e-01
7.733575014994780172e-01
7.620693601325219113e-01
7.537662920341547945e-01
7.479818658891996819e-01
7.442559676367695998e-01
7.421587466520134235e-01
7.363081447306650817e-01
7.268208234160337122e-01
7.198070733538556309e-01
7.148847019008631731e-01
7.116778026711017002e-01
7.098345717202256822e-01
7.090383604478925905e-01
7.033620665820657925e-01
6.992195057657528690e-01
6.915922719086555759e-01
6.801552544932137900e-01
6.713896022226982785e-01
6.649598974734594048e-01
6.605049781795074848e-01
6.576658035442033423e-01
6.561047091022879085e-01
6.555175314629140271e-01
6.556400988773427585e-01
6.562504667773289002e-01
6.526005706827321395e-01
6.499806976462153552e-01
6.527065117470254307e-01
6.507626134964011877e-01
6.494107153808491573e-01
6.485378627479753133e-01
6.421422195138312139e-01
6.370853328642915869e-01
6.332312318630102244e-01
6.304218053073376016e-01
6.241347354534506620e-01
6.237153232068819442e-01
6.177404253812716073e-01
6.088779329416375008e-01
6.082028436508639668e-01
6.021005054507014842e-01
5.975750466726057475e-01
5.943855220951768104e-01
5.922939861478093704e-01
5.910770777489140482e-01
5.905332918284644794e-01
5.863772799149821191e-01
5.833548674253125066e-01
5.812693069997401096e-01
5.738107639083530609e-01
5.641240922844903416e-01
5.567131477206219703e-01
5.512552906933778640e-01
5.412402519685239888e-01
5.336494895114463066e-01
5.281493353879183061e-01
5.180733573456159924e-01
5.105094260237736936e-01
5.051141385762336622e-01
4.980031437480081369e-01
4.930430775776803998e-01
4.898294277549011255e-01
4.849466518739300458e-01
4.816189079903490100e-01
4.795699477235497721e-01
4.785340322126565571e-01
4.782674058733269451e-01
4.751230720136394581e-01
4.729965042832606770e-01
4.716841003559593126e-01
4.644051158857360750e-01
4.555392065898966614e-01
4.421934223414571985e-01
4.318676109195094259e-01
4.241771758874421927e-01
4.187181499255225869e-01
4.083818262221601270e-01
4.007011419892467785e-01
3.952837296269986478e-01
3.821417705863972003e-01
3.723005136043124885e-01
3.652625825783188951e-01
3.605364451137644810e-01
3.576612742807996348e-01
3.562215977043101667e-01
3.490029426882061969e-01
3.437811803911601238e-01
3.402313634665088404e-01
3.380377908868310577e-01
3.299526665458285546e-01
3.239053462343348677e-01
3.196086734454099965e-01
3.167666754298998910e-01
3.150933776155866450e-01
3.166396410090002167e-01
3.089949279586630126e-01
3.031470294498961326e-01
2.988668435566292914e-01
2.959085505409042582e-01
2.868299926448458770e-01
2.798956863391384164e-01
2.748302372058291088e-01
2.713395546087056243e-01
2.691330745600581942e-01
2.606463573896371511e-01
2.542394939575800539e-01
2.496279865361288319e-01
2.465157688179264728e-01
2.446151643958096589e-01
2.362779882820580379e-01
2.282550887819154717e-01
2.223835690364110995e-01
2.109709199459528506e-01
2.023610491480414275e-01
1.961435271051172879e-01
1.919099717378776049e-01
1.892747987529643794e-01
1.878879329660509967e-01
1.800978967171309453e-01
1.743143070103450043e-01
1.702356212194111595e-01
1.675617065671799466e-01
1.660090206679156744e-01
1.653204569173247762e-01
1.578540420531318045e-01
1.521747240746238461e-01
1.405821522897847675e-01
1.316276017751314420e-01
1.249935785567242164e-01
1.203328073394647202e-01
1.097659738418965691e-01
1.018536389268884790e-01
9.549103003046699456e-02
9.120479577915396874e-02
8.856670516336384580e-02
8.719900377378042577e-02
8.677780845660443276e-02
7.965459069240843348e-02
7.434598868409492134e-02
7.057416161212670680e-02
6.068481881001308587e-02
5.314904203049319875e-02
4.764836899391822200e-02
3.618070947325047193e-02
2.760973990774684417e-02
1.418524291070677457e-02
4.097718721361109928e-03
-1.020118315493778738e-02
-2.073845141506414080e-02
-2.816189532297097564e-02
-3.306628460251404000e-02
-3.598236996959180978e-02
-3.737304618978631865e-02
-3.763368084039919736e-02
-4.412759500020491110e-02
-4.847014628864276808e-02
-5.169328543218321137e-02
-5.371125385329955648e-02
-5.478100453562317895e-02
-5.513130806718402610e-02
-5.495984763278638496e-02
-6.148151323685713265e-02
-6.650358779882004079e-02
-7.021437992777324055e-02
-7.281471826329832808e-02
-7.450351382443121118e-02
-7.546776392496790109e-02
-8.293061664702672253e-02
-8.869029780641080052e-02
-9.296087440537648128e-02
-1.030006338796347620e-01
-1.036863285050508843e-01
-1.106544435084324540e-01
-1.158217848878206890e-01
-1.194654599317537258e-01
-1.218580856628450615e-01
-1.232547692797583139e-01
-1.308678444402371355e-01
-1.366270834274967427e-01
-1.477453422579482201e-01
-1.562461311458214208e-01
-1.624842678885578540e-01
-1.668242807369026970e-01
-1.696180614118567576e-01
-1.780717900027544154e-01
-1.856067397019971477e-01
-1.911142099898099911e-01
-1.949004392803930230e-01
-2.042334056718049240e-01
-2.111867763597410352e-01
-2.161072106659405190e-01
-2.193471204040147171e-01
-2.212431062199342602e-01
-2.221020464590561794e-01
-2.221932489552849166e-01
-2.286742656864548806e-01
-2.335201552950383341e-01
-2.369760999606331797e-01
-2.392854699170994248e-01
-2.475322742904617623e-01
-2.537878953036323271e-01
-2.583362390358725502e-01
-2.632910176987108830e-01
-2.649407431545927061e-01
-2.675668749961295223e-01
-2.692137968065266840e-01
-2.681889430189647872e-01
-2.737403821682129479e-01
-2.779024645966785556e-01
-2.828466911095746106e-01
-2.865008965900630589e-01
-2.890570720240752678e-01
-2.907082858920035928e-01
-2.984514433486635809e-01
-3.043870842073683747e-01
-3.155064144126924486e-01
-3.240265147093639442e-01
-3.302983319884909008e-01
-3.413260579805756922e-01
-3.495514861153306008e-01
-3.554117442709177066e-01
-3.658507407553381885e-01
-3.734991904214028935e-01
-3.814023749423853804e-01
-3.870089427293488260e-01
-3.907076201679122729e-01
-3.928719795934807468e-01
-3.873171889697055725e-01
-3.912926834494703243e-01
-3.941097103580131211e-01
-3.959549562976181214e-01
-3.903278068489162145e-01
-3.919905978050914896e-01
-3.863869138039226492e-01
-3.911057919913449865e-01
-3.921187212614456463e-01
-3.927876817127811115e-01
-3.960000405251804523e-01
-3.985072502127378069e-01
-4.003837961089085073e-01
-4.017169814495551439e-01
-4.094084744639558959e-01
-4.154665015810774520e-01
-4.230968699313641945e-01
-4.289823557277385735e-01
-4.333252169552945787e-01
-4.332068800112682805e-01
-4.357077995142557558e-01
-4.440731797427734939e-01
-4.504766275222378269e-01
-4.618370211715536744e-01
-4.638787255763499040e-01
-4.648439802202668503e-01
-4.716094897161553501e-01
-4.799715238430450892e-01
-4.862663846087402764e-01
-4.938079787198548232e-01
-4.992177358248055530e-01
-5.028845308760812038e-01
-5.087046979487781506e-01
-5.092566772525604080e-01
-5.126133858709465141e-01
-5.112278752387422465e-01
-5.095757338536828218e-01
-5.078260647931227556e-01
-5.096346834561380490e-01
-5.073550901771635147e-01
-5.052859577884216691e-01
-5.098030942194278214e-01
-5.134007726609604028e-01
-5.161768289665311649e-01
-5.218123816759303590e-01
-5.262348610086695633e-01
-5.332628857580783421e-01
-5.450531473770630075e-01
-5.543161955330362378e-01
-5.613097697456310708e-01
-5.685852100984460922e-01
-5.737165847573507671e-01
-5.771138727746663033e-01
-5.791460365567728807e-01
-5.801347268457134332e-01
-5.803532270690701100e-01
-5.800283967905766058e-01
-5.793442557141672555e-01
-5.784463969467728006e-01
-5.833784407549682527e-01
-5.851956660239497898e-01
-5.864283535346935805e-01
-5.871827664300337535e-01
-5.875596631814671289e-01
-5.815891350622233169e-01
-5.764582926377623817e-01
-5.721958337440914422e-01
-5.648249108036345056e-01
-5.566576398237625956e-01
-5.565008247854559276e-01
-5.504780292030631017e-01
-5.420178431546991416e-01
-5.355602172580000708e-01
-5.308331799483236857e-01
-5.338916162287778988e-01
-5.306313242969038502e-01
-5.283742969029689984e-01
-5.269326636460205382e-01
-5.197875701110370450e-01
-5.142582531239106025e-01
-5.036956331810562570e-01
-4.954559607805495425e-01
-4.792315769327728514e-01
-4.633318729843636241e-01
-4.477594341995148053e-01
-4.361248096442162936e-01
-4.209946452815076512e-01
-4.128874021959538787e-01
-4.075570936454080417e-01
-3.973747430781162659e-01
-3.872262418915128901e-01
-3.801848605033972817e-01
-3.756812664916231448e-01
-3.731798759295255064e-01
-3.722004047458447040e-01
-3.723282402864618312e-01
-3.704402790701128989e-01
-3.624848009540788674e-01
-3.565956091559321361e-01
-3.453434548321188124e-01
-3.367877490836639343e-01
-3.233842843162906266e-01
-3.131897493488975392e-01
-3.057803523422311098e-01
-3.007112489463326099e-01
-2.902272307847204580e-01
-2.825358207422348222e-01
-2.697970960516868910e-01
-2.602991276109216656e-01
-2.535852808537613079e-01
-2.491819258988676733e-01
-2.390756210614337629e-01
-2.317460740271441999e-01
-2.250094721672040166e-01
-2.205524884848533151e-01
-2.178959697140310237e-01
-2.091216164687290657e-01
-2.027521921295392104e-01
-1.983842977674794561e-01
-1.956345321016228489e-01
-1.941530658014318789e-01
-1.936311671327284323e-01
-1.938043406458471729e-01
-1.944523370596724643e-01
-1.939225190866005200e-01
-1.938201348416892511e-01
-1.940154962675220141e-01
-1.944051090941354420e-01
-1.875671929516067316e-01
-1.807873440844431912e-01
-1.755806233861612053e-01
-1.717198064219789266e-01
-1.617561517594052756e-01
-1.540416871514338482e-01
-1.472119802376588016e-01
-1.423014531232036362e-01
-1.399603036465275618e-01
-1.376651275515590189e-01
-1.363630511813318513e-01
-1.358131304926699645e-01
-1.429010547962188404e-01
-1.419801778403368964e-01
-1.413954370899626056e-01
-1.410749454769524291e-01
-1.409551965741198121e-01
-1.409816226804105899e-01
-1.411086038040192392e-01
-1.412990712868349430e-01
-1.415238278986603593e-01
-1.336910056662861113e-01
-1.273930415779078729e-01
-1.233517824647976102e-01
-1.194686640335231864e-01
-1.166419107584768522e-01
-1.084391586260722296e-01
-1.020172120657061310e-01
-9.718841170652536832e-02
-9.373593299926419320e-02
-9.143329254678911333e-02
-9.005925461625707840e-02
-8.876688784163544454e-02
-8.813914620744500716e-02
-8.800066320713928469e-02
-8.820596564946359130e-02
-8.863749383357366618e-02
-8.920273397859723730e-02
-8.983099412748840606e-02
-9.047013719795327091e-02
-9.108345130956996272e-02
-9.164675748698480895e-02
-9.214580720891074606e-02
-8.555261797344493324e-02
-8.016285638145403958e-02
-7.589581912932152896e-02
-7.263635737233431477e-02
-7.025117868957053702e-02
-6.154348350685512337e-02
-5.471637088138625593e-02
-4.956187010932344705e-02
-4.584597468328865943e-02
-3.624670758791959102e-02
-2.890529619253690008e-02
-2.352605308765443048e-02
-1.979832656407620739e-02
-1.741794570442323220e-02
-1.610162456421715405e-02
-1.559575630233456245e-02
-1.568088760797214931e-02
-9.077757019323451360e-03
-4.029032408377375418e-03
-3.293287569092750999e-04
9.331733620178583877e-03
1.676867567710993434e-02
2.226457847618146246e-02
3.320909386071502212e-02
3.442121004669007611e-02
3.465318463448441300e-02
3.419059958147374623e-02
4.035491492385956391e-02
4.495047054914969031e-02
4.821206070106454078e-02
5.037339819112274242e-02
5.165506104109707231e-02
5.933038828463321757e-02
6.474455803864231918e-02
7.612930185079536116e-02
8.493037069735165367e-02
9.146865262905756744e-02
1.023742752534335665e-01
1.181618952076242124e-01
1.302396659316606975e-01
1.390993344984270408e-01
1.452520810577193622e-01
1.561150745188206734e-01
1.639563014539875407e-01
1.692844309788663626e-01
1.725846568666162817e-01
1.811775602629923654e-01
1.873067724215671248e-01
1.927388314906166578e-01
1.963432019584232524e-01
1.984658647781225582e-01
2.063899876032346814e-01
2.121932549193978890e-01
2.162045890932005054e-01
2.187512867617531498e-01
2.201410630201245944e-01
2.206508155084327960e-01
2.205206818097402710e-01
2.199520673731323317e-01
2.191084951124497859e-01
2.181183258813590431e-01
2.170785948606364091e-01
2.160593881872914235e-01
2.151083398610194042e-01
2.211898048187725951e-01
2.276997837414873604e-01
2.329078292457518184e-01
2.439033231825793457e-01
2.525765920217808436e-01
2.610215784464706701e-01
2.744220157881904765e-01
2.847579367942185691e-01
2.993758563923050176e-01
3.103815735438095746e-01
3.182840205000050382e-01
3.304995673285693325e-01
3.417613560377870119e-01
3.567247335769416772e-01
3.677621793995049515e-01
3.754763626498114348e-01
3.804666921534629598e-01
3.900549925733824974e-01
3.967190824671480431e-01
4.010092828930009734e-01
4.034302781857685982e-01
4.044285155959659317e-01
4.043871071844484799e-01
4.036257325531360518e-01
4.090350168078624726e-01
4.129537070855529013e-01
4.156366105030817604e-01
4.202473351177524741e-01
4.301654939095049812e-01
4.378050966202211569e-01
4.434497169939084493e-01
4.474034494364489412e-01
4.499684424660179705e-01
4.579355208011228751e-01
4.638353669585435490e-01
4.679938435483288472e-01
4.707276265769924084e-01
4.723301720681900573e-01
4.730636142685842316e-01
4.731549295667552002e-01
4.727951067179849698e-01
4.721403786249649404e-01
4.713148054342362059e-01
4.767843747494657780e-01
4.810595896638651947e-01
4.842847752049184162e-01
4.866141028779560340e-01
4.944474928895130628e-01
5.004953065300292714e-01
5.049961176319859302e-01
5.116294304304178642e-01
5.166130698297484170e-01
5.263239187728192547e-01
5.337062251613835517e-01
5.427372621349637605e-01
5.494918317826684717e-01
5.603704704441614393e-01
5.684746748521949389e-01
5.742166014481600023e-01
5.780103416159484420e-01
5.802480627371805477e-01
5.812852025157602132e-01
5.814325134742904799e-01
5.809531146222592923e-01
5.800630663446371127e-01
5.789342999397385503e-01
5.776989972034204390e-01
5.764547330056171148e-01
5.752698723464757524e-01
5.780899262639817016e-01
5.803501898053671226e-01
5.820956323600139370e-01
5.894267238849596469e-01
5.952457560207966569e-01
6.038050716515739325e-01
6.104975844020844589e-01
6.155194575381022215e-01
6.191001132721658529e-01
6.214796311014106900e-01
6.228919801799335243e-01
6.278716167098765677e-01
6.315440540571155559e-01
6.340961988404743011e-01
6.417161971601863524e-01
6.474761926581927840e-01
6.575135377598630981e-01
6.650674469361588237e-01
6.705173606687101495e-01
6.742338499275545294e-01
6.765610654156104520e-01
6.778071634826846603e-01
6.782400400388156614e-01
6.882807525272149896e-01
7.007394675326903410e-01
7.104637383656584593e-01
7.177458390879940531e-01
7.180661878255196751e-01
7.223478236153108023e-01
7.251761645944694301e-01
7.219420627562072035e-01
7.187128471366427407e-01
7.204901083326000766e-01
7.271758820560092484e-01
7.323399568973113505e-01
7.415753152296579165e-01
7.486260742575773230e-01
7.538087242452545800e-01
7.574360077717779971e-01
7.598018216969529837e-01
7.611725061533953784e-01
7.617824540902948804e-01
7.569196210520920953e-01
7.574746960779014104e-01
7.528395820825357632e-01
7.488915457620757277e-01
7.456231047821224589e-01
7.429945367270641698e-01
7.409459577934964791e-01
7.394064684031432799e-01
7.383009565060925095e-01
7.276251430060289849e-01
7.190588006817940636e-01
7.124088864015195588e-01
7.020759017228481724e-01
6.940887953645746844e-01
6.881737184386319539e-01
6.840271714107213352e-01
6.813407707069284447e-01
6.798194126814419702e-01
6.691398965990211778e-01
6.653749849506355174e-01
6.629511552214637504e-01
6.672897113653926127e-01
6.714067832039913863e-01
6.751501374921272669e-01
6.784348287885753059e-01
6.812268104673817604e-01
6.779454509918803051e-01
6.752084625102489079e-01
6.729984853551883583e-01
6.667901506951688928e-01
6.618748035927896067e-01
6.524175052133480701e-01
6.449610482202934314e-01
6.392964205681708201e-01
6.351822407467735410e-01
6.323674478953527078e-01
6.205265053065275316e-01
6.113802588039446428e-01
6.045885836075352016e-01
5.997902553004728077e-01
5.966293674931877344e-01
5.907702182607346142e-01
5.906516611545500339e-01
5.813147318548221865e-01
5.742529845528737686e-01
5.691415920613591695e-01
5.656535215421110152e-01
5.634771678192607158e-01
5.623276455212933289e-01
5.558997292417009461e-01
5.511036754566158713e-01
5.477071287490031803e-01
5.454720941521971067e-01
5.441692040011893994e-01
5.435875563520209397e-01
5.398213067133765808e-01
5.371377746011714027e-01
5.353403651178161304e-01
5.281044970798516314e-01
5.189815696267674472e-01
5.120285257502394938e-01
5.103722587394980970e-01
5.096076668075151250e-01
5.095084051782841073e-01
5.098806664126933619e-01
5.105635348967871856e-01
5.114276886165045610e-01
5.123728871751216385e-01
5.133246706873006993e-01
5.142306484378105225e-01
5.150566899716590985e-01
5.122658171442819874e-01
5.100350994502327318e-01
5.021109120589262176e-01
4.957516231875995771e-01
4.908140964106733062e-01
4.871248205291462963e-01
4.844980613494340727e-01
4.794781129098673045e-01
4.758004497501828745e-01
4.732368633540235958e-01
4.653492027220724747e-01
4.592967288754643551e-01
4.485354632816671572e-01
4.402181469547399306e-01
4.340543020042275657e-01
4.297258946299686855e-01
4.269120281758458368e-01
4.223986877308931742e-01
4.129490637949158049e-01
4.086584014888512417e-01
4.058336086102150020e-01
4.041916366541546957e-01
4.006795242819329861e-01
3.945631811215095652e-01
3.900450664385579636e-01
3.841933525525917936e-01
3.800045056767409335e-01
3.771880692165283655e-01
3.754702171731820748e-01
3.679772319800254099e-01
3.623203859870633980e-01
3.557595838424063572e-01
3.510252490230794109e-01
3.502027621030796567e-01
3.477149991618442293e-01
3.419498640469180728e-01
3.353263041620695439e-01
3.304451945294792914e-01
3.270290329672254082e-01
3.248089088635943700e-01
3.235359489602700478e-01
3.163018369428882703e-01
3.108041127024976369e-01
3.068099870444294108e-01
3.040772114155527728e-01
3.023696176737011854e-01
3.014678015128220423e-01
3.011757668638177510e-01
3.013243438867159174e-01
3.017721412113245627e-01
3.024047112759709055e-01
2.942804624345356501e-01
2.878577837401270489e-01
2.896698269511241985e-01
2.915169355310647248e-01
2.866218375715199329e-01
2.828168247212974329e-01
2.780569605628981922e-01
2.745032814294403600e-01
2.738131307954578819e-01
2.735993348086891430e-01
2.652305150345803941e-01
2.586780651804188036e-01
2.487590839897815265e-01
2.410083840565429014e-01
2.403339461334921268e-01
2.336995597146220849e-01
2.288413921854370869e-01
2.254719328070557971e-01
2.233135055014638937e-01
2.153597328726162274e-01
2.108049494252448586e-01
2.061880617315818842e-01
1.961718048920895185e-01
1.898749056253010714e-01
1.853608205946888354e-01
1.823499507527537311e-01
1.805612315340987539e-01
1.797283672912075581e-01
1.783412172744813784e-01
1.707279875945486580e-01
1.661409562150142349e-01
1.628824307908378621e-01
1.595939977402016652e-01
1.574279072686450842e-01
1.561493001975682304e-01
1.555501662004326047e-01
1.565459947049490097e-01
1.577050704410409843e-01
1.577994682219638900e-01
1.510940937157516650e-01
1.457867639811745164e-01
1.427293663966193726e-01
1.405393771028300431e-01
1.390772707632503824e-01
1.301648975786220408e-01
1.232286906137753935e-01
1.188675458991923506e-01
1.149628061985912275e-01
1.123017701345618846e-01
1.035984055272205495e-01
9.697658592145419476e-02
9.214745558612191800e-02
8.177622664132777608e-02
7.390677301866244164e-02
6.819261492159012228e-02
6.427935477901858263e-02
6.182581525906272191e-02
5.345814633506762448e-02
4.724178383106569790e-02
4.285281530003071104e-02
3.289174963619334591e-02
2.524029470572886069e-02
1.982060998766121962e-02
1.632920595097386851e-02
7.191362632562370294e-03
7.444871651233642140e-03
1.357403463395634446e-03
-2.940709271603614283e-03
-5.822722518048273344e-03
-7.566146385881378222e-03
-1.546864556777083344e-02
-1.437359966167828240e-02
-1.995708719250477436e-02
-2.406253241649469743e-02
-2.691734840405524132e-02
-2.874759437676766005e-02
-2.976603819402567908e-02
-3.752876096751656121e-02
-4.325697380110749002e-02
-4.744319104206495830e-02
-5.033707105088103262e-02
-5.218094786667282214e-02
-5.319865570517379183e-02
-6.067628529103519242e-02
-5.931104148657717623e-02
-6.479764691742184723e-02
-6.891141402451061992e-02
-7.185472026700900905e-02
-7.382953179853934955e-02
-7.502694294944523001e-02
-7.562053921088840447e-02
-7.576270957868569411e-02
-7.558317428919547609e-02
-8.223802815815384193e-02
-8.747069583823852135e-02
-9.143859413090993371e-02
-1.013436799939482214e-01
-1.090428917131145425e-01
-1.217992878105886856e-01
-1.316048772528657373e-01
-1.388465659499289462e-01
-1.508695550214929071e-01
-1.598318897489821033e-01
-1.662010943812952668e-01
-1.773196679653363805e-01
-1.854515839231354324e-01
-1.910869589678909630e-01
-1.946948981213370011e-01
-1.967056669001858715e-01
-1.975006881790712931e-01
-1.974081400844689416e-01
-1.898686035094359070e-01
-1.831701904879425857e-01
-1.774119692367550627e-01
-1.794919055495867166e-01
-1.812420179819929089e-01
-1.839466118133576966e-01
-1.930784608338738106e-01
-2.005046819562479321e-01
-2.063367077973730090e-01
-2.176781638673439545e-01
-2.265051645365043775e-01
-2.331102943463310151e-01
-2.446949060259517861e-01
-2.534186134096914067e-01
-2.664998678301955248e-01
-2.762621646789740204e-01
-2.832184987023149692e-01
-2.878696241275719991e-01
-2.906809484360228790e-01
-2.920694325767350108e-01
-2.923974087243663700e-01
-2.919711238480515725e-01
-2.910424674679226165e-01
-2.898127843334534770e-01
-2.951048643833853458e-01
-2.991369581872000971e-01
-3.020836823638015645e-01
-3.062121290329145040e-01
-3.071354186302663880e-01
-3.074998492495357727e-01
-3.095745015519335563e-01
-3.109958249457942525e-01
-3.118811120223921041e-01
-3.190581888730281701e-01
-3.246878954596179589e-01
-3.289389433476823665e-01
-3.320035824236735600e-01
-3.407309961501334694e-01
-3.474116383180392287e-01
-3.588871587418616116e-01
-3.676198907271794880e-01
-3.765582030820375792e-01
-3.831390954017648287e-01
-3.877185644477729731e-01
-3.906527275759390516e-01
-3.922791611879201668e-01
-3.956296867827433505e-01
-4.043649274895766421e-01
-4.109551099960977449e-01
-4.156874496342648495e-01
-4.254096593362501899e-01
-4.356663566289837863e-01
-4.433452214584070461e-01
-4.553056162360231696e-01
-4.609847815269747517e-01
-4.646032186104533945e-01
-4.666200086092326949e-01
-4.737180895010573156e-01
-4.787318427978870528e-01
-4.820567467533627415e-01
-4.840481433266372591e-01
-4.850166766799657303e-01
-4.884787952482314566e-01
-4.969862342443289727e-01
-5.034669213289137968e-01
-5.081934364029578877e-01
-5.148934256966573031e-01
-5.198241400420240410e-01
-5.232418167064358805e-01
-5.254099571439327931e-01
-5.265830220684193375e-01
-5.368286362087402175e-01
-5.447802934371261951e-01
-5.506922010280803637e-01
-5.548564412476038044e-01
-5.614352338468391324e-01
-5.723763484677051316e-01
-5.806420481788626686e-01
-5.906691765325807753e-01
-6.041879651926710393e-01
-6.185943732716598920e-01
-6.310508776909632411e-01
-6.443534368278061031e-01
-6.540007053854668406e-01
-6.663841936380228148e-01
-6.751512430341880533e-01
-6.855802340526129246e-01
-6.985023396466923939e-01
-7.077535491501875109e-01
-7.139776742117556196e-01
-7.177782102562176858e-01
-7.251401930600982482e-01
-7.348828001883859207e-01
-7.418400826607991494e-01
-7.464898425128360104e-01
-7.492855104191448179e-01
-7.609177015665294919e-01
-7.696124394283314629e-01
-7.757981725273942475e-01
-7.850593000566068458e-01
-7.917807845603030970e-01
-8.014939513710293006e-01
-8.138061229145583386e-01
-8.229445663688506052e-01
-8.293690058125524622e-01
-8.385133718188750862e-01
-8.449036191488236147e-01
-8.490561415852567739e-01
-8.514446915718523190e-01
-8.572692310353662304e-01
-8.611822116076082168e-01
-8.690739614271000280e-01
-8.692921069308388038e-01
-8.687193053901351991e-01
-8.629788088417603698e-01
-8.624445137275390527e-01
-8.570231961137598775e-01
-8.523258282314505330e-01
-8.483827980976788030e-01
-8.451763579206804655e-01
-8.481100491972980437e-01
-8.451990010780252582e-01
-8.428882926813183740e-01
-8.362174745019038680e-01
-8.308628734829993645e-01
-8.267215636493653319e-01
-8.236545578796655720e-01
-8.215050561304160226e-01
-8.150062130669425420e-01
-8.099899542081501203e-01
-8.008686391746613342e-01
-7.886198005652781395e-01
-7.791329085189817594e-01
-7.720935177902981117e-01
-7.671449978241194900e-01
-7.584159917159235542e-01
-7.468042778243692004e-01
-7.325261766739740166e-01
-7.268276187902499297e-01
-7.232021125877726719e-01
-7.161212287983671487e-01
-7.053787109521606480e-01
-6.974713025540346667e-01
-6.919801360674376900e-01
-6.884762511140163355e-01
-6.755302130068800981e-01
-6.658198715001631962e-01
-6.588776919677216126e-01
-6.542278785352283466e-01
-6.514167258062206756e-01
-6.437970053179179475e-01
-6.383422873441683132e-01
-6.300577201958426077e-01
-6.304378683187656929e-01
-6.253150133857169335e-01
-6.263544238470403203e-01
-6.278840149560934725e-01
-6.233081531027178102e-01
-6.153492078302961188e-01
-6.138256113545710324e-01
-6.085453575157203643e-01
-5.981819124385567843e-01
-5.901777211663064016e-01
-5.798853980134895947e-01
-5.722484094093248652e-01
-5.668430430679043397e-01
-5.566104616403744210e-01
-5.490113112501608938e-01
-5.436503903352916112e-01
-5.401337554652894113e-01
-5.273003144586725366e-01
-5.176141956240716269e-01
-5.106191049281976202e-01
-5.058573895609921323e-01
-5.028952781997273469e-01
-4.944530833466860287e-01
-4.952176038811550995e-01
-4.860668739422493445e-01
-4.792974550265232114e-01
-4.745262718034375382e-01
-4.713857996097494674e-01
-4.591668009536309381e-01
-4.499130747496877802e-01
-4.431845170020418667e-01
-4.385493285642259043e-01
-4.356034288833348089e-01
-4.270344333146625093e-01
-4.207078546812601516e-01
-4.162824194130438915e-01
-4.033116900532929261e-01
-3.934790237936529600e-01
-3.792341396093990014e-01
-3.684880499256328878e-01
-3.607512531165073533e-01
-3.555225132021111456e-01
-3.450770183828637538e-01
-3.374942218640177849e-01
-3.323210538438634565e-01
-3.217420919165403514e-01
-3.140025401291899332e-01
-2.988819539388496427e-01
-2.875989083088512643e-01
-2.795703416959578469e-01
-2.667534280118923906e-01
-2.574232907618019262e-01
-2.491016169611095510e-01
-2.361360414037370070e-01
-2.267670697066279661e-01
-2.203677210249992413e-01
-2.089096086758659432e-01
-2.006651887636383691e-01
-1.936209834583200173e-01
-1.890555152317909826e-01
-1.790494329969904985e-01
-1.718818363804794913e-01
-1.658149172728935472e-01
-1.618977345945940005e-01
-1.596503684833618930e-01
-1.586640764673692416e-01
-1.585972017644337040e-01
-1.591694081034618069e-01
-1.590015530595698667e-01
-1.592777753958569686e-01
-1.598434074800536564e-01
-1.605787939735190406e-01
-1.613934977374251734e-01
-1.610792449069862187e-01
-1.609427394191096372e-01
-1.609347624455099712e-01
-1.541220801087104242e-01
-1.486400117404087506e-01
-1.443630704558358513e-01
-1.411444743128293933e-01
-1.319116149066354993e-01
-1.246728820916027658e-01
-1.192052886781536092e-01
-1.152613622086104961e-01
-1.125887694615717027e-01
-1.039550705191127911e-01
-9.738490702693147760e-02
-9.961958487025790454e-02
-9.506585192960415043e-02
-9.181673156922909307e-02
-8.964984738254289098e-02
-8.835239284182883068e-02
-8.068517917978601517e-02
-7.480089698169889445e-02
-7.047193427238718222e-02
-6.038819975188225442e-02
-5.266388092742446680e-02
-4.699401983608697542e-02
-3.622649313040349206e-02
-2.781229729755096969e-02
-2.191466174638478925e-02
-1.789676486446745152e-02
-8.179355310623526165e-03
-9.596127277091692775e-04
4.047551630276702284e-03
1.442030416053441400e-02
2.204155520097650367e-02
2.755677818252810773e-02
3.121120402784316461e-02
4.057795430698440953e-02
4.748495510827765997e-02
5.953682401874149654e-02
6.855527412307593771e-02
7.552337247024332179e-02
8.762765702257313549e-02
9.663844550225419994e-02
1.029847000169856752e-01
1.144894874211896951e-01
1.228790039375686760e-01
1.286439454514034519e-01
1.322713540765887430e-01
1.332316670261883829e-01
1.331011163567583644e-01
1.322324312467333396e-01
1.309035525923378795e-01
1.293277931865715047e-01
1.276639829243149116e-01
1.331634123443234952e-01
1.374408716914212736e-01
1.406493962646850893e-01
1.500377587460886009e-01
1.573606879133280234e-01
1.628686563825780809e-01
1.668286516370132144e-01
1.765379807613145502e-01
1.852253097297962281e-01
1.988196667089199288e-01
2.092746865831094372e-01
2.256512259965712808e-01
2.311188842458637982e-01
2.344898238045323158e-01
2.433956877564154020e-01
2.569197008349750622e-01
2.689438011272815565e-01
2.777658435343812737e-01
2.910596764416606419e-01
3.007751311568556130e-01
3.074682583951051651e-01
3.116954901690180968e-01
3.211110089920297117e-01
3.277141861716448279e-01
3.296060795374637920e-01
3.370662609301258161e-01
3.377411936507763723e-01
3.443515197381723514e-01
3.490152176101144477e-01
3.520826407877171160e-01
3.538793578497319015e-01
3.546974376249942829e-01
3.547909583709805137e-01
3.612457278118050841e-01
3.660928186117295979e-01
3.695716481386017715e-01
3.719190959632945326e-01
3.733580393403632680e-01
3.740902640044987404e-01
3.742926463639999479e-01
3.741157401845733865e-01
3.804526399370158352e-01
3.853746963984703289e-01
3.890590314330335531e-01
3.916924744949916715e-01
3.934588539705339283e-01
3.945305283794100504e-01
3.883768124420894363e-01
3.830172569275358541e-01
3.879795589764285513e-01
3.920874514753200923e-01
3.953748559399954399e-01
3.979098235940907724e-01
3.997811871593375255e-01
4.010876035543715634e-01
4.019291023867066492e-01
4.024010156115112036e-01
4.025900031730751394e-01
4.025718068242400971e-01
4.121854730584741944e-01
4.169431565612546908e-01
4.235393528481277148e-01
4.286084570793895487e-01
4.391089562423204917e-01
4.472053481875410963e-01
4.532025989603318816e-01
4.640726418336116321e-01
4.722122555577359382e-01
4.780408014370625125e-01
4.884545606019965458e-01
4.960942863822253024e-01
5.014286322351606540e-01
5.048965558149323130e-01
5.131968454297290982e-01
5.191727584187417754e-01
5.232391895664840753e-01
5.355705462214714885e-01
5.449436869210466661e-01
5.517659411163307048e-01
5.564524443309459834e-01
5.594031972198096891e-01
5.609875977055092111e-01
5.615349372411617690e-01
5.674115555778698194e-01
5.716394150946980668e-01
5.745051674356633775e-01
5.762776130506240824e-01
5.771993056750479578e-01
5.774822842050187921e-01
5.773067082706191400e-01
5.768214944411529377e-01
5.800517873244919187e-01
5.824981096309590489e-01
5.842618453676935442e-01
5.854512209448878846e-01
5.861736477494626785e-01
5.966528759202237575e-01
6.050572557981098720e-01
6.073686621645840722e-01
6.188713035312480848e-01
6.277697072362339314e-01
6.343906436410217120e-01
6.390823503809595074e-01
6.465484385633634146e-01
6.577869528818336420e-01
6.604853134133086279e-01
6.676128815631657831e-01
6.726684632785457918e-01
6.760185367768896114e-01
6.825948697874761883e-01
6.826930788170872955e-01
6.866894172116214667e-01
6.950387632912753411e-01
7.012741739640890870e-01
7.057121706152882368e-01
7.141820026139051869e-01
7.203967724178755860e-01
7.295361399449499240e-01
7.363200006393055830e-01
7.464333060906142014e-01
7.538659056617348364e-01
7.640324433569344320e-01
7.715229982026370337e-01
7.767435671157834065e-01
7.800988513810780400e-01
7.922788824942773589e-01
8.014591038515901378e-01
8.080574067798115268e-01
8.125043976032277904e-01
8.202006145162032968e-01
8.255818041765592419e-01
8.290863271112917099e-01
8.364555291636248668e-01
8.465503010085846380e-01
8.539774336432530699e-01
8.646306797161709135e-01
8.725209687802492065e-01
8.780614171022463887e-01
8.816653444048092592e-01
8.893635136715429823e-01
8.948993006395196126e-01
9.031696992378855926e-01
9.090892619715703615e-01
9.130653406730162569e-01
9.154838490324425093e-01
9.166945403507863466e-01
9.170033611796074569e-01
9.166697803216672380e-01
9.203011379939519676e-01
9.228415600080249748e-01
9.245003648682024178e-01
9.254659226459798216e-01
9.316116804026991494e-01
9.363468403105286164e-01
9.398475070064391534e-01
9.423009299431751584e-01
9.438929456606769408e-01
9.405543858312533922e-01
9.417116696151710542e-01
9.381440772071392153e-01
9.349824371328007144e-01
9.322753042593364681e-01
9.344071313735332618e-01
9.361796846377523629e-01
9.376095113080922250e-01
9.328943456126375100e-01
9.290202165234594522e-01
9.259267657531192741e-01
9.292497046725696208e-01
9.321315371964845609e-01
9.345550554028649870e-01
9.322458441062402290e-01
9.345983958444796791e-01
9.365208832402724948e-01
9.279221830609355459e-01
9.207991088228073551e-01
9.093608146951616122e-01
9.003224640086922026e-01
8.934184928449294683e-01
8.883529889025253423e-01
8.848256263472032979e-01
8.825489494725510253e-01
8.812592073829308426e-01
8.807224648917860721e-01
8.807373005189449433e-01
8.710840887734426774e-01
8.635012305706498692e-01
8.577616518753665709e-01
8.536099004592908601e-01
8.454284799698021935e-01
8.446566719831826164e-01
8.393418911725274434e-01
8.408421225648738950e-01
8.373298050030404394e-01
8.349000210831547530e-01
8.285687120986868770e-01
8.237654895655919240e-01
8.202871763449639531e-01
8.179210865386040696e-01
8.112613385888081119e-01
8.062952084556456178e-01
8.027612889340851599e-01
8.004039108981715334e-01
7.940276231759947345e-01
7.892485007963950805e-01
7.858426420685797886e-01
7.785495466620306892e-01
7.731324832558306159e-01
7.692985424589176002e-01
7.667620899607137108e-01
7.601321361766723017e-01
7.551994433304939358e-01
7.468633257365127065e-01
7.406586323031528751e-01
7.309847762153922623e-01
7.237061809399139012e-01
7.184905232534939401e-01
7.149948191251456198e-01
7.082271446008869820e-01
7.034330073035421904e-01
7.002522161048490013e-01
6.929183967089865837e-01
6.875367052162694170e-01
6.838044439256871776e-01
6.769557907374408323e-01
6.720344086127484351e-01
6.631466962946417354e-01
6.565152423025711892e-01
6.475278994583718584e-01
6.409759701794749409e-01
6.364465332492288407e-01
6.335507233077317668e-01
6.360875106962388115e-01
6.388583238454000890e-01
6.416490984522830177e-01
6.443072241202959516e-01
6.467319776162532285e-01
6.488648874679179279e-01
6.506805229177905492e-01
6.521780992584756964e-01
6.533741573727516183e-01
6.542964416697600871e-01
6.492944846591350849e-01
6.450961037722897640e-01
6.373938685463501619e-01
6.355057123854001011e-01
6.299729777883291693e-01
6.357328497254154387e-01
6.407552528420975557e-01
6.392692836101104836e-01
6.438183362462962522e-01
6.432822527875614593e-01
6.427938154617119926e-01
6.423637480781345666e-01
6.419962948117891033e-01
6.416911421533051385e-01
6.414449045388006532e-01
6.412522604944218552e-01
6.411068115897134989e-01
6.410017215941109514e-01
6.409301806663223466e-01
6.408857297891079607e-01
6.408624736735536453e-01
6.352416147849063721e-01
6.306196284112268735e-01
6.212097164214833711e-01
6.136257501192096120e-01
6.077384289161065212e-01
6.033630723447890309e-01
6.002856868371886367e-01
5.982837897815641570e-01
5.871392664117163207e-01
5.785086402732575461e-01
5.720852168485690559e-01
5.675357726722152218e-01
5.607177593026766438e-01
5.558859986768429629e-01
5.563901492548377625e-01
5.477206378830101752e-01
5.411929055519031362e-01
5.401330593442723593e-01
5.399224820458869978e-01
5.427620311834444600e-01
5.455287099173660170e-01
5.420625038642408189e-01
5.394460578253141847e-01
5.375581896949113148e-01
5.362766398464995365e-01
5.354846492207290254e-01
5.350752925585722242e-01
5.313681205025686527e-01
5.321053605704941791e-01
5.329392119232574387e-01
5.276972911279154133e-01
5.235044651321250075e-01
5.167463504701608201e-01
5.115221202696111913e-01
5.076347769843321256e-01
5.048775266258751504e-01
5.030481328154601250e-01
5.019582087345273447e-01
5.014387267405162607e-01
5.013427585677487919e-01
5.015462311221983160e-01
5.019473011932815698e-01
5.024648118037517985e-01
5.030361845232491635e-01
5.036150174256035505e-01
5.007991638349440500e-01
4.985766560465925146e-01
4.968782494138810346e-01
4.956294811665986622e-01
4.947561986016519864e-01
4.941881699650259030e-01
4.938613128410724862e-01
4.876562256585090793e-01
4.826678074870238699e-01
4.787933693942352242e-01
4.697237402985074972e-01
4.594722555833679056e-01
4.515857246181862461e-01
4.457547648096908954e-01
4.353981802116779765e-01
4.275740163082915046e-01
4.219322378782341953e-01
4.181122634094072144e-01
4.157654916582103066e-01
4.117879276164970737e-01
4.028890211230260476e-01
3.962568552520973064e-01
3.915436533387186557e-01
3.820364112030016912e-01
3.749283420485469698e-01
3.698709811447544737e-01
3.665126725248331052e-01
3.645179361166759335e-01
3.635802728994370625e-01
3.634296607579179383e-01
3.638359029395898947e-01
3.646088679886008155e-01
3.655965225664536966e-01
3.666815156419960253e-01
3.612897284176279644e-01
3.570142287051478736e-01
3.561797370357766557e-01
3.557791276158883687e-01
3.532496468003978318e-01
3.447785293417580110e-01
3.380879506980041249e-01
3.329964330165073871e-01
3.292902398540635822e-01
3.267455185981658072e-01
3.251440159184506573e-01
3.242834652695865127e-01
3.239837560538378902e-01
3.240898984121793891e-01
3.244726555061805406e-01
3.183336077747203063e-01
3.113256635553778295e-01
3.059391569739500216e-01
3.019519655068745312e-01
2.991385981626191182e-01
2.972832629167212470e-01
2.961878800506152487e-01
2.890384514840127483e-01
2.835216433137714986e-01
2.727368542354589032e-01
2.643488611269213528e-01
2.563090670056773490e-01
2.504772332330087448e-01
2.414212162588249555e-01
2.346794083092866856e-01
2.367444413174080164e-01
2.392400727223420454e-01
2.419047603031263538e-01
2.377136106988753106e-01
2.345989026695125546e-01
2.324034490144706311e-01
2.309675183539294796e-01
2.301383896618858227e-01
2.228714607709740836e-01
2.171941094398557315e-01
2.129302618794322033e-01
2.098803419634749368e-01
1.994546534927017500e-01
1.928026654028482945e-01
1.866056052181721547e-01
1.822021787757082123e-01
1.723602809451665330e-01
1.649619373124642241e-01
1.607652117013342874e-01
1.580504815878207570e-01
1.565250225382048832e-01
1.559181665538345030e-01
1.559893167355339560e-01
1.565323234440734179e-01
1.573767797274077118e-01
1.583869242682460765e-01
1.512741716801697667e-01
1.457017951942940481e-01
1.414836325899111458e-01
1.384203576626812371e-01
1.363147423123989288e-01
1.280093754421296470e-01
1.215888053503986210e-01
1.168142040046236119e-01
1.134343650889213517e-01
1.112022667194796366e-01
1.098863570922430366e-01
1.092776644124957564e-01
1.091936623983302823e-01
1.094796732515890270e-01
1.100084626055224390e-01
1.036748937368265899e-01
9.867553117758753878e-02
9.487115487981334638e-02
8.446990679477628383e-02
7.695769126520324299e-02
7.131192799792440695e-02
6.022839432967752593e-02
5.880003630837049577e-02
5.130201853730365080e-02
4.579866834215118310e-02
4.197940670655975204e-02
3.953736411301522757e-02
3.109668919285968336e-02
2.477797451592489431e-02
2.027311276508236837e-02
1.727045698434759302e-02
8.315478478748250524e-03
1.688466140012501171e-03
-2.995087963834519584e-03
-6.098427697950992155e-03
-1.498908619426608801e-02
-2.169256131332542026e-02
-2.650689975228548434e-02
-2.974093280451195476e-02
-3.169551949707782867e-02
-3.265016722327418464e-02
-3.285443001359689141e-02
-3.252332958827652831e-02
-3.183597775197988256e-02
-3.803424751842121587e-02
-4.283514590160164559e-02
-4.640822857457771455e-02
-4.893726798466246919e-02
-5.060583385806372014e-02
-5.158739263487910343e-02
-5.203905544493103719e-02
-5.917875276739970047e-02
-6.474091982152052616e-02
-6.891260208032479184e-02
-7.189734332495612001e-02
-7.389922886317878969e-02
-7.511190304352033387e-02
-8.276369536430405738e-02
-8.219627899128889581e-02
-8.127246659809594931e-02
-7.957258967715041820e-02
-8.501705696630601494e-02
-8.924782517266760529e-02
-9.947573011081356498e-02
-1.074774353685978845e-01
-1.135171685133342656e-01
-1.178806094957995931e-01
-1.278403025484289302e-01
-1.353795632405840887e-01
-1.408455008723441537e-01
-1.445863220431533591e-01
-1.469329355341246757e-01
-1.481873526127834850e-01
-1.486161688038882822e-01
-1.553754055289131575e-01
-1.604530712527330039e-01
-1.640957340259243669e-01
-1.734386650726877921e-01
-1.805484292128947121e-01
-1.857350986564838546e-01
-1.975132269217703129e-01
-2.065712204305474309e-01
-2.201230264557920702e-01
-2.303836854028571413e-01
-2.377992604372203278e-01
-2.428352229236647730e-01
-2.527890067414473307e-01
-2.599631893876890310e-01
-2.648289111299024778e-01
-2.678353872072505304e-01
-2.693922397893702136e-01
-2.698599067528586470e-01
-2.695458208759056173e-01
-2.687046013795404420e-01
-2.675409318263290981e-01
-2.729752047991660380e-01
-2.771151045226192267e-01
-2.801400103268212316e-01
-2.822324363534789438e-01
-2.835675261882002474e-01
-2.862759762308386691e-01
-2.949480736839646955e-01
-3.017518454698666641e-01
-3.068842643905609346e-01
-3.105736311754783152e-01
-3.130577766234008408e-01
-3.213048493799988137e-01
-3.275398703505636444e-01
-3.320484425472327583e-01
-3.351206843630132326e-01
-3.370338128658849630e-01
-3.380411956553044384e-01
-3.383662627278647417e-01
-3.381999672008633162e-01
-3.400479580059776463e-01
-3.412754760178360325e-01
-3.419994139309729952e-01
-3.490731554081540899e-01
-3.546247873675743012e-01
-3.588185705278024162e-01
-3.618428848256489694e-01
-3.731699126425196411e-01
-3.820729691057345168e-01
-3.887993580908721825e-01
-3.936416684670487331e-01
-3.969077616775935624e-01
-3.988987662711211968e-01
-4.065556156987601977e-01
-4.122191469790636997e-01
-4.162027852931158289e-01
-4.253622252200444098e-01
-4.386486124915958129e-01
-4.486922264522028581e-01
-4.559871572344653678e-01
-4.610123050666377065e-01
-4.642113163890457805e-01
-4.659817630879083961e-01
-4.666703373836913471e-01
-4.665719629324800444e-01
-4.659314683734026019e-01
-4.649469314958030175e-01
-4.637740774731504700e-01
-4.625312786790960473e-01
-4.644437574520952072e-01
-4.658772302924270026e-01
-4.668960973323068586e-01
-4.675683037992668378e-01
-4.679607280436293149e-01
-4.681357977756375188e-01
-4.778449618804045951e-01
-4.857255111543052895e-01
-4.918977671086099956e-01
-5.029089408262907845e-01
-5.113933573151274725e-01
-5.212663092389637765e-01
-5.349615541637684490e-01
-5.453540676646804197e-01
-5.528955986475911910e-01
-5.641769993340486344e-01
-5.723453047468676225e-01
-5.779381460417755134e-01
-5.874120565037930231e-01
-5.941140766964970732e-01
-6.025657746249463154e-01
-6.085475899865702143e-01
-6.166112085363233408e-01
-6.281993703594787037e-01
-6.410705461274396333e-01
-6.506972918117692739e-01
-6.575128788935072910e-01
-6.723015747693996680e-01
-6.833829704964208274e-01
-6.960033951313673306e-01
-7.051938921852657360e-01
-7.114560837453058895e-01
-7.259672823876580638e-01
-7.366842715631928273e-01
-7.441571518322765977e-01
-7.489560323336574843e-01
-7.516294606062783323e-01
-7.526778806062593974e-01
-7.632705447313935521e-01
-7.710757547811779578e-01
-7.819079705108914480e-01
-7.951069011628297822e-01
-8.049090046827058753e-01
-8.118267272149574110e-01
-8.215141530755564192e-01
-8.283007497512959727e-01
-8.327366054506674109e-01
-8.353205139957681213e-01
-8.364904207801648894e-01
-8.366205913030770880e-01
-8.360229561760331718e-01
-8.294928512609900384e-01
-8.237403618521393911e-01
-8.188231063271731447e-01
-8.147378668584958072e-01
-8.114402099828241788e-01
-8.088595876908408755e-01
-8.121885432814418548e-01
-8.098049761145587055e-01
-8.132437516540346190e-01
-8.108614157542053391e-01
-8.089455989340772479e-01
-8.074545105878254692e-01
-8.012556032128493877e-01
-7.962610404485132021e-01
-7.923777080016095598e-01
-7.894807363992195626e-01
-7.821633744184562920e-01
-7.712128688647581498e-01
-7.626979777098757962e-01
-7.563345915492942773e-01
-7.463339392534646954e-01
-7.387885666645039873e-01
-7.333724925424545127e-01
-7.240815053996212391e-01
-7.171920825448480086e-01
-7.123707882666492353e-01
-7.092661079035754712e-01
-6.966865841896696665e-01
-6.871385284037504482e-01
-6.850877404228642442e-01
-6.794488137463259303e-01
-6.696205133180370694e-01
-6.623460935564350338e-01
-6.572517619632581853e-01
-6.539553556685659963e-01
-6.582605650989654666e-01
-6.625020302122502924e-01
-6.603839533320128297e-01
-6.589983723502249591e-01
-6.581980298546626917e-01
-6.516692631545805137e-01
-6.465534269888115748e-01
-6.427059132574961531e-01
-6.352728040279456145e-01
-6.233161937028023347e-01
-6.140329931722008361e-01
-6.135375523135288001e-01
-6.074762167166491977e-01
-6.031428647112622166e-01
-6.002445525748650867e-01
-5.919864198148734324e-01
-5.923299590702578721e-01
-5.932648301078874420e-01
-5.945611124006073833e-01
-5.851341262369328389e-01
-5.886536724955203637e-01
-5.919913871047739473e-01
-5.841475971436225212e-01
-5.779472758886188277e-01
-5.732122118580764703e-01
-5.697420995908997199e-01
-5.673320725585999647e-01
-5.633589697205338975e-01
-5.604551650308455812e-01
-5.609844745138188316e-01
-5.618186688339403823e-01
-5.628182822265936913e-01
-5.638789085711803928e-01
-5.649256091564511806e-01
-5.701221842928951844e-01
-5.636045638371165456e-01
-5.582233255591297905e-01
-5.539211997868358495e-01
-5.506006080809044967e-01
-5.481409574478803837e-01
-5.464120801652923021e-01
-5.452841734411346675e-01
-5.405635921951341683e-01
-5.436868653032305154e-01
-5.464938581223446334e-01
-5.423612726881379409e-01
-5.390854798287185723e-01
-5.365737295002073193e-01
-5.347231493802930835e-01
-5.334287220882838465e-01
-5.325889846857152499e-01
-5.321099027130731240e-01
-5.319072854687540985e-01
-5.358438614897762520e-01
-5.392472498242839585e-01
-5.420936004472300951e-01
-5.443955080633819943e-01
-5.421171419106654010e-01
-5.401418529283157355e-01
-5.384810428033250940e-01
-5.304203570744574492e-01
-5.238464291157516328e-01
-5.254236509265579613e-01
-5.202604391580469834e-01
-5.162441869786922322e-01
-5.132410105489388918e-01
-5.111037007065579729e-01
-5.096835056748159065e-01
-5.088385158560984056e-01
-5.084391820992359978e-01
-5.015020204914075741e-01
-4.960168543067673408e-01
-4.918428258005238529e-01
-4.888101879978785647e-01
-4.760507955353225906e-01
-4.660725294293612819e-01
-4.585519614084359041e-01
-4.460369086668560801e-01
-4.365203891490090360e-01
-4.296040358637021050e-01
-4.144318459210265537e-01
-4.030149600842201085e-01
-3.917999724727547761e-01
-3.767022692072623524e-01
-3.656058103840447160e-01
-3.506073377951430814e-01
-3.396086625715108998e-01
-3.319672004216334127e-01
-3.270629118010435210e-01
-3.169692108013848486e-01
-3.074769441117752855e-01
-3.009421460238610457e-01
-2.967865261038533653e-01
-2.871483895629163285e-01
-2.802509655824283463e-01
-2.756229363562883172e-01
-2.654056709147927240e-01
-2.559738500178088128e-01
-2.492951905096272291e-01
-2.448602474583607691e-01
-2.422038918015647635e-01
-2.409151242854379316e-01
-2.315472278944752382e-01
-2.246412947826499362e-01
-2.125002464769785160e-01
-2.018685218247078250e-01
-1.941688624020978526e-01
-1.888674766035962627e-01
-1.854829966073292535e-01
-1.835921978495369533e-01
-1.828307937239512793e-01
-1.828914455450196819e-01
-1.835201731253772728e-01
-1.831903819239255604e-01
-1.833008679484966486e-01
-1.837073555511756773e-01
-1.842965016989761562e-01
-1.849813405656799414e-01
-1.856970640597597200e-01
-1.863972066073775746e-01
-1.870502416392372247e-01
-1.876365752318764901e-01
-1.881459173630821713e-01
-1.885750117636462164e-01
-1.819326857307868028e-01
-1.764755566536080345e-01
-1.709197957653791899e-01
-1.666472803858616292e-01
-1.565337722476232152e-01
-1.486378850217100478e-01
-1.426902992442353746e-01
-1.384041980336923050e-01
-1.285450672804384631e-01
-1.210569824262346383e-01
-1.148093968756642713e-01
-1.035741565972831957e-01
-9.517729920180539871e-02
-8.917474305209838192e-02
-7.827052313126214855e-02
-7.706760107465027154e-02
-7.752622469534720118e-02
-7.174255694192765986e-02
-6.760630658748234545e-02
-6.485154135106818707e-02
-6.321596151634212291e-02
-6.245390310310217075e-02
-6.278939135518246673e-02
-5.594369778868779619e-02
-5.107726126052924975e-02
-4.750291466362432935e-02
-4.503472660747220857e-02
-4.347905151916764410e-02
-3.536593339463700580e-02
-2.890866568346095455e-02
-2.436972069712051159e-02
-2.120363965006610840e-02
-1.189099630591727852e-02
-4.797126152749742189e-03
3.707967914887699834e-04
1.128603502770975098e-02
1.964737687834205992e-02
2.575410101026109899e-02
2.994308297630499105e-02
3.255868989847399142e-02
3.393055012499468504e-02
4.182374510815556334e-02
5.513163584476243884e-02
6.532722593552509061e-02
7.281301413580076876e-02
7.801680129535837338e-02
8.877565122489317062e-02
1.040803939078311924e-01
1.156087769784350794e-01
1.239115097913443542e-01
1.295409349602374416e-01
1.330199070609405787e-01
1.421307809971910086e-01
1.486290034416148931e-01
1.529739570436043916e-01
1.555961164813612907e-01
1.568836585618003099e-01
1.571755575624067536e-01
1.556199453544451217e-01
1.538250106843321863e-01
1.602444857798404065e-01
1.652024891300512000e-01
1.688803462044177195e-01
1.714709352546794907e-01
1.731657454314450284e-01
1.754224978257590273e-01
1.769164690269100504e-01
1.851228140791105758e-01
1.915423081360723145e-01
1.963623957271276588e-01
1.998031771631711973e-01
2.094379364766321139e-01
2.167897120305768421e-01
2.238230393000784080e-01
2.289572897584675193e-01
2.324758169476981440e-01
2.420712710135002332e-01
2.492667167885498358e-01
2.544023511899276002e-01
2.559014070419205478e-01
2.655939689124493519e-01
2.801083830519330853e-01
2.911750729372704072e-01
2.992744053947977712e-01
3.120154927899112529e-01
3.237553900327350132e-01
3.394389402940209965e-01
3.511447036173089842e-01
3.594582858589789875e-01
3.649682585690523506e-01
3.752312151876695534e-01
3.754812328324375059e-01
3.815019897794507120e-01
3.784944801614529286e-01
3.848922563103855943e-01
3.894674729468956542e-01
3.925157850450784469e-01
3.943281891101089176e-01
3.951766240463017166e-01
3.953045416582081639e-01
3.978891216924007601e-01
3.996202084389555154e-01
4.006530750162022869e-01
4.011370680719203996e-01
4.012086258043756626e-01
4.082020194446485117e-01
4.168307679056657555e-01
4.236025808073966559e-01
4.287016623098776069e-01
4.290429955953096730e-01
4.358977169579321131e-01
4.443080245679067453e-01
4.506635171346951019e-01
4.552512870933347333e-01
4.549195263616470086e-01
4.540374717589805709e-01
4.562218703644156381e-01
4.645754695450143856e-01
4.710165472565650546e-01
4.826506191990240779e-01
4.915592830000155011e-01
4.981215978804756084e-01
5.027198368129595085e-01
5.057185712427976210e-01
5.141050133721798421e-01
5.202586948842806702e-01
5.245530599780203751e-01
5.273396087730330972e-01
5.289373466303197713e-01
5.296273284426975536e-01
5.296506974543513380e-01
5.356918656875639950e-01
5.363913302422680385e-01
5.365217387002887417e-01
5.425488004882539350e-01
5.470922052742066555e-01
5.503904039816203131e-01
5.526661508114307786e-01
5.602095577194385889e-01
5.599044535689778890e-01
5.652379235414457526e-01
5.692003495500812527e-01
5.779588118996484836e-01
5.846318505852539094e-01
5.895259589385064558e-01
5.929398688458912270e-01
5.951530160511516732e-01
5.964186044792016972e-01
6.009204981583665672e-01
6.100077988070887747e-01
6.169950504979524464e-01
6.221491424517158197e-01
6.299188849923151867e-01
6.357203861200531048e-01
6.455599484248093489e-01
6.572791184840595102e-01
6.661642790673213410e-01
6.725775391959168958e-01
6.769105111262223584e-01
6.795531457935481967e-01
6.808717744636146874e-01
6.858075188137606748e-01
6.892252738684685465e-01
6.913879107741011110e-01
6.925509685933868287e-01
6.872146643306837888e-01
6.823178997321422967e-01
6.779952457614087935e-01
6.801694876324845263e-01
6.819195024124162785e-01
6.832817981572624211e-01
6.843029180016162449e-01
6.850334988890002252e-01
6.912458068217385287e-01
6.961637553267818745e-01
7.046787616477212524e-01
7.113801288695902336e-01
7.268880274242919270e-01
7.391254081105491647e-01
7.484296036391885343e-01
7.605654664384834396e-01
7.695117388001346814e-01
7.757876705574371368e-01
7.850617231212133618e-01
7.968735159956094050e-01
8.054965663971274115e-01
8.164647524049630789e-01
8.296096490309843308e-01
8.392532284996231384e-01
8.507482168782617427e-01
8.643651063247975719e-01
8.789194651618416065e-01
8.894479459897685070e-01
9.022621100700382035e-01
9.158165309229255868e-01
9.254621602497217214e-01
9.319097183633739956e-01
9.415484708728754093e-01
9.482129230918193707e-01
9.524449894136918227e-01
9.547512162141080783e-01
9.555876881792459976e-01
9.612536040357474443e-01
9.651446519643983590e-01
9.716869792951590146e-01
9.823051513250036226e-01
9.902759020649950505e-01
9.959722169009346260e-01
9.997777653106213469e-01
1.008222887667048262e+00
1.014405985845620251e+00
1.018669571917829142e+00
1.027668185095672371e+00
1.034328778391145454e+00
1.038983702534743703e+00
1.045724655494165489e+00
1.050411437984796859e+00
1.053432389313507134e+00
1.055143838516008348e+00
1.049497143934892796e+00
1.044342341374036920e+00
1.039796528442050061e+00
1.035908028074913556e+00
1.032676230198217304e+00
1.030067191658586179e+00
1.021883772818099390e+00
1.011581381150387537e+00
1.003392542240776120e+00
9.971121644624031388e-01
9.924973283221294462e-01
9.892905706167729463e-01
9.912114667615481434e-01
9.893585032155367553e-01
9.882450233147934693e-01
9.877077133499871930e-01
9.775222730832926477e-01
9.694405775600419828e-01
9.632631295136422356e-01
9.587472067181628255e-01
9.513800618533887477e-01
9.398860493570114771e-01
9.311182276772581590e-01
9.247219052235813308e-01
9.158211445665798145e-01
9.080075730152215030e-01
8.979728176029156961e-01
8.906429256995143096e-01
8.798873977969471349e-01
8.720926296300018921e-01
8.667492227301547558e-01
8.586108243772435644e-01
8.528420288243951930e-01
8.490389011965440158e-01
8.468138857105281803e-01
8.458112698479179903e-01
8.401995626208835777e-01
8.313106826519912618e-01
8.192403826127877542e-01
8.101396200117850777e-01
8.035713931068931837e-01
7.991006687477359982e-01
7.911806543358499422e-01
7.906544314750534319e-01
7.910563794622998968e-01
7.869020078378198280e-01
7.841063302352454523e-01
7.823891665219459002e-01
7.815037804449571635e-01
7.812385208930106018e-01
7.763946728598527525e-01
7.728073201820361282e-01
7.702682633562757397e-01
7.634885734688642289e-01
7.582862688264019324e-01
7.544589340660282639e-01
7.465591196752193737e-01
7.405001340321863967e-01
7.360633473694468965e-01
7.330066804553382331e-01
7.262441538902063565e-01
7.158406005072602829e-01
7.032005731948237637e-01
6.880867076484264988e-01
6.765695066193531115e-01
6.681738330195511333e-01
6.623997699632806491e-01
6.587584031497712989e-01
6.567954164248029914e-01
6.561051928231197428e-01
6.563377697651594511e-01
6.527894511595117022e-01
6.447211977469552435e-01
6.386578416722706875e-01
6.386092414934682049e-01
6.392014543347026567e-01
6.402151258534322098e-01
6.414720273701531861e-01
6.428330258911554296e-01
6.441944724690443769e-01
6.454835811444105120e-01
6.466533418264369670e-01
6.432461501926795000e-01
6.405217704159600345e-01
6.325381026899306036e-01
6.218832918067608295e-01
6.135413829323774770e-01
6.072277403303922849e-01
5.985877298313831973e-01
5.922047925834414972e-01
5.876939537314715967e-01
5.846997426920983454e-01
5.829038785861507810e-01
5.820283095837599507e-01
5.759587603640152764e-01
5.714191025817888514e-01
5.644053545282259332e-01
5.532443473447310467e-01
5.446666260202093213e-01
5.383420036619130933e-01
5.339221442224111325e-01
5.214178903036783552e-01
5.119503376759335644e-01
5.085092779239916982e-01
5.065832955016826844e-01
4.961664912225456359e-01
4.883716272973466221e-01
4.828180126920311732e-01
4.791200313928725141e-01
4.769100102851411283e-01
4.695122818400563336e-01
4.641018181687099897e-01
4.603718156334422051e-01
4.515600853837171691e-01
4.449655555928728745e-01
4.372152839883023390e-01
4.316729244834578427e-01
4.214220079977066824e-01
4.138046148267999769e-01
4.018224920583925996e-01
3.901026364507171884e-01
3.815592203199704713e-01
3.756547650622779067e-01
3.652544192756939090e-01
3.577233654169935662e-01
3.525859813395773035e-01
3.493860087426416960e-01
3.477043242035720017e-01
3.447606022355209632e-01
3.454887805499566866e-01
3.443506713363606586e-01
3.439554932164723411e-01
3.440919409699958464e-01
3.422425803480793061e-01
3.410656222815551253e-01
3.339279847911202914e-01
3.306144746873704854e-01
3.282520605497936117e-01
3.266821286896313126e-01
3.235315942788197230e-01
3.147223069400513218e-01
3.099821467091687932e-01
3.044301594467526684e-01
3.003897775549488891e-01
2.976115354179815764e-01
2.958559048624667120e-01
2.949029863789642825e-01
2.879051421614531314e-01
2.825492910070979136e-01
2.786231364101410257e-01
2.759026136522473305e-01
2.741672656476086267e-01
2.732108821476446625e-01
2.709784589571377911e-01
2.646813019700759995e-01
2.598534702146177988e-01
2.563110436148738902e-01
2.538566325388604827e-01
2.522937194640411107e-01
2.514369301675365431e-01
2.511187450624843276e-01
2.511932579389266618e-01
2.515376134329925240e-01
2.520517237751220829e-01
2.526567985414351902e-01
2.532931351566249933e-01
2.539175262633486252e-01
2.459640557427329455e-01
2.395738512843965662e-01
2.413399619604190693e-01
2.363554615674423598e-01
2.325086918159722238e-01
2.363565693129010548e-01
2.331075065574961247e-01
2.306279381760063529e-01
2.205893585820288827e-01
2.126829774942942120e-01
2.066574528488156481e-01
2.036159356120819108e-01
2.016402349034638330e-01
1.937643347756652368e-01
1.877328590294360389e-01
1.833187299059952924e-01
1.790360082177104850e-01
1.761348348902160854e-01
1.675711887515125564e-01
1.622277157210114673e-01
1.584359961661152560e-01
1.559383556128846049e-01
1.544834350588673022e-01
1.469164307697357064e-01
1.411868312362776212e-01
1.300784520556039769e-01
1.137469836626165964e-01
1.012326210926011161e-01
8.508337564437473688e-02
6.605698574938356771e-02
5.175232965470399904e-02
3.455167830981031862e-02
2.195606879469869099e-02
1.321929377104691383e-02
7.070806930251638533e-04
-8.063453816606891422e-03
-1.377114200440865410e-02
-1.704787934223372936e-02
-2.537331055345792841e-02
-3.106365221798279563e-02
-3.461981942644865029e-02
-4.341486901437852097e-02
-4.277027280860257186e-02
-4.821082265360110419e-02
-5.188915597240884026e-02
-5.414672779397711189e-02
-5.568121185291885489e-02
-5.632102950103523575e-02
-6.287941712013789264e-02
-7.521774860715568778e-02
-8.483868772053138052e-02
-9.203806010922566117e-02
-9.715617490871664153e-02
-1.075788305037923553e-01
-1.153245547029857487e-01
-1.269095958074402120e-01
-1.363217963823590839e-01
-1.489538922937980736e-01
-1.581568335526883917e-01
-1.645327514629333354e-01
-1.686369554730826614e-01
-1.709643074707107857e-01
-1.731198636311499506e-01
-1.740862227122135231e-01
-1.741635083840522569e-01
-1.804494304713535335e-01
-1.850933488509740599e-01
-1.883430820213374268e-01
-1.904464703772861256e-01
-1.916380246333251325e-01
-1.989709994349138089e-01
-2.045292402286942313e-01
-2.100107282562635458e-01
-2.140003478663892178e-01
-2.167247196773012252e-01
-2.253228175553176893e-01
-2.318477414581336937e-01
-2.365763485695586699e-01
-2.398000441013881101e-01
-2.504263551149747968e-01
-2.567757000827777247e-01
-2.680538156963978569e-01
-2.764741946050552901e-01
-2.824805277247732782e-01
-2.932098856000306952e-01
-3.031592729454610780e-01
-3.104237283765889366e-01
-3.132528611142251229e-01
-3.167779293844337207e-01
-3.255017132581281558e-01
-3.318665265471492098e-01
-3.362516868282003912e-01
-3.390261189121488439e-01
-3.405319142603879801e-01
-3.500961216511842000e-01
-3.507102223980498312e-01
-3.572021662514925922e-01
-3.619304574917279194e-01
-3.651721476107485653e-01
-3.697872452408279553e-01
-3.730169376854644003e-01
-3.818452662003601894e-01
-3.845110966085769633e-01
-3.929029122875107305e-01
-3.992175685698924337e-01
-4.037261280472503877e-01
-4.165341576383412292e-01
-4.264108250937534983e-01
-4.336866401755556932e-01
-4.455363111024088774e-01
-4.643275480868465088e-01
-4.752646648928640083e-01
-4.863572299218896777e-01
-4.941975478114868370e-01
-4.993504912156536690e-01
-5.089023793228111270e-01
-5.192556803154082523e-01
-5.228964999233989275e-01
-5.284747396976672285e-01
-5.320396659909636394e-01
-5.404665774420434055e-01
-5.464632177403478952e-01
-5.504566246382951444e-01
-5.528490884636048097e-01
-5.540039710391004846e-01
-5.542383917499988932e-01
-5.601491335060944099e-01
-5.706764931311389955e-01
-5.786303547069899800e-01
-5.904768867633111151e-01
-5.993150783065571696e-01
-6.115304694604587477e-01
-6.205155897824001787e-01
-6.268365931797179602e-01
-6.252907855249431046e-01
-6.231028877685779177e-01
-6.205781961916232436e-01
-6.179478186904332482e-01
-6.153795769884299327e-01
-6.129883570246481561e-01
-6.166757507599816002e-01
-6.195750657116047000e-01
-6.217768341800649079e-01
-6.233798323149211118e-01
-6.244834397291328942e-01
-6.251824023959453580e-01
-6.255634586980013401e-01
-6.298690266509087143e-01
-6.290684758706236446e-01
-6.282010664431791902e-01
-6.257379072965275624e-01
-6.193825995608396306e-01
-6.199814310049939214e-01
-6.205664113609032917e-01
-6.211106877521614944e-01
-6.215979678047685031e-01
-6.220200426941716598e-01
-6.223746761884911827e-01
-6.226638559171370213e-01
-6.228923804298849287e-01
-6.230667453652940502e-01
-6.231942888396874158e-01
-6.232825567035953362e-01
-6.233388506998336354e-01
-6.233699257795158877e-01
-6.233818063781696450e-01
-6.233796950790397862e-01
-6.233679506748805998e-01
-6.192399219977632319e-01
-6.142057925190014256e-01
-6.060832043147560411e-01
-5.996354418379850060e-01
-5.888248579207369104e-01
-5.803384342129718210e-01
-5.739296926725084846e-01
-5.693147220334926484e-01
-5.623966072797621507e-01
-5.574348334567085228e-01
-5.480766650225961101e-01
-5.447443019788000829e-01
-5.390711849852451998e-01
-5.351282505812380297e-01
-5.325961241928227619e-01
-5.311782681890682145e-01
-5.244762274623500087e-01
-5.194877328309552844e-01
-5.159648497799411704e-01
-5.074007209884185965e-01
-5.008970056398427406e-01
-4.927697230833736342e-01
-4.868372285895341545e-01
-4.827361764658675281e-01
-4.737720572159465071e-01
-4.671133159535902912e-01
-4.624154313501789293e-01
-4.528857947280024998e-01
-4.522692168184787587e-01
-4.429909890102010639e-01
-4.361336421077781633e-01
-4.313097778336660859e-01
-4.281454111310161181e-01
-4.262958766864213267e-01
-4.254546501207774334e-01
-4.188795397068447723e-01
-4.139901545596342824e-01
-4.077077665324988498e-01
-3.966626713159491224e-01
-3.855867275835169750e-01
-3.799580123082659799e-01
-3.736045268395875585e-01
-3.627452050650610271e-01
-3.546815012688433466e-01
-3.424184510900278866e-01
-3.332549698834086360e-01
-3.200952715963907291e-01
-3.102856101766013897e-01
-2.945511433174681226e-01
-2.828705125802928322e-01
-2.746138433804110601e-01
-2.624195015328927294e-01
-2.536739321392362800e-01
-2.409907752883877485e-01
-2.318237379614096483e-01
-2.256007226773950602e-01
-2.217645559188436977e-01
-2.197986214581342246e-01
-2.192424140431061819e-01
-2.196993252328538482e-01
-2.139324775890678598e-01
-2.113159987950314900e-01
-2.097922174955459962e-01
-2.076362347395963592e-01
-2.063999991823082247e-01
-1.988562181517370409e-01
-1.931147794857610567e-01
-1.818942750270224895e-01
-1.720259976055467099e-01
-1.647331455542377920e-01
-1.526233871302928868e-01
-1.365884561949568532e-01
-1.244135383456241861e-01
-1.155537479999200201e-01
-1.024689117648502901e-01
-9.289315180353141521e-02
-7.924906967886657938e-02
-6.927262367038289348e-02
-6.194306741806543393e-02
-5.766760082626087858e-02
-4.833017474210388187e-02
-4.174392062972853701e-02
-3.742944977088713543e-02
-3.493114768211991183e-02
-2.676267818996702630e-02
-2.091068419257191557e-02
-9.898142988895797245e-03
-1.725971101587564505e-03
4.032120507585279512e-03
1.489929850194826599e-02
2.288476559440466573e-02
2.844084988963513361e-02
3.201199072290816794e-02
4.110258159244928322e-02
4.769372324826082199e-02
5.219822525557504811e-02
5.501356371469667828e-02
5.650524720155503111e-02
5.699721434851889867e-02
6.383900973091449771e-02
6.889309491023176690e-02
7.949322108192435898e-02
8.755510931404897335e-02
9.342835354508771672e-02
1.044949022066081756e-01
1.197770050513990991e-01
1.244019564215130824e-01
1.341370493041411649e-01
1.411406150513938584e-01
1.458802957745743978e-01
1.487985968931724301e-01
1.572265888930601818e-01
1.633085113117551668e-01
1.743329175790084840e-01
1.825036510191671013e-01
1.882674675428321898e-01
1.920590841545459782e-01
1.956356011253996829e-01
2.046849971728499362e-01
2.113875804654079538e-01
2.229898901567866076e-01
2.316739280462101203e-01
2.378603357677109287e-01
2.505873327603949097e-01
2.601690690607783019e-01
2.670240583622698338e-01
2.715969224570060625e-01
2.743254079468280260e-01
2.756174693723425495e-01
2.758369939891638367e-01
2.752964967518645167e-01
2.762215382806747499e-01
2.764967203076720281e-01
2.833379897786552082e-01
2.906893673130068745e-01
3.034284180420869781e-01
3.133807382784599138e-01
3.232026838632595656e-01
3.376694487911346965e-01
3.486839725659713896e-01
3.566738382996048617e-01
3.691841552640822144e-01
3.782841967532113436e-01
3.845323744257251875e-01
3.954102540651360798e-01
4.031493339217697702e-01
4.083181805999174241e-01
4.114426017982344419e-01
4.129907654109561399e-01
4.171335022020179473e-01
4.226823657101062004e-01
4.300867997279880228e-01
4.383790941483844961e-01
4.444162335356729443e-01
4.485785973586553510e-01
4.576857715155357997e-01
4.643838215521987056e-01
4.723236522963514261e-01
4.811557703168682920e-01
4.908665357655204176e-01
5.042818808803357644e-01
5.143161110738749819e-01
5.276595060551532157e-01
5.374341184719704234e-01
5.442380243922542160e-01
5.523463113923967605e-01
5.639706525262202508e-01
5.724025860237563768e-01
5.781697101430763874e-01
5.817784760727952031e-01
5.836942249487334644e-01
5.843296151708500252e-01
5.879925522423504747e-01
5.863425008927477533e-01
5.843524892642777413e-01
5.822317422287413002e-01
5.801323818818178157e-01
5.880712301413043575e-01
5.944052836853073174e-01
5.992831631748981591e-01
6.028863144660216999e-01
6.054093915200027265e-01
6.070457810046692160e-01
6.121094340267851930e-01
6.159189743082060797e-01
6.186404073194808895e-01
6.204503863100012673e-01
6.215234108711136241e-01
6.220226096021881368e-01
6.237670038195335387e-01
6.291321969468575137e-01
6.332278132999855647e-01
6.319498702164781934e-01
6.305588672763270397e-01
6.291636833211899926e-01
6.278385497021703454e-01
6.266306701369065424e-01
6.255665673579635655e-01
6.246573009286021660e-01
6.239027173077924537e-01
6.232948801646548409e-01
6.228208071103176202e-01
6.224646180466076872e-01
6.181141451926900343e-01
6.146292435850938540e-01
6.061907157745640706e-01
5.994540283021554394e-01
5.942565507829435933e-01
5.904051973408633858e-01
5.876951897460334084e-01
5.859239489320321459e-01
5.849008340029742126e-01
5.844534357336806929e-01
5.844310952766919032e-01
5.847062655821908539e-01
5.813047983987109646e-01
5.787464453663228037e-01
5.710561166210008643e-01
5.650116242302523073e-01
5.604304355496410039e-01
5.571092207703640664e-01
5.548405279637966814e-01
5.534246869160237559e-01
5.467064873575842032e-01
