2.937948135917374248e-01
2.927506115519948882e-01
2.920436335044456211e-01
2.952497577567452236e-01
2.980549598918489362e-01
3.004281149381027305e-01
3.023688776427295721e-01
3.038999669624038447e-01
3.050598273145246342e-01
3.058961275000537938e-01
3.025453171714367340e-01
3.035905655465740427e-01
3.005583745392335082e-01
3.018849453277869799e-01
3.030054550855012518e-01
3.039220411480070272e-01
3.046469704470944340e-01
3.051991020742130800e-01
3.056009563130444029e-01
3.019756889011577794e-01
3.028508676936370048e-01
3.036027094409201599e-01
3.042285737327263817e-01
3.047332118049921323e-01
3.051263708102809336e-01
3.054208085048633059e-01
3.017360326016997885e-01
3.025780385877314682e-01
3.033207599958214207e-01
3.039549658648059705e-01
3.044798113890587743e-01
3.049004527483434313e-01
3.052260194939730997e-01
3.054679550097842977e-01
3.017438342973475240e-01
2.987391109833312797e-01
2.963798178098437930e-01
2.982994503795923791e-01
3.000256143654296270e-01
2.977311309588095423e-01
2.996548865879580248e-01
3.013145886179977584e-01
3.027007663659806447e-01
3.038209388646813114e-01
3.008228356188746844e-01
2.983546406341808233e-01
3.001388454026783226e-01
2.978761937813529936e-01
2.998176424604648282e-01
3.014815791844034365e-01
3.028620972759579200e-01
3.001158316958807415e-01
3.016533632694049505e-01
2.991065208815635312e-01
3.008131705592580474e-01
2.984463728610957656e-01
3.002980903158589676e-01
2.980704311506194859e-01
3.000302688763318848e-01
3.016963583707348295e-01
2.992352690027804130e-01
3.009973592106653939e-01
3.024727200299741625e-01
3.036679264891293251e-01
3.007330408939477007e-01
3.021212143881177870e-01
3.032730174534816747e-01
3.041976838138407135e-01
3.049138157345419042e-01
3.015555636875493217e-01
3.026268658157069691e-01
3.035285097407551813e-01
3.004023759570544350e-01
3.016691359901859659e-01
3.027585615463210811e-01
3.036661168650225395e-01
3.043981167111675656e-01
3.010898738901366389e-01
3.022100690020144143e-01
3.031678974264075954e-01
3.039613545950219375e-01
3.045976545983055672e-01
3.050902052751069959e-01
3.054560876697725025e-01
3.057140494572805345e-01
3.058829879484987746e-01
3.020775889812947756e-01
3.028264541051439718e-01
3.034907689408452569e-01
3.002048110365149736e-01
3.013678422179819627e-01
3.023995972060342652e-01
3.032851997782064490e-01
3.040216961686039721e-01
3.007450445769892511e-01
2.980941673849106799e-01
2.960080842006262980e-01
2.981288386947398283e-01
2.962495315475317526e-01
2.985071821755072019e-01
3.004641594235473168e-01
2.982972392986542598e-01
3.002923690126608758e-01
3.019700923250654423e-01
3.033349941266487715e-01
3.044069286972690414e-01
3.052157312591332605e-01
3.057967355753608008e-01
3.061871964502973498e-01
3.064236175923802374e-01
3.065399101082812994e-01
3.065662605695489429e-01
3.026118141988241028e-01
2.994059226496856851e-01
2.968754155732951094e-01
2.986613790608920738e-01
2.965096972463368008e-01
2.985697105307516530e-01
2.966154463505630279e-01
2.988097790213100069e-01
3.007059779701326541e-01
3.022918354242549732e-01
3.035747855564567832e-01
3.045762199886210553e-01
3.053264468135103993e-01
3.019601420841440120e-01
3.030132148399835579e-01
3.038818474059372665e-01
3.045751581050373247e-01
3.051088824273175959e-01
3.055026074112463519e-01
3.018792845956412840e-01
2.989343605677274862e-01
2.966047264016833385e-01
2.985381826085193868e-01
3.002620205275436938e-01
2.979483022427535932e-01
2.998520838170699587e-01
3.014874104926008602e-01
3.028473166973704167e-01
3.039412484818215798e-01
3.009159870974784656e-01
2.984244411073018188e-01
2.964281840502007714e-01
2.985988886544015397e-01
3.004889923288527331e-01
3.020817298447280308e-01
2.995408962394621177e-01
3.012383114176837573e-01
3.026552269105040605e-01
3.037995277825262797e-01
3.008196446081974340e-01
3.021741067542689230e-01
3.032993056190225190e-01
3.042038292172508651e-01
3.049054687898795635e-01
3.015379314648269915e-01
2.987827370658469039e-01
3.003552215720737273e-01
3.017290973558361955e-01
3.028911669788576511e-01
3.038430448914184456e-01
3.045969543284692271e-01
3.012886336347730953e-01
3.024025631274940284e-01
3.033459548666144201e-01
3.041199381379675604e-01
3.047342328199404982e-01
3.052041635624687110e-01
3.055482002811991116e-01
3.057860263566030135e-01
3.059371020546333142e-01
3.060196667332244491e-01
3.021451244909769684e-01
3.028446734917540351e-01
3.034734026549874564e-01
3.040196192078741255e-01
3.044793924899724669e-01
3.009788474611196918e-01
3.019706208930201807e-01
3.028503409037788252e-01
2.997603018591092905e-01
3.010717889936356251e-01
3.022237729809458262e-01
3.032033209630182746e-01
3.001552291443760900e-01
3.014833718202067914e-01
3.026258325067887611e-01
3.035777206090737312e-01
3.004823606757962562e-01
2.979674463187984568e-01
2.997310964934727373e-01
3.012729015286677026e-01
3.025775889011856901e-01
3.036465639301859643e-01
3.044932519032095275e-01
3.051389979185354928e-01
3.017154645569903870e-01
3.027369769640602115e-01
3.035977859826435310e-01
3.043004867271559277e-01
3.048552485046487348e-01
3.052770841726231144e-01
3.055836231013742132e-01
3.057933795084772921e-01
3.059244788246542335e-01
3.020901837593756856e-01
3.028189261956300005e-01
3.034694980463450431e-01
3.040312419769128915e-01
3.045012864143434861e-01
3.048824276364230368e-01
3.051813189121284076e-01
3.054069764109730301e-01
3.016764108463283467e-01
3.024889876291576574e-01
3.032156476835006220e-01
3.038440646503854925e-01
3.043706628858575680e-01
3.047982681263581295e-01
3.051340878774948528e-01
3.053880368162131820e-01
3.055714021861850593e-01
3.056958268582063987e-01
3.057725753336055785e-01
3.058120408785602873e-01
3.058234496122145263e-01
3.058147186734407885e-01
3.018937750123815711e-01
3.025695708974402987e-01
3.031959423049874758e-01
3.037549977929174805e-01
3.003770819672644254e-01
2.976784729683743524e-01
2.993237708538489805e-01
3.008023465094096238e-01
3.020865568280892699e-01
3.031666355922433276e-01
3.040462853234353613e-01
3.008658988646419896e-01
3.020809223941727240e-01
3.031124081382585711e-01
3.039606446470357604e-01
3.046354800253563422e-01
3.051530664238284452e-01
3.016408702871711256e-01
3.026039626413585815e-01
3.034305507733250362e-01
3.041179457634348715e-01
3.046715551417686907e-01
3.012205391550839551e-01
3.022387104893464738e-01
3.031231079301774933e-01
3.000157306009825220e-01
3.013073859628698781e-01
3.024331570801856994e-01
3.033833098778184745e-01
3.003014437108668666e-01
3.016017993823649768e-01
2.988949886612086715e-01
2.967278950065137533e-01
2.950427130758812577e-01
2.937754545113877569e-01
2.928613054295123863e-01
2.922380806150219890e-01
2.918483640668456669e-01
2.796036317279007033e-01
2.817429241428859310e-01
2.838254639550370495e-01
2.857597758314607272e-01
2.874898327553350175e-01
2.889871422706584703e-01
2.902438846085133584e-01
2.912670925797491428e-01
2.800031117921333301e-01
2.828290416545713448e-01
2.853352321605306940e-01
2.874865321953090636e-01
2.892773056974005108e-01
2.907227024904546209e-01
2.797552503268183610e-01
2.828263359539100463e-01
2.855021318138042385e-01
2.877616280513177749e-01
2.932538878597776844e-01
2.940635063041654451e-01
2.823860145776839747e-01
2.849132631800250781e-01
2.870959404348296662e-01
2.889244914573496636e-01
2.904112358186308196e-01
2.915827547509823869e-01
2.924739948900343389e-01
2.931238294448259563e-01
2.935718247325433961e-01
2.938559835207552595e-01
2.940112655798448049e-01
2.940687147905818311e-01
2.940550488003221830e-01
2.819197386146783391e-01
2.840395027517186310e-01
2.859900060002098510e-01
2.755991911026545171e-01
2.793145052490169089e-01
2.704649258735560835e-01
2.755611828181587786e-01
2.678484377020358131e-01
2.616729530962123018e-01
2.569003044822202320e-01
2.533612232125246333e-01
2.508712054526813784e-01
2.492451600220730867e-01
2.483076873156004893e-01
2.478996974652900587e-01
2.478820972593260841e-01
2.481372344799295249e-01
2.485687113736589904e-01
2.491000851327038745e-01
2.496728757580033431e-01
2.502442089848764262e-01
2.507843390138519979e-01
2.512742249622359481e-01
2.517032768137805743e-01
2.520673406259894556e-01
2.523669576277915994e-01
2.526059060668641720e-01
2.527900166393453052e-01
2.529262405259624646e-01
2.530219420956167919e-01
2.530843850373170056e-01
2.531203800548591509e-01
2.531360634981729696e-01
2.531367787659788426e-01
2.531270354928099042e-01
2.499631298773854482e-01
2.505127925555987733e-01
2.479267007058603145e-01
2.489364674492269280e-01
2.467836476802878209e-01
2.450989310544948729e-01
2.468199652980345160e-01
2.453163234276787286e-01
2.471573844979424450e-01
2.487571821504011016e-01
2.501024712007253736e-01
2.480936042830521604e-01
2.464354533036650086e-01
2.451048015878323216e-01
2.470736331986300716e-01
2.487691350439333871e-01
2.501819823595583525e-01
2.482138245412039979e-01
2.465767264828193639e-01
2.482866383748878469e-01
2.466662996922777129e-01
2.483851107531709346e-01
2.467636808254625169e-01
2.454403627038008739e-01
2.474040852996377549e-01
2.490789777922508552e-01
2.504610736510519686e-01
2.515629366141129974e-01
2.492759709973695337e-01
2.504510970307032292e-01
2.514067662114696233e-01
2.521573444817548637e-01
2.527239843257529373e-01
2.531315199292207829e-01
2.657058617136656142e-01
2.603607476676284005e-01
2.589622591990472511e-01
2.576674929018030191e-01
2.654143432697082527e-01
2.596209726198193124e-01
2.547512253754684597e-01
2.538445683108858653e-01
2.531576654332439169e-01
2.526623542522625776e-01
2.523286192764881974e-01
2.490066426027082169e-01
2.494666345675951025e-01
2.499718168565510101e-01
2.504822196147513669e-01
2.478542847181230968e-01
2.488536877340967735e-01
2.497690502395288892e-01
2.505770589707123630e-01
2.481478239193579682e-01
2.492733125212647227e-01
2.502546314615288203e-01
2.510830109379333930e-01
2.517603208559135997e-01
2.522959156234052536e-01
2.527039474147541043e-01
2.530011785934151991e-01
2.532052848092558595e-01
2.533336099555372201e-01
2.534023147155870515e-01
2.534258511918363599e-01
2.534166950253371464e-01
2.533852709828228189e-01
2.533400158835714677e-01
2.532875320989544932e-01
2.532327943646668356e-01
2.531793814725180614e-01
2.531297121159641339e-01
2.530852705866031283e-01
2.530468131676790744e-01
2.530145500544473958e-01
2.529883006054474137e-01
2.529676218612655347e-01
2.529519117195166977e-01
2.529404890715765131e-01
2.529326537131153518e-01
2.529277290415035129e-01
2.529250905348312539e-01
2.529241828388730795e-01
2.529245280247018890e-01
2.529257272633862463e-01
2.529274578272795448e-01
2.529294669933912498e-01
2.529315641092984013e-01
2.529336117965805819e-01
2.529355170166198707e-01
2.529372225111834460e-01
2.529386989551254405e-01
2.529399380187833390e-01
2.529409464297365240e-01
2.529417410437506675e-01
2.529423448784782202e-01
2.529427840268290151e-01
2.529430853456984263e-01
2.529432748065176817e-01
2.529433763936344004e-01
2.529434114422384194e-01
2.529433983172457712e-01
2.529433523464934552e-01
2.529432859345219775e-01
2.529432087960621356e-01
2.529431282605387743e-01
2.529430496099493997e-01
2.529429764221375887e-01
2.529429108997109932e-01
2.529428541716087775e-01
2.529428065597107977e-01
2.529427678070341745e-01
2.529427372671579910e-01
2.529427140566460341e-01
2.529426971736734586e-01
2.529426855868579516e-01
2.529426782986698985e-01
2.529426743877876138e-01
2.529426730345634144e-01
2.529426735333883958e-01
2.529426752952850244e-01
2.529426778435528433e-01
2.529426808048147457e-01
2.497971943347927493e-01
2.351802646073817282e-01
2.234450827686358387e-01
2.142969006286992162e-01
2.074022502463224171e-01
2.024187631369172014e-01
1.990148261308557487e-01
1.968820677048739309e-01
1.957427833814180396e-01
1.953537528530524536e-01
1.955074552472362281e-01
1.960314029830945159e-01
1.967861368451826465e-01
1.976623122021576862e-01
2.010345082441207243e-01
2.040038425399408606e-01
2.039556251755241245e-01
2.038948133925717610e-01
2.038285937555941452e-01
2.063071040275932244e-01
2.057687174054241286e-01
2.052728775144627704e-01
2.048327605814805885e-01
2.044543844263446708e-01
2.066772874617046618e-01
2.085291099777111246e-01
2.074004313855040138e-01
2.090043844598046263e-01
2.102922208419599759e-01
2.112875234948818903e-01
2.093552931594706568e-01
2.103407130308210249e-01
2.111190548689463320e-01
2.090490521125032419e-01
2.099500169672641192e-01
2.106890261319294133e-01
2.112750335503625898e-01
2.117225240902447236e-01
2.120491440910374781e-01
2.095971867557844259e-01
2.075939313481862669e-01
1.937437072230832058e-01
1.948158955348553434e-01
1.960108617017057853e-01
1.972279820848776843e-01
1.983973561655945073e-01
1.994732942612216231e-01
2.004288802056890528e-01
1.891971943919152910e-01
1.799953760564432237e-01
1.848306312231191573e-01
1.891747169036597231e-01
1.808351331329687284e-01
1.740882712007578714e-01
1.688111173463839876e-01
1.648400034020405247e-01
1.619912079703365038e-01
1.600766686902881375e-01
1.589153205389595147e-01
1.583406943136529410e-01
1.582054501939600399e-01
1.583835048705248827e-01
1.587703564310189996e-01
1.592821347903849993e-01
1.598538191553273702e-01
1.604369768153306453e-01
1.609972956387140108e-01
1.615121098324956428e-01
1.619680566975136848e-01
1.623589517364143475e-01
1.626839300261351262e-01
1.629458721250041098e-01
1.631501115330857843e-01
1.633034063757381471e-01
1.634131491147734483e-01
1.634867834355127059e-01
1.635313959178952281e-01
1.635534507680449501e-01
1.635586380315428023e-01
1.635518087558354150e-01
1.635369740774792469e-01
1.635173488545944576e-01
1.634954240146071491e-01
1.634730550866356769e-01
1.634515573414427880e-01
1.634318005211603531e-01
1.634142982921389375e-01
1.633992893087330422e-01
1.633868081618921053e-01
1.633767455430781279e-01
1.633688977255565167e-01
1.633630059972279724e-01
1.633587870165433831e-01
1.633559552468004661e-01
1.633542386912083533e-01
1.633533891333389665e-01
1.633531880116794177e-01
1.633534489445331861e-01
1.633540177896151135e-01
1.633547709841520756e-01
1.633556127754764997e-01
1.633564718253306403e-01
1.633572975573811537e-01
1.633580565187042755e-01
1.633587289430136202e-01
1.633593056357338646e-01
1.633597852474943934e-01
1.633601719619475201e-01
1.633604735940514807e-01
1.633607000744636828e-01
1.633608622827358303e-01
1.633609711849108859e-01
1.633610372285563272e-01
1.633610699489498330e-01
1.633610777430429817e-01
1.633610677721739624e-01
1.633610459595344899e-01
1.633610170537473927e-01
1.633609847351098487e-01
1.633609517459415628e-01
1.633609200308281384e-01
1.633608908763535261e-01
1.633608650431075393e-01
1.633608428853456918e-01
1.633608244557440692e-01
1.633608095942338245e-01
1.633607980010833849e-01
1.633607892951467466e-01
1.633607830587053833e-01
1.633607788706292752e-01
1.633607763296307525e-01
1.633607750694192617e-01
1.633607747673908595e-01
1.633607751483867609e-01
1.633607759847992558e-01
1.633607770941329917e-01
1.633607783349331211e-01
1.633607796017824132e-01
1.633607808199131206e-01
1.633607819398437133e-01
1.633607829323080463e-01
1.633607837836577037e-01
1.633607844918349983e-01
1.633607850629661407e-01
1.633607855085457139e-01
1.633607858432026827e-01
1.633607860829753289e-01
1.633607862440373815e-01
1.755995333298245864e-01
1.733652972182613272e-01
1.712814122561752139e-01
1.694120692596721156e-01
1.677907621113694514e-01
1.664277840053758339e-01
1.653166893057138598e-01
1.644396929499443161e-01
1.637720412561125549e-01
1.632854315590011041e-01
1.629505854148756150e-01
1.627390939587090024e-01
1.626246573577210253e-01
1.625838360234541646e-01
1.625964218265634198e-01
1.626455250817309128e-01
1.627174591672850834e-01
1.628014905317718419e-01
1.628895083696990653e-01
1.629756559697628227e-01
1.630559549600045788e-01
1.631279445222189040e-01
1.631903501181963811e-01
1.632427902697839439e-01
1.632855253150511388e-01
1.633192486466259474e-01
1.633449185382211954e-01
1.633636270976139837e-01
1.633765019772353000e-01
1.633846360733379743e-01
1.633890404179203504e-01
1.633906157017681604e-01
1.633901382704923133e-01
1.633882569354845327e-01
1.633854974826336459e-01
1.633822723025426527e-01
1.633788930784134674e-01
1.633755849333811128e-01
1.633725008475197527e-01
1.756084450813850673e-01
1.733718265763615207e-01
1.712859368238381919e-01
1.694149578855415061e-01
1.677923582141005454e-01
1.664283951971574638e-01
1.653165819991806451e-01
1.644390907542818692e-01
1.637711261172256627e-01
1.632843467608757759e-01
1.629494397223059110e-01
1.627379663359174167e-01
1.626236018368443226e-01
1.625828864176828148e-01
1.625955960838141312e-01
1.626448291561566339e-01
1.627168903492390850e-01
1.628010402240065435e-01
1.628891643309307025e-01
1.629754040687327876e-01
1.630557804960892643e-01
1.631278331745977805e-01
1.631902885863920627e-01
1.632427666656115495e-01
1.632855293608728164e-01
1.633192717283467044e-01
1.633449536543989389e-01
1.633636687389246056e-01
1.633765459638376605e-01
1.633846793715130197e-01
1.633890809519422671e-01
1.633906521723877958e-01
1.633901699875988101e-01
1.633882836694651175e-01
1.633855193365909564e-01
1.633822896057766094e-01
1.633789063003256992e-01
1.633755946161437045e-01
1.633725075553573713e-01
1.633697397846438637e-01
1.633673403617925679e-01
1.633653240027779230e-01
1.633636807381715350e-01
1.633623839386384446e-01
1.633613967814702139e-01
1.633606772905078497e-01
1.633601821169017310e-01
1.633598692437134847e-01
1.633596997985691246e-01
1.633596391496887623e-01
1.633596574451527950e-01
1.633597297361009115e-01
1.633598358037595677e-01
1.633599597894070943e-01
1.633600897066687097e-01
1.633602168976260316e-01
1.633603354785184703e-01
1.633604418074421361e-01
1.633605339954602442e-01
1.633606114737278237e-01
1.633606746224687267e-01
1.633607244625763233e-01
1.755995094943687551e-01
1.733653008826101516e-01
1.834863349629920481e-01
1.793957157372172428e-01
1.878848223407567630e-01
1.824456005841530448e-01
1.898236869137601701e-01
1.835173140323553831e-01
1.780562841281625452e-01
1.734732903991460518e-01
1.697448890105082153e-01
1.790336994136623172e-01
1.745825131346694370e-01
1.830943366244570658e-01
1.779043892555065565e-01
1.857138565141938091e-01
1.799076071968799262e-01
1.749859686219716881e-01
1.831477898455138309e-01
1.777118234575134625e-01
1.731644690277340803e-01
1.816899615932394685e-01
1.887595799243597661e-01
1.944456454829681658e-01
1.988715688483704280e-01
2.021893075699892073e-01
2.045624786856334865e-01
2.061541885153084230e-01
1.950240342243756420e-01
1.855794591826163131e-01
1.899891842477288151e-01
1.937656536946359420e-01
1.847586035282566819e-01
1.895201778418751370e-01
1.935656648605126318e-01
1.968998954936349577e-01
1.995638794357046386e-01
2.016214657317312309e-01
2.031489472290277654e-01
2.042272332993502193e-01
2.049361955493398391e-01
2.053508031077309059e-01
2.055386935899214951e-01
2.055588640503041020e-01
2.054612077096957812e-01
2.052866638036248137e-01
2.050677876797497579e-01
2.048295851762000908e-01
2.045904886728218131e-01
2.043633816433143569e-01
2.041566038811319928e-01
2.039748908360434765e-01
2.038202178422474642e-01
2.036925337243120637e-01
2.035903787031425605e-01
2.035113891136859365e-01
2.034526966342680154e-01
2.034112329543931175e-01
2.033839524879894611e-01
2.033679862464847776e-01
2.033607396465155759e-01
2.033599461138653197e-01
2.033636870806467822e-01
2.033703875305605813e-01
2.033787947579814848e-01
2.033879465641093010e-01
2.033971337800701829e-01
2.034058608201378959e-01
2.034138069465911691e-01
2.034207900750162334e-01
2.034267342587809946e-01
2.034316414510364268e-01
2.034355677349399816e-01
2.034386039189408635e-01
2.034408601949764250e-01
2.034424544347652741e-01
2.034435036365107585e-01
2.034441180162285256e-01
2.034443972520436628e-01
2.034444284255569890e-01
2.034442852533400181e-01
2.034440282571781111e-01
2.034437055788766990e-01
2.034433542008293738e-01
2.034430013846606489e-01
2.034426661857782204e-01
2.034423609408593236e-01
2.034420926579794120e-01
2.034418642656281584e-01
2.034416756975463425e-01
2.034415248060315040e-01
2.034414081076196812e-01
2.034413213727193082e-01
2.034412600754811340e-01
2.034412197226398433e-01
2.034411960807307462e-01
2.034411853205619902e-01
2.034411840964733820e-01
2.034411895759875577e-01
2.034411994333826801e-01
2.034412118184671936e-01
2.034412253097501733e-01
2.034412388592168330e-01
2.034412517341688265e-01
2.034412634600999414e-01
1.913285988649811031e-01
1.935480054984752840e-01
1.956147561703713844e-01
1.974660230494620361e-01
1.990695847672110386e-01
1.882889020632607657e-01
1.794434718800237416e-01
1.724201089497896522e-01
1.792652717863210121e-01
1.731031110388039362e-01
1.805089283410923340e-01
1.746760401994729150e-01
1.822216296820962089e-01
1.885844624175987416e-01
1.937900218815791220e-01
1.979173825107480855e-01
2.010783003499381216e-01
2.034011721545614382e-01
2.050191574821400575e-01
2.060617546738348072e-01
2.066491706641533366e-01
2.068888969584645743e-01
2.068739830408112823e-01
2.066825755246817220e-01
2.063783630174489403e-01
2.060116317988263113e-01
2.056206958176771682e-01
2.052335162510405819e-01
2.048693710345346197e-01
2.045404734709574956e-01
2.042534714301418308e-01
2.040107850627230768e-01
2.038117617925885305e-01
2.036536431770263889e-01
1.914201171806788615e-01
1.813902623313865536e-01
1.734345585685912461e-01
1.673508709399145200e-01
1.628972657729756968e-01
1.578621417888343981e-01
1.562762424749237766e-01
1.555381623142391145e-01
1.554329395042659545e-01
1.557763937319462944e-01
1.564156238173197710e-01
1.572278119097747506e-01
1.581178163517820146e-01
1.590149976220951444e-01
1.598696591575003989e-01
1.606494086578993397e-01
1.613356664061642576e-01
1.619204734047450245e-01
1.624036888830000525e-01
1.627906162679246815e-01
1.630900591886164097e-01
1.633127832784064815e-01
1.634703435261317672e-01
1.635742285856460754e-01
1.636352707680697183e-01
1.636632716762265183e-01
1.636667971902463492e-01
1.636531006992241188e-01
1.636281393066747469e-01
1.635966536653534753e-01
1.635622877542657339e-01
1.635277300727806526e-01
1.634948622724350376e-01
1.634649051285224086e-01
1.634385549738590626e-01
1.634161063127019808e-01
1.633975583608116011e-01
1.633827047864129245e-01
1.633712070291897245e-01
1.633626523226823224e-01
1.633565980079569879e-01
1.633526039656458817e-01
1.613534159046581262e-01
1.738348250300854048e-01
1.840835904790756317e-01
1.801505786717612079e-01
1.743770153921850863e-01
1.836050878704584832e-01
1.790447448469598690e-01
1.871255019102588957e-01
1.936231839676203492e-01
1.986728353854061435e-01
2.024453347516952384e-01
1.930288525896222129e-01
1.970252716922378244e-01
1.880072613809153914e-01
1.925840233947957447e-01
1.963413338359800697e-01
1.993297340707635978e-01
2.016253869519226694e-01
2.033180324325378763e-01
2.045019773656042705e-01
2.052696550775048312e-01
1.935958000602242546e-01
1.960022608042029102e-01
1.980688483711390280e-01
1.997899568542287341e-01
2.011799839956396330e-01
1.878353566141914843e-01
1.912678359765402902e-01
1.943031794575365012e-01
1.969022599780270166e-01
1.990601637383224709e-01
2.007964194621230103e-01
2.021467905748137728e-01
1.910566280311312148e-01
1.818369597429774220e-01
1.744177172115817243e-01
1.808736576176088739e-01
1.743577999332477368e-01
1.692303930094547493e-01
1.653446882373998950e-01
1.625315346859748100e-01
1.606154116766060902e-01
1.594259519006655523e-01
1.588056515621913967e-01
1.586144950455690150e-01
1.587321863064170557e-01
1.590586060175993577e-01
1.595130227026235747e-01
1.600324910836476988e-01
1.728215987429884137e-01
1.833106856183008837e-01
1.794832340037797458e-01
1.759662278882230257e-01
1.728507965036631955e-01
1.823890265526704191e-01
1.901221480477532921e-01
1.840485743302651134e-01
1.787224711742732008e-01
1.741987308064139039e-01
1.826815847813243465e-01
1.896689818954535589e-01
1.952498843814103324e-01
1.874292293844528334e-01
1.807032234348020516e-01
1.750966757752243641e-01
1.705678141957278626e-01
1.792534991760594831e-01
1.743723609444025602e-01
1.825971440082694297e-01
1.772318995421509058e-01
1.849576211895573863e-01
1.912998942095756050e-01
1.842007577296977949e-01
1.781493179889008793e-01
1.853455324599422305e-01
1.913004302267415913e-01
1.839314562789520213e-01
1.898817543478412695e-01
1.825784723922385666e-01
1.886514373290431035e-01
1.936525073531116803e-01
1.976452893740943129e-01
2.007271609892811171e-01
2.030136578228582955e-01
1.925198959210401295e-01
1.958024379452552033e-01
1.984885537944409695e-01
2.006183280789588519e-01
2.022489499386472822e-01
2.034464510254321290e-01
2.042795292849530764e-01
2.048151314679687029e-01
2.051154790383626914e-01
2.052362470897430846e-01
2.052256375842338443e-01
2.051241226161832909e-01
2.049646679518706271e-01
2.047732802264374818e-01
2.045697518978433216e-01
1.922603443974153503e-01
1.942891371826309665e-01
1.840368630636344260e-01
1.757858055141281461e-01
1.693713829626248835e-01
1.645799538725161160e-01
1.611752495768798976e-01
1.589181268106021339e-01
1.575804762747550214e-01
1.569542622858888237e-01
1.568566755162252857e-01
1.571323103789257214e-01
1.576531684383448706e-01
1.583171634165871922e-01
1.590456766760388607e-01
1.597805932378144611e-01
1.604811423492757960e-01
1.611207756739250208e-01
1.616842409177969841e-01
1.621649485116336553e-01
1.625626824718129360e-01
1.628816719977594918e-01
1.631290158210547681e-01
1.633134349327194368e-01
1.634443193613106526e-01
1.635310296435081856e-01
1.635824122348632503e-01
1.636064892870268128e-01
1.636102861097754602e-01
1.635997635639152570e-01
1.635798270746207095e-01
1.635543885271915077e-01
1.635264617331377845e-01
1.634982762490746477e-01
1.634713979818398499e-01
1.634468481646957905e-01
1.634252149279669108e-01
1.634067538301060551e-01
1.633914753996164038e-01
1.633792190146612366e-01
1.633697133719911321e-01
1.633626244277874839e-01
1.633575920859959840e-01
1.633542571160988555e-01
1.633522798477975435e-01
1.633513521540415070e-01
1.755899911680045555e-01
1.733561487135351076e-01
1.712730197419309874e-01
1.816176993012263985e-01
1.899497664165996635e-01
1.843009690671981726e-01
1.792585016605792170e-01
1.749046955372139944e-01
1.712609271021365842e-01
1.683046874172176022e-01
1.659839274195427095e-01
1.642287059025755447e-01
1.629603055396278144e-01
1.620980752653007340e-01
1.615643087513163323e-01
1.612874863506086331e-01
1.612042006142440087e-01
1.612600615013730643e-01
1.614098435036290802e-01
1.616170983540548001e-01
1.618534176241366307e-01
1.620974919557334193e-01
1.623340795744123710e-01
1.625529669777319164e-01
1.627479796192199402e-01
1.629160799580253727e-01
1.630565741023612958e-01
1.631704359799142079e-01
1.632597489875076135e-01
1.633272588579446349e-01
1.613788543953160737e-01
1.617732796872222156e-01
1.601655014600513738e-01
1.608308117185965891e-01
1.594797219572596791e-01
1.584192342904169326e-01
1.576124456252259165e-01
1.589119000879453125e-01
1.600605962049572728e-01
1.610426939556000026e-01
1.618552894936753361e-01
1.625051912883694882e-01
1.610177662011818001e-01
1.597816939073786191e-01
1.607162328759297321e-01
1.595592588577887661e-01
1.586257941799125160e-01
1.578944654493958932e-01
1.592391373186343717e-01
1.604036681734881675e-01
1.613794031382758121e-01
1.621699348072083158e-01
1.608044393633074609e-01
1.616175454580777160e-01
1.622801686851917946e-01
1.628016676578019073e-01
1.631962407349092370e-01
1.634807661438384407e-01
1.636730815796556548e-01
1.760604543117336718e-01
1.738832611051508437e-01
1.718094453473562044e-01
1.821659243275246531e-01
1.904777841599498700e-01
1.969316841786357131e-01
1.896092135638758336e-01
1.952920481647617557e-01
1.852374537295673473e-01
1.768595648119550834e-01
1.700600525232058846e-01
1.786182841119077214e-01
1.718626084472727467e-01
1.664175966777063920e-01
1.621565216601801307e-01
1.589327146802927970e-01
1.565930838070677122e-01
1.549874387284904120e-01
1.539747208678023949e-01
1.534269284773799313e-01
1.532313098772251081e-01
1.532912526689498289e-01
1.535262008841482562e-01
1.538708674693094469e-01
1.542739629371723264e-01
1.546966237447031656e-01
1.551106911170090363e-01
1.554969604908527092e-01
1.558434930763099580e-01
1.561440546683512398e-01
1.563967234777161597e-01
1.566026889795091304e-01
1.567652479044705505e-01
1.568889915121280954e-01
1.569791699085527625e-01
1.688207244993231715e-01
1.667092805908636510e-01
1.647245871452900357e-01
1.629328268096990051e-01
1.613699924800247043e-01
1.600491055791866124e-01
1.589664720966255107e-01
1.581069359020821352e-01
1.574481523947521833e-01
1.569639503530151359e-01
1.566268782171569285e-01
1.564100458759238865e-01
1.562883773773735552e-01
1.700380305026250038e-01
1.674983803229515011e-01
1.651769898323944830e-01
1.631305229304265136e-01
1.752819807759593562e-01
1.712482345471166845e-01
1.795456341235028841e-01
1.743349478552422838e-01
1.698001627825673765e-01
1.777496791581754110e-01
1.724618764375034363e-01
1.797057782329150033e-01
1.855651884871802881e-01
1.784788702356161494e-01
1.724067631405261647e-01
1.673607867066531085e-01
1.750325528845790846e-01
1.697335099538399561e-01
1.792155741970049565e-01
1.872031093343424768e-01
1.794919098716125649e-01
1.848183646342504982e-01
1.772572135068171129e-01
1.709367656189078044e-01
1.797456285639866813e-01
1.731042118504722005e-01
1.816606944905556631e-01
1.865669346720750799e-01
1.785978934366561077e-01
1.719328014026593188e-01
1.783197347949569966e-01
1.858502309454108659e-01
1.920892392168238594e-01
1.947176225259092952e-01
1.965712529191394609e-01
1.860395178443077224e-01
1.912238328794029218e-01
1.931864681462356348e-01
1.828938604067724683e-01
1.861545563253625968e-01
1.911710050048722742e-01
1.953572099515601401e-01
1.963494314973170951e-01
1.969899453071322082e-01
1.973551914636637594e-01
1.975118805678108824e-01
1.858290461769460666e-01
1.761798423400895430e-01
1.823326004639778120e-01
1.855501277403481808e-01
1.765415011154929381e-01
1.810172885696925693e-01
1.848867041173472003e-01
1.881330193688817154e-01
1.907773386922952952e-01
1.928655945712463016e-01
1.944584557181749940e-01
1.979536781200803564e-01
1.983376469199351622e-01
1.984558426846905199e-01
1.983838734355261035e-01
1.981840082203987219e-01
1.862284362954362837e-01
1.763474947619736444e-01
1.801721178192854378e-01
1.836413064602064882e-01
1.866807988019918430e-01
1.892617687045303754e-01
1.913882965714419626e-01
1.930870336771268736e-01
1.943989006214696946e-01
1.953726056056026561e-01
1.960597452622352410e-01
1.965112480060382527e-01
1.967749294704246310e-01
1.968939465425136870e-01
1.969059576137290879e-01
1.968428198694227582e-01
1.967306783389122238e-01
1.965903249873748315e-01
1.964377285673004625e-01
1.962846566634133261e-01
1.984785875067074379e-01
1.861418081997208152e-01
1.877987755426062666e-01
1.893591616738212746e-01
1.930582859240324023e-01
1.938763828559422198e-01
1.968754565520294264e-01
1.993386607840395008e-01
1.988647484734731297e-01
1.983610784207028299e-01
2.002515642315430000e-01
2.017511915531029487e-01
2.004515052332276337e-01
2.017102350348445317e-01
2.002498694327949913e-01
2.014016338958342089e-01
1.998903269724596754e-01
2.010185526877104056e-01
1.995181126419995898e-01
1.982749705921822425e-01
1.972736443003879625e-01
1.964909342447300755e-01
1.958997015680807863e-01
1.838202659790053595e-01
1.878878130138146307e-01
1.893008733828229762e-01
1.906102918714973615e-01
1.940741811214272694e-01
1.970149548023560904e-01
1.970363151995853102e-01
1.969716225218547390e-01
1.992200749155967898e-01
2.010282236095581876e-01
1.999939735100999538e-01
1.990449547630137594e-01
1.982049294910592785e-01
1.974841715077761961e-01
1.968834117825808416e-01
1.963969199589528092e-01
1.983510780648500837e-01
1.976252019654185510e-01
1.970127507059069583e-01
1.988619080116003079e-01
2.004100030379969422e-01
2.016619704615025821e-01
2.001953537273912787e-01
2.013502803200595270e-01
2.022726274159176718e-01
2.005301573851796526e-01
1.990682308940914247e-01
2.002637366276371900e-01
1.988593718507107866e-01
2.001017765078074717e-01
1.987417743364425782e-01
2.000188531962485694e-01
2.010969334125369823e-01
1.995489837699480073e-01
2.006701552281244805e-01
1.991838466356072868e-01
1.979687580179507744e-01
1.993707600748717557e-01
1.981759290463165346e-01
1.995855593550086571e-01
1.983802890027916987e-01
1.973995331303419754e-01
1.989827723813941684e-01
1.979432411632342514e-01
1.970990277251727374e-01
1.987872241494097469e-01
1.978356250879709233e-01
1.970573024195685363e-01
1.964393312124916857e-01
1.983068825339204810e-01
1.998959332203655848e-01
1.987931902843602661e-01
1.978600551975133737e-01
1.994623568110962530e-01
2.008015253622643659e-01
1.994572165350760873e-01
1.983236507764618572e-01
1.997713168841566134e-01
1.985789815908953759e-01
1.999776568985287550e-01
1.987358962813809971e-01
1.977111151045745085e-01
1.968894091059023577e-01
1.962505960107236991e-01
1.981092235324477535e-01
1.973270320011517587e-01
1.990517675970626676e-01
1.981063590410043762e-01
1.996924148605030425e-01
2.010080805928724512e-01
1.996320330090137762e-01
1.984674129849353097e-01
1.998889172329476605e-01
2.010767171360894334e-01
1.996066890281145145e-01
2.007798021764739538e-01
2.017444455816299609e-01
2.025108815772074244e-01
2.030970191368306477e-01
2.010603688439436265e-01
2.017957337861275846e-01
2.143917865052666905e-01
2.246704973547399842e-01
2.208409769133008460e-01
2.172462093712062003e-01
2.260180739262633853e-01
2.210246775071982306e-01
2.286188501246624316e-01
2.346465546513101241e-01
2.363955036551159683e-01
2.374320166595953463e-01
2.407696562087424663e-01
2.432179621247485546e-01
2.449146538900188741e-01
2.459952120903854400e-01
2.465869819967583254e-01
2.468051327094336056e-01
2.467502644358996466e-01
2.465074008326584298e-01
2.461460747666932569e-01
2.457212153560757173e-01
2.452745667851063960e-01
2.448364074958535586e-01
2.444273840461117508e-01
2.440603206024611893e-01
2.437419080602938326e-01
2.434742134647005507e-01
2.432559796790763063e-01
2.430837071899423218e-01
2.429525253157145404e-01
2.428568699998427949e-01
2.427909909856433845e-01
2.427493135839158267e-01
2.427266803937486728e-01
2.427184969824101035e-01
2.427208032602090615e-01
2.427302895379845893e-01
2.427442733414773013e-01
2.427606501925700933e-01
2.427778288913595706e-01
2.427946594279897230e-01
2.428103595605024534e-01
2.428244443269422792e-01
2.428366613081105463e-01
2.428469333002503117e-01
2.428553091644676254e-01
2.399559945307994102e-01
2.404872715056842747e-01
2.409834756107351872e-01
2.414292330066376557e-01
2.418163301347102667e-01
2.421420514885022079e-01
2.395124645725223989e-01
2.402425136869945632e-01
2.408911965415452272e-01
2.414488649997961200e-01
2.419134424067859168e-01
2.422883519477458947e-01
2.425807362483509699e-01
2.427999839268015769e-01
2.429565597794685061e-01
2.430611189409448425e-01
2.431238736525607180e-01
2.431541746126482106e-01
2.431602667092778169e-01
2.431491802210483666e-01
2.431267221731423511e-01
2.401861194324221849e-01
2.406817037182049646e-01
2.382768159667079111e-01
2.363797627598938078e-01
2.377143135245829431e-01
2.361063076750711254e-01
2.376501238063211119e-01
2.390090595601199741e-01
2.401665031434787601e-01
2.411209623491006315e-01
2.389989482800551901e-01
2.400948005353249481e-01
2.381465345552125079e-01
2.393897964722169203e-01
2.375956163073971172e-01
2.389631813605155308e-01
2.401291282791426784e-01
2.382268050340037302e-01
2.366713544243348455e-01
2.354351497666462567e-01
2.344827106109610426e-01
2.337752089789391086e-01
2.332735316376848278e-01
2.329403018940214842e-01
2.327411526445506418e-01
2.326454586334203434e-01
2.326266766811155851e-01
2.326624023369558980e-01
2.327342243637458008e-01
2.328274400969800872e-01
2.329306816718863526e-01
2.330354931385032469e-01
2.331358902429097046e-01
2.332279274441508843e-01
2.333092902829652093e-01
2.333789254759845999e-01
2.334367161324577555e-01
2.334832053462472246e-01
2.335193681359213347e-01
2.335464292708093748e-01
2.335657228633389870e-01
2.335785886244656773e-01
2.335862992469543986e-01
2.335900133732935480e-01
2.335907489010558002e-01
2.335893718727768409e-01
2.335865968027086570e-01
2.335829949411019069e-01
2.335790076180384034e-01
2.335749624094176635e-01
2.449880839972526925e-01
2.429013581065513350e-01
2.409548197243531753e-01
2.392084700829379962e-01
2.490869990406863188e-01
2.457405549727764704e-01
2.427654979012099368e-01
2.402061811302302896e-01
2.380717418902753568e-01
2.363461673872777613e-01
2.349966943028687361e-01
2.339805880617344958e-01
2.332504194500297778e-01
2.327580028611524465e-01
2.324571851667822653e-01
2.323056811176720249e-01
2.322661448357088432e-01
2.437297969850804602e-01
2.417392778401397102e-01
2.399209488798312861e-01
2.383184151770347814e-01
2.369507588526367226e-01
2.331021695464821075e-01
2.440040683605513294e-01
2.417205057541482738e-01
2.396951077563567178e-01
2.379566119904634736e-01
2.365103623643118880e-01
2.467291894064167490e-01
2.437564732761177133e-01
2.411437040788262376e-01
2.389204812623031415e-01
2.370868707595197300e-01
2.356222011257720350e-01
2.344923903601201509e-01
2.450802582492723758e-01
2.424104403807312291e-01
2.400826279959800136e-01
2.381161844560280016e-01
2.479115671957636824e-01
2.445579373353903296e-01
2.416401732396382673e-01
2.391802550493937751e-01
2.485680512557519872e-01
2.562572163375436141e-01
2.510471228940516220e-01
2.578343936867646402e-01
2.519232006453921979e-01
2.468302584592798610e-01
2.425773435354687813e-01
2.505202073427819087e-01
2.457613814506398597e-01
2.531676838707006549e-01
2.592438361644417988e-01
2.640772694217861094e-01
2.677940887823953009e-01
2.705402828070517796e-01
2.724678930863291271e-01
2.624786349458096968e-01
2.539709699772003670e-01
2.582899989371385541e-01
2.506386406469411909e-01
2.557483657401296018e-01
2.600980726139241472e-01
2.636903002493444781e-01
2.552763473667121197e-01
2.595851431343658700e-01
2.631761930556524298e-01
2.547856542256328183e-01
2.591392848598272902e-01
2.627850540392624445e-01
2.657467689308519176e-01
2.680770993500893873e-01
2.698458602204318879e-01
2.711310562945357105e-01
2.720122823039778925e-01
2.725660783082362038e-01
2.728628683877081240e-01
2.729651495519285209e-01
2.729266401465975100e-01
2.727921394920693743e-01
2.613441090393719968e-01
2.631804876714707309e-01
2.535640978128121947e-01
2.457861588143051002e-01
2.510894704479864625e-01
2.558209589638482662e-01
2.599047243687542252e-01
2.520126560119899661e-01
2.455266452225397522e-01
2.403671611802429275e-01
2.364078421318112078e-01
2.449128360666072979e-01
2.408126486659099008e-01
2.375703194726832557e-01
2.350980674703193607e-01
2.332936859275382968e-01
2.320503592602367604e-01
2.312637834868589426e-01
2.422682841067917980e-01
2.400296253226665844e-01
2.495188387443336708e-01
2.572280069173400463e-01
2.632979141777296306e-01
2.566298645990772176e-01
2.620774098112466088e-01
2.663255084045690335e-01
2.582450348609810487e-01
2.512999134188038663e-01
2.455152272468672514e-01
2.522225227708183581e-01
2.578655760434003241e-01
2.624722794031568718e-01
2.661168887852374265e-01
2.576251126172650618e-01
2.504237869786776205e-01
2.558597429155244907e-01
2.604294932905113491e-01
2.641566818652141269e-01
2.558148979740386686e-01
2.488137666386522895e-01
2.544826490918068451e-01
2.592868523308344830e-01
2.632370947845443787e-01
2.550943462434320796e-01
2.482706866424895242e-01
2.540947193157971906e-01
2.590269601176400371e-01
2.517681064182968331e-01
2.570859636441593654e-01
2.615088198945509923e-01
2.650770049830457609e-01
2.678636362172672758e-01
2.586905721458199192e-01
2.622714005015827077e-01
2.652152561454552693e-01
2.675612900241000069e-01
2.693682016486778075e-01
2.707051211006870073e-01
2.716447789244040845e-01
2.722585988604857565e-01
2.726133658220757372e-01
2.727691522250323963e-01
2.727782223978509890e-01
2.614314289273200753e-01
2.633335853254092918e-01
2.537559435600897917e-01
2.573406720018460714e-01
2.605486363577662612e-01
2.633250345660989034e-01
2.656548142586878658e-01
2.562665156181909154e-01
2.598377161857750028e-01
2.515911869479527940e-01
2.448786731080043744e-01
2.509770163401110477e-01
2.449131493961773653e-01
2.514610935575700701e-01
2.570344106709052667e-01
2.616369268760274647e-01
2.653228634308482103e-01
2.681781880835611975e-01
2.703062016907900045e-01
2.718167597096636801e-01
2.728185224567651890e-01
2.734136681661059054e-01
2.736945634425798080e-01
2.624952502517174935e-01
2.644388426721293595e-01
2.661312457146243204e-01
2.675595768932810259e-01
2.574513424640658688e-01
2.491235605370711870e-01
2.424838269240237043e-01
2.373770205376490861e-01
2.336123213805445520e-01
2.424147913152869815e-01
2.386411175492924031e-01
2.471454272239754779e-01
2.543010631232984764e-01
2.488146622334015401e-01
2.555380725450497881e-01
2.610160523630289386e-01
2.653414334767092431e-01
2.686392498877427926e-01
2.710500833009719113e-01
2.614648503568877125e-01
2.532943171477839428e-01
2.465456443272380227e-01
2.411485549262981642e-01
2.369818521489224228e-01
2.338950775005410598e-01
2.317254154957073542e-01
2.303102406376982270e-01
2.294958729912488504e-01
2.291431811732878021e-01
2.291306731086177884e-01
2.293556704010302205e-01
2.297340915107861647e-01
2.301992866481632483e-01
2.307002833919655771e-01
2.311997229477000815e-01
2.316716963996967582e-01
2.320996300473694429e-01
2.324743193448408629e-01
2.327921715947223191e-01
2.330536873708262124e-01
2.446800810207454546e-01
2.427567327442432532e-01
2.409317398091739282e-01
2.506555206734333296e-01
2.584660263316311823e-01
2.532374497060418950e-01
2.485531810602410463e-01
2.444954095265565730e-01
2.410888441449328123e-01
2.497060540792679362e-01
2.568032181884569720e-01
2.511573240373241589e-01
2.462900667441645375e-01
2.422232407726649939e-01
2.503160295313626715e-01
2.456710212707584606e-01
2.417921552579955780e-01
2.386528607531090973e-01
2.475969824535004804e-01
2.550322801284219398e-01
2.610294441919502884e-01
2.657136038565912628e-01
2.579660666370073852e-01
2.625837184364212540e-01
2.549373437724817837e-01
2.598012001508485103e-01
2.524580171808032958e-01
2.576770708328506299e-01
2.620001204574775588e-01
2.541758554803683623e-01
2.589598501443801659e-01
2.516008358781318677e-01
2.568585930732929512e-01
2.612518879317211606e-01
2.648131886424511805e-01
2.676089937465653268e-01
2.697257395461902796e-01
2.712590926357834054e-01
2.723061056460629459e-01
2.729597321941810151e-01
2.733052402143787418e-01
2.734181163381157464e-01
2.733631096008362071e-01
2.731941164502396102e-01
2.729546590638467496e-01
2.726787546693478781e-01
2.723920146467100345e-01
2.721128485737540625e-01
2.718536800232946860e-01
2.716221078691896107e-01
2.714219692460837496e-01
2.712542783773403965e-01
2.711180295849511257e-01
2.710108633532015698e-01
2.709296018154503383e-01
2.708706649712095960e-01
2.708303818105426419e-01
2.708052117841646123e-01
2.707918921225047626e-01
2.707875257302985172e-01
2.707896230599398102e-01
2.707961097328965838e-01
2.708053099155542931e-01
2.708159136974677139e-01
2.708269350586822721e-01
2.708376655076187856e-01
2.708476271546607084e-01
2.708565278713959135e-01
2.708642202694719892e-01
2.708706655040402644e-01
2.708759023464160087e-01
2.708800215572146897e-01
2.708831453019171498e-01
2.708854111630707440e-01
2.708869601962251572e-01
2.708879284313083780e-01
2.708884412211292059e-01
2.708886098702398826e-01
2.708885300292618314e-01
2.708882814030626474e-01
2.708879283890364142e-01
2.708875213292323281e-01
2.708870981237931908e-01
2.708866860107947971e-01
2.708863033680044552e-01
2.708859614348362310e-01
2.708856658878671109e-01
2.708854182312756542e-01
2.708852169850386460e-01
2.708850586696374130e-01
2.708849385971239254e-01
2.708848514856323497e-01
2.708847919185410902e-01
2.708847546712540577e-01
2.708847349285716799e-01
2.708847284144182410e-01
2.708847314537097262e-01
2.708847409837125131e-01
2.708847545296300119e-01
2.708847701565892940e-01
2.708847864077141843e-01
2.708848022357932539e-01
2.708848169340798417e-01
2.708848300701616196e-01
2.708848414254316772e-01
2.708848509416732497e-01
2.708848586754009080e-01
2.708848647600277104e-01
2.708848693754586368e-01
2.708848727244768106e-01
2.708848750150874007e-01
2.708848764479585558e-01
2.708848772080572065e-01
2.708848774596628317e-01
2.708848773439775925e-01
2.708848769786889044e-01
2.708848764589044666e-01
2.708848758589903483e-01
2.708848752349466427e-01
2.708848746270366981e-01
2.708848740624389961e-01
2.708848735577882305e-01
2.708848731215054428e-01
2.708848727558426095e-01
2.708848724586419010e-01
2.708848722247876317e-01
2.708848720473766569e-01
2.708848719186234266e-01
2.708848718305398862e-01
2.678009096603408690e-01
2.683597414712066698e-01
2.688826259536543084e-01
2.693530500829812713e-01
2.697621130938765432e-01
2.701067629753441945e-01
2.703882393760868030e-01
2.706107415890706136e-01
2.707803272068398659e-01
2.709040346548627909e-01
2.709892128179660631e-01
2.710430341065974691e-01
2.710721635813955199e-01
2.710825557392717577e-01
2.710793516262826053e-01
2.710668514098788506e-01
2.710485408125002937e-01
2.710271533970904922e-01
2.710047542523699171e-01
2.709828339224158444e-01
2.709624043311142927e-01
2.709440909115823359e-01
2.709282171589408872e-01
2.709148794094817791e-01
2.709040108559606086e-01
2.708954346910592559e-01
2.708889068837971870e-01
2.708841494892268997e-01
2.708808756170757448e-01
2.708788072814802828e-01
2.708776873564626708e-01
2.708772867991502409e-01
2.708774081982525672e-01
2.708778865771621636e-01
2.708785882431752334e-01
2.708794083367505046e-01
2.708802676046835334e-01
2.708811088028919567e-01
2.708818930309011552e-01
2.708825962120449127e-01
2.708832058607311133e-01
2.708837182201235816e-01
2.708841358087090700e-01
2.708844653810331682e-01
2.708847162843703860e-01
2.708848991778003423e-01
2.708850250711822838e-01
2.708851046375779781e-01
2.708851477523250839e-01
2.708851632142408317e-01
2.708851586083396157e-01
2.708851402743079895e-01
2.708851133502814257e-01
2.708850818667265514e-01
2.708850488702612136e-01
2.708850165617731065e-01
2.708849864372133709e-01
2.708849594228091018e-01
2.708849359992719918e-01
2.708849163117807990e-01
2.708849002642497172e-01
2.708848875977025727e-01
2.708848779534192008e-01
2.708848709221722828e-01
2.708848660811653541e-01
2.708848630204665486e-01
2.708848613607310885e-01
2.708848607639318118e-01
2.708848609386418360e-01
2.708848616412553589e-01
2.708848626743176613e-01
2.708848638829208788e-01
2.708848651499566884e-01
2.708848663908105525e-01
2.708848675479542667e-01
2.708848685857552230e-01
2.708848694857051154e-01
2.708848702421919885e-01
2.708848708588789123e-01
2.708848713456935009e-01
2.708848717164014097e-01
2.708848719867140709e-01
2.708848721728667197e-01
2.708848722906027628e-01
2.708848723544952097e-01
2.708848723775298950e-01
2.708848723709040840e-01
2.708848723439778450e-01
2.708848723043399964e-01
2.708848722579435542e-01
2.708848722092906947e-01
2.708848721616341493e-01
2.708848721171857044e-01
2.708848720773162633e-01
2.708848720427396994e-01
2.708848720136727284e-01
2.708848719899752400e-01
2.708848719712653175e-01
2.708848719570158270e-01
2.708848719466241395e-01
2.708848719394663096e-01
2.708848719349377099e-01
2.708848719324781218e-01
2.708848719315888331e-01
2.708848719318395215e-01
2.708848719328713628e-01
2.708848719343919242e-01
2.708848719361736102e-01
2.708848719380418935e-01
2.708848719398722071e-01
2.708848719415795081e-01
2.708848719431116159e-01
2.708848719444394426e-01
2.708848719455563270e-01
2.708848719464667099e-01
2.708848719471863564e-01
2.708848719477330302e-01
2.708848719481316003e-01
2.708848719484064915e-01
2.708848719485810186e-01
2.708848719486756096e-01
2.708848719487098045e-01
2.708848719487007006e-01
2.708848719486607326e-01
2.708848719486025569e-01
2.820791651838900904e-01
2.800374012347639496e-01
2.781323145673300079e-01
2.764227668366452395e-01
2.749395947011115116e-01
2.736924119937340638e-01
2.726754895890037833e-01
2.718726820101360353e-01
2.712614254911522860e-01
2.708158727664207177e-01
2.705092562454880500e-01
2.703155853772427619e-01
2.702107883260418397e-01
2.701734050619977179e-01
2.701849309097625884e-01
2.702298984727606879e-01
2.702957732301174421e-01
2.703727251796042008e-01
2.704533265085728999e-01
2.705322139567283291e-01
2.706057445940699413e-01
2.706716653005292184e-01
2.707288092991466666e-01
2.819718049017596595e-01
2.911047729039757392e-01
2.982975441444744025e-01
3.037696274783443506e-01
3.077625794004279491e-01
3.105204001350589937e-01
3.122761985764779258e-01
3.132436602663783987e-01
3.136121426205711327e-01
3.135444688276671776e-01
3.131766879816144655e-01
3.126192208686995322e-01
3.119589294949733915e-01
3.112617439791174334e-01
3.105755600425317287e-01
3.099331883122633524e-01
3.093551951813302558e-01
3.088525249464724176e-01
3.049683076111673330e-01
3.018557699835353603e-01
3.027769926780756737e-01
3.144940916235077211e-01
3.098941041393479257e-01
3.060129535872260220e-01
3.061901652025584841e-01
3.029965582420188763e-01
3.004420799665346031e-01
3.017727642851071312e-01
2.996607426691504372e-01
3.120990752722310191e-01
3.082554239563606302e-01
3.049679875235471460e-01
3.055934502582950962e-01
3.027473386369843311e-01
3.145531042179132708e-01
3.135707405572849549e-01
3.125585872652296704e-01
3.081002031380499773e-01
3.078247307654058407e-01
3.041804412261459589e-01
3.046370394279853677e-01
3.017057894890700087e-01
3.027609331127401049e-01
3.146169549678210497e-01
3.135517751820882104e-01
3.089946876342299920e-01
3.051903008794805139e-01
3.162599287081360178e-01
3.146407959169679192e-01
3.131267479644048723e-01
3.082889086669295953e-01
3.043279133083425236e-01
3.153178102007836436e-01
3.102286657796573532e-01
3.201312147535391173e-01
3.282736610770125019e-01
3.204301910717282098e-01
3.279582892868850852e-01
3.197284520287266840e-01
3.128045035709701160e-01
3.105568789819619369e-01
3.088081689619477377e-01
3.075053758705710294e-01
3.031629305865375379e-01
3.031814165856756560e-01
3.034185421677908501e-01
3.147235044354896871e-01
3.097093046986703069e-01
3.055538650936306944e-01
3.055839755763309906e-01
3.023078252142852307e-01
3.030864925486242978e-01
3.004878045934686881e-01
3.018154406732200812e-01
2.996781501834810957e-01
2.980299387705569458e-01
3.108732661523336827e-01
3.073760582097777583e-01
3.043763766985034813e-01
3.052282820784273376e-01
3.059460671196991832e-01
3.031242930923920831e-01
3.008186258366001287e-01
2.989900477969136272e-01
3.116416280020970486e-01
3.221726838730885056e-01
3.199053782231600085e-01
3.176566925048058820e-01
3.155402788390309077e-01
3.136299070362997821e-01
3.119665462796623601e-01
3.105654893580618303e-01
3.094230295515312257e-01
3.195104681124296686e-01
3.277535949847747432e-01
3.234063386205698887e-01
3.195322455587090715e-01
3.161936577846951035e-01
3.134055378054323437e-01
3.220943899027508550e-01
3.183383734963445288e-01
3.260538934204333383e-01
3.214469952838494571e-01
3.283802944132521162e-01
3.231286505279054033e-01
3.295092291596897205e-01
3.346571753081895029e-01
3.386804093179418551e-01
3.455725525701878187e-01
3.470623530537086943e-01
3.478890547964119673e-01
3.521582494358759252e-01
3.513848597250122108e-01
3.504145042050084147e-01
3.493598610955594985e-01
3.483027800007758579e-01
3.512259100973031956e-01
3.495766995268858590e-01
3.480965262382846870e-01
3.468115678251932898e-01
3.457294644170028075e-01
3.448448101416863310e-01
3.441435421728378241e-01
3.436063667916127162e-01
3.432113674802039771e-01
3.429359317503519744e-01
3.427581196327045276e-01
3.426575817625818754e-01
3.426161206360003320e-01
3.426179754631022423e-01
3.426498991414193007e-01
3.427010850595550995e-01
3.427629915780332492e-01
3.428291030397965233e-01
3.428946580262071109e-01
3.429563683232175197e-01
3.430121457341139823e-01
3.430608484925539159e-01
3.431020545861471760e-01
3.431358657571790260e-01
3.431627432333217431e-01
3.431833742648058294e-01
3.431985671990602782e-01
3.470838824049120586e-01
3.503199053475039015e-01
3.489206419861918818e-01
3.476479357746102838e-01
3.465307578061107563e-01
3.455804400001800669e-01
3.447957855759771206e-01
3.441671685110954115e-01
3.436797306877770186e-01
3.433158099491442350e-01
3.430567316343242634e-01
3.428840840865570172e-01
3.427805827515424397e-01
3.427306115677313247e-01
3.427205159394881573e-01
3.427387090679607784e-01
3.427756426707173620e-01
3.428236838676850251e-01
3.428769319746245436e-01
3.429310019249172115e-01
3.429827949104669038e-01
3.430302715244286649e-01
3.430722381640902707e-01
3.431081536817262023e-01
3.431379602183204369e-01
3.431619397696781260e-01
3.431805962518987840e-01
3.431945615772276081e-01
3.432045234392178124e-01
3.432111720539188227e-01
3.432151629314290631e-01
3.432170927867230770e-01
3.432174858769041492e-01
3.432167883212893233e-01
3.432153682789724769e-01
3.432135201936539204e-01
3.432114716442433711e-01
3.432093916463034855e-01
3.432073995240543240e-01
3.432055737103469895e-01
3.432039600314524819e-01
3.432025791955901628e-01
3.432014333317530141e-01
3.432005115222518388e-01
3.431997943427351760e-01
3.431992574716999922e-01
3.431988744617533449e-01
3.431986187810851519e-01
3.431984652391701918e-01
3.431983909085640772e-01
3.431983756472218872e-01
3.431984023151777308e-01
3.431984567669743580e-01
3.431985276883846581e-01
3.431986063333327674e-01
3.431986862052303078e-01
3.431987627164050370e-01
3.431988328502690866e-01
3.431988948432125319e-01
3.431989478970176588e-01
3.470733980184341760e-01
3.463586641844458303e-01
3.496240211290602140e-01
3.482957630297245366e-01
3.510654554777443703e-01
3.532930087518328932e-01
3.550174575226801021e-01
3.562942235890051990e-01
3.571873670164131820e-01
3.577633641622264271e-01
3.580864910917633814e-01
3.582157084856936180e-01
3.582028311742575521e-01
3.691564864977077143e-01
3.669629570677108710e-01
3.758652807472382396e-01
3.828845010425092621e-01
3.773614930682436253e-01
3.833058257576880123e-01
3.878926766060790676e-01
3.912997384025391767e-01
3.937111851547845376e-01
3.953060357240747447e-01
3.962505758526535526e-01
3.966938307322922519e-01
3.967652997165926898e-01
3.965743395397431925e-01
3.962107168212709585e-01
3.957459536408163281e-01
3.952351704090910633e-01
3.947191950453037279e-01
3.942267612267460475e-01
3.937766639343096564e-01
3.933797791074953309e-01
3.930408866319723415e-01
3.927602624813859578e-01
3.925350269407086312e-01
3.923602518499491598e-01
3.922298412438316451e-01
3.921372072461504210e-01
3.920757672853902864e-01
3.920392903160550002e-01
3.920221194062896153e-01
3.920192963664834718e-01
3.920266115383808092e-01
3.920405988386159724e-01
3.920584929620813952e-01
3.920781625229183831e-01
3.920980299968239713e-01
3.921169867210738680e-01
3.921343089558764206e-01
3.921495791253417629e-01
3.921626148273957835e-01
3.921734070020410634e-01
3.921820677397864774e-01
3.921887875557650283e-01
3.921938015079475814e-01
3.921973632598301229e-01
3.921997260421141718e-01
3.922011294215912436e-01
3.922017908108712536e-01
3.922019007264994084e-01
3.922016209068548420e-01
3.922010845203141027e-01
3.922003978176844541e-01
3.921996427029816878e-01
3.921988798079170113e-01
3.921981517548756013e-01
3.921974863789241539e-01
3.921968997513127775e-01
3.921963989052272836e-01
3.921959842103852623e-01
3.921956513778928066e-01
3.921953931018538064e-01
3.921952003614774807e-01
3.921950634181028406e-01
3.921949725472038129e-01
3.921949185472795030e-01
3.921948930665246635e-01
3.921948887854329602e-01
3.921948994894397522e-01
3.921949200611916098e-01
3.921949464172598265e-01
3.921949754095206409e-01
3.921950047071405265e-01
3.921950326712813073e-01
3.921950582313562528e-01
3.921950807688878715e-01
3.921951000127974485e-01
3.921951159481664728e-01
3.921951287392069219e-01
3.921951386661723937e-01
3.921951460753132501e-01
3.921951513405592671e-01
3.921951548353750372e-01
3.921951569131938431e-01
3.921951578948523753e-01
3.921951580615632427e-01
3.921951576521094385e-01
3.921951568631385499e-01
3.921951558515828218e-01
3.921951547384450176e-01
3.921951536133276850e-01
3.921951525392439741e-01
3.921951515573705027e-01
3.921951506915073438e-01
3.921951499521034723e-01
3.921951493397610733e-01
3.921951488481907333e-01
3.921951484666428289e-01
3.921951481818277685e-01
3.921951479793881479e-01
3.921951478449803297e-01
3.921951477650302831e-01
3.921951477272125341e-01
3.921951477207215042e-01
3.921951477363827543e-01
3.921951477666416608e-01
3.921951478054657159e-01
3.921951478482041953e-01
3.921951478914125211e-01
3.921951479326659662e-01
3.921951479703844612e-01
3.921951480036491855e-01
3.921951480320586825e-01
3.921951480555896374e-01
3.921951480744811924e-01
3.921951480891454622e-01
3.921951481000951478e-01
4.029040449776777333e-01
4.009529200357739853e-01
4.097779363020073173e-01
4.062152785141717182e-01
4.136024478668016702e-01
4.088720435466706160e-01
4.046905893318570868e-01
4.117412104179258847e-01
4.068597026081051116e-01
4.026774518460949359e-01
4.098504333599115590e-01
4.051381863690783902e-01
4.011648331445221149e-01
3.979178912915650734e-01
3.953502399106330056e-01
3.933928480498065650e-01
3.919649871816097697e-01
4.017018176237090454e-01
4.097788966502105001e-01
4.162839722723494784e-01
4.108216165088132144e-01
4.166079451367898923e-01
4.211719660785715469e-01
4.141417413846122386e-01
4.080686961354860198e-01
4.029863418953361087e-01
3.988662203617341362e-01
4.063153306568474399e-01
4.125736351032203153e-01
4.176776862557125547e-01
4.111781605181812349e-01
4.162203311634662395e-01
4.097421452475531467e-01
4.148867168355532264e-01
4.190992819375796152e-01
4.224441301357990675e-01
4.145065141960571076e-01
4.077749503360030836e-01
4.022448476297659781e-01
3.978494077113265970e-01
4.051695826064873884e-01
4.114005184322255815e-01
4.059642401982088700e-01
4.120648649330123092e-01
4.065083385427381568e-01
4.018706194136794085e-01
3.981209860793586408e-01
3.951908225148841325e-01
3.929884375581798039e-01
4.021267708272104890e-01
3.991239831376875991e-01
4.073323760671132554e-01
4.034513878818988264e-01
4.001491257164495607e-01
3.974254011623650218e-01
3.952495858378595184e-01
3.935712527433383734e-01
3.923287660244121344e-01
3.914559371945203203e-01
3.908869430490138352e-01
3.905597457333791489e-01
3.904182727208620474e-01
3.904136101258888214e-01
3.905044435324969143e-01
3.906569523626608476e-01
4.015653067956146405e-01
3.998122417308158649e-01
4.088439821406939512e-01
4.054662365707919491e-01
4.024108337057652474e-01
3.997410870856328291e-01
4.081425347168785578e-01
4.149579308582274084e-01
4.203189716705850731e-01
4.243927386515100597e-01
4.273615638474734801e-01
4.294087848840282273e-01
4.307090709516689930e-01
4.314222459540777432e-01
4.212481761902941990e-01
4.125851542393963456e-01
4.160308648210830906e-01
4.190080393609521003e-01
4.215026215558872469e-01
4.235305098890558284e-01
4.146235995670306540e-01
4.177744170415991221e-01
4.204547563064395810e-01
4.226669304619365963e-01
4.244373326304178295e-01
4.258075572627733063e-01
4.268275119000330964e-01
4.275502451834465312e-01
4.175518404430147434e-01
4.197597294007020530e-01
4.111450023111200558e-01
4.147123433045583063e-01
4.178438487410260915e-01
4.205071255136036967e-01
4.121781408913984812e-01
4.052920914109234829e-01
4.104239568421013118e-01
4.148655355489168084e-01
4.185935639142597253e-01
4.216300398341479294e-01
4.240267690979413473e-01
4.258532880592957870e-01
4.167033727869529081e-01
4.195574082438258134e-01
4.219375317877513965e-01
4.238630243965280098e-01
4.253712535896287950e-01
4.265101019381205560e-01
4.273322147770473034e-01
4.278907876265050092e-01
4.282366247350830601e-01
4.284162225126713075e-01
4.284706590012634653e-01
4.284350993431484955e-01
4.283387555234532407e-01
4.282051654855374423e-01
4.280526815092091653e-01
4.278950802008945065e-01
4.172631439721481428e-01
4.190442367566529214e-01
4.207074864988191720e-01
4.222007131782796741e-01
4.234967799596605076e-01
4.245873172193312950e-01
4.254773889978662460e-01
4.261810978790963045e-01
4.267180704044561956e-01
4.271107344801940986e-01
4.273822857081257531e-01
4.275552358493057703e-01
4.276504398871021628e-01
4.276865057065566411e-01
4.276795003925240035e-01
4.276428782900640879e-01
4.275875673854403480e-01
4.275221616501585498e-01
4.378358464517386750e-01
4.461790108038505842e-01
4.527256322645694109e-01
4.527459833893694441e-01
4.572299872327505454e-01
4.605450107783755076e-01
4.628737312304458396e-01
4.643934999697150179e-01
4.652694915927233499e-01
4.656502844298151533e-01
4.656654157930530946e-01
4.654245052463976684e-01
4.650175778683272032e-01
4.645162566614919886e-01
4.639755336286692788e-01
4.634358733303667321e-01
4.629254493216465871e-01
4.624623600772159726e-01
4.671385698825962773e-01
4.710188828706010078e-01
4.741254559193008866e-01
4.765162896945815962e-01
4.782724399728466302e-01
4.794868864139116837e-01
4.802555876988772177e-01
4.806708723832273655e-01
4.808170236670241682e-01
4.807677375248473606e-01
4.805850567140155238e-01
4.803193813333559437e-01
4.800102004512589726e-01
4.796872543356869301e-01
4.793719059212242506e-01
4.790785633284335709e-01
4.788160479022225413e-01
4.785888432788414359e-01
4.783981913065560310e-01
4.782430219743611932e-01
4.781207187764078270e-01
4.780277299257338353e-01
4.779600409952011741e-01
4.779135270481602582e-01
4.778842029795873358e-01
4.778683902419178509e-01
4.778628168243435059e-01
4.778646656074359012e-01
4.778715842521898960e-01
4.778816677634440957e-01
4.778934229037727910e-01
4.779057218008455621e-01
4.779177504373335328e-01
4.779289562644186695e-01
4.779389979481574180e-01
4.779476992398150603e-01
4.779550081451435783e-01
4.779609619351083971e-01
4.779656580698683488e-01
4.779692307750815772e-01
4.779718327908872855e-01
4.779736216865517751e-01
4.779747500769384594e-01
4.779753590723956336e-01
4.779755743258051748e-01
4.779755040965347757e-01
4.779752388207871849e-01
4.779748517533257690e-01
4.779744003211670034e-01
4.882798906432619379e-01
4.864031057870297214e-01
4.846505852024098893e-01
4.830768159529978956e-01
4.817105762041427042e-01
4.805610962456730029e-01
4.899115610135624799e-01
4.975094200473992867e-01
4.933616479075835226e-01
4.896545883419061163e-01
4.864504192604564015e-01
4.837666294469975536e-01
4.815881527741006085e-01
4.798777422944155990e-01
4.888838458619133576e-01
4.963014109861381140e-01
4.920803528968140661e-01
4.883886953114584539e-01
4.852616017398712067e-01
4.826942086625853889e-01
4.806535891294914098e-01
4.790887776985659485e-01
4.779388537391493497e-01
4.771391873067984957e-01
4.766260299799760514e-01
4.763396797393482096e-01
4.762264675622058796e-01
4.762398100374147791e-01
4.866639948899198487e-01
4.951699930093902413e-01
4.917519303878521431e-01
4.886408081318687202e-01
4.961275249003942456e-01
4.919619007693598611e-01
4.883153486247167052e-01
4.852237272028958603e-01
4.826831673517324450e-01
4.806619003904728515e-01
4.791101747232997532e-01
4.779682575318671134e-01
4.771726236542865873e-01
4.766605106979502349e-01
4.763730655286790849e-01
4.762573257981945751e-01
4.762672770951379420e-01
4.763642082453207749e-01
4.765165602782917009e-01
4.766994335020453555e-01
4.768938855681426059e-01
4.770861237449122161e-01
4.772666682344808287e-01
4.774295409105917543e-01
4.775715154396427131e-01
4.776914501675901814e-01
4.777897140144373722e-01
4.778677074354917842e-01
4.779274747862822803e-01
4.779714006910489310e-01
4.780019808337778731e-01
4.780216565914812143e-01
4.780327027953881203e-01
4.780371583755926856e-01
4.780367905079190294e-01
4.780330839731834480e-01
4.780272486322809655e-01
4.780202391228975944e-01
4.780127820299060470e-01
4.780054068290842118e-01
4.779984778279335877e-01
4.779922251172257219e-01
4.779867732017848425e-01
4.779821665053309854e-01
4.779783913534150219e-01
4.779753943443580955e-01
4.779730972359856889e-01
4.779714086209325696e-01
4.779702327499264491e-01
4.779694759037718121e-01
4.779690507224227947e-01
4.779688788832929802e-01
4.779688924889540225e-01
4.779690344830684889e-01
4.779692583678341045e-01
4.779695274500621593e-01
4.779698137988885875e-01
4.779700970577087649e-01
4.779703632173579742e-01
4.779706034270250203e-01
4.779708128942028456e-01
4.779709899046742372e-01
4.779711349777826523e-01
4.779712501604673758e-01
4.779713384551560473e-01
4.779714033710440457e-01
4.779714485849539951e-01
4.779714776963837064e-01
4.779714940610395590e-01
4.779715006878280104e-01
4.779715001854207834e-01
4.779714947461892738e-01
4.779714861569803741e-01
4.779714758280240172e-01
4.779714648329278504e-01
4.779714539542907481e-01
4.779714437308106856e-01
4.779714345029548728e-01
4.779714264552152869e-01
4.779714196537596660e-01
4.779714140788857701e-01
4.779714096521503475e-01
4.779714062583524381e-01
4.779714037627764700e-01
4.779714020242373795e-01
4.779714009044919720e-01
4.779714002746380253e-01
4.779714000190862233e-01
4.779714000376082961e-01
4.779714002459618527e-01
4.779714005754813755e-01
4.779714009719686629e-01
4.779714013941536166e-01
4.779714018119514130e-01
4.779714022046466226e-01
4.779714025591428328e-01
4.779714028683377247e-01
4.779714031296766752e-01
4.779714033439075305e-01
4.779714035140372186e-01
4.779714036444857594e-01
4.779714037404227955e-01
4.779714038072724325e-01
4.779714038503422024e-01
4.779714038745841442e-01
4.779714038844387058e-01
4.779714038837572510e-01
4.779714038757765238e-01
4.779714038631357464e-01
4.779714038479174754e-01
4.779714038317066649e-01
4.779714038156608336e-01
4.779714038005764554e-01
4.779714037869586818e-01
4.779714037750790734e-01
4.779714037650375502e-01
4.779714037568056906e-01
4.779714037502673651e-01
4.779714037452527098e-01
4.779714037415643269e-01
4.779714037389934944e-01
4.779714037373368196e-01
4.779714037364033441e-01
4.779714037360234258e-01
4.779714037360487389e-01
4.779714037363549384e-01
4.779714037368396617e-01
4.779714037374231950e-01
4.779714037380455860e-01
4.779714037386613157e-01
4.779714037392404080e-01
4.779714037397637671e-01
4.779714037402202909e-01
4.779714037406062044e-01
4.779714037409230620e-01
4.779714037411741945e-01
4.779714037413671512e-01
4.779714037415085937e-01
4.779714037416076255e-01
4.779714037416715744e-01
4.779714037417073236e-01
4.779714037417219785e-01
4.779714037417208683e-01
4.779714037417093220e-01
4.779714037416900041e-01
4.779714037416675776e-01
4.779714037416433747e-01
4.779714037416200600e-01
4.779714037415978556e-01
4.779714037415774275e-01
4.779714037415607741e-01
4.779714037415467853e-01
4.779714037415352390e-01
4.779714037415254690e-01
4.779714037415176975e-01
4.779714037415119243e-01
4.779714037415081496e-01
4.779714037415061512e-01
4.779714037415041528e-01
4.779714037415041528e-01
4.779714037415041528e-01
4.779714037415041528e-01
4.779714037415050409e-01
4.779714037415061512e-01
4.779714037415070393e-01
4.779714037415081496e-01
4.779714037415090377e-01
4.779714037415090377e-01
4.779714037415099259e-01
4.779714037415110361e-01
4.779714037415110361e-01
4.779714037415101480e-01
4.779714037415094818e-01
4.779714037415094818e-01
4.779714037415094818e-01
4.779714037415094818e-01
4.779714037415094818e-01
4.779714037415094818e-01
4.779714037415094818e-01
4.779714037415094818e-01
4.779714037415094818e-01
4.779714037415105921e-01
4.779714037415114802e-01
4.779714037415114802e-01
4.779714037415114802e-01
4.779714037415114802e-01
4.779714037415114802e-01
4.779714037415114802e-01
4.779714037415114802e-01
4.779714037415114802e-01
4.779714037415114802e-01
4.779714037415114802e-01
4.779714037415121464e-01
4.779714037415130345e-01
4.779714037415130345e-01
4.779714037415130345e-01
4.726588244454161813e-01
4.683981807946406839e-01
4.702316062235447625e-01
4.667311013031121281e-01
4.640136008651418731e-01
4.619742306522791608e-01
4.605070721442539039e-01
4.595107106000606567e-01
4.588916627218868616e-01
4.585663304787876982e-01
4.584619190551497692e-01
4.585166198114030145e-01
4.586792719309269462e-01
4.589086615785751277e-01
4.591725820863994389e-01
4.594467542497631118e-01
4.597136869220401767e-01
4.599615418354690011e-01
4.601830516846314723e-01
4.603745267014582865e-01
4.605349724220397789e-01
4.606653304333130361e-01
4.607678448712386743e-01
4.608455504508037759e-01
4.609018728052860503e-01
4.507832864580190169e-01
4.526719314707849939e-01
4.544196183451143511e-01
4.559766637686830659e-01
4.573188044901206339e-01
4.584406373132605683e-01
4.593500861360650944e-01
4.600638780508417014e-01
4.606039556472509844e-01
4.609947229830140270e-01
4.612610100965375270e-01
4.614266394595352150e-01
4.615134831994114339e-01
4.615409093879025981e-01
4.565528465234864886e-01
4.574106849810104514e-01
4.532846257497427089e-01
4.500079328229227293e-01
4.474825393834565013e-01
4.503593837554262791e-01
4.481248360378446982e-01
4.511843851271788441e-01
4.490185051521304871e-01
4.520966646637438746e-01
4.547234934705608467e-01
4.568932500230362681e-01
4.586258733425432332e-01
4.550096021701723892e-01
4.568725845703835997e-01
4.583894102679566540e-01
4.595827518474635554e-01
4.604858900863624260e-01
4.611378308830400563e-01
4.615794753922641824e-01
4.618507923016643701e-01
4.569989510875893668e-01
4.579412774001954123e-01
4.587544632585089932e-01
4.594345407404802906e-01
4.599857159818587782e-01
4.604177410404748372e-01
4.607437519413981608e-01
4.609785578416163432e-01
4.611373458038416917e-01
4.612347518220640818e-01
4.612842414869333663e-01
4.612977420550248286e-01
4.713462445225877762e-01
4.694841216889733548e-01
4.677330906900103447e-01
4.661516744969131931e-01
4.747933941063784413e-01
4.718106811025080116e-01
4.691543308106842503e-01
4.768628554558413946e-01
4.731460804709806123e-01
4.699055496752164718e-01
4.671684640446052139e-01
4.649274928204483182e-01
4.631513352737550715e-01
4.617934908524523596e-01
4.607992736223323060e-01
4.601111921640992364e-01
4.596728750537144581e-01
4.594317546670310115e-01
4.593407320945350758e-01
4.593590388362411847e-01
4.594524922476050932e-01
4.595933163486132234e-01
4.597596715004774737e-01
4.599350084307340936e-01
4.601073360089935615e-01
4.602684691110521253e-01
4.604133033333184244e-01
4.605391472944497799e-01
4.606451305853835887e-01
4.607316957519009826e-01
4.608001755970929647e-01
4.608524521419965492e-01
4.608906903685958678e-01
4.609171380157959241e-01
4.609339818785187504e-01
4.609432509948587775e-01
4.609467575664005778e-01
4.609460672569229978e-01
4.609424915092084074e-01
4.609370955975671258e-01
4.609307172135288511e-01
4.609239914072018607e-01
4.609173786401199457e-01
4.609111935261620552e-01
4.609056325362890227e-01
4.609007995208291852e-01
4.608967283659579639e-01
4.608934024595947587e-01
4.608907709087848303e-01
4.608887616395860309e-01
4.608872916351753890e-01
4.608862746412125677e-01
4.608856267012322316e-01
4.608852698891285904e-01
4.608851345894762197e-01
4.608851606465083073e-01
4.608852976648052380e-01
4.608855047035556041e-01
4.608857495647487035e-01
4.608860078362417845e-01
4.608862618146625234e-01
4.608864994015058336e-01
4.608867130388123456e-01
4.608868987285927865e-01
4.608870551622770151e-01
4.608871829727185787e-01
4.608872841109932228e-01
4.608873613429562699e-01
4.608874178557553769e-01
4.608874569616532302e-01
4.608874818852257693e-01
4.608874956198336648e-01
4.608875008399093698e-01
4.608874998567067394e-01
4.608874946066741085e-01
4.608874866631313960e-01
4.608874772635580541e-01
4.608874673463250193e-01
4.608874575920418604e-01
4.608874484659497561e-01
4.608874402587965768e-01
4.608874331245091938e-01
4.608874271136342848e-01
4.608874222020777900e-01
4.608874183150564185e-01
4.608874153464361800e-01
4.608874131738633917e-01
4.608874116701466850e-01
4.608874107114395713e-01
4.608874101827595826e-01
4.608874099813640157e-01
4.608874100184507938e-01
4.608874102196116596e-01
4.608874105243849773e-01
4.608874108852101248e-01
4.608874112660172884e-01
4.608874116406400656e-01
4.608874119911881007e-01
4.608874123064763406e-01
4.608874125805786370e-01
4.608874128115427737e-01
4.608874130002866831e-01
4.608874131496747406e-01
4.608874132637821308e-01
4.608874133473046530e-01
4.608874134051255123e-01
4.608874134420026802e-01
4.608874134623524021e-01
4.608874134701221870e-01
4.608874134687241941e-01
4.608874134610172479e-01
4.608874134493230468e-01
4.608874134354721264e-01
4.608874134208496010e-01
4.608874134064611106e-01
4.608874133929965478e-01
4.608874133808846807e-01
4.608874133703531051e-01
4.608874133614790924e-01
4.608874133542264495e-01
4.608874133484848201e-01
4.608874133440985510e-01
4.608874133408871199e-01
4.608874133386642313e-01
4.608874133372453663e-01
4.608874133364624370e-01
4.608874133361637870e-01
4.608874133362168557e-01
4.608874133365128412e-01
4.608874133369604831e-01
4.608874133374920579e-01
4.608874133380536087e-01
4.608874133386062777e-01
4.608874133391225314e-01
4.608874133395877148e-01
4.608874133399920581e-01
4.608874133403328965e-01
4.608874133406117846e-01
4.608874133408329410e-01
4.608874133410010288e-01
4.608874133411251517e-01
4.608874133412093066e-01
4.608874133412641516e-01
4.608874133412945717e-01
4.608874133413056740e-01
4.608874133413038976e-01
4.608874133412925733e-01
4.608874133412754759e-01
4.608874133412557139e-01
4.608874133412339535e-01
4.608874133412130814e-01
4.608874133411933194e-01
4.608874133411753338e-01
4.608874133411602347e-01
4.608874133411469121e-01
4.608874133411364760e-01
4.608874133411280383e-01
4.608874133411222651e-01
4.608874133411176022e-01
4.608874133411147156e-01
4.608874133411118290e-01
4.608874133411109408e-01
4.608874133411100527e-01
4.608874133411100527e-01
4.608874133411109408e-01
4.608874133411118290e-01
4.608874133411129392e-01
4.608874133411138274e-01
4.608874133411133833e-01
4.608874133411129392e-01
4.608874133411138274e-01
4.608874133411147156e-01
4.608874133411147156e-01
4.608874133411147156e-01
4.608874133411147156e-01
4.608874133411147156e-01
4.608874133411147156e-01
4.608874133411147156e-01
4.608874133411147156e-01
4.608874133411147156e-01
4.608874133411147156e-01
4.608874133411147156e-01
4.608874133411147156e-01
4.608874133411156038e-01
4.608874133411167140e-01
4.608874133411167140e-01
4.608874133411167140e-01
4.608874133411167140e-01
4.608874133411167140e-01
4.608874133411173801e-01
4.608874133411184904e-01
4.608874133411184904e-01
4.608874133411184904e-01
4.608874133411184904e-01
4.608874133411184904e-01
4.608874133411184904e-01
4.608874133411184904e-01
4.608874133411184904e-01
4.608874133411184904e-01
4.608874133411184904e-01
4.608874133411184904e-01
4.608874133411184904e-01
4.608874133411184904e-01
4.608874133411184904e-01
4.608874133411176022e-01
4.608874133411167140e-01
4.608874133411167140e-01
4.608874133411167140e-01
4.608874133411167140e-01
4.608874133411167140e-01
4.608874133411153817e-01
4.608874133411147156e-01
4.608874133411147156e-01
4.608874133411147156e-01
4.608874133411147156e-01
4.608874133411147156e-01
4.608874133411147156e-01
4.608874133411147156e-01
4.608874133411147156e-01
4.608874133411147156e-01
4.608874133411147156e-01
4.608874133411147156e-01
4.608874133411147156e-01
4.608874133411147156e-01
4.608874133411147156e-01
4.608874133411156038e-01
4.608874133411167140e-01
4.608874133411167140e-01
4.608874133411167140e-01
4.608874133411167140e-01
4.608874133411167140e-01
4.608874133411173801e-01
4.608874133411184904e-01
4.608874133411184904e-01
4.608874133411184904e-01
4.608874133411184904e-01
4.608874133411184904e-01
4.608874133411184904e-01
4.608874133411184904e-01
4.608874133411184904e-01
4.608874133411184904e-01
4.608874133411184904e-01
4.608874133411184904e-01
4.608874133411184904e-01
4.608874133411184904e-01
4.608874133411184904e-01
4.608874133411176022e-01
4.608874133411167140e-01
4.608874133411167140e-01
4.608874133411167140e-01
4.608874133411167140e-01
4.608874133411167140e-01
4.608874133411153817e-01
4.608874133411147156e-01
4.608874133411147156e-01
4.608874133411147156e-01
4.608874133411147156e-01
4.608874133411147156e-01
4.608874133411147156e-01
4.608874133411147156e-01
4.608874133411147156e-01
4.608874133411147156e-01
4.608874133411147156e-01
4.608874133411147156e-01
4.608874133411147156e-01
4.608874133411147156e-01
4.608874133411147156e-01
4.608874133411156038e-01
4.608874133411167140e-01
4.608874133411167140e-01
4.608874133411167140e-01
4.608874133411167140e-01
4.608874133411167140e-01
4.608874133411173801e-01
4.608874133411184904e-01
4.608874133411184904e-01
4.608874133411184904e-01
4.608874133411184904e-01
4.608874133411184904e-01
4.608874133411184904e-01
4.608874133411184904e-01
4.608874133411184904e-01
4.608874133411184904e-01
4.608874133411184904e-01
4.608874133411184904e-01
4.608874133411184904e-01
4.608874133411184904e-01
4.608874133411184904e-01
4.608874133411176022e-01
4.608874133411167140e-01
4.608874133411167140e-01
4.608874133411167140e-01
4.608874133411167140e-01
4.608874133411167140e-01
4.608874133411153817e-01
4.608874133411147156e-01
4.608874133411147156e-01
4.608874133411147156e-01
4.608874133411147156e-01
4.608874133411147156e-01
4.608874133411147156e-01
4.608874133411147156e-01
4.608874133411147156e-01
4.608874133411147156e-01
4.608874133411147156e-01
4.608874133411147156e-01
4.608874133411147156e-01
4.608874133411147156e-01
4.608874133411147156e-01
4.608874133411156038e-01
4.608874133411167140e-01
4.608874133411167140e-01
4.608874133411167140e-01
4.608874133411167140e-01
4.608874133411167140e-01
4.608874133411173801e-01
4.709422177471953574e-01
4.790826707673325746e-01
4.854768320794295988e-01
4.804765750918646994e-01
4.759522390374499867e-01
4.719980725860697390e-01
4.686508676387564076e-01
4.759088267719837617e-01
4.719239936081642828e-01
4.685591587277373460e-01
4.658054446642430069e-01
4.636243722820083679e-01
4.619586321987669830e-01
4.607407454969514315e-01
4.598997305932237545e-01
4.593659785449510924e-01
4.590745892612013712e-01
4.589674402207271076e-01
4.690680793703136953e-01
4.673511644452859048e-01
4.658136264246723890e-01
4.644821537407282097e-01
4.633645813466338303e-01
4.624551192404420252e-01
4.617387447106284792e-01
4.712464851527038423e-01
4.690240740369751027e-01
4.670454805941086640e-01
4.753510292900366974e-01
4.820577377015988763e-01
4.774224920182470466e-01
4.733137145393033762e-01
4.697891675482848139e-01
4.668589742619886351e-01
4.644989702913977503e-01
4.626620604005722281e-01
4.612875234524724810e-01
4.603083315104863349e-01
4.596566450796151226e-01
4.693387899714169809e-01
4.673209069502803903e-01
4.655746808571963324e-01
4.641100424705977279e-01
4.629191165662884799e-01
4.619819571575005668e-01
4.612712229002040587e-01
4.607558534751774459e-01
4.604038435936197438e-01
4.601842326821627971e-01
4.600684371394281325e-01
4.600310509820362270e-01
4.600502325482793697e-01
4.701704260917503042e-01
4.684184265752340259e-01
4.668003618002698474e-01
4.653607944258426610e-01
4.641215356069194886e-01
4.731199367503133857e-01
4.804208496818267449e-01
4.762691935462337600e-01
4.725601416040894343e-01
4.693553990333527715e-01
4.666720157509776090e-01
4.644945550175383353e-01
4.627854802198827500e-01
4.614937079586296509e-01
4.605613820146385873e-01
4.599290068115542418e-01
4.595391349422122129e-01
4.694091990662319080e-01
4.675180215254997051e-01
4.658499816270671445e-01
4.644254691047062789e-01
4.632459425055495128e-01
4.622995100045474981e-01
4.615655599062888914e-01
4.610184747346088852e-01
4.606305005816708764e-01
4.603738680575781839e-01
4.602222739487464853e-01
4.601518356794644937e-01
4.601416263269695328e-01
4.601738886409310059e-01
4.602340143271008710e-01
4.603103614204067107e-01
4.603939691138771995e-01
4.604782167554786199e-01
4.605584623799274802e-01
4.606316863602364364e-01
4.606961576143595583e-01
4.607511332322264952e-01
4.607965972666028254e-01
4.608330405844895949e-01
4.608612809143686206e-01
4.608823203589158535e-01
4.608972364946470890e-01
4.609071025884796668e-01
4.609129322863692035e-01
4.609156442523800745e-01
4.609160425602192301e-01
4.609148090852623891e-01
4.709670566102370781e-01
4.691330824532986554e-01
4.674202661050943508e-01
4.658819621601872907e-01
4.645463613841245287e-01
4.634225279303367806e-01
4.625056448458755298e-01
4.617814313729589060e-01
4.612297441777506446e-01
4.608274123091744556e-01
4.605503816973997022e-01
4.603752601148956014e-01
4.602803594114255326e-01
4.602463305605632993e-01
4.602564807060478547e-01
4.602968518499515049e-01
4.603561296326430519e-01
4.604254390061763846e-01
4.604980723430940337e-01
4.605691851998157116e-01
4.606354858774932559e-01
4.606949372235920048e-01
4.607464827975249477e-01
4.607898045027387646e-01
4.708805460977143476e-01
4.690769561320593528e-01
4.673883115407053701e-01
4.658685688883112963e-01
4.645466318978785925e-01
4.634323202881087678e-01
4.625215638507405025e-01
4.618007833801596185e-01
4.612504683841092135e-01
4.608479990410156990e-01
4.605697859113568882e-01
4.603928161941190922e-01
4.602957014679505132e-01
4.602593208886953668e-01
4.602671477811022260e-01
4.603053383151394229e-01
4.603626500315549652e-01
4.604302465582372772e-01
4.605014337815436232e-01
4.605713625551093315e-01
4.606367240568101096e-01
4.606954562781502283e-01
4.607464738581941166e-01
4.607894284809366248e-01
4.708799405317076747e-01
4.690762187215131718e-01
4.673875206776532121e-01
4.658677822205650187e-01
4.745637872424441905e-01
4.716343894976056106e-01
4.690243646122567167e-01
4.667746573391737819e-01
4.648950959708924024e-01
4.633730845780885677e-01
4.621809363755116085e-01
4.612818515698939859e-01
4.606346108419887564e-01
4.601971052049049771e-01
4.699932950785412622e-01
4.680253483858711760e-01
4.762773945663163477e-01
4.729656519196336895e-01
4.799804979063519994e-01
4.756494108697066903e-01
4.718467521613358695e-01
4.686137284010061244e-01
4.659494751529109635e-01
4.638234100567617535e-01
4.621856196415650153e-01
4.609752674450353638e-01
4.601271215557420913e-01
4.595763813377813367e-01
4.592620328321757039e-01
4.591289832825655726e-01
4.591292234768398206e-01
4.692937860463266553e-01
4.676110471196848195e-01
4.660837343832040514e-01
4.647451993792186542e-01
4.636088521476000590e-01
4.626734228297881835e-01
4.719717633231228504e-01
4.695727219622305437e-01
4.674418408658154167e-01
4.656102856741868301e-01
4.640841717696817526e-01
4.628516930885018255e-01
4.618890966384781027e-01
4.712175283602528797e-01
4.788464460745094353e-01
4.749907894357159321e-01
4.815027879491504681e-01
4.767563158007250834e-01
4.726041381917922557e-01
4.790581003139939842e-01
4.743775470091382562e-01
4.803544146335936293e-01
4.851941950039779794e-01
4.889929737146627708e-01
4.820327864707547594e-01
4.760468877083969819e-01
4.810116723885429213e-01
4.752098711230987593e-01
4.703963344361079546e-01
4.665299436028467195e-01
4.735596185668566882e-01
4.794866792580614323e-01
4.744211342833324352e-01
4.701667267329632249e-01
4.667049165249435028e-01
4.639807580916623930e-01
4.719609367591579563e-01
4.786262575633113414e-01
4.741113649955661646e-01
4.702600241959127292e-01
4.670760461976903866e-01
4.645269555446032150e-01
4.725943451714469390e-01
4.693159971499305527e-01
4.765803883267485386e-01
4.825069274833051480e-01
4.871974604286855026e-01
4.907870538600780375e-01
4.836037195459235161e-01
4.872655291332474992e-01
4.901409149310784752e-01
4.923199843166434775e-01
4.939014836930974983e-01
4.851788603064906003e-01
4.876661898234924131e-01
4.798460028539339728e-01
4.733667445844653709e-01
4.681726738422546941e-01
4.641558445334097449e-01
4.611770581028666882e-01
4.590826931588074533e-01
4.577174880997922912e-01
4.670281015294310833e-01
4.648555380905667889e-01
4.631308733789056831e-01
4.618100001372715813e-01
4.708959481836578753e-01
4.683973454540337755e-01
4.662584918756134122e-01
4.745020870186336115e-01
4.712621369591640796e-01
4.784323732639939042e-01
4.742765211447170781e-01
4.706685877057619205e-01
4.676338246682085753e-01
4.751715669920335561e-01
4.714130752587573081e-01
4.682337417402169244e-01
4.656270490620009195e-01
4.635582193862251010e-01
4.619744039175568417e-01
4.708684349899183719e-01
4.782187396963273329e-01
4.741971528787913837e-01
4.706875808771315839e-01
4.677207601116422087e-01
4.652898117841621772e-01
4.633616458980001074e-01
4.618864703711085262e-01
4.708610524869683012e-01
4.682869564475238278e-01
4.761032387817749623e-01
4.724971351125133445e-01
4.693678648489727490e-01
4.667366826469714347e-01
4.645923404687626324e-01
4.729357744375446426e-01
4.698336470448152280e-01
4.671970358417052438e-01
4.650246928208596753e-01
4.632912751622326741e-01
4.619558325539647736e-01
4.609686434545436917e-01
4.703374500930979085e-01
4.780412879842648177e-01
4.742726511205146434e-01
4.808895248297846425e-01
4.762425415142423901e-01
4.821272564587943954e-01
4.769175370468481390e-01
4.724313183601638322e-01
4.786639265846630575e-01
4.837698809850428106e-01
4.779468264148716283e-01
4.829074552720697966e-01
4.869110774042060275e-01
4.801835415834689869e-01
4.744580670320830418e-01
4.797027793410668650e-01
4.840729658772975341e-01
4.777238374790242492e-01
4.723934425491236322e-01
4.780413141767358987e-01
4.827779768541025085e-01
4.767405146657446302e-01
4.716810368752808458e-01
4.675744340894456563e-01
4.643525442443801055e-01
4.719647416692436259e-01
4.683985663100862507e-01
4.755203375418342038e-01
4.814056228780267954e-01
4.762276057199532620e-01
4.717997011274217556e-01
4.681304703157611602e-01
4.651859915962768266e-01
4.629040483178252785e-01
4.712573986218702160e-01
4.682358995370363708e-01
4.757454210372191739e-01
4.818849370327378256e-01
4.867551662988214289e-01
4.806389325705617832e-01
4.852287359042801729e-01
4.789828225250678528e-01
4.736594638903903753e-01
4.792336855959975495e-01
4.838559552315944146e-01
4.875757151250919019e-01
4.806213012952957886e-01
4.846272731379874799e-01
4.779999895576891866e-01
4.724591137130353946e-01
4.679732487831000931e-01
4.644642797974456450e-01
4.718704933795867529e-01
4.681656154091795585e-01
4.651943043147035439e-01
4.628931436825551859e-01
4.712338759142351563e-01
4.781854658387552082e-01
4.838113554036915787e-01
4.783485887101548428e-01
4.736097249244102247e-01
4.795936393567121758e-01
4.844788311364234268e-01
4.883469120120003115e-01
4.913076249244550109e-01
4.836622386924964712e-01
4.869974120681164198e-01
4.797991758722979228e-01
4.737616211561879176e-01
4.688579522045364101e-01
4.650090933202035703e-01
4.621030440637923231e-01
4.600106309239468949e-01
4.686754854640620138e-01
4.759867875110825874e-01
4.720355578778114847e-01
4.686884493420586661e-01
4.759441405898614530e-01
4.818987334523423538e-01
4.767475355424077854e-01
4.822502535974113602e-01
4.767693510066095541e-01
4.820411957952042137e-01
4.863054865749167899e-01
4.797860125339561410e-01
4.742279713426724719e-01
4.696373491631282704e-01
4.659673566338107253e-01
4.631361648013412324e-01
4.610415747372622608e-01
4.595725979132190275e-01
4.586181323981184388e-01
4.580730616812676015e-01
4.679275528804078821e-01
4.760932695586232999e-01
4.727297651243373977e-01
4.697583523556003726e-01
4.672172153261957561e-01
4.751227821106009941e-01
4.716214434868761796e-01
4.686114559044298744e-01
4.761056249216173430e-01
4.822153315016670660e-01
4.870474659419496977e-01
4.808920844955075768e-01
4.755330595485294243e-01
4.809663222417852602e-01
4.853990947487685226e-01
4.790362944546189272e-01
4.736277772993884305e-01
4.791446880414891307e-01
4.738086425187069128e-01
4.793647823386235629e-01
4.740464555936334534e-01
4.796001818566324459e-01
4.841887792220076481e-01
4.779869806342684768e-01
4.826811151476677608e-01
4.766182034335668671e-01
4.715471940340680845e-01
4.774280765578409191e-01
4.724201614135343785e-01
4.683110375847552298e-01
4.650486374551057178e-01
4.725894128393746119e-01
4.689462553636229991e-01
4.659771869709812275e-01
4.636363699331698118e-01
4.618583391218973322e-01
4.605673378593917455e-01
4.596844748627044730e-01
4.591329255994525127e-01
4.588414577347603718e-01
4.688228906833540321e-01
4.770271664406868783e-01
4.736495995823792882e-01
4.805764203886266905e-01
4.860577834948802689e-01
4.902531390785607179e-01
4.933392175451332129e-01
4.856946316160835053e-01
4.790351348898800321e-01
4.734175190899441166e-01
4.688274323073158278e-01
4.652003807359661458e-01
4.724788609402157391e-01
4.786348020227910727e-01
4.836895555521043555e-01
4.778343031809404451e-01
4.728460160525296274e-01
4.687283691161268084e-01
4.654380528827530838e-01
4.729352367482833053e-01
4.692466586532839656e-01
4.762308209567960304e-01
4.720418805936301698e-01
4.685276735543804083e-01
4.656709607861218014e-01
4.634248976695478639e-01
4.617242523881162075e-01
4.604943670713812498e-01
4.596579981334492082e-01
4.591402623679667894e-01
4.588719664419209643e-01
4.587916148054049792e-01
4.588463828802560318e-01
4.589923171965786253e-01
4.591939893491752134e-01
4.594237920630306338e-01
4.596610274138466234e-01
4.598909019757564387e-01
4.601035128025623422e-01
4.602928822613845394e-01
4.604560788160532159e-01
4.605924445355265018e-01
4.607029378286513488e-01
4.607895910591992550e-01
4.608550766559895706e-01
4.609023715285047729e-01
4.609345075207382791e-01
4.609543948501013677e-01
4.609647056210670613e-01
4.609678052792676173e-01
4.710197375516402829e-01
4.691832284672035058e-01
4.774543105917767871e-01
4.840249441743917913e-01
4.792100190517853964e-01
4.748818625949602357e-01
4.711213522096977524e-01
4.679558923771285350e-01
4.753830353317305413e-01
4.715385772784552731e-01
4.682923878013665053e-01
4.656357928755376907e-01
4.635315957908432427e-01
4.619244703628699877e-01
4.607493096057098114e-01
4.599376478863150819e-01
4.594223549306453158e-01
4.591408468543316523e-01
4.590370767468208157e-01
4.691357015712154244e-01
4.674144133311115556e-01
4.758749857721069620e-01
4.727252455427182198e-01
4.699038315431880442e-01
4.774484267727523434e-01
4.735952037415582794e-01
4.702352085778898072e-01
4.773859173912613496e-01
4.732621364436524480e-01
4.697297606431465322e-01
4.667971984346588332e-01
4.644387855073905946e-01
4.626061589667656015e-01
4.712888434492794598e-01
4.684939541772030758e-01
4.661427300432006149e-01
4.642254231792835029e-01
4.627123103344685795e-01
4.716092338962434294e-01
4.789217250400177317e-01
4.800170623136532644e-01
