-7.571544194599644229e-02
-7.586570927229052685e-02
-7.596896397413632762e-02
-7.603401648828955750e-02
-7.606904124066127260e-02
-7.663404895421610519e-02
-7.652800405651749571e-02
-7.697530919044925923e-02
-7.732693748280428103e-02
-7.759235617785864569e-02
-7.778295079398978018e-02
-7.791084272738157956e-02
-7.798798741593460093e-02
-8.540473697010697585e-02
-9.143924989854856911e-02
-9.618924496933911605e-02
-9.979266190232793932e-02
-1.024073328560504148e-01
-1.041959808950709832e-01
-1.053157320527449148e-01
-1.051372612334160461e-01
-1.047107242486287060e-01
-1.041372792805901337e-01
-9.631511407165205263e-02
-8.981902796558527413e-02
-8.457786889301077693e-02
-8.047871510219728464e-02
-7.794427630837352794e-02
-7.559494313223225070e-02
-7.451340342245083015e-02
-8.119357391080606057e-02
-8.633485203507462735e-02
-9.058726647267789645e-02
-9.400073703823985660e-02
-9.665423372042858396e-02
-9.864218014092629438e-02
-1.000645675672116042e-01
-1.010200155401448363e-01
-1.023348817757201434e-01
-1.032361906529817297e-01
-1.030457414274439376e-01
-1.027224616884285791e-01
-1.023245267678776216e-01
-1.018959817509947907e-01
-1.014688419830926946e-01
-1.010651709060714776e-01
-1.006990218632499712e-01
-9.389687369039778631e-02
-8.761405483431139452e-02
-8.262597313398956089e-02
-7.880097861710955165e-02
-6.928627479426241464e-02
-6.130092609236914569e-02
-5.567677362115808215e-02
-5.122608144437323929e-02
-4.854474341937176085e-02
-4.691713787763673871e-02
-4.578092010513135079e-02
-4.533591232724853981e-02
-4.539055024267324434e-02
-4.578690444346711352e-02
-4.639842801113513993e-02
-4.712667123344527198e-02
-4.789755927596051066e-02
-4.145297663245139930e-02
-3.628225837595588921e-02
-3.250325897341599379e-02
-2.944518566264964221e-02
-2.726642070004881013e-02
-1.871175907546596129e-02
-1.195556218996007836e-02
-6.828627680303567260e-03
-3.122941575996351915e-03
-6.140818931039682127e-04
9.214326128941241478e-04
1.693736363939546408e-03
9.387505443958499285e-03
1.538280430932847942e-02
1.985216084793495206e-02
2.300326642993599791e-02
2.505690289400619442e-02
2.623003876804208545e-02
2.672403856341487582e-02
3.408212966287482715e-02
3.966350324477185829e-02
4.373268829139420610e-02
5.398694309295426486e-02
6.182130985420242197e-02
6.757914133424147707e-02
7.896018287359352072e-02
8.691953359055304418e-02
9.322373224722890761e-02
9.757450887521001981e-02
1.076129944339014877e-01
1.150722953617813182e-01
1.194745989979693057e-01
1.222014781315718945e-01
1.236383454690515027e-01
1.312255503455332928e-01
1.377706094948392135e-01
1.414892634387316939e-01
1.438386887557154825e-01
1.451191708150079140e-01
1.455925089986080945e-01
1.454811056415810100e-01
1.449691771770651449e-01
1.371383103594896458e-01
1.365584341292382931e-01
1.290346372725867941e-01
1.298689068718643647e-01
1.306671964374817030e-01
1.313991860267469391e-01
1.320473652957945276e-01
1.326038565148741633e-01
1.330678187023222048e-01
1.403396059259645057e-01
1.462606860063493386e-01
1.509341406427049392e-01
1.613560453781592852e-01
1.695476874326107275e-01
1.757612255183351735e-01
1.802745596578978482e-01
1.833690506056715464e-01
1.853140409141504907e-01
1.863567518411755053e-01
1.867163536795546364e-01
1.878762287898683159e-01
1.884696622143922085e-01
1.873165271250294417e-01
1.792149938113261065e-01
1.723967984938705733e-01
1.668325326134139086e-01
1.624344624769042955e-01
1.601932612441534509e-01
1.656009576608199474e-01
1.633505049512558038e-01
1.686337076733461782e-01
1.731148029998164084e-01
1.767952889345740797e-01
1.797199985638919806e-01
1.819614621474001659e-01
1.836073699263516268e-01
1.860693403239146448e-01
1.949817428589162294e-01
2.020934373834031295e-01
2.075591488054280287e-01
2.115784373434665966e-01
2.214542363885112497e-01
2.290123489005355673e-01
2.345564585648647338e-01
2.384068006615021051e-01
2.478782433447095368e-01
2.549469836458677641e-01
2.599798644124129421e-01
2.633377995363157531e-01
2.653581378905112143e-01
2.663442522489027908e-01
2.665603339537521155e-01
2.662298640168676567e-01
2.655366164650752037e-01
2.646273371397904750e-01
2.705042757300304412e-01
2.750887005343327640e-01
2.785359796627284723e-01
2.878319282913530675e-01
2.950438740542247196e-01
3.004357141812274978e-01
3.042843308882068332e-01
3.068611501970199829e-01
3.084199909675724438e-01
3.091896483810572249e-01
3.093700000305510400e-01
3.091306969777620761e-01
3.086117095912130903e-01
3.100774296424309018e-01
3.178670947973900596e-01
3.240690766078628826e-01
3.288270350114461671e-01
3.323200185626877801e-01
3.347421241171542050e-01
3.362871963109890228e-01
3.463403293683855466e-01
3.517492700918669613e-01
3.581373161470773336e-01
3.628439225834800830e-01
3.661187826853842253e-01
3.723470454530899421e-01
3.768154116797157727e-01
3.798439440473011519e-01
3.777472051434032085e-01
3.794935572553561620e-01
3.739016059075412901e-01
3.689763576686180269e-01
3.647720714530195973e-01
3.612890591605872892e-01
3.584901591199542992e-01
3.563140276683238739e-01
3.546855967069568738e-01
3.535240609667602563e-01
3.527487553847408197e-01
3.522832675701794702e-01
3.520581072632704700e-01
3.520122266243486120e-01
3.520936538589587439e-01
3.455671917661824466e-01
3.402896941552679966e-01
3.385429042004968192e-01
3.373781850895711809e-01
3.366889408511368753e-01
3.294426720426979482e-01
3.306599235533724812e-01
3.226710828157450806e-01
3.187327497784480101e-01
3.135974035531112758e-01
3.167797732436201663e-01
3.197851494128967076e-01
3.248164061783294088e-01
3.222070098268232652e-01
3.200987209399797084e-01
3.184546789634969954e-01
3.172240455676298421e-01
3.140643974448620313e-01
3.116438171648485689e-01
3.098598060428574552e-01
3.016755765431597958e-01
2.951965418773099259e-01
2.902429146374037039e-01
2.866100934290225499e-01
2.840868955036692789e-01
2.824684861009048031e-01
2.815650225759318559e-01
2.812069118097582088e-01
2.812474542904894736e-01
2.795573333709364672e-01
2.804104090199499577e-01
2.743669991193173896e-01
2.765669406142654552e-01
2.716354829391491865e-01
2.658449559943059093e-01
2.614018707177685474e-01
2.581207154568627704e-01
2.576415905736391121e-01
2.576154174448721523e-01
2.560666308706260885e-01
2.550686892239715231e-01
2.475373339893416347e-01
2.416141070858293105e-01
2.301178493425506399e-01
2.211078619041106919e-01
2.143088567705133674e-01
2.008919584362152122e-01
1.907134326981729799e-01
1.833002109187749085e-01
1.781827656919976466e-01
1.749193109425539738e-01
1.731098292613864054e-01
1.654130716635220377e-01
1.597903452084006304e-01
1.559075835343795013e-01
1.534415425275537093e-01
1.450549691974141187e-01
1.387863080895967993e-01
1.343283743717018641e-01
1.313705191311500542e-01
1.296161285291161924e-01
1.287941827472962597e-01
1.286660007479463186e-01
1.290282318215676405e-01
1.297130478500934103e-01
1.305863623166716447e-01
1.315447663375624021e-01
1.325117374207152032e-01
1.334335500767356297e-01
1.342752037646732788e-01
1.350165860081617986e-01
1.356490081197898601e-01
1.361721875515691238e-01
1.365917030736736315e-01
1.369169147439566192e-01
1.371593176684491322e-01
1.373312845809251392e-01
1.374451451884435293e-01
1.375125482184542669e-01
1.375440536472261055e-01
1.375489064721862054e-01
1.375349486641239682e-01
1.375086318821541198e-01
1.374750996311704387e-01
1.374383134216872193e-01
1.374012029146105540e-01
1.373658248555373884e-01
1.373335197564089505e-01
1.373050587535671330e-01
1.372807758864187377e-01
1.372606832518297182e-01
1.372445681635170445e-01
1.372320726579130401e-01
1.372227565146102446e-01
1.372161454738896058e-01
1.372117666035561623e-01
1.372091728522888410e-01
1.372079587785188792e-01
1.372077693053594949e-01
1.372083031580602075e-01
1.372093124179163404e-01
1.372105993959502612e-01
1.372120118055861759e-01
1.372134370058444297e-01
1.372147959012419705e-01
1.372160369246280265e-01
1.372171303953138022e-01
1.372180634362130114e-01
1.372188355484158517e-01
1.382056268606106642e-01
1.390224620697642077e-01
1.396757299207191938e-01
1.401787626796380248e-01
1.405491862514531842e-01
1.335278710400682467e-01
1.277190410486348515e-01
1.157454422736436950e-01
1.061485325488287224e-01
9.800484576327672670e-02
8.471573848702251830e-02
6.732925699157110699e-02
5.401509702204432273e-02
3.698191312349519144e-02
2.405869505352931093e-02
7.801443776932037721e-03
-4.026123724409025328e-03
-1.925874001279126446e-02
-3.023297658477974714e-02
-3.770424087283608117e-02
-4.236751209025801934e-02
-5.183928390151359977e-02
-5.837974941085821712e-02
-6.298371635629362864e-02
-6.520782381611600620e-02
-7.302567073483845483e-02
-7.851449486981043613e-02
-8.209752874051501337e-02
-8.416789570082094940e-02
-8.507751989422329686e-02
-9.212907022952765423e-02
-9.729781083926059004e-02
-1.086230424741638778e-01
-1.165163913511715332e-01
-1.221805243063587287e-01
-1.260013304458786898e-01
-1.352948908377700210e-01
-1.421449199584214895e-01
-1.469418190470195285e-01
-1.500630060942720334e-01
-1.518571733015499081e-01
-1.606368832215596676e-01
-1.742148474362477106e-01
-1.846848899170889791e-01
-1.993522954741087094e-01
-2.104160927199223430e-01
-2.183801736204629140e-01
-2.237630419632068435e-01
-2.270638911961475603e-01
-2.287409646205151859e-01
-2.291992543443426289e-01
-2.287850740461605525e-01
-2.346543885435934396e-01
-2.388993667667260734e-01
-2.417941803851171301e-01
-2.435997131262661597e-01
-2.513556255568480946e-01
-2.589940199260489795e-01
-2.647411206114018700e-01
-2.688531860005032303e-01
-2.715982008709107998e-01
-2.732382895988083593e-01
-2.740172132216993628e-01
-2.741524025670523113e-01
-2.738307859300386227e-01
-2.732075954988941735e-01
-2.792877281036787451e-01
-2.860241004432033662e-01
-2.892051489069249470e-01
-2.913881626232106559e-01
-2.948372185836976023e-01
-2.973008941620296497e-01
-2.989401356164584911e-01
-2.999129441861547729e-01
-3.003666307297565563e-01
-3.025989745029531441e-01
-3.041838320918346383e-01
-3.122704756919756353e-01
-3.163459638786108030e-01
-3.192607988802842467e-01
-3.212220916855013098e-01
-3.247394107126579943e-01
-3.249248982897297022e-01
-3.178085260981950988e-01
-3.185930407113592988e-01
-3.191215553317152676e-01
-3.194453625635376159e-01
-3.127515915674949909e-01
-3.071836403522116843e-01
-3.026932828233481754e-01
-2.922571731945171614e-01
-2.819005671411500824e-01
-2.739223646689732394e-01
-2.610745705359920343e-01
-2.512219873962706629e-01
-2.422451864689449952e-01
-2.358492820699789050e-01
-2.331806890675942601e-01
-2.387613193394555466e-01
-2.388745258073410316e-01
-2.394953288396570734e-01
-2.404455310917008592e-01
-2.415793337099645388e-01
-2.410315113756664740e-01
-2.407824942842160532e-01
-2.407530500202763601e-01
-2.338463988105754510e-01
-2.283320047030987787e-01
-2.154659660850353209e-01
-2.053830565715040191e-01
-1.977425811625699303e-01
-1.921834942429885285e-01
-1.813757243374394257e-01
-1.732377660311463785e-01
-1.662058345278334404e-01
-1.544193601325007936e-01
-1.456729098007838452e-01
-1.394755201354593854e-01
-1.353606151931345813e-01
-1.329012846999031439e-01
-1.248210113813699174e-01
-1.189419708220904592e-01
-1.079768981253650395e-01
-9.975238414268638998e-02
-9.387446397532039910e-02
-8.994470324586156806e-02
-8.003824432399531119e-02
-7.331114665396332164e-02
-6.864644920798479433e-02
-6.567157374989029961e-02
-6.403615524388595048e-02
-6.342378274649962400e-02
-5.653688699505843296e-02
-5.143583201289403384e-02
-4.109935128563946272e-02
-3.313414159161087724e-02
-2.727582715262877322e-02
-1.600992049760119329e-02
-2.776634840770952906e-04
1.159779782710690377e-02
2.730344597852685240e-02
4.602963999025067032e-02
5.998896342951365313e-02
7.750552785548436852e-02
9.045661902241919350e-02
9.951740147329446451e-02
1.053707904559271213e-01
1.166297067856101322e-01
1.317860972314301993e-01
1.429015660168764246e-01
1.505726033520811136e-01
1.626482325338152179e-01
1.711578135652709332e-01
1.767241417222016331e-01
1.786404796908771520e-01
1.860929154392205742e-01
1.910775253231469240e-01
1.941122074887560167e-01
2.026242545866074884e-01
2.031932987098457044e-01
2.027990141644866462e-01
2.073093156698988526e-01
2.118726848409326902e-01
2.150407981344522046e-01
2.240809135867583013e-01
2.309330056104439421e-01
2.358973307676486275e-01
2.480254164995336907e-01
2.555320770767828265e-01
2.677778484009205595e-01
2.768931076241658573e-01
2.833686738709209063e-01
2.945001195376006908e-01
3.026117933621397249e-01
3.082171634205923549e-01
3.185007794349956622e-01
3.281894703886372167e-01
3.351811958713220019e-01
3.399131446475069929e-01
3.428108428544249797e-01
3.442699488613480963e-01
3.446444735628040323e-01
3.442403811592085194e-01
3.500494537355851588e-01
3.475835710048658100e-01
3.450424191726237932e-01
3.425831773543446257e-01
3.403112881908683107e-01
3.382903469414888509e-01
3.297590913987762384e-01
3.227279268655045552e-01
3.193872169063345368e-01
3.146332118394132848e-01
3.041228796299488835e-01
2.958642303999610146e-01
2.896200824271726315e-01
2.851146282043426350e-01
2.820610234395406479e-01
2.801809853957610841e-01
2.792177045460020324e-01
2.789434337710616774e-01
2.791630249591869894e-01
2.797145172358610488e-01
2.804676934673377975e-01
2.813213385168062963e-01
2.821997667333902005e-01
2.760434070313524391e-01
2.710872137657001080e-01
2.672320697920487209e-01
2.572699087440590837e-01
2.475984462353055804e-01
2.402304022463477295e-01
2.277816880016267920e-01
2.182752810506192187e-01
2.098015812319242723e-01
2.038104185080256148e-01
1.998277673168746826e-01
1.974293983984274359e-01
1.893141628570618185e-01
1.916525101554571453e-01
1.873104185655902754e-01
1.842872303728715355e-01
1.823541850878038773e-01
1.799962907724110828e-01
1.715004444703254194e-01
1.579546451876832069e-01
1.474389756586726996e-01
1.395857858711866406e-01
1.339980634991628783e-01
1.231796569480829717e-01
1.151456194226772034e-01
1.094766052294569025e-01
9.861918782545342488e-02
9.060594399076071781e-02
7.783605163712481456e-02
6.115228554466933808e-02
4.854986107633130210e-02
3.225706883568157934e-02
1.298981502186458137e-02
-8.524668457677186950e-03
-2.433573369652952678e-02
-4.249329440565619009e-02
-5.586129556555818887e-02
-6.456908668979144394e-02
-7.690392695042236326e-02
-8.528610164915018110e-02
-9.050414519638771971e-02
-9.326205989848745936e-02
-9.417095370571204604e-02
-9.440865595223302265e-02
-1.006725198529052623e-01
-1.050106957138958741e-01
-1.077625626408222903e-01
-1.092528105863164178e-01
-1.105708531971689723e-01
-1.174327188956376666e-01
-1.233843336052509176e-01
-1.349517289734574188e-01
-1.438433602316888660e-01
-1.503776975288657614e-01
-1.560518422236436553e-01
-1.660428392072856862e-01
-1.746508520515444030e-01
-1.881848699662564961e-01
-1.983698060930247919e-01
-2.056630932021668023e-01
-2.105458090316236763e-01
-2.134865374337533428e-01
-2.165210954057370518e-01
-2.181564079855009552e-01
-2.187136052554381482e-01
-2.259046858357800502e-01
-2.312085172510314202e-01
-2.349096074738066253e-01
-2.372950460214819923e-01
-2.386368929801216954e-01
-2.391811499313627465e-01
-2.391418707686554512e-01
-2.386990785407625548e-01
-2.379993472992742998e-01
-2.445221632654817068e-01
-2.496212022894297444e-01
-2.534651377132881578e-01
-2.562367885888905406e-01
-2.581189107349370904e-01
-2.592846204945391531e-01
-2.671479208593807719e-01
-2.732380937832721290e-01
-2.798477763785514050e-01
-2.848296872914126698e-01
-2.862531731591577699e-01
-2.868659269027471481e-01
-2.890274144176525617e-01
-2.882380719599790808e-01
-2.944135104561469429e-01
-3.085136643570509651e-01
-3.196813818294492737e-01
-3.353206060791897869e-01
-3.473252015773311552e-01
-3.561770216066846295e-01
-3.623764526866257718e-01
-3.664091881065769662e-01
-3.756749303455120259e-01
-3.823189230552701545e-01
-3.868025517635240718e-01
-3.992623697058965693e-01
-4.086556317141016859e-01
-4.154071844792024404e-01
-4.199541149842151988e-01
-4.227191797677927187e-01
-4.240927524511881597e-01
-4.244217758743940028e-01
-4.240042721899748290e-01
-4.230880909205712026e-01
-4.287113820065233671e-01
-4.329185489684048704e-01
-4.327936042961040286e-01
-4.322658579757427955e-01
-4.314912811186275565e-01
-4.305880850499366197e-01
-4.362333500061308378e-01
-4.406453252976660906e-01
-4.374662162770279750e-01
-4.376333463212356278e-01
-4.309525233852378179e-01
-4.319574225258024924e-01
-4.394927260984389239e-01
-4.389726115834409192e-01
-4.450726962962237021e-01
-4.499250048171257177e-01
-4.536516072193175209e-01
-4.563978704893780769e-01
-4.649111472552023283e-01
-4.748475214909118058e-01
-4.890987084986320177e-01
-5.001486905012046957e-01
-5.083892666627358725e-01
-5.142425026044115111e-01
-5.244930142235357806e-01
-5.256365028557259400e-01
-5.256487791778792218e-01
-5.311967318336869859e-01
-5.350578668917054248e-01
-5.375507882197172460e-01
-5.327078227832591217e-01
-5.344570824018286537e-01
-5.292441960435230186e-01
-5.346455641131853120e-01
-5.325856415572114422e-01
-5.370092920386877466e-01
-5.404696778249689082e-01
-5.430712001135271638e-01
-5.449336983474719620e-01
-5.461810853152992973e-01
-5.532624296187407253e-01
-5.587617682774226324e-01
-5.628777362610961621e-01
-5.697856882656693323e-01
-5.812509694727561183e-01
-5.901128336412336806e-01
-6.008700186845746805e-01
-6.090196115108764685e-01
-6.192439836339562742e-01
-6.329906510844336420e-01
-6.479127620149268685e-01
-6.591973222629268214e-01
-6.733165118662731707e-01
-6.835908388313480799e-01
-6.965104293136189506e-01
-7.056424889182492111e-01
-7.116888508696327387e-01
-7.103889947630127599e-01
-7.081616333511286943e-01
-7.110134237105005806e-01
-7.125763540935318163e-01
-7.186361047521320211e-01
-7.175455933316321477e-01
-7.214533976841855933e-01
-7.188054829941833423e-01
-7.161766941784016849e-01
-7.190741817101512501e-01
-7.158578581961585474e-01
-7.129774653668714546e-01
-7.104812500986966706e-01
-7.037403010621178234e-01
-6.982769198375599062e-01
-6.884968327259873844e-01
-6.762281377581770281e-01
-6.666605017260355259e-01
-6.594609651884362211e-01
-6.486448009416347915e-01
-6.404734391490565226e-01
-6.345842495658298166e-01
-6.306029551183053306e-01
-6.281664891664279216e-01
-6.269387344711608856e-01
-6.166279267779062323e-01
-6.088078465895868652e-01
-6.031325175351430756e-01
-5.992474825522351445e-01
-5.908838739698354381e-01
-5.807559873130023753e-01
-5.732716385229326139e-01
-5.680094876524521830e-01
-5.645618012208235559e-01
-5.625521300960174553e-01
-5.616452335963244558e-01
-5.615515547802638618e-01
-5.560166065487053277e-01
-5.556847652039285101e-01
-5.559139499024314812e-01
-5.565304781473829898e-01
-5.573887551247118655e-01
-5.545157830216909112e-01
-5.523902302201919579e-01
-5.447023340746275366e-01
-5.386458627142041156e-01
-5.277628687715720801e-01
-5.192337938929043606e-01
-5.092327991443674762e-01
-5.017847228930478742e-01
-4.964929894674832145e-01
-4.929695832431431057e-01
-4.844655663457597683e-01
-4.781946463224147070e-01
-4.738137104223512086e-01
-4.709832988605864301e-01
-4.661163249289852484e-01
-4.628259967978640699e-01
-4.543540502039973283e-01
-4.480276894559995782e-01
-4.370155844468679440e-01
-4.286516965960252001e-01
-4.035807911215931743e-01
-3.682054776067620327e-01
-3.318023699307051100e-01
-3.064078562410328388e-01
-2.878680158755915208e-01
-2.731415536005046274e-01
-2.635106096336150561e-01
-2.511547845709274362e-01
-2.430608050813207743e-01
-2.383354464403366624e-01
-2.361930980690916115e-01
-2.359591817627362254e-01
-2.370677942717427378e-01
-2.390557265065460513e-01
-2.415541008431796310e-01
-2.442784557434716231e-01
-2.470179368243934359e-01
-2.496241712738911378e-01
-2.537499153486630910e-01
-2.573156318041911472e-01
-2.534276165113442669e-01
-2.501655526668888907e-01
-2.492904619407976252e-01
-2.415952899291460287e-01
-2.353049913565632423e-01
-2.231416892148621045e-01
-2.134391839273643843e-01
-2.044914631273757610e-01
-1.906495098772706953e-01
-1.801468104385837155e-01
-1.725205004688312727e-01
-1.588714110309450422e-01
-1.488415983083686278e-01
-1.346647033446071173e-01
-1.242575377530943381e-01
-1.098606492604663476e-01
-9.861839393149951505e-02
-9.083160371294907165e-02
-8.580699661238422316e-02
-7.594588755460041085e-02
-6.901666311999377079e-02
-6.447282665145714908e-02
-5.483851036149456348e-02
-4.093543097684104737e-02
-3.076676776234399391e-02
-2.346172855529693457e-02
-1.843973054764469488e-02
-8.427349656021876356e-03
-1.183879208534799332e-03
1.091124660655662382e-02
1.982018900291082630e-02
3.323699681973257825e-02
4.311597691787172337e-02
5.721828675153184385e-02
6.705103447054860943e-02
7.370023398223191080e-02
7.782020355007124301e-02
8.642485445745307082e-02
9.228109178250720745e-02
9.663701318638717730e-02
9.922959112417828464e-02
1.073856316837733527e-01
1.132668159024750043e-01
1.250413165290973350e-01
1.339754081260138285e-01
1.404305914022967450e-01
1.447951577945327806e-01
1.545061165130978686e-01
1.616044764101975950e-01
1.723104792398475471e-01
1.869610429033152776e-01
1.978132557029548266e-01
2.137676913485320185e-01
2.256918215327958777e-01
2.341831589240508382e-01
2.398370402960370296e-01
2.432161681037670053e-01
2.533793857728077192e-01
2.607420684260306487e-01
2.676196592689636944e-01
2.722917102702953063e-01
2.771285974660482321e-01
2.873111041650993069e-01
2.948449900110199362e-01
3.072095006254538241e-01
3.163671634749405381e-01
3.298470411426788207e-01
3.397257276082594757e-01
3.465787224311414061e-01
3.578997651182584949e-01
3.659543967115297392e-01
3.713344245227723217e-01
3.840939520542292485e-01
3.907123485353121151e-01
4.044823479310446501e-01
4.146643789593789098e-01
4.284424273008760053e-01
4.384724455585227165e-01
4.453872386981583276e-01
4.562652305564138810e-01
4.639292579723492960e-01
4.753398572420564072e-01
4.834505743493555663e-01
4.922172314848412000e-01
4.982938838406889559e-01
5.021673810889983880e-01
5.077834417815345613e-01
5.114801563899260550e-01
5.136169486017196917e-01
5.145349873174323019e-01
5.209429237290794656e-01
5.292482626569028348e-01
5.354351185977948013e-01
5.461635199910119809e-01
5.541788225699919579e-01
5.701150995220691797e-01
5.822956795532545637e-01
5.912041943192872795e-01
6.077031567804001000e-01
6.201028506103017923e-01
6.394172943269401665e-01
6.494115566326448263e-01
6.501227480540661130e-01
6.551689161680944729e-01
6.626132330645013724e-01
6.676211514223709953e-01
6.706577093376931975e-01
6.721538835534555112e-01
6.783256973067349760e-01
6.825779714053183955e-01
6.900004745206348433e-01
7.011003350905210540e-01
7.093917974597224729e-01
7.208736124709489435e-01
7.292866688683132814e-01
7.405535879809761468e-01
7.486727598770163139e-01
7.591738316495488803e-01
7.667603255864372525e-01
7.770847145874310025e-01
7.844490437342875877e-01
7.945005697525967525e-01
7.966932964781303639e-01
7.922447552886089372e-01
7.825434181609369766e-01
7.740053599016375463e-01
7.615106770466607555e-01
7.564157949250532864e-01
7.471650016241236925e-01
7.398175157276963843e-01
7.293516089731255647e-01
7.213376742367197947e-01
7.053133893698958490e-01
6.929660914869628652e-01
6.838086061611228228e-01
6.773379692036838318e-01
6.730674979425146365e-01
6.705468947485299092e-01
6.693737863504956032e-01
6.691992007213845017e-01
6.641218603074158233e-01
6.605011145017398722e-01
6.580962058343213794e-01
6.509286858139402554e-01
6.513117165799446884e-01
6.463998611007573114e-01
6.428214576810886705e-01
6.403736310847851776e-01
6.344860689539280063e-01
6.242430206629139278e-01
6.163634231137465891e-01
6.045202274539233089e-01
5.954620252361210175e-01
5.888449173247843893e-01
5.842931827407581435e-01
5.711676457812910890e-01
5.612780073662768654e-01
5.478512276693661143e-01
5.378245877399638886e-01
5.242649696483592248e-01
5.142210411398180359e-01
5.071900633900303657e-01
5.026515776143769543e-01
4.934461005133530254e-01
4.833917467284309932e-01
4.695696546265140103e-01
4.593691686260159557e-01
4.522375544662373681e-01
4.407733120894810064e-01
4.325124627807170885e-01
4.168707946559935262e-01
4.053045718426793176e-01
3.873034744053194256e-01
3.740462058361184727e-01
3.577431249236855404e-01
3.433922243965197296e-01
3.333577551691171426e-01
3.198154257205214623e-01
3.102755953183100601e-01
2.969724066766772363e-01
2.875130124979194957e-01
2.812301482467642888e-01
2.703661563297088399e-01
2.627361216853172365e-01
2.487199643879594024e-01
2.330733842967411817e-01
2.214637438391269253e-01
2.059483057948536810e-01
1.945817389450443802e-01
1.792655791915305219e-01
1.668909013928889795e-01
1.596192866803765043e-01
1.540306878971939852e-01
1.509350415308166049e-01
1.412056011006259659e-01
1.345109547677616479e-01
1.302330914493452507e-01
1.196594842345688470e-01
1.121282105458829559e-01
9.989393536162216591e-02
9.095140382321909023e-02
7.705036941772180903e-02
5.985059574134887761e-02
4.032887362947490395e-02
2.538702851158758378e-02
7.740090748096006834e-03
-1.229742549697854237e-02
-3.400646604568513531e-02
-5.694214413709230982e-02
-7.374050053163228036e-02
-8.541803415148829792e-02
-9.989502431658636716e-02
-1.105809160778046252e-01
-1.245446089462121098e-01
-1.342663693619439158e-01
-1.475275555032926622e-01
-1.567329627234583800e-01
-1.614668753754837649e-01
-1.718925194553015956e-01
-1.790408420399252076e-01
-1.835244987876132328e-01
-1.859121064931492651e-01
-1.936908534598249521e-01
-2.004501208272349011e-01
-2.120598508612396849e-01
-2.206345887774792125e-01
-2.266218930504171336e-01
-2.374978692173832506e-01
-2.453826298556753827e-01
-2.507663694243598140e-01
-2.610830497880467505e-01
-2.704266439200577743e-01
-2.771042925625728515e-01
-2.815505484498810329e-01
-2.862519622233785643e-01
-2.892152963185314896e-01
-2.907825772190790747e-01
-2.912762817407033022e-01
-2.888495832507362859e-01
-2.884136019247747207e-01
-2.876238825017434220e-01
-2.866284476726981278e-01
-2.855424967729072172e-01
-2.916459357985967671e-01
-2.964713182938638614e-01
-3.001531336840810305e-01
-3.028463628445232647e-01
-3.118039344552969716e-01
-3.210888370000046788e-01
-3.282712923586563747e-01
-3.406764830127884114e-01
-3.501846498153338150e-01
-3.668516797377763261e-01
-3.825368804691626767e-01
-3.945159752885014637e-01
-4.102851435420884485e-01
-4.219586935366128611e-01
-4.301315773899314632e-01
-4.354174628445330875e-01
-4.453756061754494677e-01
-4.522552817475395948e-01
-4.601029274792940438e-01
-4.686414539444276883e-01
-4.811653236200470474e-01
-4.902229940116960005e-01
-4.964302895593195597e-01
-5.068437619439531971e-01
-5.142212452406023093e-01
-5.227973261354388335e-01
-5.351776133336569874e-01
-5.442486383172950859e-01
-5.568104980864629905e-01
-5.698610345700820812e-01
-5.794152063203084069e-01
-5.819421748228362778e-01
-5.827723441728123177e-01
-5.864449044625508201e-01
-5.885677954239205700e-01
-5.894895136128408542e-01
-5.854068486704270269e-01
-5.814787407586068380e-01
-5.778651110097468013e-01
-5.768089087520275049e-01
-5.758225818295178433e-01
-5.749351848650855468e-01
-5.741611292811945599e-01
-5.735045291739782058e-01
-5.729624289770506307e-01
-5.763667949454943651e-01
-5.791900786193389106e-01
-5.814585140815113906e-01
-5.832185894067132281e-01
-5.845292911892440157e-01
-5.794307265401814622e-01
-5.750650690603856807e-01
-5.714487052908201470e-01
-5.707563425123609591e-01
-5.642557055754595652e-01
-5.590964433598384353e-01
-5.551393111817704007e-01
-5.522242366870995234e-01
-5.501855217603701664e-01
-5.427148274484685508e-01
-5.369018451898497357e-01
-5.325575918229330519e-01
-5.294714700553941888e-01
-5.211334088691637056e-01
-5.147315900792557297e-01
-5.100335159644624472e-01
-5.032373626329647021e-01
-4.919107085202354401e-01
-4.832995255678362856e-01
-4.737059739977751427e-01
-4.700334357477429226e-01
-4.613965877692671747e-01
-4.550875260472961870e-01
-4.475764371172776812e-01
-4.423075953206518918e-01
-4.322936576354183824e-01
-3.336568380454674188e-01
-4.249071754422102387e-01
-3.304421633291789728e-01
-4.006990151243974285e-01
-2.974596629200265685e-01
-3.906102135462099501e-01
-2.974596629200265685e-01
-2.974596629200265685e-01
-2.974596629200265685e-01
-2.974596629200265685e-01
-2.914342174133706109e-01
-2.872479924456339262e-01
-2.843259556013573164e-01
-2.822951981675150268e-01
-2.737520483784248171e-01
-2.672828830716673654e-01
-2.624763482250165314e-01
-2.572226802791603983e-01
-2.467185460147505172e-01
-2.403726152659411142e-01
-2.357940384199597172e-01
-2.258702223604263093e-01
-2.198909367823598249e-01
-2.156795927153185577e-01
-2.129551656136570159e-01
-2.058353797602974211e-01
-2.005548596782644744e-01
-1.968820073730408460e-01
-1.872243462452189977e-01
-1.799220360496507354e-01
-1.746851481062665634e-01
-1.637466014094584033e-01
-1.469624526503670037e-01
-1.342551105497222785e-01
-1.176440737264912162e-01
-1.053145073815431321e-01
-9.659757504019306218e-02
-8.285808273305161897e-02
-7.307300806558414408e-02
-5.926045453279704667e-02
-4.935813820210732672e-02
-4.265902629312012806e-02
-3.824178429802005397e-02
-3.588922862714150064e-02
-2.801701279754875706e-02
-2.256714445337060226e-02
-1.906565769292400958e-02
-1.008580603086017824e-02
-3.552214613758764017e-03
7.947857633320509763e-03
1.652136662052239302e-02
2.961788828724465361e-02
5.339495215531075978e-02
7.875462299859470328e-02
1.050452667617056690e-01
1.248214039653583463e-01
1.390397467741684157e-01
1.496975511652012258e-01
1.635138900311881027e-01
1.718388733179607719e-01
1.836858717684930475e-01
1.847948179099843102e-01
1.840884663032706925e-01
1.821606430672846333e-01
1.807365043781492542e-01
1.774345958720355831e-01
1.752701990608012128e-01
1.729744622104849583e-01
1.637067604584236946e-01
1.628420652027056104e-01
1.621126834650858939e-01
1.615170202182401038e-01
1.693015084258289171e-01
1.828760677781282595e-01
2.009907700420727750e-01
2.154035205172211143e-01
2.334958064276164702e-01
2.473196067342862126e-01
2.574456209837949761e-01
2.733308265869565101e-01
2.851598069716139161e-01
3.004464595824933859e-01
3.184392465694843022e-01
3.339862191346194553e-01
3.452066483162139487e-01
3.527890206831911790e-01
3.574152703913009432e-01
3.597243403945169504e-01
3.697847996617602551e-01
3.837924493530846526e-01
3.940959975998779008e-01
4.012622736375244248e-01
4.126311513010512133e-01
4.206829901465933830e-01
4.357633144179544615e-01
4.469378830293653238e-01
4.547929373531911512e-01
4.665103414750821909e-01
4.813095707797112599e-01
4.920227822086575831e-01
5.092404597448909609e-01
5.219620485657083808e-01
5.308934367217532646e-01
5.367223458464178698e-01
5.500889605162950780e-01
5.597827618044302067e-01
5.663942500225249699e-01
5.766466207806338895e-01
5.837690277165621389e-01
5.943784789835621085e-01
6.018152673144934184e-01
6.066825951414889229e-01
6.095257337004168496e-01
6.149526781156539057e-01
6.243793799151639012e-01
6.312176303798059385e-01
6.358974252470911415e-01
6.445807977056715599e-01
6.564506945274473093e-01
6.595803433595267551e-01
6.611774566595484126e-01
6.616284387331808903e-01
6.556458519696636289e-01
6.443870630060586358e-01
6.346578067465233897e-01
6.265271865928128125e-01
6.199590238628088779e-01
6.148426208733144271e-01
6.110201039450179339e-01
6.022671007034385848e-01
5.913588397694193866e-01
5.830259339843467670e-01
5.769237891394350948e-01
5.726921414187300385e-01
5.699811077051120112e-01
5.724150266546865762e-01
5.750595492781908069e-01
5.675152771661946538e-01
5.616799064854056667e-01
5.472110791691409126e-01
5.359227217844853008e-01
5.274370987026679725e-01
5.177200767040599505e-01
5.044062530050481552e-01
4.944767664209794855e-01
4.874076198324623910e-01
4.826890393571274807e-01
4.734289794267161344e-01
4.667586018634037881e-01
4.622524247743591275e-01
4.432217142002199406e-01
4.285046132714140921e-01
4.108956915015056222e-01
3.976584443336181884e-01
3.786462701063946223e-01
3.577587524611300918e-01
3.398176947538542603e-01
3.270618271568985769e-01
3.116723670044971861e-01
3.008854257789808084e-01
2.869414493935864563e-01
2.752382132473338849e-01
2.605314053332874469e-01
2.484229433056539538e-01
2.402931583932064186e-01
2.284727255238194754e-01
2.203272401491573884e-01
2.166426771015184105e-01
2.080558791341471370e-01
2.021761690622205787e-01
1.914913400046638348e-01
1.837840567550614868e-01
1.714620920453462372e-01
1.552465449944264719e-01
1.430815933747962010e-01
1.271547067736435999e-01
1.073404811355835875e-01
9.274055035474249031e-02
6.804264772696977381e-02
4.959424607145246355e-02
2.922270679392036108e-02
7.279642328203106416e-03
-8.387250829678505326e-03
-2.603264736158150683e-02
-3.828595576473148299e-02
-4.620051077878883916e-02
-5.812656919795089472e-02
-6.619530400839424011e-02
-7.112817042635000142e-02
-8.129855872381241966e-02
-8.768749992936641924e-02
-9.940518147886612255e-02
-1.150466756063590612e-01
-1.266026521153356121e-01
-1.346629843159765638e-01
-1.471099692769683998e-01
-1.559284505195988046e-01
-1.689871304782581962e-01
-1.782970726462578259e-01
-1.916954779976347556e-01
-2.083984086518231305e-01
-2.205824090942882787e-01
-2.290060829141866705e-01
-2.414061388770447625e-01
-2.500922263452007854e-01
-2.557605512534926184e-01
-2.590458595213522841e-01
-2.693180387978624246e-01
-2.766976273456909219e-01
-2.816563678935521953e-01
-2.846539008868902432e-01
-2.881869505927487918e-01
-2.972848485160224374e-01
-3.017658320555909324e-01
-3.045404137965865843e-01
-3.059881553221375228e-01
-3.064417707043542993e-01
-3.061835250655811080e-01
-3.097448761729342248e-01
-3.800075486040337402e-01
-3.800075486040337402e-01
-3.800075486040337402e-01
-3.800075486040337402e-01
-3.800075486040337402e-01
-3.949072698978270957e-01
-3.947585115518323917e-01
-3.944116892372095950e-01
-4.026086013546157361e-01
-4.162818230237235184e-01
-4.259995823741735688e-01
-4.362530097568113607e-01
-4.437162502401796882e-01
-4.456353221767974659e-01
-4.565516321958609236e-01
-4.646894704585649016e-01
-4.771852354898866722e-01
-4.864691423822138372e-01
-4.930524926790673668e-01
-4.974214846223903308e-01
-5.000263167438816492e-01
-5.048659003306801285e-01
-5.080738068119525774e-01
-5.099615228328684413e-01
-5.136940968902166116e-01
-5.160999740965481752e-01
-5.238909998670935320e-01
-5.296430322922760503e-01
-5.437248339970790489e-01
-5.545813478176075950e-01
-5.687870794878950864e-01
-5.834144552101134806e-01
-5.944072091273915337e-01
-6.124664727895327010e-01
-6.261485319769386493e-01
-6.404374014084914801e-01
-6.508691353488486042e-01
-6.580080903168292750e-01
-6.683493355928410429e-01
-6.754355091680016576e-01
-6.856762095144215419e-01
-6.927158292065092038e-01
-7.028226753814573735e-01
-7.153155561421284947e-01
-7.241697561161094532e-01
-7.300991117183025514e-01
-7.337297026703251124e-01
-7.355988521126698432e-01
-7.308918284822006894e-01
-7.261864949142053938e-01
-7.217238028984238607e-01
-7.176620800402336853e-01
-7.140928548797051967e-01
-7.110553782888203722e-01
-7.030550815308100887e-01
-7.020484866202774121e-01
-6.958801669406122770e-01
-6.863661772046406595e-01
-6.789134649480116357e-01
-6.732861379886506681e-01
-6.635274285793781868e-01
-6.605274361746289458e-01
-6.587105479636032879e-01
-6.636681183144009788e-01
-6.624541153374897684e-01
-6.618063385546024691e-01
-6.570357106704912686e-01
-6.534376041078057140e-01
-6.449489845871889671e-01
-6.383403481426923598e-01
-6.333970158944622897e-01
-6.298789915506345372e-01
-6.275419536748926275e-01
-6.218236631074522958e-01
-6.116584132266311702e-01
-6.038746134155688061e-01
-5.940293908687995783e-01
-5.847042821326436934e-01
-5.737772604802108267e-01
-5.657132974059453367e-01
-5.538247353590839417e-01
-5.449921004830011739e-01
-5.387650583562186846e-01
-5.346897410810835805e-01
-5.285995775349576764e-01
-5.181944628095043193e-01
-5.105649471337427858e-01
-5.017330262898214155e-01
-4.955211239163352932e-01
-4.850342038461048499e-01
-4.773780033188674832e-01
-4.656101598985080692e-01
-4.568966611441696024e-01
-3.614805962959122265e-01
-4.476181817072664160e-01
-3.589755097917273208e-01
-4.411282075359992394e-01
-3.632172087653775527e-01
-4.328648314832046484e-01
-3.422207293262393701e-01
-3.529895380787846371e-01
-3.590466500461388932e-01
-3.366406929576259976e-01
-3.215954994394580879e-01
-3.139659518722974774e-01
-3.010004740324097039e-01
-2.916175189077585550e-01
-2.777515573144533345e-01
-2.693590317393437239e-01
-2.633224706000527604e-01
-2.522683228598310290e-01
-2.440410035356055385e-01
-2.382286959295614182e-01
-2.344282545937936835e-01
-2.322491756406201979e-01
-2.242760390457072539e-01
-2.169352477759245446e-01
-2.047701261310008736e-01
-1.957043157155557989e-01
-1.892615187068384941e-01
-1.779588873209139166e-01
-1.696587245201088834e-01
-1.638806978615796606e-01
-1.590312162331570800e-01
-1.501546724936830834e-01
-1.427387918804476907e-01
-1.315967012443783890e-01
-1.233308525341891837e-01
-1.104446174309066109e-01
-9.372324769681927847e-02
-8.106805430007923974e-02
-6.476939456693675545e-02
-5.270743689724044501e-02
-3.704768559853310883e-02
-1.113880217490814672e-02
8.289008991768875845e-03
3.642908639114650349e-02
5.735772795853755213e-02
7.924599150992372998e-02
1.025481558484264699e-01
1.194542825697706423e-01
1.380242328587975020e-01
1.509474614095374090e-01
1.674460947748510620e-01
1.789206856703069448e-01
1.933294518735488854e-01
2.031394022424055645e-01
2.162877473628324054e-01
2.251870483969122816e-01
2.376957311771288328e-01
2.391909181685154540e-01
2.387631023838501232e-01
2.370182224109280700e-01
2.344480731989684319e-01
2.384743183596547134e-01
2.410598682641091894e-01
2.425099069416454256e-01
2.448419932305756497e-01
2.532997103121326088e-01
2.597636478042077979e-01
2.735028492099258468e-01
2.842445686002628147e-01
2.901666547148016306e-01
2.940823582700478056e-01
2.964024247303926884e-01
2.925995648687873540e-01
2.887369951589286998e-01
2.850366737460521271e-01
2.795818027096346192e-01
2.749568938252233696e-01
2.711518914252386558e-01
2.681152835546212199e-01
2.657704951590860176e-01
2.640281318400785615e-01
2.627948275101066322e-01
2.619793943182326945e-01
2.614968752770554516e-01
2.612709952185905404e-01
2.612354105518266412e-01
2.613340781466226836e-01
2.526096267350670388e-01
2.456317261968965493e-01
2.331943822217390494e-01
2.234084666128899332e-01
2.159739503446298503e-01
2.105610414467022906e-01
2.068363530241661419e-01
1.959975909253843795e-01
1.878680391439129238e-01
1.750151696479773644e-01
1.653353163244510871e-01
1.513299221192900834e-01
1.408360351002784228e-01
1.333359143904737643e-01
1.212404998556990687e-01
1.124075681494889345e-01
1.063173778273291958e-01
9.533956332305781878e-02
8.025974691678916528e-02
6.183660042271954538e-02
4.048790573382698987e-02
1.750288755480156055e-02
-6.618704706990774511e-03
-3.146733984398886186e-02
-4.968138777440400666e-02
-6.937402952323612482e-02
-8.326814200053767046e-02
-9.242791138955053221e-02
-1.055262102008511782e-01
-1.144262252029322191e-01
-1.198982638531027600e-01
-1.288241340285622982e-01
-1.345264379323960480e-01
-1.446650244519682715e-01
-1.515844848717318172e-01
-1.559205561722551980e-01
-1.651256224791479710e-01
-1.727260830900712030e-01
-1.848112025641897027e-01
-2.005756036702266432e-01
-2.108747656300689055e-01
-2.247265332222800893e-01
-2.362931562427064147e-01
-2.444549080504296867e-01
-2.498101560370440399e-01
-2.546836465460695642e-01
-2.643804225206962677e-01
-2.712915887196536424e-01
-2.758735654578203800e-01
-2.854218740935996479e-01
-2.922511540361480975e-01
-2.968227304258690413e-01
-3.063655748833122860e-01
-3.141818964673857018e-01
-3.934095842421303502e-01
-4.479738659274006274e-01
-4.532188783630453077e-01
-4.608414753800422758e-01
-4.664768247576458471e-01
-4.793017508344650235e-01
-4.871150836459219313e-01
-4.999939583664407827e-01
-5.082748138144674854e-01
-5.175952606604747874e-01
-5.306130991530089158e-01
-5.397811855987533214e-01
-5.498540227729755703e-01
-5.569829545140321247e-01
-5.617358310493667517e-01
-5.684302453430762903e-01
-5.729784307239481622e-01
-5.757567061726327484e-01
-5.811337581052390400e-01
-5.888891214807725483e-01
-6.007904407810820135e-01
-6.097763281753666442e-01
-6.162048791146427229e-01
-6.266330537355300212e-01
-6.447011238736204408e-01
-6.583947662736300277e-01
-6.730045282428533948e-01
-6.943968193523205601e-01
-7.163282137652252635e-01
-7.325531540523643192e-01
-7.494828174352859973e-01
-7.613339879066503002e-01
-7.690872263615236015e-01
-7.683084779079454307e-01
-7.609263122505777188e-01
-7.536283268665562307e-01
-7.467696981760720831e-01
-7.410336517257206657e-01
-7.360869982877564777e-01
-7.319320808036259285e-01
-7.279528054821551297e-01
-7.247150090881150364e-01
-7.173967291987684014e-01
-7.115941642643894838e-01
-6.969946543335008293e-01
-6.900276229569514141e-01
-6.803220553428006578e-01
-6.730571784355187104e-01
-6.621848388621283110e-01
-6.540059848325310288e-01
-6.481485356280040078e-01
-6.442276080576521124e-01
-6.359975982897750901e-01
-6.256865748809994354e-01
-6.121286688706912837e-01
-5.977615667103469699e-01
-5.871379488696473192e-01
-5.796597207123835860e-01
-5.686372130429295790e-01
-5.607287469782253897e-01
-5.515879742533571495e-01
-5.428481262861091228e-01
-5.330300406244068423e-01
-5.261359122749971196e-01
-5.216343845196671491e-01
-5.091440622684504369e-01
-4.999728253110269360e-01
-4.872041790148142759e-01
-4.778161209628037920e-01
-4.712812515874289510e-01
-4.670814054477103738e-01
-4.647321206365639945e-01
-4.637978326080236524e-01
-4.573753583936555067e-01
-4.528309979433238208e-01
-4.498465212023057269e-01
-4.481143308413337856e-01
-4.308993759142756286e-01
-4.173942523453606501e-01
-4.071977589997124447e-01
-3.970025629232027953e-01
-3.897905461500417168e-01
-3.756148976374125148e-01
-3.838467084812209329e-01
-3.729969214896959873e-01
-3.558183339591070027e-01
-3.338761823448070931e-01
-3.085993814590104467e-01
-2.897013298398163350e-01
-2.779373969030047853e-01
-2.699909781199807401e-01
-2.633190594536793938e-01
-2.528441250092443582e-01
-2.456638973057760911e-01
-2.345559637482343973e-01
-2.266994637049555283e-01
-2.230221801921856706e-01
-2.196909000135029988e-01
-2.195376895284588681e-01
-2.136094118065454683e-01
-2.080707937621300019e-01
-1.975471564418325165e-01
-1.897166286940503710e-01
-1.841796283480614527e-01
-1.736922996083083426e-01
-1.659511575021441754e-01
-1.536555369993506392e-01
-1.375932345467565376e-01
-1.185012622364502999e-01
-1.040325333883411751e-01
-9.356979294432954397e-02
-7.945760499280574152e-02
-6.932851293062580744e-02
-6.251793671116456785e-02
-5.838286594150843278e-02
-5.633158310398367341e-02
-5.584061228488401696e-02
-4.942560276758478643e-02
-3.799164259916665287e-02
-2.948357350257291287e-02
-1.641042929022740182e-02
3.808428099569827197e-04
2.009562928881325483e-02
4.201290116004097186e-02
6.549820031987074742e-02
8.300410935815860647e-02
1.024250252399625527e-01
1.163625535735013372e-01
1.257670478779191470e-01
1.315344488089116304e-01
1.344744106096231739e-01
1.352949500827624885e-01
1.415224803514560925e-01
1.464785375644797050e-01
1.484414090405625775e-01
1.570666036792098819e-01
1.633004904974102445e-01
1.745151494742931408e-01
1.897981485551185621e-01
2.013153745310563014e-01
2.180517917468356437e-01
2.306706595349203859e-01
2.397183085138459013e-01
2.527374295157833739e-01
2.689740499919910377e-01
2.808262625670354673e-01
2.890102999052266419e-01
2.942190730974847401e-01
2.902651896852741498e-01
2.857789841807454323e-01
2.811574468299138374e-01
2.697912908732740256e-01
2.669132356915575599e-01
2.644089121513504281e-01
2.622973715965351005e-01
2.605709683057642057e-01
2.592039195321742540e-01
2.581592238562280262e-01
2.643077657049182072e-01
2.694081333538544953e-01
2.803624241200741718e-01
2.911494144535209383e-01
2.996778434607147990e-01
3.130075051948890685e-01
3.232990364999626109e-01
3.376972765884669325e-01
3.552498157714383265e-01
3.684688162307558912e-01
3.872326498516061033e-01
4.013271209626270153e-01
4.179269620427461529e-01
4.329340578480613821e-01
4.501663889981584177e-01
4.722534938282265671e-01
4.887132243846978863e-01
5.066426603483147328e-01
5.255603405111632931e-01
5.426294240407385505e-01
5.546341438762845133e-01
5.624648742817970337e-01
5.730022018443842180e-01
5.798357947930153911e-01
5.936452362123805226e-01
6.092882511158890235e-01
6.204605537409463301e-01
6.321444062844047140e-01
6.402041241548770412e-01
6.553368400850048126e-01
6.663512824374727694e-01
6.738900790247364103e-01
6.887621035359501320e-01
6.995863782500745254e-01
7.124925609154026951e-01
7.215456649163835001e-01
7.322642988745783343e-01
7.450027967730156186e-01
7.589481071108653554e-01
7.792600483776053188e-01
7.944718457713877413e-01
8.053039006046892601e-01
8.178177673609543508e-01
8.314844946166842776e-01
8.410322606607496532e-01
8.527158240968678582e-01
8.655652964934977822e-01
8.745041392358650079e-01
8.905317864715860399e-01
9.078604362268899441e-01
9.307905046559883377e-01
9.479054553466306210e-01
9.702273986995111343e-01
9.865428238239540848e-01
1.007868691400156003e+00
1.029403578021866217e+00
1.044944597761532368e+00
1.065373793041148875e+00
1.079898620952618238e+00
1.083187236262782571e+00
1.083780652800279798e+00
1.088832449142906889e+00
1.088144994296041279e+00
1.079799346108230917e+00
1.071841351954890387e+00
1.068088997968164477e+00
1.058319341069438480e+00
1.056388815846280638e+00
1.054789499699613442e+00
1.043715475941633164e+00
1.030993504958997775e+00
1.020727426947722449e+00
1.006564647681036373e+00
9.956028475274270040e-01
9.874585368943015196e-01
9.756736714759126627e-01
9.670322541944674777e-01
9.509504102205789122e-01
9.388429673318571256e-01
9.301329787983045883e-01
9.141257312516520850e-01
8.977089836061293848e-01
8.854700627825173864e-01
8.712180648937210004e-01
8.610418932015371229e-01
8.487669331416843876e-01
8.300716533296901289e-01
8.163471578201403345e-01
8.067715381496964877e-01
7.904233624280041504e-01
7.786065879529123768e-01
7.703965925669863379e-01
7.601282001762705853e-01
7.478449620894395133e-01
7.336739074285576478e-01
7.184505468395003813e-01
7.018114239524653186e-01
6.896536873176907223e-01
6.707578073821247600e-01
6.523494552742472585e-01
6.331940465898505677e-01
6.150735662448381103e-01
5.962304304040917380e-01
5.828265099612427447e-01
5.636842647284663332e-01
5.500610489350010734e-01
5.346358624096252399e-01
5.174928306223758323e-01
4.987339473113931998e-01
4.851625977494504749e-01
4.658244411168548371e-01
4.519539163726991049e-01
4.357903452143880862e-01
4.144604054217599920e-01
3.920549417291030458e-01
3.730199212486817739e-01
3.527674236803333141e-01
3.360095208633200325e-01
3.247406243610224674e-01
3.177989621405368226e-01
3.071882885858407963e-01
2.981768058731988358e-01
2.925914482721618803e-01
2.896354099320936903e-01
2.886371820496573815e-01
2.821434137023279831e-01
2.778563772666589049e-01
2.753290413869537989e-01
2.671993677027069136e-01
2.613161538924355654e-01
2.484816186567144758e-01
2.388518018764271833e-01
2.319452095215903675e-01
2.202656617609666245e-01
2.116597178774024535e-01
2.041845007067477624e-01
1.921697005567424288e-01
1.834081337086850283e-01
1.773484437609911257e-01
1.734726297905557768e-01
1.713117227530409625e-01
1.634707909431187822e-01
1.578466421048374535e-01
1.470418159672686187e-01
1.389770948101975989e-01
1.332527267578609287e-01
1.223831081936850307e-01
1.072230663420417063e-01
8.858652705344827183e-02
7.440091322010378150e-02
4.970342244629888384e-02
3.084325739779814057e-02
9.852009977080022907e-03
-1.276452117420157073e-02
-3.655414726559946814e-02
-5.392298055569089144e-02
-7.309893162393477084e-02
-9.373437734968104174e-02
-1.091398496010156371e-01
-1.268119709308359599e-01
-1.463635814409860458e-01
-1.602042938317176368e-01
-1.765042157234817388e-01
-1.948422847284558834e-01
-2.147885334083015074e-01
-2.288942062984744563e-01
-2.452289334416923872e-01
-2.564324004013460723e-01
-2.704234586046325717e-01
-2.798765248910910497e-01
-2.857079409365281819e-01
-2.955382477160057864e-01
-2.952121523387465363e-01
-2.955354365008096007e-01
-3.014386234300019396e-01
-3.143449746088970986e-01
-3.333242556043207738e-01
-3.644544670220757343e-01
-3.821088763404640876e-01
-4.019324066804594864e-01
-4.163919744751136687e-01
-4.331406235904984303e-01
-4.448496512360569088e-01
-4.591547546527980916e-01
-4.688846229359613371e-01
-4.749503768844853813e-01
-4.847149160138590762e-01
-4.910838850901944053e-01
-4.947908080615472937e-01
-4.964730330878968090e-01
-5.065527587869458337e-01
-5.138023229112034240e-01
-5.186989699091024697e-01
-5.280141254977321896e-01
-5.408927917029884291e-01
-5.503544351821705316e-01
-5.569740649638357244e-01
-5.612910840944167479e-01
-5.736891607014302785e-01
-5.829079950364719487e-01
-5.894298721725492740e-01
-5.977764696927680976e-01
-6.138150599504876848e-01
-6.363397449803067651e-01
-6.538034372230628888e-01
-6.667449450149894874e-01
-6.862766854636361824e-01
-7.055920014111025651e-01
-7.255096407053659435e-01
-7.450555498279394229e-01
-7.592054624773443283e-01
-7.687832061670016870e-01
-7.746302746325738342e-01
-7.722012280224360703e-01
-7.738796881632509228e-01
-7.847376931647039866e-01
-7.978353079657549696e-01
-8.124983161364879303e-01
-8.285699899834296778e-01
-8.459437711819669525e-01
-8.587896908591764467e-01
-8.620411302993590263e-01
-8.574662630130982510e-01
-8.524535318078371171e-01
-8.418817114649894684e-01
-8.223371597227019381e-01
-8.061850397011675051e-01
-7.931966896152684576e-01
-7.779072852922744863e-01
-7.659548604480710399e-01
-7.569577369433975189e-01
-7.455389855525333953e-01
-7.372052068261613078e-01
-7.260254636511214166e-01
-7.123355765762012792e-01
-6.973463981665444233e-01
-6.862691500270169387e-01
-6.727676932841334390e-01
-6.525813051450013447e-01
-6.373872490532562773e-01
-6.204690252713724874e-01
-6.081336933358750807e-01
-5.996869123364164667e-01
-5.944243901102719274e-01
-5.916759789341566877e-01
-5.908340570350086862e-01
-5.913693591116289117e-01
-5.886467237394371610e-01
-5.810381682810026316e-01
-5.755765085860059527e-01
-5.655763557359398952e-01
-5.581146254834699061e-01
-5.528290982923567132e-01
-5.389739613560526887e-01
-5.284901870824556536e-01
-5.209048788983805522e-01
-5.157340791525557577e-01
-5.059357751800939162e-01
-4.988246035980410387e-01
-4.872751370974901519e-01
-4.752204666724773041e-01
-4.664565691568856032e-01
-4.536416988191755983e-01
-4.442502665439878040e-01
-4.276820211679790429e-01
-4.153873651926180965e-01
-3.997569024271032667e-01
-3.883075143655205785e-01
-3.803775648576175339e-01
-3.753190552760969911e-01
-3.725287146676079519e-01
-3.714665161133707816e-01
-3.645834055859205058e-01
-3.500645518753531249e-01
-3.391358248248723672e-01
-3.312730583024099396e-01
-3.187784801336928098e-01
-3.096101048589317006e-01
-3.032471214371847967e-01
-2.919086314397636439e-01
-2.836732634658405416e-01
-2.686566482208476714e-01
-2.575664737623282186e-01
-2.497740282968348158e-01
-2.355774223357884889e-01
-2.180228851182757221e-01
-2.050438432834025271e-01
-1.958949034824615243e-01
-1.898670076682249519e-01
-1.790294224249442401e-01
-1.714129489021367636e-01
-1.591110202962866538e-01
-1.418014742540307793e-01
-1.290078049808423000e-01
-1.126939803291957531e-01
-1.008051383664152478e-01
-8.529381822174286754e-02
-7.409957981979631292e-02
-5.873386118247880816e-02
-4.056822924479908110e-02
-2.739137040759098696e-02
-1.120730915992074195e-02
4.923217812493607681e-04
1.574012482669995272e-02
3.395694664588289058e-02
5.496609122606233022e-02
7.804430439856901991e-02
1.026254758193676508e-01
1.207493589200163697e-01
1.418727963902823852e-01
1.571031074026341123e-01
1.735532037445890463e-01
1.860430234142009809e-01
2.000617099584687253e-01
2.093099757853424947e-01
2.221153665469712823e-01
2.378826764036590102e-01
2.488531472772506081e-01
2.630853227174447806e-01
2.779567964795122137e-01
2.881793702792014855e-01
2.947389242375457741e-01
2.984738038985226272e-01
3.021892835395960653e-01
3.039911435555673336e-01
3.111749842718085635e-01
3.161027895338865967e-01
3.214634512543925737e-01
3.318894247320305357e-01
3.396290973869040553e-01
3.519218285532534907e-01
3.704723498611266486e-01
3.914967656385679451e-01
4.103571726293631095e-01
4.244604214375782281e-01
4.443586650692610274e-01
4.658626491058976971e-01
4.882999488118091591e-01
5.147521858518357973e-01
5.342858264357057685e-01
5.543030828447761404e-01
5.785019953934106285e-01
6.020261939509699012e-01
6.289324126781817847e-01
6.483494239569981277e-01
6.673296330262376008e-01
6.857823615319771360e-01
7.028237634579772575e-01
7.197458590398064793e-01
7.359378033052038637e-01
7.469544781743592265e-01
7.639671525133759911e-01
7.758797301260481616e-01
7.886987220723067349e-01
8.023488128688661680e-01
8.219052602806152796e-01
8.361168221401893419e-01
8.560672633890646921e-01
8.807082340983296564e-01
8.988545472310747186e-01
9.216617114700690339e-01
9.380969339144719088e-01
9.592860532856707367e-01
9.743310584867223012e-01
9.903302767376214177e-01
1.001291983074819258e+00
1.014284673623876420e+00
1.029248733828540097e+00
1.039716173233457663e+00
1.052865981008659579e+00
1.065562527569211104e+00
1.080707520092082596e+00
1.094819832218623334e+00
1.111133813016743188e+00
1.129406893317471017e+00
1.152454546130077695e+00
1.169343967442500132e+00
1.187946313519760100e+00
1.208098613830450141e+00
1.222585326925619720e+00
1.239418867493226939e+00
1.244049053929498383e+00
1.238636651154078727e+00
1.225354522309574090e+00
1.215796382457519309e+00
1.204654360703639071e+00
1.195065393275745569e+00
1.180229278513408087e+00
1.168225064262810919e+00
1.149123357284165259e+00
1.133999609659988694e+00
1.115828390404587811e+00
1.102040378179705682e+00
1.092013647063007298e+00
1.075203298391881335e+00
1.059085926926565779e+00
1.040711994504356586e+00
1.027135486280237542e+00
1.007363924395859867e+00
9.927485413132418612e-01
9.763145591483802788e-01
9.543136462228116734e-01
9.381611980931480188e-01
9.224247161746947921e-01
9.054785692524091045e-01
8.888657189218749366e-01
8.771527406414337813e-01
8.695168544367488650e-01
8.651543151853162694e-01
8.575363338999442142e-01
8.528728061824352169e-01
8.504982213066561991e-01
8.441819167066673124e-01
8.346253831811917268e-01
8.279746727247354610e-01
8.186339663849343529e-01
8.066761908806097114e-01
7.876668737954891641e-01
7.733020644569367219e-01
7.576074026830951214e-01
7.460544929362933342e-01
7.380057942787083824e-01
7.279380917988599320e-01
7.211014136483521186e-01
7.168555418490988318e-01
7.146252490425818449e-01
7.139092499794073010e-01
7.087638124519136662e-01
6.950107758609098685e-01
6.844938607719119883e-01
6.722197624026722274e-01
6.574781047219863117e-01
6.464825588781528687e-01
6.327674772230226230e-01
6.123834969114573257e-01
5.928385746780604482e-01
5.723455884117526482e-01
5.509901342081382492e-01
5.352295289669164458e-01
5.242314467776905129e-01
5.106706845645980763e-01
4.947434156912953185e-01
4.798905123828209884e-01
4.696163276784108831e-01
4.563387869289012855e-01
4.471867978762111839e-01
4.345603294051385568e-01
4.226713084018400846e-01
4.077084792151424164e-01
3.900780614862278117e-01
3.772284646358377014e-01
3.613019991731789560e-01
3.498920053391598728e-01
3.350267919935239203e-01
3.244706496969134157e-01
3.077979688883651921e-01
2.958725069039926936e-01
2.878700313550288659e-01
2.756439355855515583e-01
2.671835370064787885e-01
2.524461647773783568e-01
2.419441108336695123e-01
2.349072748390133025e-01
2.289127600946676555e-01
2.093077651574484221e-01
1.948072109682343900e-01
1.831859146962127038e-01
1.682575718062824244e-01
1.565174327537384169e-01
1.426280921108162847e-01
1.327120734032343208e-01
1.260496733234797162e-01
1.219876481919006661e-01
1.121405544443307978e-01
1.052905654321469875e-01
8.756657260566647061e-02
7.400168201032308879e-02
5.698527190041335899e-02
3.716064512549355214e-02
1.514118996906876902e-02
-8.508568891984369387e-03
-2.609218292621440227e-02
-3.849237280113948501e-02
-4.661209026102364206e-02
-5.131372789623611652e-02
-5.338223420979781864e-02
-5.389460614987995335e-02
-5.296136439009990760e-02
-5.839858983457757446e-02
-6.982988031632331172e-02
-7.844719660586441101e-02
-8.459351084724153758e-02
-9.619158862125276599e-02
-1.122864077865231014e-01
-1.244043217636421339e-01
-1.330892290567720071e-01
-1.464114813893953038e-01
-1.560318028353815389e-01
-1.625716715288263448e-01
-1.666287326868840513e-01
-1.674954527438843321e-01
-1.744462251843117429e-01
-1.791653079917632230e-01
-1.821144819042117557e-01
-1.908574511037206545e-01
-2.043237273230058548e-01
-2.144617284199314966e-01
-2.217855082219455376e-01
-2.267886958275453502e-01
-2.299272059129402468e-01
-2.385828972104104828e-01
-2.465926204469135463e-01
-2.593688977756667402e-01
-2.690089812719762552e-01
-2.849555517371582525e-01
-2.971312084525117303e-01
-3.152910641517179258e-01
-3.386385071004849312e-01
-3.637372221321013566e-01
-3.926558755140632240e-01
-4.146424208865076011e-01
-4.374766214275187526e-01
-4.537930050490992517e-01
-4.715095910749866892e-01
-4.800202697618900505e-01
-4.845743732990808184e-01
-4.927573823662392272e-01
-4.975686208633782748e-01
-5.062310100032130222e-01
-5.117847820837901907e-01
-5.211734892294010990e-01
-5.275335856643510457e-01
-5.315022290209157063e-01
-5.336273156482449487e-01
-5.379877671301218633e-01
-5.407192286857025465e-01
-5.421624471740806861e-01
-5.364490078216848090e-01
-5.310786448805930871e-01
-5.362258872238687690e-01
-5.402640058601331230e-01
-5.496017226964635682e-01
-5.608221891082076915e-01
-5.696152660010695978e-01
-5.803178963194826068e-01
-5.947639934980711862e-01
-6.015150062079179794e-01
-6.059954483682609139e-01
-6.086708597850679636e-01
-6.099591950199906298e-01
-6.102219818649552430e-01
-6.097623180811854171e-01
-6.088270963416156922e-01
-6.076116748394065903e-01
-6.123015364029226193e-01
-6.217792362521279426e-01
-6.290976195974071761e-01
-6.403327430547942622e-01
-6.488503859394920692e-01
-6.550761731892768003e-01
-6.693181345363224954e-01
-6.802036421509896069e-01
-6.882048639760721676e-01
-6.883538029952023241e-01
-6.875205261788887023e-01
-6.860383436050677686e-01
-6.786119094149490882e-01
-6.662735356567408562e-01
-6.557337088159854721e-01
-6.426242768373361391e-01
-6.321753955127300539e-01
-6.241446564952555232e-01
-6.182279775906500685e-01
-6.140974207094386239e-01
-6.072583755183180720e-01
-6.023979660816048964e-01
-5.972480289430084355e-01
-5.936714550585585615e-01
-5.913929605949826973e-01
-5.799799985328714103e-01
-5.712100008831779707e-01
-5.647502112856066514e-01
-5.501543710189504832e-01
-5.390528981364881567e-01
-5.309593123248166346e-01
-5.253765814833144532e-01
-5.218283771263543258e-01
-5.198782970785014168e-01
-5.191404144959888001e-01
-5.192837090826838420e-01
-5.137117939207600514e-01
-5.061109897626325793e-01
-4.975781649406514351e-01
-4.911329204284293759e-01
-4.865059290258264557e-01
-4.734313378295091912e-01
-4.634318120691722775e-01
-4.462565075879338927e-01
-4.265454805173638508e-01
-3.990663339715416758e-01
-3.716549643096993538e-01
-3.443999279089902110e-01
-3.129042764972083113e-01
-2.898977892628651354e-01
-2.738025866440971789e-01
-2.632152489429131492e-01
-2.569236183848764288e-01
-2.489342877981419733e-01
-2.442016173297487658e-01
-2.403465500768549035e-01
-2.335610630857709591e-01
-2.276909464195298050e-01
-2.173018257371750472e-01
-2.099449796434216253e-01
-2.050932818869379837e-01
-1.953402642522461541e-01
-1.883723015397398282e-01
-1.837220336282485711e-01
-1.669704046886151261e-01
-1.530614317872283081e-01
-1.429165765949105271e-01
-1.289390676243047373e-01
-1.187791877431216836e-01
-1.117978954689673454e-01
-1.004220169377969540e-01
-9.233239254390102069e-02
-8.695394036856640696e-02
-7.675953608229635350e-02
-7.000219848638966624e-02
-6.553494407610571670e-02
-5.579250390610734911e-02
-4.875084191922862686e-02
-4.399013514280958326e-02
-3.387071951046993767e-02
-1.927069790561342089e-02
-1.054392002181048227e-03
1.996635295728643733e-02
5.029355628221821028e-02
7.347620038639601781e-02
9.834883402703398225e-02
1.167671491535704487e-01
1.369075946167481739e-01
1.511611867993118974e-01
1.593811008819336905e-01
1.638561793747075335e-01
1.713959683092787234e-01
1.769939534570170725e-01
1.787407952882507089e-01
1.869660540049133957e-01
1.994130555100654956e-01
2.084233312553205320e-01
2.145836375829892617e-01
2.252933926055245006e-01
2.329325450613630721e-01
2.448398038098125173e-01
2.534531761580556264e-01
2.611364920671277456e-01
2.663510522675132108e-01
2.783119843363841550e-01
2.872153245800399546e-01
2.934706107541593667e-01
3.066180342377586854e-01
3.234229602467837417e-01
3.385292529367116554e-01
3.567292765708114377e-01
3.702756744192097216e-01
3.867353280442622498e-01
3.985496299841808643e-01
4.133126831248681299e-01
4.236472961858852582e-01
4.401802273674373378e-01
4.554934064529723159e-01
4.694410089583180845e-01
4.890109286741812777e-01
5.097857964589260771e-01
5.249209693991165881e-01
5.415954180220716729e-01
5.532333577788304257e-01
5.707567161880675588e-01
5.892707075963511398e-01
6.065402245489914801e-01
6.246783534859922105e-01
6.432807760320027324e-01
6.607569602369571804e-01
6.786574376363445626e-01
6.912025336957957622e-01
7.094241201216071602e-01
7.223713280854435759e-01
7.309796515723290256e-01
7.361218953488095629e-01
7.486448493986990194e-01
7.573483995120062762e-01
7.629311662239276481e-01
7.711654472168456564e-01
7.815252185620549241e-01
7.938452944268430400e-01
8.027643486538703632e-01
8.140718092006593576e-01
8.325335660421958606e-01
8.520323944225990376e-01
8.715484458841782356e-01
8.916596780430446900e-01
9.110347935094826877e-01
9.352826709291329754e-01
9.529648671607851007e-01
9.693447442141398529e-01
9.803949338317009543e-01
9.932931572562833100e-01
1.001860284944686041e+00
1.016950673975753006e+00
1.023757454575979109e+00
1.027620663075663687e+00
1.029212405598602942e+00
1.022872823448451207e+00
1.022742876764016540e+00
1.021787041392981932e+00
1.020302263401110743e+00
1.018525457654997801e+00
1.016638479671449602e+00
1.027404231905352683e+00
1.036109798347953026e+00
1.042887454905911060e+00
1.058227909477476025e+00
1.076823096438502381e+00
1.091292589419344816e+00
1.112259564906913800e+00
1.128127792981154620e+00
1.146482746440062428e+00
1.159984603290775684e+00
1.176371270073907738e+00
1.195264933969374388e+00
1.211813225889385004e+00
1.230595412284676282e+00
1.236901148846010212e+00
1.232978062455084345e+00
1.228101334335002459e+00
1.215798217168243323e+00
1.207507243698671573e+00
1.200319367940910320e+00
1.191560830539622584e+00
1.187051565504928963e+00
1.180757851360471511e+00
1.175771444545858246e+00
1.171957737178877856e+00
1.162429806242664787e+00
1.152036586035648069e+00
1.137230237131590105e+00
1.125717303573892547e+00
1.107194629062203006e+00
1.089427988694507077e+00
1.069205789115560190e+00
1.053922858073029545e+00
1.032555583651310949e+00
1.016584590734075588e+00
9.947122655346871678e-01
9.722098759250730193e-01
9.496525463327435412e-01
9.335213583682900884e-01
9.121044395434489971e-01
8.921237592847487408e-01
8.721240372635420401e-01
8.531396863475724235e-01
8.398048383783320858e-01
8.311406342209117781e-01
8.206247977482085121e-01
8.033365722139799159e-01
7.804124178451565808e-01
7.581404073926129028e-01
7.418679459448954683e-01
7.249517799970569554e-01
7.080749754360935455e-01
6.964086615531929203e-01
6.782018149988251476e-01
6.592945298401862164e-01
6.411691846889904234e-01
6.178563870376254652e-01
6.010380745923109558e-01
5.895753873591565997e-01
5.824051725478648356e-01
5.744748062886885220e-01
5.635665410915042806e-01
5.626413451442262570e-01
5.532540037736184413e-01
5.431608337761870686e-01
5.400490634995775974e-01
5.350370365840020348e-01
5.258317496459357088e-01
5.130170514303422635e-01
4.970995479322104504e-01
4.816459523613432214e-01
4.637611797015570581e-01
4.438107007171188112e-01
4.288543812126484056e-01
4.114149410152072583e-01
3.987092716455100661e-01
3.830669118498808423e-01
3.691681242400908225e-01
3.525974134706295615e-01
3.408114427614359343e-01
3.258663325467512362e-01
3.081598831589327236e-01
2.953617133146999585e-01
2.866949090124859545e-01
2.740477786351473988e-01
2.633323952959283343e-01
2.489496587167916442e-01
2.370433726838339084e-01
2.217763461345618747e-01
2.036884119641775293e-01
1.819183807321569368e-01
1.672766831160532597e-01
1.487063756216393529e-01
1.281993038282633890e-01
1.133878170624491588e-01
9.600759995796193103e-02
8.373419506573953619e-02
6.885607282274630592e-02
5.839926212178725429e-02
4.417144114938764687e-02
2.670101674837743744e-02
6.545128203596206617e-03
-1.574345692824286047e-02
-3.964239378814249370e-02
-5.711837089051963190e-02
-6.917482967515176107e-02
-8.373164786496922751e-02
-9.339626352508134666e-02
-9.921043370037230247e-02
-1.013330564730181571e-01
-1.086610530594416257e-01
-1.194998303689165375e-01
-1.268770956911786651e-01
-1.385056118192293795e-01
-1.467015967406075649e-01
-1.589909233982913506e-01
-1.678119581692225637e-01
-1.750005743130380598e-01
-1.853281125555363840e-01
-1.993792179589277680e-01
-2.096833819098344875e-01
-2.235537222417884884e-01
-2.352270139676129190e-01
-2.368517859617980115e-01
-2.368760510633267646e-01
-2.357672944058737396e-01
-2.407255591656471960e-01
-2.440409779133889678e-01
-2.477526315491571651e-01
-2.570294998758282379e-01
-2.571380044965068112e-01
-2.634149064604585089e-01
-2.768032312097299386e-01
-2.962523750117045385e-01
-3.115792802290329178e-01
-3.231405513066443191e-01
-3.383801107383594964e-01
-3.521000953100941189e-01
-3.620384228049082775e-01
-3.812967259054622637e-01
-3.959888916017750837e-01
-4.035478532365246451e-01
-4.080588314894886270e-01
-4.203455743537189981e-01
-4.290533950036397037e-01
-4.417753404173800913e-01
-4.507741238070746004e-01
-4.567109584606114936e-01
-4.705179453288190761e-01
-4.805945383666396786e-01
-4.943099556722572174e-01
-5.041646848006666737e-01
-5.108299215888543188e-01
-5.149379157726696743e-01
-5.236495962114917635e-01
-5.322880659687279081e-01
-5.444314294426393364e-01
-5.530620266462333845e-01
-5.649767535367260507e-01
-5.734514693125069007e-01
-5.791703858011409967e-01
-5.827225158665162441e-01
-5.885016919662151569e-01
-5.923555547488996709e-01
-5.946607739753948518e-01
-5.997819200543382800e-01
-6.033227490201128473e-01
-6.055527538466062287e-01
-6.169320668461943935e-01
-6.360527543186985655e-01
-6.511230976494700728e-01
-6.520738183437353452e-01
-6.516769240844264566e-01
-6.503584998820877150e-01
-6.484676161150256801e-01
-6.358476771681041972e-01
-6.250826686939582322e-01
-6.161804731060736007e-01
-6.090441935658142958e-01
-6.035111559068165876e-01
-5.932529978987943764e-01
-5.811736953639313752e-01
-5.719429035947118933e-01
-5.651652620835290186e-01
-5.604391127602745826e-01
-5.573804194538447554e-01
-5.518010247756197639e-01
-5.541246818076099867e-01
-5.505637649483194895e-01
-5.481736193184356676e-01
-5.467156158346893058e-01
-5.398533055969447769e-01
-5.407795715412750948e-01
-5.420116204301952401e-01
-5.372460792425488574e-01
-5.336112678590274605e-01
-5.309608267217820199e-01
-5.228714828901106504e-01
-5.165450530121304951e-01
-5.053913482972494098e-01
-4.966856722952788239e-01
-4.836087464056038066e-01
-4.735339165979535192e-01
-4.661300798007905755e-01
-4.610105599139671106e-01
-4.544543636775673079e-01
-4.500460444430289808e-01
-4.473512127900352020e-01
-4.459795101965200459e-01
-4.455926609870504151e-01
-4.360922695506432856e-01
-4.289307703032378960e-01
-4.170777054133942841e-01
-4.013274939206215031e-01
-3.823685836809795902e-01
-3.608029932159220188e-01
-3.442041541274691863e-01
-3.319989525379776207e-01
-3.140659977103712475e-01
-2.917217232137274685e-01
-2.753405735126799314e-01
-2.549413862723834967e-01
-2.403833499046841293e-01
-2.305562883906280280e-01
-2.228826877689502606e-01
-2.184450720258839240e-01
-2.164283049441788620e-01
-2.093291751556054514e-01
-2.047218025289585519e-01
-2.006819122755647555e-01
-1.984209417943607612e-01
-1.907440171689509523e-01
-1.852828181105261596e-01
-1.760755431781115821e-01
-1.680670109617228292e-01
-1.555208350791945637e-01
-1.461058450007901577e-01
-1.324818150481807955e-01
-1.153908511355621336e-01
-1.024813499672505568e-01
-8.620962007693289131e-02
-7.420054252928709460e-02
-5.879915589254069985e-02
-4.763224626509621196e-02
-3.297961981857744362e-02
-1.543663890070190448e-02
4.452759582738163857e-03
1.925555368324793903e-02
3.683878610581281521e-02
5.709152475625245415e-02
7.930898930123775337e-02
9.636751344168237310e-02
1.084280920760667399e-01
1.237163584304343811e-01
1.417260637093991082e-01
1.619117910307368291e-01
1.688775472064181216e-01
1.798506069969283416e-01
1.868626579779331109e-01
1.981337043805633247e-01
2.056414150796457285e-01
2.174582284365784712e-01
2.328262130453271350e-01
2.491736589922397549e-01
2.626214147289547274e-01
2.789988613529377215e-01
2.907197847892313280e-01
3.055351815356586176e-01
3.182367010312450173e-01
3.270749780428017228e-01
3.420734154692446349e-01
3.529771048563794533e-01
3.604041449588553103e-01
3.649806761516638520e-01
3.742679136156927822e-01
3.903154241925732570e-01
4.022559786569168683e-01
4.206269062670766612e-01
4.343797077676618823e-01
4.509973403802636227e-01
4.732064484877676058e-01
4.897634866363684836e-01
5.081530005129761829e-01
5.277914882202581204e-01
5.417321736400644294e-01
5.573914101636143759e-01
5.743196314479911413e-01
5.819943309165969136e-01
5.862503891087073038e-01
5.979117166314634746e-01
6.117152826534361099e-01
6.214121368204573725e-01
6.376371965830812671e-01
6.550329695501063698e-01
6.719949232342360412e-01
6.799271516368696755e-01
6.891706836162019290e-01
7.006224129500105979e-01
7.085227591531824132e-01
7.135481571514530330e-01
7.209268659267116242e-01
7.257950310291829688e-01
7.333821257121199144e-01
7.438887041574225867e-01
7.563758060095605584e-01
7.656047757326752690e-01
7.720325024916364631e-01
7.761390899377840213e-01
7.835558485518882010e-01
7.991283236091076825e-01
8.109591459332039509e-01
8.300297518192104596e-01
8.500290325070395392e-01
8.650983970623044028e-01
8.864852238790866812e-01
9.082820496632804108e-01
9.350403822437791668e-01
9.612069793262063566e-01
9.847773879086816340e-01
1.001537127191514553e+00
1.016676931564714614e+00
1.026489467665575805e+00
1.035942418186107439e+00
1.045145009660644941e+00
1.056877947057809575e+00
1.068085348586128802e+00
1.072074713158910564e+00
1.073763782764901586e+00
1.073774977697753208e+00
1.066424906802647010e+00
1.056021251203630440e+00
1.046796011034034635e+00
1.035234453604138238e+00
1.031751699735304229e+00
1.029029561393857595e+00
1.026996781710064699e+00
1.025564174473784895e+00
1.024634322322443003e+00
1.024109567947596000e+00
1.023897961213626084e+00
1.017520331594880867e+00
1.016435128275109845e+00
1.009595485845597107e+00
1.000440467044430237e+00
9.893380568935351560e-01
9.745906253601687164e-01
9.631848842820551759e-01
9.504467314248927767e-01
9.305168553799194608e-01
9.196075300275636799e-01
9.016144526619236377e-01
8.881968630839536250e-01
8.739314104961584118e-01
8.636443831492146561e-01
8.567079537264741251e-01
8.468681696443541851e-01
8.402340302481321466e-01
8.256489708951499917e-01
8.150047720477957558e-01
8.024927039374292193e-01
7.882044880001587428e-01
7.779256406618446640e-01
7.656065616528855422e-01
7.517449125919601904e-01
7.363552944838812619e-01
7.145902133909678433e-01
6.982871723250689833e-01
6.808300557541272502e-01
6.682085189316903096e-01
6.490112039182472925e-01
6.396119062617515727e-01
6.292145437506760919e-01
6.162597484827632144e-01
6.029316855289829080e-01
5.895326030474151713e-01
5.740831405237728502e-01
5.527997124319947719e-01
5.372261493434680180e-01
5.263929961730116069e-01
5.129086796929742675e-01
4.970050661650511348e-01
4.821056589664578507e-01
4.650370383455375567e-01
4.460257002774985491e-01
4.221811701079343226e-01
4.045920264226265939e-01
3.853109919682180529e-01
3.644933139038628589e-01
3.494713363728458866e-01
3.321053665450499626e-01
3.199341485303905941e-01
3.097215247218241263e-01
3.057580936393815563e-01
2.947802573353661693e-01
2.801279564990772908e-01
2.623267001877491733e-01
2.474688985077739822e-01
2.314974024413045672e-01
2.200791991286148441e-01
2.124659605867482703e-01
2.003310385998953169e-01
1.828591686723122223e-01
1.626080330445471844e-01
1.477608696606684813e-01
1.374465054287425936e-01
1.231815343088022985e-01
1.055531307834349786e-01
9.211221807490366231e-02
7.542257206578839579e-02
6.361922113011542201e-02
5.537444994121676345e-02
4.266864664067560042e-02
2.676786365921879352e-02
8.273247768339153652e-03
-1.228855290912211906e-02
-3.445495092882766563e-02
-5.781998271599442241e-02
-7.440064577983429572e-02
-9.273435723284850773e-02
-1.125037558620931577e-01
-1.274051085773006964e-01
-1.376076838229676191e-01
-1.509544127796071944e-01
-1.681735546341307508e-01
-1.806202675512986744e-01
-1.960730107154255997e-01
-2.069717822972165777e-01
-2.211331677171282095e-01
-2.309762427005321861e-01
-2.442869842641059996e-01
-2.534917577128852351e-01
-2.593586729503616350e-01
-2.625979650384044906e-01
-2.657278880908893193e-01
-2.740783029542595006e-01
-2.889027722702279810e-01
-3.093410299764203231e-01
-3.251255998944770909e-01
-3.463451686970979715e-01
-3.695195900361891717e-01
-3.968037685815473115e-01
-4.173899345956089135e-01
-4.289017953664868710e-01
-4.428557484838135938e-01
-4.553296345215513963e-01
-4.634883824608593272e-01
-4.715295315981298252e-01
-4.828497423326225668e-01
-4.903139450102174113e-01
-5.012061546655648403e-01
-5.085381447093140217e-01
-5.130747745877419774e-01
-5.190266783257369010e-01
-5.290042172591904457e-01
-5.360742061253995772e-01
-5.407597976010121155e-01
-5.534663648719813089e-01
-5.690462794838115901e-01
-5.806932539644065194e-01
-5.930279797256924335e-01
-6.019662952582248705e-01
-6.080398302210953121e-01
-6.177548473037819399e-01
-6.245114329469140246e-01
-6.229367447522110579e-01
-6.145323032720717560e-01
-6.085278686871848919e-01
-6.031129036710891622e-01
-5.943136890482095813e-01
-5.870883974963978513e-01
-5.753229181943773085e-01
-5.659317925888034395e-01
-5.647170146879350039e-01
-5.642542476388818784e-01
-5.643334183025501272e-01
-5.647828201411579929e-01
-5.654652945134244213e-01
-5.640829957706023912e-01
-5.691824128274687311e-01
-5.696997394923808411e-01
-5.641528431175200087e-01
-5.596380606180937356e-01
-5.560829454379190295e-01
-5.533859440618205117e-01
-5.514304824755138501e-01
-5.500957119769467329e-01
-5.431163726975649642e-01
-5.376170754413736041e-01
-5.297863030997911338e-01
-5.238367727805453011e-01
-5.195009068653280160e-01
-5.200591980252289304e-01
-5.147763521827239952e-01
-5.108403749546239769e-01
-5.016542746754872883e-01
-4.910403764283324257e-01
-4.829690496868674909e-01
-4.804857534629272120e-01
-4.792056801167279279e-01
-4.688537316193648330e-01
-4.479052789016946257e-01
-4.222126941330335281e-01
-4.026984350283104863e-01
-3.817969398602936160e-01
-3.572627899288636222e-01
-3.391598289181094739e-01
-3.263803415687687171e-01
-3.200937302675050944e-01
-3.167554820974798346e-01
-3.156599704750970847e-01
-3.073209640336758142e-01
-3.105685079887470224e-01
-2.967245538862022247e-01
-2.884126729339340223e-01
-2.739390673975092838e-01
-2.631950707130727984e-01
-2.488267841121256652e-01
-2.382508120192745604e-01
-2.308680097720272606e-01
-2.260951687315959635e-01
-2.233905542627394603e-01
-2.154292163877644661e-01
-2.113333659700622480e-01
-2.089080956114843790e-01
-1.993574157352284715e-01
-1.853434257822101916e-01
-1.747312376812113488e-01
-1.670593789271974661e-01
-1.618453133647639319e-01
-1.444911945089009109e-01
-1.312321327855807684e-01
-1.136056277952786076e-01
-1.005796381601553602e-01
-8.436515800094190887e-02
-7.259895688926132351e-02
-6.498042144694582412e-02
-6.019228858859237974e-02
-5.765053412823473167e-02
-5.682364465968459122e-02
-5.007062548455243345e-02
-3.825894639347771076e-02
-2.969583936091879650e-02
-1.628479149377382029e-02
-6.220295558329036467e-03
8.327483853667549951e-03
2.653496569881963474e-02
4.725191758373314954e-02
6.985046358063873306e-02
9.374024085643384296e-02
1.112493431798533550e-01
1.296726863110828631e-01
1.424522254959674772e-01
1.576912577696460982e-01
1.680958387850346458e-01
1.814962408671618732e-01
1.851073424392735145e-01
1.863686668744741759e-01
1.927991009019516255e-01
2.036998847604551965e-01
2.114508912844028643e-01
2.234560870253468057e-01
2.321071246043324710e-01
2.447820266496860686e-01
2.539363352692545206e-01
2.687662133325017244e-01
2.797565545606917059e-01
2.874706721141624399e-01
2.856833330740133903e-01
2.829468405676767162e-01
2.796875154552966869e-01
2.762343966567011311e-01
2.728294268030346803e-01
2.715633490692590524e-01
2.702513009350544504e-01
2.760022144787870335e-01
2.896746203162723354e-01
3.007426994583914936e-01
3.164059651243900095e-01
3.309789639409581596e-01
3.421593029223679583e-01
3.573701530470436705e-01
3.687122320252436136e-01
3.836911938666796029e-01
3.945973687704857902e-01
4.089257752739883234e-01
4.161930192494132097e-01
4.236124048870233416e-01
4.349685388303994316e-01
4.429542161413038137e-01
4.546956697792681190e-01
4.630190088462589060e-01
4.718117678280031591e-01
4.778653394744478700e-01
4.816822062004166849e-01
4.837305760004642075e-01
4.779765791558805432e-01
4.723660896413974797e-01
4.671527613538863921e-01
4.624955490735016550e-01
4.584767856656619678e-01
4.551197400709070529e-01
4.524046875604295082e-01
4.470783588424613875e-01
4.429142425845435938e-01
4.397685632531924682e-01
4.374891008624524069e-01
4.359263174026200005e-01
4.380091337966665055e-01
4.333610298867576205e-01
4.266412938234365182e-01
4.147030925601229434e-01
4.023759327288944920e-01
3.929310037383935139e-01
3.859682186231390144e-01
3.743508921103786413e-01
3.656382746985813448e-01
3.501037670602435981e-01
3.384115124284849951e-01
3.231744067092379158e-01
3.096612072636248936e-01
2.952553687305907726e-01
2.827091999265858302e-01
2.670261683284655962e-01
2.556235057958278212e-01
2.391760184076636708e-01
2.289094658539303495e-01
2.204621330628779852e-01
2.081882082165329440e-01
1.995815871279513765e-01
1.953324456093827877e-01
1.861639844867468696e-01
1.797951839551514830e-01
1.674271623373111417e-01
1.584714349035933889e-01
1.452794628335023486e-01
1.356728802196980332e-01
1.219636541831747856e-01
1.119787503380460514e-01
9.728434043224165606e-02
8.668255907258859416e-02
7.240433329258588735e-02
6.213845830376851787e-02
4.815518088006065511e-02
3.109409074983160437e-02
1.155757306891991298e-02
-9.901122913885451737e-03
-3.278590486621490996e-02
-5.666270341273049738e-02
-7.417499645399683317e-02
-9.332329904564784506e-02
-1.068296403979345222e-01
-1.157122448982252916e-01
-1.287502138692888654e-01
-1.376257175934565424e-01
-1.511853198325812109e-01
-1.678343545881733068e-01
-1.869825969658527320e-01
-2.009417302401734773e-01
-2.175963716428084282e-01
-2.277078531493055280e-01
-2.409439310402152756e-01
-2.498681244466056661e-01
-2.553755878911858623e-01
-2.650446609594228065e-01
-2.714558721849391620e-01
-2.772040503254249444e-01
-2.806659192575580164e-01
-2.911397606410601746e-01
-2.987712560100115322e-01
-3.075808154504675596e-01
-3.573300324586556886e-01
-4.063559586179892325e-01
-4.407616365022624105e-01
-4.717425385889617573e-01
-4.935598559306910715e-01
-5.144869226866111145e-01
-5.320899744598346359e-01
-5.437175889688026231e-01
-5.542850062972608516e-01
-5.665770375410559279e-01
-5.803568172974565842e-01
-5.894606226499425894e-01
-6.006908934725158078e-01
-6.079322514574851954e-01
-6.120531167009297668e-01
-6.138085321964251717e-01
-6.138376828122087403e-01
-6.126689983045280341e-01
-6.107291084300661144e-01
-6.026101101151963846e-01
-5.953077581476742264e-01
-5.889614739149208189e-01
-5.934195260069913269e-01
-6.011316934516456323e-01
-6.133479759383961838e-01
-6.289643421292215875e-01
-6.512267405134110065e-01
-6.686845025770150608e-01
-6.919070927705505136e-01
-7.096321081113187157e-01
-7.326547910591277857e-01
-7.599171592637178341e-01
-7.803617532533879686e-01
-7.950763180033636468e-01
-8.051351028688452649e-01
-8.166654682570221313e-01
-8.347374483652374444e-01
-8.534235867909434337e-01
-8.718555791051513237e-01
-8.907735067683916208e-01
-9.089455075095816960e-01
-9.276246175174632791e-01
-9.452155404664441818e-01
-9.696637524626893212e-01
-9.917539162007001918e-01
-1.007381890874888164e+00
-1.028012279067878065e+00
-1.048907176461486346e+00
-1.073794581661699610e+00
-1.091681320373165676e+00
-1.113721380271443850e+00
-1.129201042300042701e+00
-1.139367579435135447e+00
-1.148346089615531529e+00
-1.160122147260942871e+00
-1.170610847205318050e+00
-1.186547838490670470e+00
-1.197674479649966317e+00
-1.211517888847322810e+00
-1.221166362694272367e+00
-1.234027150895766534e+00
-1.245292690135101132e+00
-1.259535356482702539e+00
-1.276344432150818831e+00
-1.290542260831443189e+00
-1.307138890499796480e+00
-1.325776592564936074e+00
-1.346124944416334124e+00
-1.361058312529199066e+00
-1.379597732033477131e+00
-1.398424850512323347e+00
-1.413120889146458836e+00
-1.429971176260994570e+00
-1.441779174934136432e+00
-1.456362048255656294e+00
-1.473346974532412590e+00
-1.485415002001847506e+00
-1.500367559659137484e+00
-1.510811904194084621e+00
-1.524537161180539835e+00
-1.534066091962659417e+00
-1.539945805803250467e+00
-1.543188061496074903e+00
-1.551523010141620196e+00
-1.556999331247708618e+00
-1.567579351353580730e+00
-1.575181020598430015e+00
-1.587628390886902441e+00
-1.596708149394895138e+00
-1.602923910135503949e+00
-1.599372583857191943e+00
-1.595141494622585254e+00
-1.583540400530575543e+00
-1.573530770018328973e+00
-1.558012230823412336e+00
-1.545387999000795043e+00
-1.528243467747275597e+00
-1.514803559553428602e+00
-1.504156707510177160e+00
-1.489064603793288422e+00
-1.477631545234896704e+00
-1.462121349068571385e+00
-1.443348617825838343e+00
-1.422089973672601815e+00
-1.406228537630993758e+00
-1.387802140056369815e+00
-1.374510711885417180e+00
-1.358396249800710498e+00
-1.347047065013126987e+00
-1.332590091601117965e+00
-1.322541752408312954e+00
-1.316061870286133084e+00
-1.305494255281104188e+00
-1.291519079937900161e+00
-1.274822684244584448e+00
-1.256056575707763745e+00
-1.235810417088877955e+00
-1.221093532771340140e+00
-1.204476709416867131e+00
-1.186416537376764779e+00
-1.170939648548480427e+00
-1.160081230248110939e+00
-1.146747611902874775e+00
-1.128480015272134596e+00
-1.109015648135793342e+00
-1.088825368299481955e+00
-1.074290072641330029e+00
-1.055139772324881875e+00
-1.032016592199620941e+00
-1.014998888489970330e+00
-9.936353708265194262e-01
-9.724520466149699782e-01
-9.533662216120853961e-01
-9.399024033300718006e-01
-9.213303813375743889e-01
-8.983575812756408041e-01
-8.771345519334884377e-01
-8.571866574041367981e-01
-8.375673942051912180e-01
-8.188996270605971572e-01
-8.006224536284586302e-01
-7.776996688231634369e-01
-7.610591383673340760e-01
-7.447373157989274350e-01
-7.338436330018870413e-01
-7.217408548159623960e-01
-7.091080359914803122e-01
-6.951989847875739148e-01
-6.752642455815686118e-01
-6.609075819356589054e-01
-6.407490154635924196e-01
-6.263027369771848596e-01
-6.104901035390012387e-01
-5.953128126264995990e-01
-5.849717518875566791e-01
-5.683002566411967660e-01
-5.565988253895262083e-01
-5.451314238961240122e-01
-5.376403926517170362e-01
-5.332471490005608050e-01
-5.312019884205627651e-01
-5.272823948336742284e-01
-5.191323870108364158e-01
-5.170091824874172293e-01
-5.162747236842273324e-01
-5.165568096860286840e-01
-5.112672640041324712e-01
-5.075092888740659891e-01
-5.050337216192692935e-01
-4.971590799029603769e-01
-4.812253733278128998e-01
-4.687814761956876630e-01
-4.594498343284820763e-01
-4.461264634808743690e-01
-4.361849827273598379e-01
-4.291492704928847601e-01
-4.245244455095600333e-01
-4.022601328795036846e-01
-3.825511794298972479e-01
-3.471082474209703506e-01
-3.208641515832753033e-01
-3.020167659093440093e-01
-2.825264729525058804e-01
-2.641194484925604158e-01
-2.510702768378176852e-01
-2.424178744448182155e-01
-2.321985471729897110e-01
-2.255080032398202317e-01
-2.148240234741576327e-01
-2.060832475532536900e-01
-1.935448447255798676e-01
-1.790183076923246297e-01
-1.601830670710777671e-01
-1.462906266522558951e-01
-1.294930039056541027e-01
-1.102850459454143284e-01
-9.630295021459822635e-02
-7.897523110166826399e-02
-5.968285405129103438e-02
-4.590436650438189936e-02
-2.958335540234391381e-02
-1.113163944343797951e-02
1.609304346002837782e-02
3.608573239589407677e-02
5.697064450292366189e-02
7.217267052082187995e-02
8.933903999272985175e-02
1.012548069270242657e-01
1.088877401769541287e-01
1.208948307303594483e-01
1.359986152278898075e-01
1.477255531250418752e-01
1.627962023027083038e-01
1.735238427131093886e-01
1.877426147612148988e-01
1.977113370656813363e-01
2.128337783380644943e-01
2.308669926335857880e-01
2.511418159983975773e-01
2.659244340451112354e-01
2.811173047638984013e-01
2.983729186729544569e-01
3.125851694993351249e-01
3.222924687777397601e-01
3.351673254817781888e-01
3.439175719811142784e-01
3.585721497352043485e-01
3.690298660429298661e-01
3.826967937993956959e-01
4.017449303665168170e-01
4.158343444751642082e-01
4.322941488007365773e-01
4.440248241486193237e-01
4.518505033344994981e-01
4.565504960759372288e-01
4.620510578515857336e-01
4.750399465100780816e-01
4.845276902489950022e-01
4.945475493269977374e-01
5.081598929187765012e-01
5.245959967716193884e-01
5.366363103987747962e-01
5.488843702776629030e-01
5.574817987062321567e-01
5.694568412304485960e-01
5.841079797551108621e-01
5.945332543153596383e-01
6.076391305764357043e-01
6.167667912815397724e-01
6.329827178865006232e-01
6.506246736424383670e-01
6.634066789387029761e-01
6.778400850571985048e-01
6.879320153380502623e-01
7.045894676944295387e-01
7.166404750607934249e-01
7.301858533310726651e-01
7.443898921377593014e-01
7.496604398957078530e-01
7.623209012615154156e-01
7.761574999886942106e-01
7.861298755858161513e-01
7.979505513682486617e-01
8.063239945758832183e-01
8.170738575127467485e-01
8.246400950345275094e-01
8.295303477736573061e-01
8.322574026635009004e-01
8.333079891237010761e-01
8.386621676932238811e-01
8.421932462076900938e-01
8.442418629040631117e-01
8.451341564261620753e-01
8.451660000708951515e-01
8.553191624067733034e-01
8.631145169311916776e-01
8.795330115088825229e-01
8.922150605521327327e-01
9.075801750966688841e-01
9.191699240344253230e-01
9.336183371987858415e-01
9.550354014416302384e-01
9.712908034475251640e-01
9.830585443568705672e-01
9.952523159163803035e-01
1.007595780295134524e+00
1.019865820586301375e+00
1.028124956447607374e+00
1.043226898487846555e+00
1.053954951093413861e+00
1.064641555116984994e+00
1.078027245303726511e+00
1.084238659405372562e+00
1.087960015112910739e+00
1.083457371606724173e+00
1.078650124076317107e+00
1.070470421323494126e+00
1.063094631471177998e+00
1.053094871965956969e+00
1.044635365497092572e+00
1.037726483149203904e+00
1.038701866310466126e+00
1.043683031772359104e+00
1.048050916774287966e+00
1.051754394735238796e+00
1.064943862177488043e+00
1.082129186247789310e+00
1.095833108488627694e+00
1.113053637513070626e+00
1.133141145145867501e+00
1.158565258455777514e+00
1.184975997491619193e+00
1.212065085220503269e+00
1.232442490041317118e+00
1.254220146656090051e+00
1.272165282280962817e+00
1.284439530920097106e+00
1.292156115829007135e+00
1.305521754782647204e+00
1.314417181504162091e+00
1.328722412332010272e+00
1.338547092542901495e+00
1.344816611211537838e+00
1.355374802765989095e+00
1.364037994509558427e+00
1.369650769782880362e+00
1.372892926630209676e+00
1.372953949751499536e+00
1.364961894105832130e+00
1.355997894459332498e+00
1.342550352638011368e+00
1.331297820943097898e+00
1.322165143373902563e+00
1.308051615652403354e+00
1.290109214624960643e+00
1.276187318195953768e+00
1.263624901394663436e+00
1.254317159569267259e+00
1.247787009215637566e+00
1.234358173869336994e+00
1.217490595741890447e+00
1.204817228198398427e+00
1.188988075620387663e+00
1.167917928414127893e+00
1.145440632637801937e+00
1.122221841116507024e+00
1.098803355804800486e+00
1.075596809339852467e+00
1.055554633760442673e+00
1.035302038467621699e+00
1.017387507454951878e+00
1.004937212750964814e+00
9.969611319376536773e-01
9.885983745187778560e-01
9.836039728396909210e-01
9.771851397782775894e-01
9.631272136736725997e-01
9.468138203177525192e-01
9.304479252109102427e-01
9.125079474784004718e-01
8.995133117437038583e-01
8.848338561656665657e-01
8.689737253390702465e-01
8.530971845557080435e-01
8.419413211100665873e-01
8.291751628999184387e-01
8.205569065243786264e-01
8.048933782927409908e-01
7.937159931105677302e-01
7.759216441202728687e-01
7.579738116782553936e-01
7.397896047866884262e-01
7.218708072535879872e-01
7.036795100508591583e-01
6.860724323970767147e-01
6.680820008191622472e-01
6.552727146473207309e-01
6.467430159201188467e-01
6.358609837612274607e-01
6.286287216818596812e-01
6.184170737883121216e-01
6.012702607450429726e-01
5.886508344604073351e-01
5.696727455564731812e-01
5.494667935352377519e-01
5.345859471088463266e-01
5.177699267794477755e-01
5.021567992129423175e-01
4.847676895731491964e-01
4.657558326970838714e-01
4.487978988030421057e-01
4.370353294261568600e-01
4.196726603602816130e-01
4.007533385938750747e-01
3.777067670020166634e-01
3.678425992925486998e-01
3.645383861319253516e-01
3.637595577633079280e-01
3.647858878745682265e-01
3.670213520147833641e-01
3.699860764195024299e-01
3.706462944904871382e-01
3.718462940997433464e-01
3.733541079390234607e-01
3.682612893331469461e-01
3.644098982819949928e-01
3.616243040685653831e-01
3.571933329836118887e-01
3.472459395262130766e-01
3.395467944584134035e-01
3.247376223099069925e-01
3.133513019808789046e-01
3.049109703588954723e-01
2.942346264511483955e-01
2.843145680239693718e-01
2.703576336976860617e-01
2.581259270265094941e-01
2.425202519144820101e-01
2.310081529592986627e-01
2.229272669463608914e-01
2.122642197456066082e-01
1.977125799684387175e-01
1.856071207831957448e-01
1.700690829520894454e-01
1.516916663166887336e-01
1.381067501639232642e-01
1.214933785624741081e-01
1.094925663601873378e-01
1.013491717524785951e-01
8.855065448995902422e-02
7.264325685994466042e-02
5.419530156077478900e-02
3.372533736170080232e-02
1.887461123045475198e-02
1.313675706942962762e-03
-1.822290908923629438e-02
-3.227167398118191421e-02
-4.178384763665254908e-02
-5.467605740034797712e-02
-6.343767200433503284e-02
-7.587539254651720633e-02
-8.442760052562037210e-02
-8.983304292615335029e-02
-9.974559240129310389e-02
-1.065027312536506177e-01
-1.176683633937571916e-01
-1.255577443870214971e-01
-1.376828016650422093e-01
-1.463815345060135442e-01
-1.533109572216169170e-01
-1.578253780709608645e-01
-1.603951955120388462e-01
-1.544279874383100992e-01
-1.485833332300043885e-01
-1.431363407988319736e-01
-1.382595810654785318e-01
-1.340431249558307059e-01
-1.305138381858572671e-01
-1.205079991768318592e-01
-1.124142992952310571e-01
-1.068564065371184757e-01
-1.026723334526875586e-01
-9.896003060654612327e-02
-9.711964541191009381e-02
-1.033846921634951066e-01
-1.089576087920129943e-01
-1.201764085244625413e-01
-1.292871658070267049e-01
-1.436195899132097775e-01
-1.548648728270130004e-01
-1.704496207908252625e-01
-1.880276275739731773e-01
-1.956976642902308328e-01
-2.092064799890755999e-01
-2.246227351837954966e-01
-2.359752207737204621e-01
-2.507250921933859011e-01
-2.681479055640327847e-01
-2.809198723761436867e-01
-2.831851731111703074e-01
-2.855111570001167554e-01
-2.861536770655310757e-01
-2.923245943233265809e-01
-2.964604524255991524e-01
-3.033497017127113615e-01
-3.583894603350232799e-01
-4.027978764175066395e-01
-4.306875487286991877e-01
-4.531338440070782347e-01
-4.687274195729933535e-01
-4.789674695214107825e-01
-4.849905025068392828e-01
-4.910203743950676269e-01
-5.002028451649116469e-01
-5.059789442448505703e-01
-5.090635250300370451e-01
-5.162254372271963820e-01
-5.146717155879183547e-01
-5.182967003049365751e-01
-5.237836437829479497e-01
-5.274206265792273918e-01
-5.392891980543959018e-01
-5.543638392067105070e-01
-5.657880427936530232e-01
-5.740601748277890382e-01
-5.796986481181060080e-01
-5.832057550324886153e-01
-5.850445709434189956e-01
-5.856257144345857757e-01
-5.853013214154300092e-01
-5.902578687160106030e-01
-5.937326419025810154e-01
-5.999683416250293222e-01
-6.045612950822076836e-01
-6.077604536207870112e-01
-6.139110976217111437e-01
