2.603684429773680531e-01
2.685744679694506143e-01
2.741980936010517400e-01
2.863521906000305872e-01
2.953561430444415770e-01
3.016922535222823498e-01
3.058356784207827417e-01
3.148656334283141955e-01
3.213210929918022263e-01
3.344953960735965737e-01
3.444169772690088838e-01
3.539638775556774863e-01
3.674526680353986663e-01
3.774679738626729453e-01
3.938381053015995725e-01
4.061510533612875395e-01
4.215334086357389598e-01
4.327227403480571333e-01
4.403890672399068951e-01
4.485611833845672969e-01
4.568987043554779692e-01
4.624060295114491570e-01
4.624941144767154011e-01
4.645895277695557546e-01
4.716629173492079552e-01
4.766076223070327966e-01
4.860250032153250466e-01
4.928888865925178386e-01
4.976360058879432113e-01
5.040248589518145916e-01
5.085024874653010230e-01
5.114016029909442818e-01
5.130391697121576833e-01
5.075301898164266134e-01
5.023815283098731488e-01
4.977601661182600168e-01
4.937561377032144705e-01
4.903993723056121468e-01
4.876754785249162172e-01
4.791541109941268584e-01
4.690061259619753287e-01
4.610625454977810289e-01
4.550651297471135504e-01
4.538598238005167040e-01
4.438419554891188668e-01
4.361596575091699624e-01
4.305104193266549029e-01
4.200201139017749608e-01
4.092187989260720471e-01
4.012438115741832068e-01
3.956370442280501276e-01
3.919591769612740251e-01
3.898074299601197445e-01
3.888249873233722287e-01
3.821409068673291554e-01
3.772446274011476142e-01
3.738553885365270002e-01
3.691274428606856617e-01
3.592815722161655234e-01
3.518366109516568585e-01
3.398029025213742393e-01
3.306625150965341042e-01
3.240231469951739829e-01
3.194791173005870899e-01
3.077311953288366375e-01
2.990115461289042376e-01
2.861069840388741348e-01
2.697314426826677991e-01
2.573583459017227959e-01
2.415776624277712337e-01
2.214095233795077000e-01
1.994989636283832635e-01
1.831883516208872020e-01
1.635479649878268660e-01
1.494450770229782677e-01
1.398741747456224704e-01
1.270759549514830500e-01
1.183405236216252820e-01
1.128727282354113903e-01
1.031092732353280361e-01
8.964756478708291176e-02
7.997285066820514210e-02
6.654878664332586347e-02
4.998609907305051614e-02
3.066441539708675279e-02
9.655761223913872371e-03
-5.750415972009204069e-03
-1.648834608546834168e-02
-2.344314157901727924e-02
-3.421669265777627089e-02
-4.174670574277872248e-02
-4.645756485944430025e-02
-4.893025267846429216e-02
-5.661561715957730279e-02
-6.182557230253360459e-02
-7.196608338159271590e-02
-7.926917072319894508e-02
-8.420196084930497982e-02
-9.416097422859182053e-02
-1.013487348253345743e-01
-1.062272295577053605e-01
-1.092413268020238082e-01
-1.177093441647436567e-01
-1.238058851928192095e-01
-1.348110550994445767e-01
-1.429520527589089873e-01
-1.565878566714633546e-01
-1.668957498045171572e-01
-1.812062009981720845e-01
-1.987079369725768263e-01
-2.117980221866637702e-01
-2.279319844163556485e-01
-2.464255864186968292e-01
-2.617511975439839045e-01
-2.727346962444427980e-01
-2.868232746488463825e-01
-3.034254870980566121e-01
-3.153272433822082998e-01
-3.299410896571268736e-01
-3.401765863097165887e-01
-3.533486442612363554e-01
-3.624625033039117206e-01
-3.683052146524201653e-01
-3.715849856418269592e-01
-3.729202551634180907e-01
-3.728373704211696005e-01
-3.653859388507560979e-01
-3.584439644254866497e-01
-3.522215072892291854e-01
-3.403317992446752704e-01
-3.304386882192857922e-01
-3.158688049320748092e-01
-3.042126106038078870e-01
-2.952275807797508644e-01
-2.818559458451532773e-01
-2.735726183847804194e-01
-2.657760932853043823e-01
-2.622155093704234829e-01
-2.532870405757374765e-01
-2.450371725509703502e-01
-2.392457656767323915e-01
-2.301244650671760983e-01
-2.234931890340543514e-01
-2.189786385698764271e-01
-2.161982293206106132e-01
-2.147852919724813070e-01
-2.144060524393660572e-01
-2.075800714414814951e-01
-2.025516743505222372e-01
-1.918108044841151383e-01
-1.836214651128287301e-01
-1.789731479555014548e-01
-1.685174063936702993e-01
-1.606232324952405754e-01
-1.549700720998599124e-01
-1.500650189447281235e-01
-1.543740570397535983e-01
-1.586549713212257462e-01
-1.626871904382130030e-01
-1.663339067014020234e-01
-1.768171891336003387e-01
-1.854343978017258809e-01
-1.937284067307116775e-01
-2.075658827326338773e-01
-2.185155663623592481e-01
-2.268642494355292971e-01
-2.329519701573401491e-01
-2.462119627196259763e-01
-2.544724719643423061e-01
-2.602602852566993086e-01
-2.659934102933476652e-01
-2.698135276440722929e-01
-2.720815913914889084e-01
-2.731369347901335676e-01
-2.712417938886444446e-01
-2.618224301342335636e-01
-2.609787576979123447e-01
-2.601108101680438267e-01
-2.664791500654495326e-01
-2.715478061128169252e-01
-2.825694124524258388e-01
-2.982640626426986685e-01
-3.127563092879686035e-01
-3.309349215028563052e-01
-3.449099149617083082e-01
-3.621132119609242750e-01
-3.776153863846103409e-01
-3.958754841297622562e-01
-4.093854189969690083e-01
-4.188673931553201779e-01
-4.250398779882889055e-01
-4.384344738011769493e-01
-4.480764253215256954e-01
-4.578778076174447875e-01
-4.713798498029513340e-01
-4.878219480307495193e-01
-4.962211716582154430e-01
-5.014892781863864446e-01
-5.043373752821351808e-01
-5.018194898709766871e-01
-4.987090327240490950e-01
-4.953585840048471134e-01
-4.856445617875577714e-01
-4.739632533699431605e-01
-4.643550589146741014e-01
-4.535466168207038518e-01
-4.451362513984293834e-01
-4.324565020230783929e-01
-4.255480812995817708e-01
-4.112576731318435819e-01
-3.975486259138725220e-01
-3.808640251530508447e-01
-3.592846334150776588e-01
-3.429735427283453486e-01
-3.311361019428284980e-01
-3.164514694369611192e-01
-3.038506891411540956e-01
-2.886195593680036531e-01
-2.796113909057826863e-01
-2.737510173189214857e-01
-2.637197738057872609e-01
-2.567993740026905947e-01
-2.456422612614572731e-01
-2.308337521527445979e-01
-2.129574186954392712e-01
-2.010102400682256540e-01
-1.854681179901440657e-01
-1.668700495668595796e-01
-1.457676276083934575e-01
-1.300778649512204233e-01
-1.190829246750340076e-01
-1.045530725000043404e-01
-9.448054653060711239e-02
-8.807805367165610910e-02
-8.458542308806737964e-02
-7.581880897335113723e-02
-6.253230498901274359e-02
-4.548834915560884262e-02
-2.542035111812501746e-02
-1.052884216728289246e-02
7.482503507039606205e-03
2.800395487472573386e-02
5.046550151810058615e-02
6.638528866716031374e-02
9.189137541017711186e-02
1.177306047922255239e-01
1.436305303942917444e-01
1.622689746115546505e-01
1.820494807344328336e-01
2.013209769791197701e-01
2.144552377501189877e-01
2.295667707666801949e-01
2.463628470385650360e-01
2.663473028242564489e-01
2.806715336012479689e-01
2.969530752932154627e-01
3.103631533726487479e-01
3.260858689197427829e-01
3.281943371081541549e-01
3.345806609133261666e-01
3.381506107070535450e-01
3.395858306479253574e-01
3.394662566404182957e-01
3.317224214085492395e-01
3.266956729172196816e-01
3.219285006069774191e-01
3.175960600741385420e-01
3.160150099139271695e-01
3.146069105873299243e-01
3.226204962910075302e-01
3.292967807024604898e-01
3.346531675814785611e-01
3.387787925933316568e-01
3.418090611966375647e-01
3.439035607583857956e-01
3.356640905446515166e-01
3.215593725151031368e-01
3.099522603712936419e-01
3.007022737989755168e-01
2.914475579009556672e-01
2.795177388405887253e-01
2.684090683165427649e-01
2.601891827013971259e-01
2.473252953542157684e-01
2.377253243256647330e-01
2.308900611961168803e-01
2.263307878014719776e-01
2.164885666680138598e-01
2.093338195222731457e-01
2.059243775635062335e-01
2.025610944858371454e-01
2.006703679163059917e-01
1.999040592672862715e-01
2.014298131838199168e-01
2.032794558825301579e-01
2.037485131944076766e-01
2.044625370850665647e-01
1.980688913215602476e-01
1.930565566778448261e-01
1.820075899308257750e-01
1.733248482549623048e-01
1.594457017947421562e-01
1.486951253048047761e-01
1.406998201407896332e-01
1.286384992930684756e-01
1.186505754916256095e-01
1.048487164601883403e-01
9.447646518099017676e-02
7.888554827443772233e-02
6.739533885052195750e-02
5.182882582581838093e-02
4.078346203313487628e-02
2.528635348494812085e-02
6.550808917353379002e-03
-1.473244151729624640e-02
-3.043170842589093539e-02
-4.892948963914078853e-02
-6.966784999509245679e-02
-8.468945448759246375e-02
-1.023845103965261849e-01
-1.148654972287137532e-01
-1.230822938871709571e-01
-1.279126138224448983e-01
-1.311096346912090649e-01
-1.396720204535317755e-01
-1.453898638655823916e-01
-1.488007062838094807e-01
-1.492779102050991735e-01
-1.486155202779075868e-01
-1.472045663902934454e-01
-1.538762434188543082e-01
-1.600067266800861976e-01
-1.645009733515181427e-01
-1.751844049080055754e-01
-1.833678562984140115e-01
-1.969576607079497332e-01
-2.148599727155207084e-01
-2.285032544241440977e-01
-2.384568244565363759e-01
-2.527829151182490186e-01
-2.631818497308306970e-01
-2.776773922375255221e-01
-2.976346447180302501e-01
-3.126044906094918030e-01
-3.233029860330540739e-01
-3.304576698370018661e-01
-3.419930871474665679e-01
-3.499637500627066355e-01
-3.550441401353374715e-01
-3.578525333028796940e-01
-3.589358036456569145e-01
-3.587631896423657540e-01
-3.577260748667328016e-01
-3.561417363965764249e-01
-3.613894912392661141e-01
-3.652083488864419358e-01
-3.651329769558879779e-01
-3.742867481369134275e-01
-3.813486656433795474e-01
-3.935022053711769718e-01
-4.096217988295844936e-01
-4.219464118740186009e-01
-4.376828812325699314e-01
-4.559449476610275553e-01
-4.695227259292513722e-01
-4.855577040471283912e-01
-4.971492512063213631e-01
-4.988826018141123697e-01
-4.955006281764355869e-01
-4.915720428332674974e-01
-4.874692173731027811e-01
-4.834562049623254421e-01
-4.797110238824686679e-01
-4.763441266311381206e-01
-4.703461177648302627e-01
-4.652749358698036186e-01
-4.579562220330002376e-01
-4.456942213802628228e-01
-4.359018459569639070e-01
-4.188746902622173529e-01
-4.028245266403394087e-01
-3.907648187392720462e-01
-3.729801949099200709e-01
-3.597826755354045503e-01
-3.503960197631725837e-01
-3.376271418485312648e-01
-3.262863474657640150e-01
-3.119728621352451103e-01
-3.016387340283692708e-01
-2.965637310333175680e-01
-2.871575892733431168e-01
-2.787056213590113352e-01
-2.730139663967279251e-01
-2.629240488543418408e-01
-2.557452791638805678e-01
-2.443024494158569926e-01
-2.359779870276268454e-01
-2.302784950666889596e-01
-2.184498402603627376e-01
-2.113235792083263398e-01
-2.065716955959513434e-01
-2.037380330925169236e-01
-1.955631474839043538e-01
-1.828448862472831227e-01
-1.720854859797855685e-01
-1.575029558824532216e-01
-1.398232984503757770e-01
-1.265892644503079367e-01
-1.102466283869083519e-01
-9.137334341357905565e-02
-7.050052864085065707e-02
-5.504996753956548083e-02
-4.419566122742146774e-02
-3.711582242453870251e-02
-3.326974541110905292e-02
-2.461927047171563743e-02
-1.886810195282273561e-02
-8.416055539573141786e-03
6.272443162697927121e-03
1.731256320448504304e-02
3.998007590305308057e-02
6.487112610955469982e-02
9.123321184632215974e-02
1.184174978816454615e-01
1.458967143064733296e-01
1.719894244757467217e-01
1.975916836390443354e-01
2.210249374538824085e-01
2.369810287221640888e-01
2.539210769379065535e-01
2.668766127291255508e-01
2.750754719974721763e-01
2.882504744574636568e-01
3.038454427352330622e-01
3.214218632960763600e-01
3.362122886562330937e-01
3.531907940030947213e-01
3.718764389730795372e-01
3.917923822822033664e-01
4.124997045871796608e-01
4.272290266690454974e-01
4.464356248919427728e-01
4.695639406605569555e-01
4.927293094220979164e-01
5.128971279884262380e-01
5.333674734800024630e-01
5.575934424498383279e-01
5.811035560079350626e-01
5.977973516638154239e-01
6.088837376117511857e-01
6.154981476039924626e-01
6.128519451835512388e-01
6.086734771049585602e-01
6.036366104170661773e-01
5.922984998358878928e-01
5.780425971116518458e-01
5.659050877134954582e-01
5.497548750103213866e-01
5.366540038398122103e-01
5.263855993930954824e-01
5.186431847972847731e-01
5.130754612983179364e-01
5.029667213448458796e-01
4.954327612773246070e-01
4.802412330101057947e-01
4.687221460076986812e-01
4.506470035272662766e-01
4.340521040766494032e-01
4.154924537738786672e-01
3.990927125568564104e-01
3.809487814471184119e-01
3.678380073316316334e-01
3.523229318539540245e-01
3.389676693859993151e-01
3.232867031211723585e-01
3.121612372606266117e-01
2.981692577113026488e-01
2.816685415781556845e-01
2.697240477706031037e-01
2.531024783668849309e-01
2.428755194144671670e-01
2.361554618053101073e-01
2.254086856425836505e-01
2.180482538613413013e-01
2.065216580903841415e-01
1.914054137418632617e-01
1.732790016894654173e-01
1.527023782707976896e-01
1.373755191252565844e-01
1.193644307657957260e-01
9.842305015764352127e-02
7.613843340695991557e-02
5.247647659015153287e-02
2.828629189917486464e-02
4.261828709465120824e-03
-1.958477414993886612e-02
-4.325244447728926467e-02
-5.997627651180525987e-02
-7.158256166030385614e-02
-8.557037655341614979e-02
-1.016839319123687968e-01
-1.128150920046275818e-01
-1.334924243896404850e-01
-1.552466091444426599e-01
-1.709834527981630714e-01
-1.817133493605436190e-01
-1.951191397120035642e-01
-2.107988850564219696e-01
-2.283285198278797168e-01
-2.423392996181270576e-01
-2.585882924631139890e-01
-2.766313615156024142e-01
-2.894812898333560813e-01
-3.045710454444885418e-01
-3.149950515484405411e-01
-3.302912738817573857e-01
-3.475553567316214121e-01
-3.687540628777239426e-01
-3.843742519381636580e-01
-4.016097558951330360e-01
-4.200347284906853496e-01
-4.330464362192225636e-01
-4.416306916768080182e-01
-4.467008567405872377e-01
-4.490704988850040547e-01
-4.432810333074761466e-01
-4.371816632770506583e-01
-4.249286128192817369e-01
-4.141350019644394198e-01
-3.985514606749998023e-01
-3.856597845006657366e-01
-3.753553280902863776e-01
-3.608550602318230105e-01
-3.471717102780307318e-01
-3.302976484997821593e-01
-3.108612558460310815e-01
-2.961319072316763723e-01
-2.854724827828685196e-01
-2.714493511231517164e-01
-2.613843046298505168e-01
-2.477815840532986424e-01
-2.363956565330156412e-01
-2.218034216676680881e-01
-2.045237330164348943e-01
-1.919213699677939644e-01
-1.832338809775251320e-01
-1.777245903570388030e-01
-1.678114545055848783e-01
-1.610436395509429186e-01
-1.557379706087507198e-01
-1.526711714624044980e-01
-1.454625002186504812e-01
-1.405210517330497400e-01
-1.304768954969350858e-01
-1.231245948872641272e-01
-1.102549745305325679e-01
-9.379237089771130798e-02
-7.448594665472052512e-02
-5.996983577512904340e-02
-4.988909925485929264e-02
-3.599036953508849557e-02
-1.888354653403934158e-02
8.195949904750143844e-04
2.237511160238692121e-02
5.217417489230702365e-02
7.390985009138173467e-02
9.670931185835085486e-02
1.199075374785041337e-01
1.364820946103129096e-01
1.554884084112326814e-01
1.756843430667698325e-01
1.899678643469748796e-01
2.061878999388013778e-01
2.240328798157116275e-01
2.364273716723990226e-01
2.511148490626737839e-01
2.695561903881591448e-01
2.894050504267304813e-01
3.102473095651554491e-01
3.273763306307664323e-01
3.459329699913151757e-01
3.589902723589788458e-01
3.766268025950290088e-01
3.956196568373600009e-01
4.090801436225570686e-01
4.179627070807099276e-01
4.231811980362565340e-01
4.255688542475752900e-01
4.258570216380905826e-01
4.246667766145093559e-01
4.160261832030098805e-01
4.079681197357603040e-01
4.007455433164346381e-01
3.917622441435089087e-01
3.778010694803384251e-01
3.665203085505770453e-01
3.576942504487663488e-01
3.443918272603594399e-01
3.251510622691649033e-01
3.103205458571389741e-01
2.926024408494203310e-01
2.793115534305925518e-01
2.697983150027536414e-01
2.548428861002214330e-01
2.457566651159714954e-01
2.312641844573302130e-01
2.208337615532625087e-01
2.137601851100303652e-01
2.093819688079727737e-01
2.002893414622366475e-01
1.940078237526254856e-01
1.900161267595779080e-01
1.878312687426344496e-01
1.870218026915659859e-01
1.803396802206229665e-01
1.755854090370105869e-01
1.655087402618533599e-01
1.568538024088019789e-01
1.437513584000573719e-01
1.339419017352478924e-01
1.200380904204831900e-01
1.104625809634660616e-01
9.669193309722490248e-02
8.646230345853478383e-02
7.170190269346266021e-02
5.393050697387513637e-02
3.355778062118353056e-02
1.171328669612736739e-02
-4.302808553010128989e-03
-2.232823514422777045e-02
-4.196952778391049854e-02
-6.286591118759665697e-02
-7.847574254366418423e-02
-9.613402821823302524e-02
-1.086584467324567260e-01
-1.169253380974020207e-01
-1.217733974178920597e-01
-1.239708205806397956e-01
-1.241961889473737202e-01
-1.161428670184183609e-01
-1.091693155251369785e-01
-9.492656445678293586e-02
-8.279821533207298856e-02
-7.279386206813143190e-02
-6.480286988935191062e-02
-5.863822163471743565e-02
-5.407105479205842613e-02
-5.085657866166748420e-02
-5.572774270887448367e-02
-6.019777885066468492e-02
-6.415282246626619056e-02
-6.754114880338502047e-02
-7.730276705193506182e-02
-8.523548726637053541e-02
-9.147920475770976445e-02
-1.100354375490093517e-01
-1.247203315814844338e-01
-1.359467836664611795e-01
-1.510152861817637415e-01
-1.622966322743200074e-01
-1.703624458688497434e-01
-1.825367146380170169e-01
-1.980446550557335428e-01
-2.094742664422670764e-01
-2.241340827647526623e-01
-2.347496613790533981e-01
-2.420165470316129053e-01
-2.465865066288026597e-01
-2.490479541763521709e-01
-2.581866983571372565e-01
-2.647180584884845089e-01
-2.690711886798771157e-01
-2.782691495800739823e-01
-2.914625719823942251e-01
-3.012760672060372791e-01
-3.168461336260806060e-01
-3.285630941145023520e-01
-3.346913384642145051e-01
-3.406910310109307893e-01
-3.444496469892535107e-01
-3.464392006053300666e-01
-3.559680749611586759e-01
-3.629686609607725156e-01
-3.743213767018118698e-01
-3.891561182888283454e-01
-4.093711126274934831e-01
-4.311314917158015625e-01
-4.537208274683000031e-01
-4.704386018230450883e-01
-4.882968661260080889e-01
-5.009318816141661301e-01
-5.126530426672750718e-01
-5.263878846861969052e-01
-5.416994904270531208e-01
-5.617398399958377642e-01
-5.763758820609228284e-01
-5.864987746083517584e-01
-5.929592599895461280e-01
-5.965357348369387802e-01
-5.923081117370971871e-01
-5.874645010278470858e-01
-5.824404146755913780e-01
-5.717929725896968574e-01
-5.624703167732336695e-01
-5.545794140185593690e-01
-5.481182915855207227e-01
-5.370179148890010801e-01
-5.246422031003770137e-01
-5.150546433103659894e-01
-5.018154165604511441e-01
-4.917248240400275971e-01
-4.781662761903917591e-01
-4.648283691945362950e-01
-4.488020759073931831e-01
-4.339461900953955897e-01
-4.169316459591578816e-01
-3.981030930924787103e-01
-3.841961463873060367e-01
-3.655004723415318235e-01
-3.519453527437197415e-01
-3.361675065545441932e-01
-3.184422920353369157e-01
-3.035743181808672198e-01
-2.867568002597293830e-01
-2.748441625073134720e-01
-2.669550777144162890e-01
-2.556552997309089470e-01
-2.413544629362300853e-01
-2.311821207527315902e-01
-2.176991676556470079e-01
-2.081574110040818049e-01
-1.937290641239886035e-01
-1.834923118463536174e-01
-1.699129419408937913e-01
-1.603101192113682849e-01
-1.471704403729856558e-01
-1.310363658928510588e-01
-1.132111831873046093e-01
-9.301265059655761114e-02
-7.797171721238882469e-02
-6.031754178485804196e-02
-4.050719755517806497e-02
-1.898914842697374539e-02
3.817141490591202668e-03
3.444180987370226710e-02
6.353607762385915514e-02
8.430703840933495563e-02
1.059295716866930359e-01
1.278087346503860022e-01
1.440555601211432890e-01
1.617504563800964412e-01
1.806928763698121276e-01
2.006507309207834489e-01
2.213828402719246746e-01
2.443332765158829911e-01
2.675756991743720725e-01
2.841523379600108257e-01
3.018897748356230704e-01
3.139298161438794921e-01
3.147423575423013986e-01
3.131870038208166562e-01
3.100567581650588433e-01
2.992750691533030416e-01
2.892309359061373542e-01
2.802358704896159569e-01
2.656164250415746775e-01
2.534553399900605353e-01
2.419597321113904353e-01
2.347076472300628769e-01
2.293414535586280056e-01
2.255798238588186955e-01
2.231396078355742940e-01
2.217518178854953614e-01
2.227485925178240844e-01
2.311066469293547865e-01
2.454003552830028578e-01
2.590994449745338546e-01
2.773065914534935672e-01
2.988358666966794974e-01
3.226020793648929352e-01
3.408262912417765467e-01
3.610324160669127203e-01
3.825461759116808302e-01
4.047992178880168712e-01
4.273358118387160509e-01
4.465273670698040043e-01
4.664062534141597549e-01
4.899279801480311836e-01
5.070340034242908356e-01
5.283896179948281979e-01
5.534496285157832762e-01
5.777894419116611502e-01
6.051373613329601442e-01
6.308035030145281441e-01
6.589568080849821374e-01
6.792285416289540745e-01
6.929653670150887068e-01
7.068093506317599806e-01
7.201180324948692757e-01
7.338769569406797810e-01
7.475880612341792020e-01
7.567142373185001825e-01
7.670539446925483951e-01
7.838163081966291745e-01
8.010206108540228742e-01
8.237484753465557086e-01
8.509680378017048241e-01
8.816378992749913657e-01
9.102666441239316564e-01
9.356841557733158732e-01
9.638527967579604283e-01
9.940153114611188778e-01
1.019325950910720646e+00
1.042814252823033749e+00
1.062355601831975971e+00
1.075170062817258021e+00
1.088952022977302647e+00
1.107043385177802763e+00
1.119373300983871555e+00
1.133394508857090699e+00
1.145605839457648267e+00
1.159790248295784032e+00
1.175828152968771523e+00
1.189690457167932536e+00
1.205503118984726285e+00
1.214156605734963090e+00
1.219437209327243199e+00
1.212990725173426432e+00
1.196824604198792219e+00
1.179407075732053611e+00
1.164135035936688878e+00
1.151243557596960176e+00
1.140765050945985237e+00
1.125792346612654482e+00
1.114164960271342597e+00
1.105510203940119673e+00
1.089297520021682564e+00
1.076982727941406370e+00
1.068057939306235271e+00
1.061977268229459703e+00
1.058202643181407776e+00
1.056233572009334987e+00
1.055624455805502349e+00
1.045746057490875902e+00
1.038376303540959000e+00
1.033152762731053720e+00
1.029706023002778803e+00
1.027682334680660947e+00
1.022824330943739923e+00
1.012976899315471968e+00
1.005556194198511388e+00
1.000226136789222675e+00
9.966381519731121186e-01
1.004977388076485401e+00
1.012452040360038108e+00
1.018930779418492083e+00
1.030865373812019481e+00
1.040663827756405535e+00
1.048448483829790723e+00
1.054412820510408189e+00
1.069154603224904188e+00
1.080608123631539907e+00
1.089177143554698413e+00
1.102050972554837749e+00
1.111713980426491943e+00
1.121928385774502601e+00
1.129163205768128453e+00
1.137124776230883816e+00
1.142503019993371671e+00
1.145846122196982453e+00
1.154316523725136934e+00
1.150708272968978596e+00
1.153620404853617387e+00
1.158362512516144083e+00
1.161636111140573968e+00
1.170512522356179641e+00
1.184104194433138968e+00
1.201614591647185648e+00
1.222328319004318153e+00
1.240874842387278409e+00
1.261835355498067468e+00
1.284731009175214211e+00
1.309148343519303204e+00
1.336499228923856197e+00
1.356655241888492514e+00
1.378143767745635628e+00
1.402045313649274982e+00
1.420125349334850462e+00
1.439428057853342935e+00
1.459849312720478354e+00
1.481912423830047398e+00
1.504434024352146126e+00
1.519944195622147554e+00
1.530303181421918346e+00
1.536535905832534299e+00
1.532399784770744677e+00
1.527139113650304081e+00
1.521361543340254086e+00
1.508323721355128377e+00
1.497379737728340432e+00
1.481053664743016807e+00
1.467023678304404388e+00
1.455770294620318372e+00
1.439934116446347279e+00
1.427632200347337621e+00
1.417347940195719191e+00
1.402645121236822057e+00
1.391569289362667439e+00
1.375029917023933290e+00
1.355286438046854558e+00
1.340387308576342917e+00
1.322479275276162936e+00
1.309449277393744282e+00
1.291317228715979315e+00
1.278085835416228555e+00
1.259547069608633496e+00
1.245992744274563302e+00
1.229502456299330415e+00
1.217846064937960993e+00
1.203077951654746069e+00
1.185832536694631401e+00
1.166734298488263599e+00
1.139597138557985723e+00
1.116555601381981289e+00
1.093392108874052138e+00
1.070434518869558094e+00
1.047922440040642167e+00
1.022299203231199716e+00
9.939933865717942574e-01
9.733617075697792442e-01
9.491309487882546581e-01
9.260954525377214086e-01
8.999317693767581172e-01
8.702676472088101134e-01
8.391625950522549893e-01
8.168179198841468702e-01
8.016220083326579537e-01
7.921175131829782945e-01
7.870275438535465629e-01
7.803280105722397719e-01
7.768944203498926449e-01
7.708969269774886834e-01
7.574863904375668255e-01
7.478698385200663878e-01
7.361155863942416833e-01
7.175382631915498965e-01
6.980485733377042035e-01
6.788391451044031299e-01
6.545384323182462660e-01
6.306574530061554995e-01
6.088963291930823418e-01
5.812080019080902993e-01
5.568107564614523941e-01
5.267735136425983899e-01
5.010591998716060758e-01
4.730255074672384819e-01
4.368545397688530230e-01
4.075855402305692543e-01
3.713147657628093068e-01
3.386418077742623378e-01
3.066281063058564627e-01
2.774782564487605629e-01
2.487492000699045303e-01
2.222041369816851741e-01
1.891827413091091703e-01
1.590081759766794889e-01
1.377988365775533186e-01
1.238443763424439403e-01
1.088768215651116922e-01
9.951604728274321410e-02
8.776348114482090956e-02
7.423534550779442576e-02
5.138964320614314296e-02
2.758583530930391881e-02
3.116861806698789650e-03
-2.175358604400701168e-02
-4.679931466386566541e-02
-7.183553487508631541e-02
-8.963052071558808009e-02
-1.092795159579109665e-01
-1.237268644429183606e-01
-1.340922638065209505e-01
-1.465589504323927539e-01
-1.630498043848274126e-01
-1.819438667384283281e-01
-1.967900391536894222e-01
-2.127826861912061052e-01
-2.402643189170570182e-01
-2.606258069652096498e-01
-2.748935143151454152e-01
-2.841399415954575236e-01
-2.893948893957447588e-01
-2.894077124940319656e-01
-2.897647750511869180e-01
-2.885479122133201013e-01
-2.935885490653300511e-01
-3.062110725240865250e-01
-3.083582137790468192e-01
-3.163927530828236634e-01
-3.196449657850664039e-01
-3.189742234405201771e-01
-3.105128467860458485e-01
-3.101241552354176978e-01
-3.141865298876862500e-01
-3.171313906660937487e-01
-3.214368762931956169e-01
-3.314374741047532158e-01
-3.459689465041688727e-01
-3.639388012043180964e-01
-3.843651158220997566e-01
-4.063997422735461384e-01
-4.293382600672741578e-01
-4.526189744998712072e-01
-4.697402736976783455e-01
-4.877992903387133872e-01
-5.038198067697139404e-01
-5.150813136651195556e-01
-5.283184734952630635e-01
-5.466427408504239693e-01
-5.599422603596830861e-01
-5.747491129131268028e-01
-5.944458013322040379e-01
-6.049508339756113351e-01
-6.116197451901846938e-01
-6.042760422831929823e-01
-5.966230485555829022e-01
-5.891484384720654388e-01
-5.764632077229057128e-01
-5.654530455349939810e-01
-5.562130852894506816e-01
-5.487149003243976253e-01
-5.368575952543839236e-01
-5.274718547716752415e-01
-5.168538834990421549e-01
-5.089123228162288903e-01
-4.971256098973579896e-01
-4.883055338361708131e-01
-4.788025389249930264e-01
-4.720661112031820927e-01
-4.614200862078594589e-01
-4.536803796339652362e-01
-4.391908292046424744e-01
-4.284127703982640867e-01
-4.207612194362633229e-01
-4.156710398174348065e-01
-4.063572227926004476e-01
-3.907981899404415760e-01
-3.791600691668903789e-01
-3.708481495064293032e-01
-3.652777179378647876e-01
-3.619018662252782015e-01
-3.538566665483564577e-01
-3.482235797053674364e-01
-3.358711359255384110e-01
-3.267373473874259915e-01
-3.203121836605813400e-01
-3.161011431722640097e-01
-3.071970484140806867e-01
-3.008031107900988044e-01
-2.964978981691768212e-01
-2.873549170212907899e-01
-2.788061957568597204e-01
-2.680234496832791802e-01
-2.534210917249790640e-01
-2.423566042628120254e-01
-2.260878319235684053e-01
-2.140040534545022410e-01
-1.987433298459899689e-01
-1.808591010687627954e-01
-1.676469847278059255e-01
-1.447785208407053048e-01
-1.275816517149632734e-01
-1.083948451315079886e-01
-9.450052847050538496e-02
-7.812900167879432978e-02
-6.660084625500828359e-02
-5.248809820915489865e-02
-3.533066524036776457e-02
-1.624594406855495166e-02
4.740071093070508113e-03
2.699010616948638308e-02
5.002101528297187016e-02
7.354512260319112649e-02
9.732899085181290211e-02
1.150795012388408090e-01
1.341967331716942269e-01
1.485236962180134235e-01
1.650427611099405389e-01
1.834214500553492666e-01
2.032921766786142115e-01
2.242857501029900114e-01
2.443306882708571326e-01
2.649184389984791110e-01
2.810990441877398993e-01
2.986741801644801075e-01
3.107355620668383889e-01
3.271888927916308809e-01
3.386342555012011868e-01
3.459699417394732635e-01
3.500405294838730974e-01
3.516093494892427174e-01
3.446824730299697936e-01
3.376549317886796686e-01
3.309280060134494050e-01
3.247691495757765168e-01
3.193359644408497733e-01
3.078677373345690693e-01
2.984081755847467488e-01
2.908621441060303958e-01
2.850580424980035943e-01
2.807805490222490263e-01
2.758279566990415876e-01
2.654522425056573542e-01
2.575539332475857979e-01
2.448829156400824658e-01
2.267025057914962005e-01
2.128362573313213879e-01
1.957733089429030127e-01
1.817773726120774924e-01
1.661244385332583118e-01
1.535936849466768006e-01
1.380427070225154207e-01
1.268422672371323223e-01
1.192288189190826575e-01
1.076492717344192940e-01
9.269521760763788087e-02
6.758433063800040053e-02
4.184642710944275201e-02
1.583115014283809074e-02
-1.019819160458013130e-02
-2.926483183605155247e-02
-4.929120013476451234e-02
-7.010027603023738507e-02
-8.536005183107264749e-02
-1.024326860475204271e-01
-1.142399613583657825e-01
-1.217236230721410184e-01
-1.189208964162151716e-01
-1.147157404014580440e-01
-1.028378277404675689e-01
-9.884913610487711111e-02
-8.792663858915994446e-02
-7.847313462295035791e-02
-7.751763653631904560e-02
-7.678440642566153329e-02
-7.624493757687966777e-02
-8.282598799669549372e-02
-8.825882952110863933e-02
-9.260590115213829243e-02
-1.028934638885496966e-01
-1.179355740619734139e-01
-1.297658365010470050e-01
-1.387456345305979610e-01
-1.521096994795427815e-01
-1.621518506527275250e-01
-1.761436690327193855e-01
-1.932568528240024008e-01
-2.060436266687450946e-01
-2.218269923101705565e-01
-2.415584498233702693e-01
-2.563374358739933800e-01
-2.668758699561004644e-01
-2.738956224473276801e-01
-2.780866752094237615e-01
-2.800803138179017715e-01
-2.804336973591752269e-01
-2.796229126558344991e-01
-2.780422548289238627e-01
-2.760079390025835799e-01
-2.756447388356020323e-01
-2.796941404944528475e-01
-2.826316916290951831e-01
-2.932469403098894034e-01
-3.061158638752727867e-01
-3.181176534995548977e-01
-3.272342395386156344e-01
-3.403650869717798066e-01
-3.566282060749781380e-01
-3.777113194273475916e-01
-4.001239106821461444e-01
-4.169679915305957163e-01
-4.352600144670404347e-01
-4.574996238801669612e-01
-4.799326819072815553e-01
-4.962461644966686958e-01
-5.166836367472456004e-01
-5.372017526462766757e-01
-5.610875667883019613e-01
-5.784639756846011727e-01
-5.997816556077854022e-01
-6.150307863195753066e-01
-6.347210439927783998e-01
-6.486787177849007158e-01
-6.674681540550770897e-01
-6.903958275144105317e-01
-7.122634219461333460e-01
-7.277907563042644856e-01
-7.381032965517607680e-01
-7.538956186335759035e-01
-7.647112434962500815e-01
-7.715001745425139612e-01
-7.847708999459194201e-01
-7.842552571635370562e-01
-7.772723322202510499e-01
-7.701045504021349908e-01
-7.631834009879705505e-01
-7.517458310993290205e-01
-7.422741716195293549e-01
-7.293418182103409420e-01
-7.188707903725809478e-01
-7.106748059443401822e-01
-6.991894977927542998e-01
-6.903405380456316687e-01
-6.794106044089633922e-01
-6.713311892451676588e-01
-6.559174111391160578e-01
-6.443055336316704240e-01
-6.263035042339391012e-01
-6.088885685473922615e-01
-5.943416946268159640e-01
-5.743493456778571149e-01
-5.594845656893812080e-01
-5.489690848927051281e-01
-5.326585870510442966e-01
-5.209627703904777807e-01
-5.071229888136770114e-01
-4.941293105191977286e-01
-4.731140848909154428e-01
-4.574524517227542830e-01
-4.372495667142350939e-01
-4.225628059209802778e-01
-4.062100443415306295e-01
-3.946790499606336322e-01
-3.807551404861384547e-01
-3.646669131994033641e-01
-3.466577079491830471e-01
-3.313320685698335488e-01
-3.141295547244835618e-01
-2.998926648328883449e-01
-2.836862183599677678e-01
-2.723908766253828606e-01
-2.584411486203810338e-01
-2.488341833854883500e-01
-2.360617890707901179e-01
-2.205210436774660554e-01
-2.026123170873910251e-01
-1.814686549847739361e-01
-1.660397573499108326e-01
-1.417283252783128056e-01
-1.168888864964297003e-01
-9.863840284655012169e-02
-7.904580081570111716e-02
-5.831888165584930839e-02
-4.359942621408596786e-02
-3.384751946313380166e-02
-2.112689918691890156e-02
-1.283293594765089196e-02
-1.487068968980098660e-02
-1.832330548003113790e-02
-2.257628454810234331e-02
-2.735153875526030731e-02
-3.214022936576443890e-02
-3.668511941870344906e-02
-4.110903259915676955e-02
-4.501967897255920725e-02
-4.078222089492178348e-02
-3.732137655024247991e-02
-2.737634118607457090e-02
-1.221254664460325046e-02
7.007677225901787210e-03
2.206923630101043088e-02
4.060970740776115306e-02
6.179704964394794331e-02
8.429706670358161347e-02
1.078928790966517948e-01
1.321361747407698850e-01
1.498388688504375121e-01
1.621560896913767369e-01
1.781213386061728521e-01
1.961093801532232117e-01
2.156993140619778426e-01
2.313482099876866815e-01
2.490493280678176546e-01
2.683738686551870867e-01
2.909018135531207250e-01
3.208353733703501742e-01
3.430924015132170712e-01
3.653959074703185816e-01
3.875341345730598519e-01
4.057121331449193846e-01
4.244890235420355484e-01
4.403260835240652149e-01
4.667640964397825609e-01
4.958087648627897970e-01
5.270717144512435670e-01
5.563571254985826275e-01
5.834462263536148718e-01
6.124046066579099667e-01
6.444010056198504754e-01
6.713901254912508776e-01
6.955634637238177209e-01
7.165170784578267504e-01
7.452349764922784336e-01
7.708915850919783042e-01
7.992998182796503537e-01
8.299549071891558771e-01
8.623264135201506031e-01
8.958928495037278283e-01
9.243539248539606179e-01
9.539616288661375565e-01
9.843793616303821992e-01
1.009281917499285530e+00
1.031831968393414289e+00
1.052876836939903971e+00
1.066884889044928730e+00
1.081494829177741757e+00
1.097007187297640574e+00
1.116764996004399491e+00
1.136970742639549226e+00
1.160626065688463715e+00
1.177486511049567808e+00
1.198039611868768173e+00
1.218982404719008983e+00
1.242713014123479898e+00
1.268387542269059587e+00
1.286569343563847223e+00
1.303585422721836640e+00
1.308253162267555503e+00
1.307816723625677469e+00
1.305321510078352398e+00
1.292576542989291033e+00
1.280525506403577873e+00
1.262595397473672998e+00
1.247341556205879165e+00
1.227841480871481705e+00
1.209649857058521016e+00
1.195321750987009102e+00
1.177596961327580072e+00
1.164221842160288123e+00
1.147815327902204086e+00
1.138937163194482460e+00
1.123538857927859791e+00
1.112427485069914512e+00
1.101571076261906867e+00
1.094071133893548264e+00
1.082840026511569853e+00
1.065062018454648651e+00
1.051804236704507289e+00
1.032327652290002229e+00
1.013895176285654287e+00
1.000254851254846145e+00
9.844699489000654502e-01
9.733078026135018046e-01
9.659733426319496719e-01
9.512058756561364570e-01
9.301229498628212911e-01
9.144426294817502576e-01
8.927214412674077115e-01
8.718297791444180600e-01
8.507383994848016773e-01
8.355750266515914459e-01
8.201321822506163484e-01
8.039565607481240495e-01
7.874288292141071732e-01
7.705018765631375111e-01
7.587826064412771521e-01
7.404485655194269489e-01
7.223994831102795722e-01
7.040436027930901952e-01
6.862588426783149398e-01
6.633663776315603666e-01
6.409041743654265710e-01
6.185950477178693285e-01
5.962167050888812492e-01
5.758475127488116296e-01
5.615847700477842874e-01
5.523221777998774673e-01
5.470265173426478444e-01
5.343784797324080404e-01
5.156032519978115403e-01
4.955342097731512130e-01
4.708449730247028509e-01
4.459581510133958648e-01
4.208473778205679139e-01
3.925878593952722984e-01
3.649110504366912533e-01
3.447998879945244344e-01
3.214735799801173854e-01
2.980019980201329410e-01
2.722525439627900834e-01
2.468709241239210872e-01
2.200709517163210727e-01
1.939918999524388177e-01
1.696536583761336647e-01
1.450926721015308729e-01
1.202830032417403494e-01
9.522922687086188276e-02
8.500987168316642695e-02
7.201265814553892142e-02
4.844355327693627977e-02
2.424895197183296602e-02
-4.062246136093961013e-04
-3.286095123998489242e-02
-5.662920084864797587e-02
-8.057206616991341441e-02
-9.796433222560163578e-02
-1.169508140267927487e-01
-1.373334097022875788e-01
-1.588724871881539435e-01
-1.813120477745580050e-01
-1.970176271819732428e-01
-2.129910692338889966e-01
-2.305945776080529086e-01
-2.495427435038441999e-01
-2.676283966289016991e-01
-2.866468442433420805e-01
-3.063825824921544427e-01
-3.266373420509611769e-01
-3.472317054730444941e-01
-3.616433847012012759e-01
-3.862589901070740961e-01
-4.104360433462550528e-01
-4.368384472371276139e-01
-4.591704155396603149e-01
-4.813036316773391388e-01
-5.030378674138911155e-01
-5.276495032574213262e-01
-5.453522220523621122e-01
-5.536774928968495324e-01
-5.521422761167400495e-01
-5.427751374396134754e-01
-5.332158017371697589e-01
-5.180006733321864676e-01
-5.011546087115730241e-01
-4.902641895398642813e-01
-4.812930886336961311e-01
-4.709599287420171976e-01
-4.566991387825918292e-01
-4.455857094338093738e-01
-4.372553536572694188e-01
-4.249365312257258331e-01
-4.157080232344685378e-01
-4.091332779253824548e-01
-4.047631910360620644e-01
-4.021649375310418773e-01
-3.944323803339926382e-01
-3.888822668434666063e-01
-3.851578939976469940e-01
-3.802708907046021825e-01
-3.704972256826346566e-01
-3.632499184671931225e-01
-3.556884607598977954e-01
-3.503921729625960602e-01
-3.404127255662126039e-01
-3.330704534121442517e-01
-3.279355563352979175e-01
-3.180500672840269605e-01
-3.107595763485988538e-01
-2.990426701746733418e-01
-2.816661781888201155e-01
-2.618025228915723535e-01
-2.467321351315758804e-01
-2.290449988929061931e-01
-2.077736297731962445e-01
-1.865931591690550562e-01
-1.628831849287450950e-01
-1.386108017787219815e-01
-1.139836501466213736e-01
-9.606053605251552163e-02
-8.374488523492074066e-02
-7.597601884787352766e-02
-6.487051058517190327e-02
-5.772496076962241318e-02
-4.678776492103686735e-02
-3.950248723792659789e-02
-2.820127743322453640e-02
-2.043344133374125349e-02
-8.577542818483552267e-03
-2.501946330324411605e-04
1.223378173795963697e-02
2.809904822115116829e-02
5.366083434594015600e-02
7.301252860734375183e-02
9.397500471407793654e-02
1.161031404529149214e-01
1.390111015898851665e-01
1.555604523063363054e-01
1.748360935982653519e-01
1.885443541099525167e-01
2.044503244908275619e-01
2.237263356622050114e-01
2.375806312830290867e-01
2.537138490723440665e-01
2.784856412810514659e-01
3.054286225854971892e-01
3.320148139807101995e-01
3.579258020679216834e-01
3.790489018406169031e-01
4.003040523354854940e-01
4.215034958564034540e-01
4.391336171834887558e-01
4.605489141854948176e-01
4.790149481505958651e-01
4.982188143339345565e-01
5.214696477856239909e-01
5.482654916738398665e-01
5.740616078682143630e-01
5.985570820858554519e-01
6.156538241232309971e-01
6.267306214806140918e-01
6.389120107803881732e-01
6.463341141012554081e-01
6.501065096577972602e-01
6.555397410843758488e-01
6.639528374570866642e-01
6.692655819324339062e-01
6.777419176468049145e-01
6.933312750670104219e-01
7.047626509310880305e-01
7.180669738202756225e-01
7.374146145553329701e-01
7.565507237820676689e-01
7.707115591215226713e-01
7.906533143459194557e-01
8.153352383793301961e-01
8.390189738466787839e-01
8.565518654306170099e-01
8.789247425482358267e-01
9.007539279292026135e-01
9.266668460779224903e-01
9.557355937849474348e-01
9.810495496135120952e-01
1.004917114974926307e+00
1.025389782503120850e+00
1.039196772224156184e+00
1.053869043415916362e+00
1.072990855736159599e+00
1.086202105613418789e+00
1.097704721661935778e+00
1.114613378043708636e+00
1.132939556579870111e+00
1.152599225781421932e+00
1.180248136544532533e+00
1.210649395386727667e+00
1.240266650329660658e+00
1.271333631969579603e+00
1.302914123365321197e+00
1.334253103946660968e+00
1.363324229330595827e+00
1.391920905975454037e+00
1.411650905799271882e+00
1.431305251868735695e+00
1.451160465943863942e+00
1.470698678415216509e+00
1.484065124809921032e+00
1.499468503644801221e+00
1.509219023597615283e+00
1.514910912567120960e+00
1.524707909766930047e+00
1.530838684588199161e+00
1.541450405016333125e+00
1.541286824108956788e+00
1.532180555233423336e+00
1.523471297050919881e+00
1.515502994285079508e+00
1.508471104844719246e+00
1.495186575638739912e+00
1.484289051371202595e+00
1.475618517026324517e+00
1.461738688163245037e+00
1.450942359174860474e+00
1.435691622884247565e+00
1.423021132065676708e+00
1.406365640180961440e+00
1.393761576351812748e+00
1.384666229047264885e+00
1.371329559223872119e+00
1.361697104985039486e+00
1.346395845614134279e+00
1.335082102487476163e+00
1.320000668747932426e+00
1.309055966049391007e+00
1.292422724605101436e+00
1.280166443392746878e+00
1.271651924863028915e+00
1.266223513651598687e+00
1.253737883894999960e+00
1.244770357663852689e+00
1.238770467441497214e+00
1.235182740413556690e+00
1.223651123558830767e+00
1.215238670537017951e+00
1.209483194659276339e+00
1.198645513501537252e+00
1.190878051525548376e+00
1.178492018864911950e+00
1.166498871120126957e+00
1.157804537277553614e+00
1.151887997285955922e+00
1.141130282422843756e+00
1.130163904187164947e+00
1.115212394272329988e+00
1.104167814669160252e+00
1.096435985869198104e+00
1.084494208253405478e+00
1.076036461643987030e+00
1.070429749870969616e+00
1.060328713661071065e+00
1.042767785557216165e+00
1.029592144267246212e+00
1.009550407478329026e+00
9.880353380897036741e-01
9.720704711040877299e-01
9.501121570534312166e-01
9.339044327154023550e-01
9.164695178136591514e-01
9.042180734078650861e-01
8.855137894161124734e-01
8.720939373149165785e-01
8.630390032489563268e-01
8.467984270486874632e-01
8.352208278355149895e-01
8.219409404080136872e-01
8.076473907154327891e-01
7.975892084817619576e-01
7.910201513564586451e-01
7.818783083422042868e-01
7.704969152151145417e-01
7.625526780333569121e-01
7.574315540242291256e-01
7.545547129509087014e-01
7.533984830907586305e-01
7.535054539760810410e-01
7.492844289891750220e-01
7.465964633455971500e-01
7.344489274910334098e-01
7.252098844080210327e-01
7.078848519838928377e-01
6.898626342118797661e-01
6.659982850711922975e-01
6.479663436227676154e-01
6.289582909131534727e-01
6.048170947809262676e-01
5.868396512113908114e-01
5.679132160042097421e-01
5.480189757381086491e-01
5.335749769938424869e-01
5.237439475705640834e-01
5.176860502814075726e-01
5.043975621134346721e-01
4.952335544849428839e-01
4.827933554360976931e-01
4.674293055222382698e-01
4.530042032938970120e-01
4.360650750671191123e-01
4.169355569306940623e-01
3.929906436367052169e-01
3.682458863203739163e-01
3.500081624630424493e-01
3.276422180502764903e-01
3.045011665717978211e-01
2.785826078757531743e-01
2.527529545746920459e-01
2.269644762353366652e-01
2.011766302063002776e-01
1.679786483542498043e-01
1.434262225423581505e-01
1.187486937467379100e-01
9.391224378258833383e-02
6.890893431677724834e-02
4.375118654864795786e-02
1.084715726259899427e-02
-2.077328018785173924e-02
-5.112364743245656484e-02
-7.265889545039994069e-02
-8.692111358652643283e-02
-1.029695286700740287e-01
-1.207058863688232897e-01
-1.399551570001664746e-01
-1.604959626257471683e-01
-1.834647191321707727e-01
-2.072926980506586414e-01
-2.316732985497129693e-01
-2.563304412102629382e-01
-2.810287248928606818e-01
-2.983651651023286888e-01
-3.097193223228611458e-01
-3.234929904990828664e-01
-3.322958615492768164e-01
-3.442552237573210938e-01
-3.545170451230079678e-01
-3.610312603813303767e-01
-3.645721402198087713e-01
-3.658385770669556614e-01
-3.654413982824364915e-01
-3.638980197696723984e-01
-3.616329044822916838e-01
-3.563225387852348991e-01
-3.514285211658851882e-01
-3.541193222708272081e-01
-3.560788018479306150e-01
-3.617472241655461662e-01
-3.660437015861222054e-01
-3.759011921410686519e-01
-3.834819962803746041e-01
-3.956751094609993746e-01
-4.114127755767882366e-01
-4.297387971401056550e-01
-4.436157017361528343e-01
-4.599065664684727217e-01
-4.779381618408635735e-01
-4.911983931302623674e-01
-5.063988790347431213e-01
-5.205743782586942370e-01
-5.307122162168420587e-01
-5.467426116720743856e-01
-5.584912122121743483e-01
-5.666218984639090905e-01
-5.717870616789619831e-01
-5.840496024966059796e-01
-5.871459854611402740e-01
-5.883642985110084656e-01
-5.920735872765584551e-01
-5.981239239542880393e-01
-6.122790971195036791e-01
-6.231928876531747097e-01
-6.355362131026085493e-01
-6.492066781981413737e-01
-6.594330580311920098e-01
-6.773714713364140660e-01
-6.908975276152481415e-01
-7.114624617187764732e-01
-7.325911657087333939e-01
-7.589101216335530919e-01
-7.783693357132596136e-01
-7.920287296718534487e-01
-8.062406774652094432e-01
-8.104225410559401377e-01
-8.118360858193318652e-01
-8.112566090070482128e-01
-8.093245714375096878e-01
-8.065544296010858094e-01
-8.085626739357173465e-01
-8.042842065472255442e-01
-8.001438943298030404e-01
-7.963165101116083111e-01
-7.929081874270821340e-01
-7.899713570445430211e-01
-7.875180123751112093e-01
-7.855311498015157268e-01
-7.946583364838848418e-01
-8.076800652650665269e-01
-8.290933571620359155e-01
-8.513757685579085299e-01
-8.793944316944225514e-01
-9.116154388790496110e-01
-9.422850080321545363e-01
-9.758944521799679528e-01
-1.011364929440296656e+00
-1.044038556671710971e+00
-1.071498365001857689e+00
-1.097280688641446789e+00
-1.125135429754739569e+00
-1.151427983210581818e+00
-1.179469701647466451e+00
-1.199205179298457935e+00
-1.221538099777899955e+00
-1.243534121752860822e+00
-1.267658272355062232e+00
-1.291285724899995380e+00
-1.307753212005984489e+00
-1.327092878777811569e+00
-1.340152616848473643e+00
-1.356640509601624522e+00
-1.374464584007011547e+00
-1.394773691781097780e+00
-1.415754077831742341e+00
-1.437362561231890545e+00
-1.460298581008570462e+00
-1.483307554622289137e+00
-1.499640568071398228e+00
-1.517293933826669550e+00
-1.536154244175551131e+00
-1.556077768231106662e+00
-1.576902505247277375e+00
-1.598458385182948360e+00
-1.613810388784353789e+00
-1.630807287921874682e+00
-1.649228407793073892e+00
-1.668831350131160685e+00
-1.690176135465375484e+00
-1.712338819128997214e+00
-1.728262665432372502e+00
-1.738963620161885437e+00
-1.745437344139715519e+00
-1.748608461659863167e+00
-1.742481138594810908e+00
-1.736951951103508529e+00
-1.729995118282481537e+00
-1.717508048714701197e+00
-1.705599820140766054e+00
-1.696542208624298720e+00
-1.688294075756376911e+00
-1.682620602834701273e+00
-1.678328057894993508e+00
-1.675236287655769596e+00
-1.680261295427174062e+00
-1.691908448674370957e+00
-1.701668017796869492e+00
-1.715621101317108321e+00
-1.727699673926944124e+00
-1.742828206624194021e+00
-1.761190132566811783e+00
-1.775135607934483328e+00
-1.792039906840191099e+00
-1.806133765693997306e+00
-1.823048397122818409e+00
-1.842129487259013709e+00
-1.864751651998257875e+00
-1.888296376925683973e+00
-1.912251412739387035e+00
-1.929790780394518013e+00
-1.941962267051342783e+00
-1.952326080747489367e+00
-1.965262438328393202e+00
-1.983113848028186910e+00
-2.017918770547268537e+00
-2.044535367786380231e+00
-2.070127707254832750e+00
-2.094475150757725501e+00
-2.117485088261559234e+00
-2.137079521913685554e+00
-2.150463713763783424e+00
-2.168336808396473359e+00
-2.180604321485879016e+00
-2.197906989390216559e+00
-2.219594340426493062e+00
-2.235259614161917874e+00
-2.255646658240607838e+00
-2.275519017043655445e+00
-2.294658956123396987e+00
-2.307877909833790486e+00
-2.326014913577537868e+00
-2.343389510665183195e+00
-2.355509125003388604e+00
-2.373058921456950188e+00
-2.390472002627608727e+00
-2.412647698188947309e+00
-2.428846813460135312e+00
-2.449848421822136135e+00
-2.474757644795183786e+00
-2.497097100376318046e+00
-2.518449024247203738e+00
-2.537420279506210186e+00
-2.556075089042785464e+00
-2.568909839021420005e+00
-2.582878959044394573e+00
-2.595746559877031956e+00
-2.610028028742795492e+00
-2.625722537677432022e+00
-2.646114360283612132e+00
-2.660852138205981099e+00
-2.680186720529673217e+00
-2.696902691412520703e+00
-2.714556074944345365e+00
-2.733142948515308479e+00
-2.746304544950111115e+00
-2.763896026306177589e+00
-2.782594322908644280e+00
-2.802317460629193846e+00
-2.822974646545499233e+00
-2.846475638031612299e+00
-2.863481285161076695e+00
-2.883449007910972473e+00
-2.897395574422850117e+00
-2.911515845216158027e+00
-2.927695109147569585e+00
-2.938971586321981633e+00
-2.952986906966347469e+00
-2.969439136386968769e+00
-2.987995851653846735e+00
-3.008314517542751254e+00
-3.023041615331349519e+00
-3.040799618521336178e+00
-3.060160356086264244e+00
-3.073844241117094533e+00
-3.082464769590495202e+00
-3.094586823653840302e+00
-3.109782243099166621e+00
-3.127580876681486988e+00
-3.140374665288476308e+00
3.127169717198914789e+00
3.109052132801005897e+00
3.088926669703562666e+00
3.074824512095900353e+00
3.058395899503019599e+00
3.047017110936333761e+00
3.039701314284221301e+00
3.034823699792077001e+00
3.024665938120508102e+00
3.017703036809556316e+00
3.005295239545043628e+00
2.989074345922935194e+00
2.969776969132803313e+00
2.948148739120131978e+00
2.916069147354371172e+00
2.884321208220128607e+00
2.860580495088008490e+00
2.836646531450298880e+00
2.822092340993966886e+00
2.806141190470897495e+00
2.789016967960815663e+00
2.770955975761515422e+00
2.761305018574228498e+00
2.749394857826918948e+00
2.741837739736173063e+00
2.734920453274990226e+00
2.730940875963459469e+00
2.722977010919115592e+00
2.717813516981329336e+00
2.712027717586998676e+00
2.708403166652770810e+00
2.703563378941418627e+00
2.700514183575117855e+00
2.689447062016212087e+00
2.681066926905153025e+00
2.668634674212688296e+00
2.659383819923270664e+00
2.643631830531448124e+00
2.628640422481975047e+00
2.611587207039008263e+00
2.593151751439437103e+00
2.573912969527174965e+00
2.550542561531380592e+00
2.533317881941126615e+00
2.521190157970545798e+00
2.509190706386078773e+00
2.495665061570778054e+00
2.472596599620210167e+00
2.449953603449969375e+00
2.433312751387654238e+00
2.421728822834147365e+00
2.414844326939856067e+00
2.411061147394857773e+00
2.409692529704070996e+00
2.415399923265043824e+00
2.416122285784984225e+00
2.417689300766905802e+00
2.415010682205531722e+00
2.413422439906725891e+00
2.412691037726084620e+00
2.412602570490499865e+00
2.402675366319782846e+00
2.394908625012488912e+00
2.389071560347419965e+00
2.384894759853195989e+00
2.376831492794008849e+00
2.370901292803745175e+00
2.361688888001706843e+00
2.354813576569657840e+00
2.339681233988936793e+00
2.328066432340996084e+00
2.319518961478376884e+00
2.303316142619518114e+00
2.296536647246556484e+00
2.286810223873786185e+00
2.279974564561556782e+00
2.275512928708733895e+00
2.283131944248709466e+00
2.290357900529678581e+00
2.302319739671562004e+00
2.311958954069726957e+00
2.325324680863739779e+00
2.341324566605093693e+00
2.353884342228210080e+00
2.368547258270027100e+00
2.379753830049330610e+00
2.392876375363293562e+00
2.407806056402575390e+00
2.418902993312457284e+00
2.431444602987348436e+00
2.445845120317709842e+00
2.456330631934216413e+00
2.463533476991655924e+00
2.468067764197300118e+00
2.470502173268573465e+00
2.471343811228928988e+00
2.471030286804263287e+00
2.469927782442180586e+00
2.468333383464268227e+00
2.472144439100162128e+00
2.474861775175796197e+00
2.481147574765210084e+00
2.491615526834258354e+00
2.504063456618608630e+00
2.513544093517386280e+00
2.526357576169892649e+00
2.536019553753635414e+00
2.553016529722443639e+00
2.565884169532276715e+00
2.575206100614662486e+00
2.591488009052849595e+00
2.603510173183282816e+00
2.611956124016316494e+00
2.623695893396578604e+00
2.632031303355465646e+00
2.643873862962736521e+00
2.662152384393358773e+00
2.675816162566515999e+00
2.682323710770436520e+00
2.686196695936096113e+00
2.687998750331242803e+00
2.698092611017521847e+00
2.702143581637731273e+00
2.707522507739026807e+00
2.704218451174996929e+00
2.690820630462910756e+00
2.679194480524671462e+00
2.672738249216468631e+00
2.667535341561700690e+00
2.663464272437124247e+00
2.657031710252436341e+00
2.655405131245964334e+00
2.644686448835845471e+00
2.636250090704364446e+00
2.629844206006388241e+00
2.625188073985141202e+00
2.621995186037779924e+00
2.610101395427593118e+00
2.600898123705678966e+00
2.594067111005630810e+00
2.589258448869942164e+00
2.573817085934588356e+00
2.562105114279557228e+00
2.543611019134928597e+00
2.525444135433231096e+00
2.505911885551529217e+00
2.487000622306434039e+00
2.467316106265650344e+00
2.448328183081067699e+00
2.424213280156430450e+00
2.400862399697783367e+00
2.378895118425963240e+00
2.363052341443939497e+00
2.347199275510616356e+00
2.331514427648986310e+00
2.315723490531960138e+00
2.304952704676006991e+00
2.298227571959581716e+00
2.284467767815941297e+00
2.279668132439908845e+00
2.272734716810868250e+00
2.267698146927265679e+00
2.264938873042531942e+00
2.263947335104076419e+00
2.259523592195020747e+00
2.256868857078875745e+00
2.250931155078235157e+00
2.246914757755760661e+00
2.244426940576217611e+00
2.243119770128408241e+00
2.242694071675846335e+00
2.232766004268644355e+00
2.230842413474758423e+00
2.234258576833823007e+00
2.237577839460817231e+00
2.240657398580413240e+00
2.249002254410788826e+00
2.255904676209068427e+00
2.261449679302550031e+00
2.266664253711748511e+00
2.265208282407213503e+00
2.263693308030784834e+00
2.267557075510969078e+00
2.265207841704324210e+00
2.268378775839072325e+00
2.270819029153305468e+00
2.267364768133094621e+00
2.259938376456418929e+00
2.253809897520178573e+00
2.253216901348153556e+00
2.252922654020315107e+00
2.252853862145461683e+00
2.252947057654966834e+00
2.247722350358056786e+00
2.253393913402368831e+00
2.258277132660316155e+00
2.262342832899643774e+00
2.265615081185626156e+00
2.272759342719329556e+00
2.278478483259268828e+00
2.282880768582089548e+00
2.280608888741467055e+00
2.278311527540560100e+00
2.276120367170514580e+00
2.274123009605758305e+00
2.272370249336306713e+00
2.269981534627499631e+00
2.267986039571742385e+00
2.272189427747705714e+00
2.275712935376599688e+00
2.289255075938390505e+00
2.300225652864633652e+00
2.308810029230386363e+00
2.315272121566491315e+00
2.319913217759724589e+00
2.323042116553672987e+00
2.324954819338101331e+00
2.325921795967874850e+00
2.326180981565883599e+00
2.325934937891217302e+00
2.325350917371241888e+00
2.324562847642224206e+00
2.323674491255336427e+00
2.333380646927042612e+00
2.341177159857287471e+00
2.347232653821111459e+00
2.362379041936754298e+00
2.374276141486254765e+00
2.388417937189779572e+00
2.399026010182658375e+00
2.406648196357916270e+00
2.422235887578469971e+00
2.433900333905969493e+00
2.447894352993833067e+00
2.452488220672513819e+00
2.465294566903799556e+00
2.474571356744770689e+00
2.486726801394349540e+00
2.499934914231690897e+00
2.515359077839525170e+00
2.526707648353868851e+00
2.540685699329030989e+00
2.550820187472824241e+00
2.568018844426870118e+00
2.580685889138577771e+00
2.589514475882384037e+00
2.599046978561126320e+00
2.605310362138784086e+00
2.608999796190707876e+00
2.610724585528872321e+00
2.611003869092598073e+00
2.610269023416329048e+00
2.608869795682323911e+00
2.607082393163148382e+00
2.605118460423871962e+00
2.603134277241238692e+00
2.601239741087956858e+00
2.605770344990338216e+00
2.609387222780509941e+00
2.622209839504130002e+00
2.632454177926934591e+00
2.640360071899629180e+00
2.646219992546519961e+00
2.650346522861105836e+00
2.653049077446643977e+00
2.664493915175198069e+00
2.673209098712850285e+00
2.679578954980874173e+00
2.683991718427356954e+00
2.689981019118822481e+00
2.694089576465692026e+00
2.696697796897660204e+00
2.704573712887385462e+00
2.703948471736525860e+00
2.702775833494501789e+00
2.707706636369037412e+00
2.711331069018212858e+00
2.710879635956081835e+00
2.710051387024852154e+00
2.712021599144652129e+00
2.713344262933770068e+00
2.720715998243739442e+00
2.729400325865748655e+00
2.733225805724878388e+00
2.735878606749181152e+00
2.744231569981776087e+00
2.750651889564846631e+00
2.755372116706111818e+00
2.758648071452980410e+00
2.770207868180151856e+00
2.779044423250195628e+00
2.792339726563145774e+00
2.802439341703028219e+00
2.818977044226237183e+00
2.831416959957921975e+00
2.849329303565069971e+00
2.871323352400190210e+00
2.896111030700284417e+00
2.927824093367602742e+00
2.966359254153619673e+00
3.001927341570545860e+00
3.028172898135668145e+00
3.053395684038738622e+00
3.071148388613642588e+00
3.089531118820147526e+00
3.101639825093745362e+00
3.115866838706819131e+00
3.132069276085289733e+00
-3.133093181937033123e+00
-3.113327457887627325e+00
-3.092140037645928707e+00
-3.069861690455499836e+00
-3.046809515781229827e+00
-3.023270055911839727e+00
-3.000487799886579765e+00
-2.977767252625450389e+00
-2.955184924268867697e+00
-2.939543771629990587e+00
-2.928006584978867011e+00
-2.914246160756742920e+00
-2.903619162403815679e+00
-2.890203440166505100e+00
-2.872531777664731223e+00
-2.850985696805839353e+00
-2.828176266432715025e+00
-2.811467362051763619e+00
-2.793142306027953659e+00
-2.773613624349697382e+00
-2.753273243992156338e+00
-2.739051209182226554e+00
-2.723260283885376332e+00
-2.712662392179804094e+00
-2.696763932667522567e+00
-2.679397847652153608e+00
-2.667225301814076577e+00
-2.643559971837638578e+00
-2.626154052910443681e+00
-2.607957527959809951e+00
-2.591585341552620214e+00
-2.576437584729599717e+00
-2.559992015476037164e+00
-2.544505980833942527e+00
-2.523672684002661093e+00
-2.508416621450472839e+00
-2.487720186437786918e+00
-2.466993067800003381e+00
-2.441072688778151090e+00
-2.412345655507085240e+00
-2.391547568470730578e+00
-2.372172167984279323e+00
-2.349195891828219196e+00
-2.333096264369984407e+00
-2.312742977787321408e+00
-2.288847955941067713e+00
-2.271778315612947630e+00
-2.254976442643803480e+00
-2.243515218774410513e+00
-2.226672527486560860e+00
-2.209429331528883989e+00
-2.191625079478502158e+00
-2.169146496395742307e+00
-2.152747924950642044e+00
-2.125660168106844772e+00
-2.105569632746928654e+00
-2.081716519212956307e+00
-2.058348916632186665e+00
-2.032048460476478802e+00
-2.013179530936336725e+00
-1.991031131813255861e+00
-1.966395325793396154e+00
-1.942569036371678992e+00
-1.923422120684689984e+00
-1.904112934991009087e+00
-1.893195951594202953e+00
-1.877980941812039895e+00
-1.861218281838455724e+00
-1.842990648050915503e+00
-1.828401669211852765e+00
-1.811996257861905990e+00
-1.800701426034649222e+00
-1.793542618932182364e+00
-1.782858758746526107e+00
-1.775854897834676427e+00
-1.764961094328557412e+00
-1.750675144142751494e+00
-1.732374098719714484e+00
-1.712138961465644371e+00
-1.690387105707199300e+00
-1.667483560075546434e+00
-1.650689058412142307e+00
-1.639033159037377674e+00
-1.624239322702530686e+00
-1.607331156795532845e+00
-1.588658558728769155e+00
-1.575395268619716793e+00
-1.559727582220240993e+00
-1.542028182661415725e+00
-1.529470543745183653e+00
-1.514335986747142648e+00
-1.497033852552920763e+00
-1.477974036084070075e+00
-1.457548496030635743e+00
-1.436118008122361900e+00
-1.414003484046012060e+00
-1.391481263892896836e+00
-1.367428183951866050e+00
-1.349945097605041999e+00
-1.336403942930695976e+00
-1.327525464589088156e+00
-1.313984200798625102e+00
-1.302921988781710283e+00
-1.286806730943917287e+00
-1.268240610019898185e+00
-1.252473851932161875e+00
-1.231806552808724087e+00
-1.209452975592726354e+00
-1.186064661302402401e+00
-1.169217780285078279e+00
-1.150927232501936626e+00
-1.131605477000275695e+00
-1.111629425529784942e+00
-1.087883537270860179e+00
-1.064496909824609094e+00
-1.037993446963514366e+00
-1.018936094579596219e+00
-9.897521279448192599e-01
-9.584261459599140442e-01
-9.297113622417682022e-01
-9.036135954737766207e-01
-8.809426756281059090e-01
-8.599186344879009569e-01
-8.304226948686658227e-01
-8.043155515638544806e-01
-7.813048107527835739e-01
-7.560498683765749517e-01
-7.385014223481216611e-01
-7.175433766409072822e-01
-7.031627984913685347e-01
-6.845796402146977488e-01
-6.665758246047702729e-01
-6.446853375470251724e-01
-6.235597172447076009e-01
-6.046062572630689358e-01
-5.858656388397319725e-01
-5.691444528510034573e-01
-5.485617450534683304e-01
-5.341261789631057688e-01
-5.155137832062026693e-01
-4.967244079163120052e-01
-4.775995845129685780e-01
-4.640795802272037474e-01
-4.491010845972138732e-01
-4.298329593337839594e-01
-4.098865953543200380e-01
-3.956067330818753280e-01
-3.860606835366164891e-01
-3.778033090151580176e-01
-3.730368531186207814e-01
-3.645894521139920741e-01
-3.592462312804900471e-01
-3.563424269243644638e-01
-3.552886973674977966e-01
-3.555785028841107476e-01
-3.567889497316805159e-01
-3.585771991010957560e-01
-3.606739753283350058e-01
-3.628753325314859612e-01
-3.650335720232953385e-01
-3.670479931338925805e-01
-3.688559824837862600e-01
-3.679748129047615279e-01
-3.672996121227174449e-01
-3.668012537125828754e-01
-3.664506668920894938e-01
-3.662203253488389709e-01
-3.598499989443613156e-01
-3.546818678290932780e-01
-3.443248844702595513e-01
-3.382929384476247581e-01
-3.272564363869931992e-01
-3.120157445650415529e-01
-2.933354720598650989e-01
-2.719280864273223575e-01
-2.484402734445794181e-01
-2.218696143314895508e-01
-1.948908747838400402e-01
-1.607886351112428613e-01
-1.280052875095154530e-01
-9.663708632938194931e-02
-6.667572907080776545e-02
-3.831522957237742943e-02
-3.519526958374541437e-03
2.922958125793617690e-02
6.726865411678506490e-02
1.021384976855295168e-01
1.331415306575787216e-01
1.543472508835657120e-01
1.735393510760128155e-01
1.854376569763953597e-01
1.918141796594217130e-01
2.022308185283521187e-01
2.150217840077623954e-01
2.299367329706878404e-01
2.466669529027991636e-01
2.648772213643240114e-01
2.842310118085449311e-01
3.064603772182903363e-01
3.226066084791181510e-01
3.424386893531734533e-01
3.566709872961364436e-01
3.752338536792736434e-01
3.977024746672368494e-01
4.207236204668922674e-01
4.469300285579518306e-01
4.822957717137228428e-01
5.151533395058685016e-01
5.452411403574684012e-01
5.725515712292542636e-01
5.953804018397755859e-01
6.166412597361778936e-01
6.349936602262279406e-01
6.570096475576643336e-01
6.822642500665135890e-01
7.002274353889232916e-01
7.269868816290006031e-01
7.566693672395349290e-01
7.835224849060686836e-01
8.180231689146921781e-01
8.482086309769975019e-01
8.750956079220894024e-01
8.983844840500230244e-01
9.140027501620335837e-01
9.292953392805831658e-01
9.388733130771326207e-01
9.337839066189427273e-01
9.270954465175639259e-01
9.151704607785464685e-01
8.933533577007776172e-01
8.742891527407439245e-01
8.582038490760897087e-01
8.394920809491578373e-01
8.297555182568890908e-01
8.226675770955699241e-01
8.177659468281938127e-01
8.196036818449385919e-01
8.218494893025356518e-01
8.242555317706632412e-01
8.266464126465478124e-01
8.289034683422180638e-01
8.309519420436733972e-01
8.327505655056298695e-01
8.342831039138779436e-01
8.303209389687750130e-01
8.223086389277609598e-01
8.158044394149547296e-01
8.106929080536288135e-01
8.068219540190514349e-01
8.040209617011382370e-01
7.971436604603092668e-01
7.968667595927695357e-01
7.920787715159800513e-01
7.885209605444636338e-01
7.911082998445785330e-01
7.936381296442379663e-01
7.959931992798590095e-01
8.082345391734886419e-01
8.183137607359967092e-01
8.263599522530862274e-01
8.273163179800901990e-01
8.276372356938115349e-01
8.275051068753777050e-01
8.222865055353011376e-01
8.177288722721645087e-01
8.089765899132704829e-01
8.017294404146794173e-01
7.857398780691949858e-01
7.728762677181595375e-01
7.576337381048620090e-01
7.457917253238408595e-01
7.419698676133986703e-01
7.398675874027328403e-01
7.391037879720280257e-01
7.444328373351701833e-01
7.551463384698493542e-01
7.696912673661091553e-01
7.818663542707749992e-01
8.025808271570362695e-01
8.191496909021680484e-01
8.427881111300186134e-01
8.610585005946123083e-01
8.746078001947041880e-01
8.901115440252383992e-01
9.013219921672155355e-01
9.089236041346440143e-01
9.088345062251451667e-01
9.072955325210234623e-01
9.096451217194280181e-01
9.167934882316888245e-01
9.218118206263589132e-01
9.360814463462314716e-01
9.469164755749042151e-01
9.547827108594129086e-01
9.601663769502848389e-01
9.635392107341218537e-01
9.718087862567020840e-01
9.821294931036410603e-01
9.961886979537309950e-01
1.006751114852955542e+00
1.025119749745628583e+00
1.042906402921154108e+00
1.062679357800266233e+00
1.077314419760556863e+00
1.094492339176656337e+00
1.117324124687814058e+00
1.134225621478495594e+00
1.153176290514262181e+00
1.169842465163165368e+00
1.184274831406423534e+00
1.196670493419400350e+00
1.214183566542473836e+00
1.228788401474991687e+00
1.245321069910973133e+00
1.256847697877718328e+00
1.273175075838284265e+00
1.291323014581574391e+00
1.304374301519435342e+00
1.326673267173088533e+00
1.343289784417004196e+00
1.363337989553991214e+00
1.384595087316496942e+00
1.406857329239025622e+00
1.423060442908810064e+00
1.447995011747677641e+00
1.473333606806481066e+00
1.498890168563330239e+00
1.524834074599793921e+00
1.550334311252008268e+00
1.575430001864870588e+00
1.600417861987652568e+00
1.618205564534215490e+00
1.644071097268001269e+00
1.670282383463137288e+00
1.695383160160646385e+00
1.719961793330554434e+00
1.744015303723897237e+00
1.767558009016044984e+00
1.783806521739573547e+00
1.800959298638169059e+00
1.812228976164625305e+00
1.827298638302910616e+00
1.844054552016673343e+00
1.868842549784053064e+00
1.893368625037987307e+00
1.919762433668173340e+00
1.945373417004652605e+00
1.970043611048061916e+00
1.993696205398502341e+00
2.013097798108454572e+00
2.032458372218258980e+00
2.045651177151295297e+00
2.063106658432699803e+00
2.081040741048754583e+00
2.102698968552174641e+00
2.123998681072168271e+00
2.142702569644518107e+00
2.161435848872358179e+00
2.183936880825435800e+00
2.200035059912635482e+00
2.214947884454437688e+00
2.224931711327861716e+00
2.229654491085431900e+00
2.231482714952958801e+00
2.241262272997350813e+00
2.247789889516196737e+00
2.261959858968213943e+00
2.272233827244281024e+00
2.284781164638412854e+00
2.298421801045241075e+00
2.313147746926703885e+00
2.329235546067966567e+00
2.351330281063244598e+00
2.367708235244588177e+00
2.384333507318817880e+00
2.401336923760477138e+00
2.418220709268637414e+00
2.429972551087013155e+00
2.447831807775886048e+00
2.454895149037741753e+00
2.463236690248300942e+00
2.458349565786616786e+00
2.462764473829492040e+00
2.469528582525951421e+00
2.473937967696735463e+00
2.476522074367756510e+00
2.477725835360806705e+00
2.487461550856591153e+00
2.494709053320220526e+00
2.495787364914262341e+00
2.495900556387090408e+00
2.495327547676398972e+00
2.499822954322561408e+00
2.503097495848836562e+00
2.509471496105646349e+00
2.514218025967358550e+00
2.521622034950684377e+00
2.532730513672777573e+00
2.541204848538627381e+00
2.547404165570900325e+00
2.547841613931290716e+00
2.547432208936505127e+00
2.540684856332310115e+00
2.534652566092380432e+00
2.525420402911850992e+00
2.517692055086593328e+00
2.501579059930200799e+00
2.488559415522553664e+00
2.472847791752014857e+00
2.460794913547570406e+00
2.442008127022197606e+00
2.432298866436996221e+00
2.421096879139867930e+00
2.413167191351720753e+00
2.407932059405200054e+00
2.404847998255660535e+00
2.398690724379568096e+00
2.394589862116202728e+00
2.392155838762858977e+00
2.385848825029346809e+00
2.376589674997309221e+00
2.369751668676205902e+00
2.359952065078788852e+00
2.347637313573038842e+00
2.338477019458840900e+00
2.326788721061136656e+00
2.318196562064720911e+00
2.307373069490473050e+00
2.299667612579321840e+00
2.289803358820715840e+00
2.277542216950707132e+00
2.263176209679864659e+00
2.248048280172786129e+00
2.231398624056068147e+00
2.219108387761564050e+00
2.210514508787483123e+00
2.199156578641949356e+00
2.187022625132831077e+00
2.178538472759300237e+00
2.167101782765662676e+00
2.155079353011297716e+00
2.140647340523295306e+00
2.130206411372059350e+00
2.113234692274027271e+00
2.100813787148423373e+00
2.085981321209843919e+00
2.071871154153549277e+00
2.058643607227835570e+00
2.043324966134051124e+00
2.029350485238422763e+00
2.013446844453200324e+00
1.995830332548388597e+00
1.973969704026125260e+00
1.955324439318105068e+00
1.935798592579110133e+00
1.919518860582180908e+00
1.908355436552663598e+00
1.894927670446243217e+00
1.879445535007751467e+00
1.862127388739166722e+00
1.851531576230280862e+00
1.831394547538106821e+00
1.811293912249727800e+00
1.787834392999418487e+00
1.771814888725874448e+00
1.753543965855099751e+00
1.740521795922536974e+00
1.724716400616177037e+00
1.713800224403005279e+00
1.699589315581828686e+00
1.682511956512172890e+00
1.670466581152104224e+00
1.655154006567327807e+00
1.637066094705442287e+00
1.616698408593535419e+00
1.594525002340514419e+00
1.578483482672773830e+00
1.560073681130365708e+00
1.539707460441674503e+00
1.517786344281960131e+00
1.494685341095206565e+00
1.478152383290814997e+00
1.459649984913995446e+00
1.439520309359308747e+00
1.425411533878633064e+00
1.407723078181940979e+00
1.396631457229764228e+00
1.389784820816555744e+00
1.386227670414441171e+00
1.385132735652901514e+00
1.385802386987277535e+00
1.379045852956129581e+00
1.374549193500520072e+00
1.364582324850384554e+00
1.350076554615003976e+00
1.330206235181122132e+00
1.314951223673777259e+00
1.305741288484659091e+00
1.299714399924572827e+00
1.286967241330905010e+00
1.277784381617247167e+00
1.271580949179737408e+00
1.258324640627654478e+00
1.243833009856770255e+00
1.233361284046439854e+00
1.219206921742222782e+00
1.202174014309033367e+00
1.180226147960747429e+00
1.157094925987140366e+00
1.126802248887492031e+00
1.094592473970155799e+00
1.064312452150304900e+00
1.038644475612869655e+00
1.010328792247764396e+00
9.837150375410367298e-01
9.606684277060579813e-01
9.386618195036502410e-01
9.235003550593942068e-01
9.081927685208438517e-01
8.927788271250304275e-01
8.773184071723921784e-01
8.626412764548035961e-01
8.476261101438887779e-01
8.324275933196843003e-01
8.175013624415490288e-01
7.975083488020915379e-01
7.831170090713961418e-01
7.635491977939288244e-01
7.443911948993764405e-01
7.207226824392944931e-01
6.934269733314344375e-01
6.677233595368234909e-01
6.489132799122248052e-01
6.317558131802045729e-01
6.161877605879666486e-01
6.060252623485623547e-01
5.943251811064356183e-01
5.830295666683521505e-01
5.758563431634837748e-01
5.660693840742263561e-01
5.538532862286278391e-01
5.394031039036413233e-01
5.254897362360044788e-01
5.096168238936356065e-01
4.919861027767116202e-01
4.695671182423943879e-01
4.529696529419369178e-01
4.319118144401759007e-01
4.074690288403843841e-01
3.806645020723613548e-01
3.547982424546385349e-01
3.296494236323281868e-01
3.050242478368829779e-01
2.874107976552391364e-01
2.689213405979564708e-01
2.478059600410633667e-01
2.263466019364170911e-01
2.045078802603699231e-01
1.822804294517059720e-01
1.596764516667037448e-01
1.357783335100717359e-01
1.189267030738272446e-01
1.009468482913682408e-01
8.189531646690428879e-02
6.186601801327595851e-02
3.405958457241320403e-02
6.822269941515246572e-03
-2.016963065765153829e-02
-4.677931824387737691e-02
-7.291173842548870354e-02
-9.921078718388787188e-02
-1.242641656867542466e-01
-1.416709091272905230e-01
-1.587393991639760582e-01
-1.765317119863880624e-01
-1.882048135201228600e-01
-2.018550791301678693e-01
-2.105741634614823887e-01
-2.236369762460088673e-01
-2.390497902957895437e-01
-2.514629272388169134e-01
-2.665482303161734734e-01
-2.857962807025216101e-01
-3.066416050492106748e-01
-3.285640730266685683e-01
-3.535368856162821594e-01
-3.785602268189414144e-01
-3.967098520338290246e-01
-4.090963426923686086e-01
-4.139519998448668581e-01
-4.220585908817766629e-01
-4.266679412641318780e-01
-4.286482430643334673e-01
-4.224285560447840204e-01
-4.160400584916357225e-01
-4.126398717282491191e-01
-4.027209107313556302e-01
-3.940084202187414952e-01
-3.800094375949447656e-01
-3.684362017130020650e-01
-3.617566476463220937e-01
-3.567160822578152590e-01
-3.436911163582487827e-01
-3.336104428800674704e-01
-3.237987788212290940e-01
-3.098163163846190393e-01
-3.041273317342814142e-01
-3.006057419879792914e-01
-2.919772082729545915e-01
-2.858572907836476329e-01
-2.750273755408541021e-01
-2.584669205268665948e-01
-2.392304886854008661e-01
-2.246788679564506452e-01
-2.073283898800715175e-01
-1.945132719088105144e-01
-1.786737548876971005e-01
-1.602942159791995724e-01
-1.398346469297937489e-01
-1.177231734405201902e-01
-1.006664526922704805e-01
-8.183891185266389812e-02
-6.154965842248794061e-02
-4.704369178698475373e-02
-3.730451946356261317e-02
-2.443332479864412932e-02
-1.579227984441211596e-02
-3.620682080075043885e-03
1.179765865981496908e-02
2.972373244608106369e-02
4.961125174826896966e-02
7.098909887552262710e-02
9.344014259935451427e-02
1.097053490651811458e-01
1.286071618734401234e-01
1.479755739205852461e-01
1.627011967848401852e-01
1.726569080003215184e-01
1.856286899765020593e-01
2.011783295203233290e-01
2.203591256183521363e-01
2.394725983181875684e-01
2.615605503472993032e-01
2.843676456577792777e-01
3.075119503368777263e-01
3.329530684254229378e-01
3.514867498404461443e-01
3.732963822952442001e-01
3.953734221622733358e-01
4.203108378186919403e-01
4.447535093374772597e-01
4.716705666589797730e-01
5.007856032344821795e-01
5.343438649194731660e-01
5.586939917121223065e-01
5.851995683205519772e-01
6.095885809724183035e-01
6.304512696738329147e-01
6.388457988996860681e-01
6.428145395516371430e-01
6.391640869916227485e-01
6.339346360321249652e-01
6.220919310404401381e-01
6.109792797290005684e-01
6.009665451467157693e-01
5.822763395611524340e-01
5.668234519565447105e-01
5.483195423622564402e-01
5.299908715200423170e-01
5.159419351672798193e-01
5.055884427022789840e-01
4.887138114183740001e-01
4.762183845239305047e-01
4.579664667874026041e-01
4.475645161578336584e-01
4.405193763431425324e-01
4.268602371192464773e-01
4.170647710204153924e-01
4.040223845363022370e-01
3.946744975079350404e-01
3.792517859952191372e-01
3.614891918528408965e-01
3.483847332675966690e-01
3.302934520425337972e-01
3.105174038156006677e-01
2.960363401503227632e-01
2.792852464202120188e-01
2.673307253251155924e-01
2.525687784348693565e-01
2.421974770308137348e-01
2.269932247457484564e-01
2.094635578071972759e-01
1.968620543113266397e-01
1.883440286416175891e-01
1.831088464075665279e-01
1.723473491905767041e-01
1.593270384479699153e-01
1.500238878930830744e-01
1.368735107548557650e-01
1.204622012726512814e-01
1.076333966538860487e-01
9.242787531676466273e-02
7.387277291476856966e-02
5.338137078291071980e-02
3.140772094869337394e-02
1.522113697388327580e-02
-2.758925274443546627e-03
-2.235971174309980825e-02
-3.646173879993086508e-02
-4.598988568154571688e-02
-5.873736075394830891e-02
-6.734841123990653600e-02
-7.953426361068860473e-02
-8.785356865203741705e-02
-9.994490635201880302e-02
-1.083140468796270905e-01
-1.205364347489934485e-01
-1.359587906942176794e-01
-1.550016010659067689e-01
-1.748404676170374206e-01
-1.892938691677770180e-01
-2.006455212920306153e-01
-2.082250318026444003e-01
-2.059411002080913100e-01
-2.024874640545306637e-01
-1.983927233506632692e-01
-1.940646213320194047e-01
-1.898028978847816628e-01
-1.858144411185269629e-01
-1.752803808696474785e-01
-1.664649546684970893e-01
-1.593214402401714747e-01
-1.467170802213475511e-01
-1.367509813161122967e-01
-1.221081760172462172e-01
-1.100128405022735567e-01
-1.011019047425378847e-01
-8.787478052881270152e-02
-7.114442613821014838e-02
-5.860834354152344439e-02
-4.267563046659583748e-02
-3.095900838750975659e-02
-2.294280915967772394e-02
-1.067560675862555541e-02
5.154826800374712192e-03
2.368704756496287089e-02
4.430795083751393193e-02
6.601177018853010559e-02
8.920036865740677001e-02
1.131078867934671717e-01
1.305699011228336204e-01
1.494651985233685920e-01
1.638444110281433996e-01
1.803781744745691640e-01
1.918761237770914008e-01
1.992357021744795009e-01
2.033065184202176301e-01
2.048589466511971935e-01
2.114289876743156160e-01
2.223090463863375277e-01
2.299446786111729590e-01
2.349268923501219852e-01
2.378053280894714128e-01
2.390714759882095475e-01
2.391507508779930902e-01
2.384006649421228641e-01
2.438707882088586576e-01
2.477863206942074736e-01
2.436881829884367523e-01
2.465299109187761850e-01
2.484836607405040976e-01
2.497179807246416861e-01
2.521154770804325818e-01
2.537886993401663460e-01
2.548615662575748342e-01
2.536810499435533384e-01
2.592247321332135090e-01
2.635248865225603421e-01
2.685812615678890847e-01
2.724226053426297423e-01
2.752087477676283811e-01
2.771079789546124772e-01
2.850407402658818867e-01
2.911622344524973371e-01
2.956997469745914486e-01
2.988958961454817320e-01
3.009905693500469770e-01
3.022087858101836222e-01
3.027532249692783672e-01
3.094708770686986909e-01
3.145980603806275422e-01
3.183539297546882363e-01
3.209618977126027506e-01
3.226365292765462911e-01
3.235751526255696842e-01
3.239530187143797590e-01
3.327508519022341904e-01
3.397041233403697014e-01
3.515814216392829650e-01
3.632799559544617196e-01
3.722841464895263464e-01
3.854967381821521322e-01
3.982122921712163421e-01
4.143185619106464213e-01
4.264373580292342147e-01
4.446977571121712991e-01
4.584266207631937373e-01
4.780120259653284354e-01
4.990549090217624162e-01
5.145742707113674097e-01
5.316851064895382617e-01
5.437262547625190123e-01
5.516355190409441001e-01
5.661889338088241796e-01
5.764343767870403479e-01
5.891258745380061335e-01
6.077900110179643711e-01
6.214407297021267151e-01
6.366397558050729266e-01
6.529207106501857538e-01
6.643699063455752452e-01
6.817334536781429755e-01
6.942028434481788413e-01
7.071648362407815247e-01
7.161601353802251602e-01
7.271554654061282985e-01
7.392806449781085254e-01
7.577169684558291429e-01
7.713747179055556735e-01
7.909884578433035163e-01
8.054365643405397845e-01
8.207096333059892279e-01
8.416888930249493139e-01
8.618449468440154693e-01
8.818353713249463821e-01
9.063133302063672847e-01
9.299912842197264329e-01
9.472211736584680297e-01
9.690995724460698124e-01
9.907285213162111415e-01
1.016185090088147280e+00
1.040859296380494126e+00
1.058594318419306957e+00
1.080459903250362785e+00
1.102276964673442716e+00
1.127403929655462989e+00
1.154944135718529497e+00
1.174591900848185322e+00
1.197157683415865925e+00
1.219434712442216906e+00
1.241667507205642895e+00
1.259396050212102214e+00
1.275834037599541615e+00
1.286829038525695523e+00
1.293430643683288750e+00
1.296602627086161030e+00
1.297200430455106357e+00
1.304872984096822730e+00
1.316656261356189406e+00
1.324934612953043489e+00
1.339023282380838564e+00
1.356125987716851000e+00
1.368681817337362050e+00
1.385757718128065585e+00
1.405029811440680065e+00
1.419106211881207225e+00
1.435823984416327193e+00
1.454755094326021014e+00
1.468507864514365435e+00
1.484939405189596995e+00
1.496612492606850253e+00
1.511386123602977749e+00
1.514702493579517251e+00
1.515663773227906796e+00
1.514930205745623093e+00
1.513051680371217067e+00
1.510472585281953828e+00
1.507985065564654947e+00
1.505358682883365162e+00
1.509732628932015430e+00
1.512962901596435650e+00
1.515234928600988074e+00
1.516348304158605442e+00
1.516918980382887527e+00
1.517076549021411092e+00
1.523992292998015863e+00
1.529742495136166891e+00
1.541082475445068933e+00
1.549750051568610010e+00
1.556318440562316052e+00
1.568151724185423479e+00
1.584192421893092062e+00
1.596368833940127185e+00
1.612230835858612599e+00
1.624400638467025759e+00
1.639727268876442601e+00
1.657835998904134689e+00
1.671874423062862380e+00
1.688058170393401669e+00
1.707458657282136860e+00
1.721776033654965454e+00
1.737519425467995982e+00
1.755311396843950655e+00
1.769313570589624351e+00
1.784283123255409942e+00
1.796142708506033303e+00
1.804094199677698240e+00
1.808900414919644151e+00
1.817947490412750833e+00
1.825671173299079131e+00
1.837423286161073976e+00
1.845798159751505407e+00
1.858071579676157103e+00
1.875603396494071262e+00
1.895412211011765491e+00
1.916793763271669171e+00
1.932587608508659294e+00
1.959272716084227595e+00
1.985662373283898496e+00
2.005047901214252803e+00
2.024815088404804175e+00
2.044717556685431870e+00
2.061762177560237941e+00
2.073444778685420875e+00
2.086770362517162969e+00
2.104923735835374288e+00
2.117797461738313292e+00
2.132134931574111381e+00
2.147599632374721512e+00
2.163859810320044819e+00
2.173391837126049886e+00
2.184903308055485827e+00
2.192560548131404552e+00
2.197141834790167447e+00
2.199344547116570237e+00
2.203777457348495172e+00
2.210330878826603396e+00
2.220222936348823950e+00
2.227328941240414917e+00
2.241862028122398875e+00
2.257191931933368867e+00
2.268710618604671048e+00
2.281534694041937428e+00
2.290843152627463297e+00
2.301970856218584771e+00
2.309854327193591850e+00
2.314989937289757993e+00
2.328371866583738292e+00
2.338162203063668620e+00
2.355424761143537715e+00
2.368262868767480711e+00
2.377313198669449346e+00
2.382954681270125441e+00
2.391435872316617139e+00
2.397056040486705619e+00
2.405303106371792232e+00
2.410839690823588288e+00
2.414236450684164481e+00
2.415989743886021834e+00
2.421216898731885170e+00
2.424665851552998408e+00
2.436598065917274347e+00
2.445593600850662241e+00
2.446760455101906206e+00
2.456565176117798899e+00
2.463789994381943682e+00
2.473108186564598299e+00
2.479833616768566618e+00
2.484442862585360956e+00
2.492707930190921850e+00
2.502731783740328453e+00
2.506097749139209796e+00
2.517407748893802477e+00
2.525884424374253534e+00
2.537501475919131000e+00
2.549967687305463748e+00
2.564807852908256081e+00
2.575903639169083270e+00
2.593167523491690218e+00
2.606025368961909727e+00
2.611702843881595015e+00
2.614962197886282702e+00
2.616343569055063156e+00
2.616330015585759838e+00
2.615337703766376087e+00
2.604198931735004940e+00
2.600363312146209083e+00
2.590891765450936024e+00
2.582970388343641677e+00
2.572776586879645500e+00
2.568428996393900654e+00
2.561427721280932435e+00
2.562037347343774307e+00
2.563049420516791965e+00
2.570354801211760964e+00
2.576725667432381073e+00
2.582088911703086076e+00
2.596525310253493757e+00
2.608159638564379268e+00
2.623561341920990220e+00
2.639122222068315260e+00
2.657323578311210355e+00
2.671144975595184157e+00
2.687729966697778750e+00
2.700019703783243408e+00
2.711704012278877141e+00
2.726348898263121434e+00
2.736852588353515525e+00
2.746717867824380654e+00
2.759876587142365612e+00
2.769185087679026935e+00
2.782027709074142763e+00
2.797918344695265347e+00
2.811915722281291607e+00
2.828578138848447221e+00
2.840666165168356017e+00
2.871466872040534746e+00
2.903601738903295537e+00
2.944198757793437871e+00
2.980984344837723121e+00
3.007790253742488318e+00
3.026477560969668801e+00
3.046021799552150355e+00
3.058451627363859338e+00
3.065971278700279523e+00
3.069220323081758295e+00
3.069731984098309496e+00
3.074601389362770831e+00
3.077086571163109685e+00
3.084710098275766033e+00
3.089799820611698777e+00
3.092461229701194192e+00
3.101074678666019047e+00
3.106914037419085339e+00
3.110746219675330160e+00
3.112941615156450403e+00
3.113859501803588614e+00
3.113828310086254270e+00
3.120514885546124439e+00
3.125430549901430322e+00
3.128844701324574373e+00
3.131029429314033496e+00
3.139615317851888410e+00
-3.137085795399838339e+00
-3.132407494514511281e+00
-3.121882642579331346e+00
-3.113928235359228580e+00
-3.108179845605142155e+00
-3.104267021983976971e+00
-3.101835569755988509e+00
-3.093250220438751086e+00
-3.086479871308756895e+00
-3.089378591644402761e+00
-3.092469306703847565e+00
-3.095188975684742605e+00
-3.098146090144065390e+00
-3.100810981064392458e+00
-3.095453087043171791e+00
-3.091475021871879392e+00
-3.088413328646282263e+00
-3.078819364374887790e+00
-3.070746755752613133e+00
-3.064497338133365112e+00
-3.052458008547933588e+00
-3.043129378750168534e+00
-3.028787560561990944e+00
-3.018761440968369847e+00
-3.011618979598384982e+00
-2.999583477257588449e+00
-2.990804583776388359e+00
-2.984721361957000774e+00
-2.973681256724532762e+00
-2.965689950674166298e+00
-2.960218323256501805e+00
-2.956774104235281975e+00
-2.947872625996640572e+00
-2.941474907623102819e+00
-2.930154036243251880e+00
-2.916443749194613133e+00
-2.904725900674346217e+00
-2.889386499962480315e+00
-2.878005619334595533e+00
-2.863202237192876254e+00
-2.850398784598019652e+00
-2.841189538661910596e+00
-2.826039309992200099e+00
-2.814826319608229710e+00
-2.807000730140603473e+00
-2.795167656147485857e+00
-2.786828881831124427e+00
-2.774613964626865048e+00
-2.756582138625999434e+00
-2.743139027888475301e+00
-2.726975263747282163e+00
-2.708767650804950300e+00
-2.695599613210980294e+00
-2.689718411175620272e+00
-2.680315078834946796e+00
-2.674229656437828950e+00
-2.670711147184488876e+00
-2.659819582064708143e+00
-2.652048847679594257e+00
-2.646843740871719142e+00
-2.643691607020059120e+00
-2.642132963161683001e+00
-2.635706668652691320e+00
-2.627867790144676530e+00
-2.616170646693349866e+00
-2.607415229157838077e+00
-2.601169801427994699e+00
-2.591082629124362491e+00
-2.583788966593738579e+00
-2.575112033562111158e+00
-2.568917594122889447e+00
-2.564792957524439476e+00
-2.558491845111429797e+00
-2.554135537055951310e+00
-2.541508417351248106e+00
-2.531871577241385118e+00
-2.519027333563177429e+00
-2.505275761397878664e+00
-2.484907577373104637e+00
-2.469334556214357157e+00
-2.447730950322633880e+00
-2.426009244297774980e+00
-2.405212182170542334e+00
-2.384734989695120433e+00
-2.359866460384504094e+00
-2.336530468303291475e+00
-2.314712534184477200e+00
-2.294561754300392220e+00
-2.276080813082140608e+00
-2.258205229800073877e+00
-2.241653197474032133e+00
-2.230562851594946494e+00
-2.223761475179164115e+00
-2.214758242503082730e+00
-2.205089834727576026e+00
-2.193336478052908323e+00
-2.181328432876201262e+00
-2.167463912181280872e+00
-2.157619725009288558e+00
-2.151092044507368684e+00
-2.141433021001528214e+00
-2.134830479056237351e+00
-2.124810248215522890e+00
-2.108133052684501685e+00
-2.095673020822300447e+00
-2.080689427186790397e+00
-2.063502305769540524e+00
-2.041153484132053553e+00
-2.024438052038276314e+00
-2.006075155305850899e+00
-1.983358845841426632e+00
-1.966769112870386138e+00
-1.939393892983238388e+00
-1.919200431966942677e+00
-1.902728950513818740e+00
-1.885079361726249347e+00
-1.864262991317833462e+00
-1.849660294658663107e+00
-1.833408348924069564e+00
-1.822296268782337636e+00
-1.815308215639198197e+00
-1.804858739240047916e+00
-1.791318270563391213e+00
-1.775077087210117366e+00
-1.763363701326094990e+00
-1.748583837308547162e+00
-1.731168874364912513e+00
-1.711552283752008297e+00
-1.696291580666265064e+00
-1.678813923765829941e+00
-1.658874964991045697e+00
-1.637819950344343578e+00
-1.622763776637910826e+00
-1.612606907596119576e+00
-1.606591226613577117e+00
-1.596609173133235027e+00
-1.590064546577120597e+00
-1.579274620887783920e+00
-1.565082800463441171e+00
-1.554960844945451282e+00
-1.541336488270175220e+00
-1.531652508812568092e+00
-1.511566489983787953e+00
-1.496594116515586936e+00
-1.479169660723671287e+00
-1.466568458728941371e+00
-1.457971641409460117e+00
-1.445865883043255362e+00
-1.443394833716853398e+00
-1.436083707419006261e+00
-1.431387131285482450e+00
-1.421939006577750186e+00
-1.414250029666750619e+00
-1.402108570396994436e+00
-1.386292801230130323e+00
-1.374500138455871934e+00
-1.359261203458715039e+00
-1.341309344612988008e+00
-1.328137171824300466e+00
-1.318976445110129125e+00
-1.306331336773351559e+00
-1.297538213478885316e+00
-1.291867367993414284e+00
-1.288652871883867235e+00
-1.285358946838249139e+00
-1.283772053492675980e+00
-1.276747443744550736e+00
-1.271855622906037375e+00
-1.262015329336648062e+00
-1.248159405201363592e+00
-1.237781891608720874e+00
-1.221435035122548918e+00
-1.209088563544818751e+00
-1.193675571225203402e+00
-1.182375055091883453e+00
-1.177199445595432437e+00
-1.171695156876153554e+00
-1.168419383131438227e+00
-1.166868702536531854e+00
-1.166602517016845253e+00
-1.164498817589394664e+00
-1.157038970941949518e+00
-1.148672020020288231e+00
-1.135957487769573060e+00
-1.119835534101335295e+00
-1.098006688746281601e+00
-1.081188283162272556e+00
-1.062536981171684936e+00
-1.042717130748649801e+00
-1.022295022805249864e+00
-1.001722397705400169e+00
-9.775064883623376666e-01
-9.598649847127477264e-01
-9.476392351004464532e-01
-9.302417628254090465e-01
-9.126026110523910440e-01
-8.960244927911182877e-01
-8.791565010585534745e-01
-8.629868611408941792e-01
-8.465512360095267530e-01
-8.255141784535060534e-01
-8.102925383328998254e-01
-7.950613755770707947e-01
-7.799246600773906968e-01
-7.694995956547814320e-01
-7.533156535641020168e-01
-7.418918823712681299e-01
-7.343884710567002427e-01
-7.204132242473814118e-01
-7.106028082722244399e-01
-6.990018294220904371e-01
-6.910032452954892879e-01
-6.762873658114797459e-01
-6.656622217374520423e-01
-6.488029185604787807e-01
-6.324317756287887171e-01
-6.151866382812086753e-01
-6.027466598280751819e-01
-5.848349791348951277e-01
-5.719237822542947436e-01
-5.573879614341519240e-01
-5.378162939129262909e-01
-5.235532443333670294e-01
-5.137304627675818303e-01
-5.075105190421369539e-01
-5.041232734701217577e-01
-4.936655532879563602e-01
-4.804787611504401923e-01
-4.709990100802456947e-01
-4.646052913751330671e-01
-4.576896818683984236e-01
-4.533124032282138671e-01
-4.448399664668694076e-01
-4.300192286445272405e-01
-4.190098836131030957e-01
-4.050601708536438750e-01
-3.860818657117941477e-01
-3.719156658505486934e-01
-3.555738169855002795e-01
-3.373780912994666092e-01
-3.239991869993610329e-01
-3.082896089235682702e-01
-2.905554595366435233e-01
-2.710984748568068259e-01
-2.568446650917235452e-01
-2.403471035906914466e-01
-2.270893769804871454e-01
-2.048096748441496917e-01
-1.817079430434149767e-01
-1.636896399644358624e-01
-1.445297639858202920e-01
-1.243862744335613169e-01
-1.034125383424508993e-01
-8.175561067679959493e-02
-6.631341617816466361e-02
-5.599936139085492925e-02
-4.979089153268900780e-02
-3.999649599728249960e-02
-3.380555228489745545e-02
-2.366767876504516366e-02
-1.691404530364759573e-02
-6.077557648346498809e-03
1.417698164416503204e-03
6.187089581424887186e-03
8.864341596961144987e-03
1.669121756706837267e-02
2.205327214409891212e-02
3.225918514777603718e-02
4.678636491941645659e-02
6.466986886116909972e-02
8.456299737481276502e-02
1.069138818808303970e-01
1.237323718415541673e-01
1.426282860527481322e-01
1.562918121699210516e-01
1.735789832554508472e-01
1.928407892799652856e-01
2.067701234895906737e-01
2.230363379995177198e-01
2.428535673040663756e-01
2.640370568798622308e-01
2.813265872270815926e-01
2.982259917606973065e-01
3.165400379038201262e-01
3.292788433482598531e-01
3.440791756210672681e-01
3.564806427905540254e-01
3.712054923766385794e-01
3.839591187043005505e-01
3.991186274087745733e-01
4.161853811264755176e-01
4.346585796786561762e-01
4.540735815025744859e-01
4.678660659008075928e-01
4.770799076570912955e-01
4.826646916822820987e-01
4.854558133660422659e-01
4.800895263546689495e-01
4.743303055304846083e-01
4.685948100885088952e-01
4.569699064147636491e-01
4.469129992352371961e-01
4.384907964835693672e-01
4.287526676358781597e-01
4.239592785970172084e-01
4.204378129228347749e-01
4.179943756458597282e-01
4.164351454672610142e-01
4.155768453286516895e-01
4.088049295978433140e-01
4.100521190064296828e-01
4.050136115931670666e-01
4.011994844640383029e-01
3.984455775785691323e-01
3.965795073557858430e-01
3.954326945409778471e-01
3.948485856377097480e-01
3.984773160639545342e-01
4.044098698337277309e-01
4.093965132156804909e-01
4.134640220904131080e-01
4.230755077143284471e-01
4.278180037542105296e-01
4.312950138969531277e-01
4.366225017161344812e-01
4.406024626648217257e-01
4.434355447629074742e-01
4.453203115195840667e-01
4.494501283915837142e-01
4.587608411636481254e-01
4.597265294740060515e-01
4.662841398342285615e-01
4.711869709778764292e-01
4.746732663133075292e-01
4.769861036587466074e-01
4.783582932693557499e-01
4.790025694330912742e-01
4.791060020631630056e-01
4.820912945250657167e-01
4.905306150370682960e-01
4.971276784368752200e-01
5.082943985148606902e-01
5.265259759976717024e-01
5.407700436428319879e-01
5.514811507708148319e-01
5.591670374472619276e-01
5.702963825219620198e-01
5.782594528831164205e-01
5.836204965083329199e-01
5.927001835283197684e-01
6.029792765552103306e-01
