%time,field.header.seq,field.header.stamp,field.header.frame_id,field.success,field.message,field.pin,field.value
1553199684387223920,1,1553199684386868000,,1,,3,100
1553199685385994635,2,1553199685385590076,,1,,3,0
1553199745878542385,3,1553199745877881050,,1,,3,100
1553199746882097730,4,1553199746881424903,,1,,3,0
1553199761927092844,5,1553199761926631927,,1,,3,100
1553199762923976322,6,1553199762923247098,,1,,3,0
1553199777976979612,7,1553199777976475954,,1,,3,100
1553199778977119151,8,1553199778976820945,,1,,3,0
1553199793989633947,9,1553199793989325046,,1,,3,100
1553199794989646029,10,1553199794989151000,,1,,3,0
1553199812023163795,11,1553199812022869110,,1,,3,100
1553199813025210605,12,1553199813024876117,,1,,3,0
1553199828240469207,13,1553199828240139007,,1,,3,100
1553199829237614569,14,1553199829237365961,,1,,3,0
1553199855400553964,15,1553199855400259017,,1,,3,100
1553199856399471650,16,1553199856399161100,,1,,3,0
1553199871435242243,17,1553199871434859037,,1,,3,100
1553199872435487062,18,1553199872434824943,,1,,3,0
1553199887445670736,19,1553199887445352077,,1,,3,100
1553199888451265858,20,1553199888450925111,,1,,3,0
1553199906336065451,21,1553199906335707902,,1,,3,100
1553199907334336864,22,1553199907334067106,,1,,3,0
1553199922821661151,23,1553199922821326971,,1,,3,100
1553199923821518809,24,1553199923821213006,,1,,3,0
1553199938857818513,25,1553199938857578039,,1,,3,100
1553199939857661257,26,1553199939857359886,,1,,3,0
1553199954886729003,27,1553199954886363983,,1,,3,100
1553199955885161788,28,1553199955884752988,,1,,3,0
1553199977119187360,29,1553199977118839979,,1,,3,100
1553199978123178422,30,1553199978122898101,,1,,3,0
1553199993146260532,31,1553199993145284891,,1,,3,100
1553199994148639241,32,1553199994148294925,,1,,3,0
1553200009158680508,33,1553200009156940937,,1,,3,100
1553200010158226324,34,1553200010157946109,,1,,3,0
1553200025184650832,35,1553200025184295892,,1,,3,100
1553200026185189607,36,1553200026183993101,,1,,3,0
1553200045187871927,37,1553200045187489032,,1,,3,100
1553200046188073071,38,1553200046187606096,,1,,3,0
1553200061226412384,39,1553200061226054906,,1,,3,100
1553200062226307067,40,1553200062225668907,,1,,3,0
1553200077229469549,41,1553200077229132890,,1,,3,100
1553200078229114008,42,1553200078228766918,,1,,3,0
1553200108505845751,43,1553200108505482912,,1,,3,100
1553200109506694808,44,1553200109505896091,,1,,3,0
1553200124529549531,45,1553200124529125928,,1,,3,100
1553200125525573269,46,1553200125525194883,,1,,3,0
1553200143152506177,47,1553200143152194023,,1,,3,100
1553200144156587860,48,1553200144156294107,,1,,3,0
1553200159160603998,49,1553200159159967899,,1,,3,100
1553200160187201550,50,1553200160186475038,,1,,3,0
1553200177657679126,51,1553200177657278060,,1,,3,100
1553200178656839627,52,1553200178656188964,,1,,3,0
1553200194058721661,53,1553200194058451890,,1,,3,100
1553200195056678783,54,1553200195056382894,,1,,3,0
1553200215265671411,55,1553200215265350103,,1,,3,100
1553200216262927981,56,1553200216262646913,,1,,3,0
1553200231273603570,57,1553200231272432088,,1,,3,100
1553200232273816885,58,1553200232273508071,,1,,3,0
1553200253629233371,59,1553200253628917932,,1,,3,100
1553200254628494816,60,1553200254628134965,,1,,3,0
1553200271486139384,61,1553200271485763072,,1,,3,100
1553200272482811636,62,1553200272482378005,,1,,3,0
1553200287492631968,63,1553200287492311954,,1,,3,100
1553200288492665953,64,1553200288492352008,,1,,3,0
1553200307316106655,65,1553200307315790891,,1,,3,100
1553200308306432043,66,1553200308305769920,,1,,3,0
1553200323307060587,67,1553200323306780099,,1,,3,100
1553200324313742865,68,1553200324313383102,,1,,3,0
1553200340765502853,69,1553200340765068054,,1,,3,100
1553200341773393800,70,1553200341772866010,,1,,3,0
1553200356833539411,71,1553200356833266973,,1,,3,100
1553200357835449462,72,1553200357835167884,,1,,3,0
1553200377485223722,73,1553200377484905004,,1,,3,100
1553200378491549787,74,1553200378491240024,,1,,3,0
1553200398560968720,75,1553200398558032989,,1,,3,100
1553200399537246550,76,1553200399533613920,,1,,3,0
1553200414880736648,77,1553200414880402088,,1,,3,100
1553200415884077186,78,1553200415878573894,,1,,3,0
1553200430901205208,79,1553200430900902986,,1,,3,100
1553200431896967888,80,1553200431893502950,,1,,3,0
1553200449529381055,81,1553200449529072046,,1,,3,100
1553200450533690290,82,1553200450533364057,,1,,3,0
1553200465546220928,83,1553200465545566082,,1,,3,100
1553200466546335952,84,1553200466546035051,,1,,3,0
1553200483165651727,85,1553200483164942979,,1,,3,100
1553200484171236155,86,1553200484167572021,,1,,3,0
1553200499165216927,87,1553200499164802074,,1,,3,100
1553200500192492762,88,1553200500191381931,,1,,3,0
1553200516704062964,89,1553200516703428030,,1,,3,100
1553200517703699260,90,1553200517703399896,,1,,3,0
1553200532710932003,91,1553200532710547924,,1,,3,100
1553200533710338475,92,1553200533709852933,,1,,3,0
1553200551768002039,93,1553200551767733097,,1,,3,100
1553200552802209848,94,1553200552796601057,,1,,3,0
1553200568485373573,95,1553200568484958887,,1,,3,100
1553200569485778644,96,1553200569485482931,,1,,3,0
1553200587358300733,97,1553200587357989072,,1,,3,100
1553200588336907881,98,1553200588334682941,,1,,3,0
1553200615676716895,99,1553200615676476955,,1,,3,100
1553200616685233886,100,1553200616678319931,,1,,3,0
1553200631710023398,101,1553200631709209918,,1,,3,100
1553200632716682591,102,1553200632716007947,,1,,3,0
1553200651838817820,103,1553200651838402986,,1,,3,100
1553200652838277060,104,1553200652837873935,,1,,3,0
1553200669141965940,105,1553200669141647100,,1,,3,100
1553200670169291795,106,1553200670168109893,,1,,3,0
1553200685180845538,107,1553200685176131010,,1,,3,100
1553200686171792421,108,1553200686171503067,,1,,3,0
1553200706565154364,109,1553200706564841985,,1,,3,100
1553200707567566744,110,1553200707567238092,,1,,3,0
1553200722609260764,111,1553200722606869935,,1,,3,100
1553200723605463408,112,1553200723604614019,,1,,3,0
1553200738612929092,113,1553200738612505912,,1,,3,100
1553200739612133330,114,1553200739611844062,,1,,3,0
1553200756914886421,115,1553200756914483070,,1,,3,100
1553200757915063387,116,1553200757914746999,,1,,3,0
1553200773436392711,117,1553200773435740947,,1,,3,100
1553200774423501332,118,1553200774423182964,,1,,3,0
1553200789688601733,119,1553200789688232898,,1,,3,100
1553200790680009104,120,1553200790679699897,,1,,3,0
1553200805704263243,121,1553200805703557968,,1,,3,100
1553200806717864220,122,1553200806717494964,,1,,3,0
1553200826204620471,123,1553200826204304933,,1,,3,100
1553200827196352457,124,1553200827196069955,,1,,3,0
1553200842917944040,125,1553200842917604923,,1,,3,100
1553200843916530696,126,1553200843915867090,,1,,3,0
1553200859673731836,127,1553200859673307895,,1,,3,100
1553200860673415391,128,1553200860669416904,,1,,3,0
1553200875651627633,129,1553200875651192903,,1,,3,100
1553200876651824497,130,1553200876651503086,,1,,3,0
1553200893915444197,131,1553200893915107011,,1,,3,100
1553200894929342131,132,1553200894928426980,,1,,3,0
1553200909917412246,133,1553200909916925907,,1,,3,100
1553200910916155398,134,1553200910915901899,,1,,3,0
1553200925961009361,135,1553200925960273981,,1,,3,100
1553200926961437204,136,1553200926961117982,,1,,3,0
1553200941989274479,137,1553200941985466957,,1,,3,100
1553200942986062386,138,1553200942985752105,,1,,3,0
1553200958011540904,139,1553200958010284900,,1,,3,100
1553200959010251802,140,1553200959009958982,,1,,3,0
1553200978610087327,141,1553200978609766006,,1,,3,100
1553200979613269585,142,1553200979612270116,,1,,3,0
1553200994620275217,143,1553200994619914054,,1,,3,100
1553200995620190407,144,1553200995619848966,,1,,3,0
1553201016544794706,145,1553201016544451951,,1,,3,100
1553201017545263319,146,1553201017544919013,,1,,3,0
1553201032549589530,147,1553201032549315929,,1,,3,100
1553201033551389231,148,1553201033551083087,,1,,3,0
1553201048580487284,149,1553201048580096960,,1,,3,100
1553201049599372960,150,1553201049598716020,,1,,3,0
1553201069537689978,151,1553201069537379980,,1,,3,100
1553201070561873150,152,1553201070561517000,,1,,3,0
1553201085541828739,153,1553201085541528940,,1,,3,100
1553201086543423791,154,1553201086543102025,,1,,3,0
1553201101555576719,155,1553201101555238962,,1,,3,100
1553201102556219003,156,1553201102555553913,,1,,3,0
1553201117587009840,157,1553201117586718082,,1,,3,100
1553201118588077132,158,1553201118587768077,,1,,3,0
1553201136285303306,159,1553201136284198999,,1,,3,100
1553201137287255200,160,1553201137286938905,,1,,3,0
1553201152348671754,161,1553201152347773075,,1,,3,100
1553201153342865902,162,1553201153342554092,,1,,3,0
1553201168354383846,163,1553201168354051113,,1,,3,100
1553201169358330250,164,1553201169357974052,,1,,3,0
1553201185345354323,165,1553201185344978094,,1,,3,100
1553201186345644107,166,1553201186345335006,,1,,3,0
1553201201355408083,167,1553201201355014085,,1,,3,100
1553201202356158108,168,1553201202355865001,,1,,3,0
1553201217361247374,169,1553201217360570907,,1,,3,100
1553201218362350678,170,1553201218361965894,,1,,3,0
1553201236283233574,171,1553201236282932043,,1,,3,100
1553201237292139796,172,1553201237290117025,,1,,3,0
1553201252320573754,173,1553201252320137023,,1,,3,100
1553201253321934583,174,1553201253321547985,,1,,3,0
1553201268331864877,175,1553201268331563949,,1,,3,100
1553201269329606654,176,1553201269329252958,,1,,3,0
1553201284347337849,177,1553201284346904993,,1,,3,100
1553201285348522168,178,1553201285348237037,,1,,3,0
1553201300358238863,179,1553201300357950925,,1,,3,100
1553201301363967330,180,1553201301363652944,,1,,3,0
1553201316382216207,181,1553201316381890058,,1,,3,100
1553201317381767286,182,1553201317381150007,,1,,3,0
1553201332833048866,183,1553201332832715988,,1,,3,100
1553201333833543736,184,1553201333832957029,,1,,3,0
1553201354192919015,185,1553201354192651987,,1,,3,100
1553201355193796770,186,1553201355193417072,,1,,3,0
1553201377023857671,187,1553201377023137092,,1,,3,100
1553201378020679427,188,1553201378020356893,,1,,3,0
1553201394482349595,189,1553201394482036113,,1,,3,100
1553201395483534166,190,1553201395483226060,,1,,3,0
1553201410497355552,191,1553201410496998071,,1,,3,100
1553201411523852570,192,1553201411523425102,,1,,3,0
1553201426528489264,193,1553201426527709007,,1,,3,100
1553201427526349126,194,1553201427525674104,,1,,3,0
1553201448085244586,195,1553201448081135034,,1,,3,100
1553201449089756809,196,1553201449089004039,,1,,3,0
1553201465529911882,197,1553201465529592990,,1,,3,100
1553201466530015379,198,1553201466529300928,,1,,3,0
1553201486061232656,199,1553201486057555913,,1,,3,100
1553201487071729510,200,1553201487071410894,,1,,3,0
1553201502098820282,201,1553201502098284959,,1,,3,100
1553201503099530533,202,1553201503098828077,,1,,3,0
1553201518100955545,203,1553201518100646018,,1,,3,100
1553201519100647758,204,1553201519099884986,,1,,3,0
1553201534112838151,205,1553201534112483978,,1,,3,100
1553201535119000569,206,1553201535118679046,,1,,3,0
1553201553693300130,207,1553201553692919969,,1,,3,100
1553201554719603399,208,1553201554717626094,,1,,3,0
1553201569694033859,209,1553201569693742036,,1,,3,100
1553201570695382654,210,1553201570695072889,,1,,3,0
1553201591381256901,211,1553201591377491950,,1,,3,100
1553201592379102938,212,1553201592378417015,,1,,3,0
1553201607618574230,213,1553201607618103027,,1,,3,100
1553201608643129741,214,1553201608642728090,,1,,3,0
1553201628487211304,215,1553201628486943006,,1,,3,100
1553201629487694903,216,1553201629487397909,,1,,3,0
1553201644865247242,217,1553201644862502098,,1,,3,100
1553201645856978358,218,1553201645856621980,,1,,3,0
1553201667129198188,219,1553201667128897905,,1,,3,100
1553201668129121999,220,1553201668128819942,,1,,3,0
1553201683159572009,221,1553201683159293889,,1,,3,100
1553201684160592136,222,1553201684160254001,,1,,3,0
1553201700749469668,223,1553201700749150037,,1,,3,100
1553201701747965958,224,1553201701747672080,,1,,3,0
1553201728102849874,225,1553201728102565050,,1,,3,100
1553201729122223827,226,1553201729121939897,,1,,3,0
1553201746831776260,227,1553201746828633069,,1,,3,100
1553201747828720543,228,1553201747828430891,,1,,3,0
1553201763796047242,229,1553201763795746088,,1,,3,100
1553201764796069028,230,1553201764795747995,,1,,3,0
1553201789402715497,231,1553201789402400970,,1,,3,100
1553201790401971516,232,1553201790401623964,,1,,3,0
1553201805406936779,233,1553201805406450033,,1,,3,100
1553201806405638758,234,1553201806405369997,,1,,3,0
1553201821431867733,235,1553201821431587934,,1,,3,100
1553201822433683874,236,1553201822433335065,,1,,3,0
1553201838253469447,237,1553201838253189086,,1,,3,100
1553201839255205732,238,1553201839254813909,,1,,3,0
1553201854342343703,239,1553201854341581106,,1,,3,100
1553201855345002928,240,1553201855344625949,,1,,3,0
1553201873465915035,241,1553201873465293884,,1,,3,100
1553201874464418589,242,1553201874463329076,,1,,3,0
1553201889467074675,243,1553201889466756105,,1,,3,100
1553201890467506994,244,1553201890466494083,,1,,3,0
1553201907204168542,245,1553201907203870058,,1,,3,100
1553201908204155262,246,1553201908203819990,,1,,3,0
1553201923242481876,247,1553201923241166114,,1,,3,100
1553201924245317015,248,1553201924238626003,,1,,3,0
1553201939267899248,249,1553201939267560005,,1,,3,100
1553201940268443002,250,1553201940268131017,,1,,3,0
1553201956156279858,251,1553201956155636072,,1,,3,100
1553201957160911156,252,1553201957158325910,,1,,3,0
1553201982269687406,253,1553201982269309043,,1,,3,100
1553201983274328101,254,1553201983273917913,,1,,3,0
1553201999911611852,255,1553201999911271095,,1,,3,100
1553202000911722959,256,1553202000911324024,,1,,3,0
1553202023148885024,257,1553202023145747900,,1,,3,100
1553202024146301343,258,1553202024145917892,,1,,3,0
1553202039171864183,259,1553202039171528100,,1,,3,100
1553202040171907074,260,1553202040171255111,,1,,3,0
1553202055372516883,261,1553202055372106075,,1,,3,100
1553202056373263342,262,1553202056372539997,,1,,3,0
1553202073841240862,263,1553202073840850114,,1,,3,100
1553202074839691883,264,1553202074838671922,,1,,3,0
